trial,score,test_score,time,alpha
0,0,0,1694011390.728968,0
0,-0.20932631444565586,-0.1875268487128552,1694011390.8453515,1
1,-0.20900485685468406,-0.18708089277651552,1694011390.9542654,3.0770534432116476
2,-0.18764658224991537,-0.1688227448356372,1694011391.037965,141.87101103672114
3,-0.20763655202469078,-0.18597331627600888,1694011391.1365364,10.656970429469133
4,-0.20905035866191035,-0.18711678049479152,1694011391.2339454,2.810812200618351
5,-0.20949741901387986,-0.18760127384444014,1694011391.3554847,0.1724042602486518
6,-0.20458392054953878,-0.18343891197352868,1694011391.4532852,28.7700840506779
7,-0.20946376719357085,-0.1876412867490287,1694011391.572155,0.2376140477802551
8,0.05923825621366885,0.061638294104025326,1694011391.6084738,8274.276086161435
9,0.08221675793652383,0.08432153802425424,1694011391.6356206,43313.93146405947
10,-0.20950687396436907,-0.18767740351379447,1694011391.756237,0.0003213470486055349
11,0.07052211333671465,0.07268546511596341,1694011391.7888994,72282.60892913086
12,0.0858946445426384,0.0879173183096913,1694011391.823428,33711.85176322573
13,-0.05744515899981795,-0.04930570963912473,1694011391.8776865,1811.0510913840533
14,0.07315477333463938,0.0753198230788894,1694011391.9128163,65303.25852983316
15,-0.11769856206455698,-0.10532895501409789,1694011391.982857,817.6308554637932
16,0.054492595396355314,0.057042798419805196,1694011392.0350015,7592.963013043092
17,-0.17513480258109482,-0.15764618174970635,1694011392.112708,237.1912617009594
18,0.06398253058375336,0.06611783232937929,1694011392.1469102,91755.71989870735
19,0.009600253983785167,0.013959952432602063,1694011392.1968138,3997.737132586065
20,-0.19010357714022352,-0.17094327091047856,1694011392.287158,124.71974286985393
21,0.06495495241873384,0.06709683865168226,1694011392.31658,88627.03701307294
22,0.07445890309197911,0.07645579045272222,1694011392.355441,11620.955894578476
23,0.06304859387813999,0.06533700581217483,1694011392.4078846,8911.267536937978
24,0.08023238346108763,0.08214130053449165,1694011392.4464269,13971.44262223399
25,-0.1059982312479939,-0.09449267599518918,1694011392.5062268,972.5571415832638
26,0.08724077155615417,0.0891528217779034,1694011392.5486722,21734.995130717944
27,-0.11424414644461023,-0.10211833216163568,1694011392.6166856,862.3521327130136
28,0.08747636166275419,0.08944117270770291,1694011392.6625612,27099.097560987615
29,-0.045142582738129544,-0.03775217285014598,1694011392.7217307,2093.3747068713687
30,0.08246311763026004,0.08435059433652459,1694011392.7586324,15311.208201331065
31,0.0850958489914152,0.08697936404991602,1694011392.7950792,17644.208422037333
32,0.08502696394507903,0.08691048546078639,1694011392.8442771,17564.900228276987
33,-0.03931166977683587,-0.03233884271966403,1694011392.8929923,2239.608864364051
34,0.08760888376859466,0.08955669889765694,1694011392.9270127,25483.80911728696
35,-0.16590543903949184,-0.1493817846076546,1694011392.9974163,313.6222692884754
36,0.0012761744156702948,0.006043142120330192,1694011393.0541532,3609.667859843012
37,0.08726113437570937,0.0892262119810151,1694011393.0912924,28546.005944162243
38,-0.20038933721737195,-0.17991043149417618,1694011393.1913056,54.91781672615427
39,-0.1585916032941721,-0.1427565607140182,1694011393.2660246,378.5416753542456
40,-0.0007159002717056495,0.004151201744322153,1694011393.311832,3523.840178630038
41,0.08731357578132792,0.08927509326299898,1694011393.3456461,28255.394983691516
42,0.08753801818371132,0.08946442475371852,1694011393.3801072,23353.918494742044
43,0.08417400128771646,0.0862395714373474,1694011393.423267,38485.07416887934
44,0.0232565016592019,0.026971849511558177,1694011393.468602,4760.478876165838
45,0.08568613709021722,0.0877150362327761,1694011393.502976,34341.04024086639
46,0.06821555388299849,0.07037343748959002,1694011393.5390866,78758.17586190025
47,0.03718792230477885,0.04034127153612532,1694011393.5864372,5772.663064656965
48,-0.20727422953869645,-0.18566027641099447,1694011393.69278,12.937398464770055
49,0.08621396610731746,0.08822628037736369,1694011393.7279234,32701.91343159735
50,-0.06779810944368903,-0.058969747424340024,1694011393.7831075,1599.117039791793
51,0.08761902791249288,0.08956265981052647,1694011393.824562,25080.315955098275
52,0.06542417443751647,0.06756894325644969,1694011393.8593519,87149.53595562224
53,0.04992909753185615,0.05261420665174865,1694011393.9023814,7024.762112855608
54,0.08761398663648501,0.08955116783932271,1694011393.939736,24448.870660143144
55,0.06619765821004264,0.0684004495975633,1694011393.99542,9516.440265138728
56,0.08189843467805313,0.0840074738269061,1694011394.0288982,44079.99010622922
57,-0.13087357219730467,-0.11742447259704103,1694011394.0931342,660.8516760220061
58,0.06302993900721054,0.06515799809553324,1694011394.1314046,94912.00457703818
59,-0.041633769261505416,-0.03452732682074955,1694011394.182963,2179.8131385435677
60,0.0853813442278113,0.0872651011794543,1694011394.2184317,17989.717601356573
61,0.08695675335080666,0.08893897018679287,1694011394.252504,29983.10238103943
62,0.05686826110326537,0.059341819117285866,1694011394.2981074,7920.436140222291
63,0.08433025204400502,0.08639256293684272,1694011394.3333752,38080.03068157454
64,0.08235281613766277,0.08424112394529826,1694011394.3725212,15235.313576465318
65,0.030646714701342948,0.03405070876291705,1694011394.4190674,5260.757311623693
66,0.08029239444158587,0.08241990691252721,1694011394.4519906,47902.12276900041
67,-0.09117589964078432,-0.08076558388437682,1694011394.5108402,1190.5972074474355
68,0.08760698818338808,0.08954221542611884,1694011394.561098,24254.69445089231
69,-0.023165328646926886,-0.0171004922484701,1694011394.6108701,2703.870417507316
70,0.07391493520184644,0.07593532131935432,1694011394.656827,11454.68066908875
71,0.07739628219268291,0.07954669804768977,1694011394.6889446,54789.55106228204
72,0.08648574722661517,0.08837602392319233,1694011394.7294488,19704.636095701408
73,0.08705322935722715,0.0889604265908891,1694011394.7649329,21101.016432710017
74,0.061861152015922016,0.06397926239206209,1694011394.794666,98915.79797274647
75,0.017463532126793524,0.021434301983160653,1694011394.8398151,4414.218158120481
76,0.06168805593784321,0.06401535782772516,1694011394.8833945,8673.11706772743
77,0.08675328515109326,0.0887449118776441,1694011394.9162042,30803.150849246576
78,0.07270791215562333,0.07475297678351678,1694011394.9555182,11093.305540663192
79,-0.001976399187953337,0.00295456120305293,1694011395.0082805,3470.811110403552
80,0.07867615410542961,0.08081791746972566,1694011395.0434422,51732.314573359494
81,0.08521482316601225,0.08709838475389597,1694011395.0820408,17784.766447115373
82,0.0876011924954827,0.08953519552570488,1694011395.1206717,24132.198759440016
83,0.08669866465311549,0.08869263162104235,1694011395.1587305,31010.992011681
84,0.040037230119543854,0.043080393606496514,1694011395.2034752,6019.395966526716
85,0.07714757684093976,0.07929942700019399,1694011395.2350256,55388.02223074407
86,0.08757077902489918,0.08950039400671106,1694011395.2753665,23686.907767744447
87,-0.07299359157908913,-0.06382057273043085,1694011395.3370018,1500.6018552868836
88,0.06549706426036128,0.0677183534893796,1694011395.3774674,9374.631116752265
89,0.0765413721438255,0.07869639815115415,1694011395.410262,56854.21567068111
90,-0.007929190028986843,-0.002688384122123466,1694011395.4630444,3232.771514639371
91,0.08756554629056768,0.08952110064893137,1694011395.499643,26222.384254810513
92,0.08027933250870845,0.08218770872942494,1694011395.539063,13996.108511863136
93,0.08762026646836762,0.08956204193026085,1694011395.5800798,24899.901676774163
94,0.08709622905867764,0.08900439846170782,1694011395.6192446,21233.90459919666
95,0.07295300078403033,0.07511656292583369,1694011395.6481445,65835.07263590589
96,0.039063562695055065,0.04214404288543305,1694011395.690004,5933.240534590263
97,0.07248251225919666,0.07453232698173107,1694011395.7315102,11028.752956913257
98,0.08759366691629855,0.08954486875284651,1694011395.7710671,25808.019474582947
99,0.062124574386025144,0.06424502873510973,1694011395.8003085,98000.34832905699
100,0.08749222300399029,0.08945563892809882,1694011395.83578,26967.132762859874
101,0.08751375546254303,0.08943825038797537,1694011395.8813229,23151.88993082947
102,0.07866817775955348,0.08059695860991556,1694011395.9225562,13214.220030845261
103,0.08192567934316453,0.08403436239220108,1694011395.96591,44014.58615425881
104,0.05264429768506618,0.05523833835678682,1694011396.0162919,7351.639433856137
105,0.08686215470942105,0.08875800766630637,1694011396.0519035,20538.40423856704
106,-0.034927572528497874,-0.02820939600912431,1694011396.0991418,2356.764291103723
107,0.07566131821720645,0.07782017515056838,1694011396.1294286,59004.26413354334
108,0.015071219441973538,0.01915022227355645,1694011396.1731787,4281.260271042739
109,0.0831718059940233,0.08525617508970407,1694011396.2097116,41009.57582626812
110,0.07965087021353956,0.08156676442468358,1694011396.2513568,13675.931732337274
111,0.08761709949766128,0.0895619510419342,1694011396.2864387,25198.36130873695
112,0.08734660520089765,0.08930573783582141,1694011396.3298213,28062.063790694814
113,0.049312599214170194,0.052018841618008516,1694011396.377234,6954.058218055474
114,0.08713484377919212,0.08904395005392096,1694011396.4203608,21358.865333519265
115,0.061557638446315566,0.0636729749490208,1694011396.4508638,99980.27091293878
116,0.07864493775202053,0.08057403904491323,1694011396.4884095,13203.815877590689
117,0.08483264432388571,0.086883751865248,1694011396.5214682,36748.54526810922
118,0.0747301034844261,0.07689205303710744,1694011396.552733,61311.501113781684
119,0.023580215315960218,0.027281578023631514,1694011396.5988657,4780.931036844702
120,0.060253021637181825,0.06262251766561899,1694011396.6532588,8435.101445321834
121,0.0876125255215906,0.08954922919782915,1694011396.6927555,24401.559729188397
122,0.08755100890966405,0.0895083912406558,1694011396.730096,26395.854956657684
123,0.08491483472618333,0.08696399344313888,1694011396.7711327,36525.754358546386
124,0.0845493142804965,0.0864334899670759,1694011396.811154,17051.73452784803
125,0.07283738861602529,0.07500107549622037,1694011396.846886,66133.97201638397
126,0.07336235838748162,0.07539388118293167,1694011396.8854206,11285.844621478393
127,0.08760182840396935,0.08953595502675438,1694011396.9216702,24144.596745320585
128,0.08123378553706229,0.08335104959322759,1694011396.9536014,45668.14685397755
129,-0.003724193971430978,0.0012959838860084893,1694011396.9986951,3398.8602335155992
130,-0.0575863093145339,-0.049422448027105936,1694011397.0583675,1807.7899307856062
131,0.08751857125826557,0.08944342306120157,1694011397.101343,23189.83324217897
132,0.08247994810119452,0.08436730038835039,1694011397.1485949,15322.896828603092
133,0.05668858339873373,0.05916783694322836,1694011397.2004063,7894.764306697259
134,0.08735606182580136,0.08931448818894405,1694011397.2402909,28005.007847619767
135,0.06959792004276699,0.07175967969624386,1694011397.2822337,74831.89365781842
136,0.08617387231627005,0.0881875498481548,1694011397.3207142,32832.342981036316
137,0.07192612950215282,0.0739878536632067,1694011397.3592548,10873.063645945464
138,0.038896403254004674,0.04198332537450489,1694011397.4021327,5918.6459911722795
139,0.08547342214311848,0.0873573568589382,1694011397.4388173,18107.524650341267
140,0.08019765681423441,0.08232611653667532,1694011397.4706447,48126.45530498078
141,0.087041511096144,0.0889411639105,1694011397.5083652,21027.364297116666
142,0.08760906671370594,0.08955683072225262,1694011397.552982,25478.90030843717
143,0.0846195103514884,0.08667551354281333,1694011397.5941317,37319.37206109028
144,0.07052422179331297,0.07261707558988273,1694011397.6409342,10502.075815876029
145,0.07128413536057898,0.07344818297422084,1694011397.672505,70223.03511386305
146,0.0875101401080518,0.08947188301884845,1694011397.7158022,26808.85252523506
147,-0.12731087852399314,-0.1141558032180765,1694011397.7784395,701.6911635616942
148,0.06190760669542894,0.06402613472099872,1694011397.8082573,98753.79365649105
149,0.08422459263229876,0.0861097529424042,1694011397.8439307,16734.23666714635
150,0.0388553914241927,0.04194389553890954,1694011397.8868263,5915.073948984779
151,-0.20909730197731724,-0.1873358291415541,1694011398.0050912,2.274722002299724
152,0.08759412101799524,0.08952687684854044,1694011398.0527108,24006.675106096343
153,0.08068164874135697,0.08280511158198245,1694011398.0855596,46979.75231624251
154,0.0798137187281086,0.08172760818125202,1694011398.125445,13756.883180311777
155,0.08744880450424153,0.08941588521301658,1694011398.1645293,27313.802036376303
156,-0.2094951363833406,-0.18760224036787387,1694011398.281927,0.19168815422739496
157,0.060120261767144245,0.062493720751466086,1694011398.3270588,8413.720651995038
158,0.07931924380595523,0.08145580796534257,1694011398.3616912,50206.37887005247
159,0.0864037946765559,0.08829316682292954,1694011398.4045236,19547.054034459223
160,0.08589609169562973,0.08791872088955188,1694011398.4547372,33707.40991072629
161,0.0870501614536292,0.08895002359165372,1694011398.5002265,21053.09717122482
162,0.07665419159760067,0.07861317514910127,1694011398.5386066,12386.451844627885
163,0.08714728809320238,0.0891193584780654,1694011398.5766318,29124.32171985016
164,0.07394101634325978,0.07610484545081553,1694011398.6170802,63296.058307511055
165,-0.2073624888922614,-0.18575094575383488,1694011398.7202475,12.226655579656022
166,0.0874992892014983,0.08942276771904267,1694011398.7560513,23043.215117063086
167,-0.18037795175272509,-0.1623146048418589,1694011398.8396473,196.01053325892426
168,0.07999032080005675,0.08190208044526792,1694011398.9000733,13846.230326799785
169,0.001264119127522001,0.0060317139080218185,1694011398.9587443,3609.141164095957
170,0.08208782198072295,0.08419435338134296,1694011398.998177,43624.737387653615
171,0.08718630916185977,0.08909677067530741,1694011399.0326142,21534.879074119108
172,0.05805813523600045,0.060494405082338276,1694011399.0745883,8094.447248431198
173,-0.2018781953284865,-0.18118633330955092,1694011399.171593,45.60079418206247
174,0.08699539735492856,0.0889756792572296,1694011399.2065022,29817.40071772803
175,0.08566692938948017,0.08755141413017731,1694011399.2476099,18366.680443728845
176,0.07648828839477118,0.07864357129834643,1694011399.301985,56983.14861473536
177,-0.20949371994744626,-0.18766605059787622,1694011399.4429958,0.07120788791047314
178,0.0690833515038134,0.07120978872138817,1694011399.48245,10149.019035954367
179,0.08373972437216837,0.08581386095466847,1694011399.5157728,39592.826906120135
180,0.08162973610676072,0.0835241304952572,1694011399.5547888,14765.807296031155
181,0.08761814096414744,0.0895624023771805,1694011399.5897346,25141.289730168235
182,0.08759073954763419,0.08954247259963677,1694011399.623881,25858.71369696688
183,0.08713643631482071,0.08910913059938153,1694011399.6583729,29176.431103867923
184,0.0714749258207682,0.07363905892783729,1694011399.6921208,69713.0877002352
185,0.08387736683751001,0.08594886286723125,1694011399.7347457,39244.34309037921
186,0.07612347777371564,0.07809118019478889,1694011399.789561,12189.971822733738
187,0.04023434074865906,0.04326999285189004,1694011399.8449833,6037.079641648998
188,0.0872195321281376,0.08913094201782656,1694011399.8838298,21655.08281711706
189,0.0635023506158584,0.06563409910340678,1694011399.9145095,93335.1053407263
190,0.061978365976506855,0.06429727721405742,1694011399.963818,8722.871749833994
191,0.08759701388881502,0.08954757341164488,1694011399.9977145,25746.670016993638
192,0.08717957870700133,0.08914975253631408,1694011400.0298877,28966.445616314995
193,0.08320450792899725,0.08509506778496068,1694011400.0654216,15861.254373932185
194,0.08580871077834573,0.08783399659662972,1694011400.098617,33973.69183153333
195,0.08146752141397329,0.08358199182132386,1694011400.1314344,45111.080771456356
196,0.08658293046500176,0.08847440565793085,1694011400.1731448,19901.07516291203
197,0.07632934813017977,0.0784853801406481,1694011400.2211208,57369.74667213762
198,-0.1430467125368946,-0.1285690313790333,1694011400.296376,529.4371207201696
199,0.07833755844624635,0.08027096304678816,1694011400.3361156,13068.266504091865
200,0.08761252902683148,0.08955923603362126,1694011400.3735056,25377.289752910416
201,0.08759687556659945,0.08953009252085553,1694011400.412287,24053.17380806038
202,0.0876147835243748,0.0895606725762742,1694011400.4499395,25298.503893298646
203,0.08334949134031466,0.08543076807508954,1694011400.4837532,40569.605032100386
204,0.08759213157480272,0.08952457056386187,1694011400.5207338,23974.662874504294
205,0.08268123285322504,0.08456714743756766,1694011400.5671258,15464.984744112648
206,-0.19339790337695106,-0.173832631712302,1694011400.7131097,101.85755820128945
207,0.0689077017776284,0.07103833841847851,1694011400.753608,10107.748080969957
208,0.07363140454021,0.07579579088331712,1694011400.7851734,64082.76958660882
209,-0.09978093542009026,-0.08875588929649414,1694011400.841848,1060.4629154558102
210,0.08759539939864913,0.08954627383772118,1694011400.8789246,25776.75613244675
211,0.08760372585995158,0.08953823544264061,1694011400.916366,24182.967568148128
212,0.08744726509353373,0.08936761359550005,1694011400.9518328,22702.26055464083
213,0.08677496443853305,0.08876564271336118,1694011400.9867082,30719.37568403307
214,0.08186760327775999,0.08375987771254179,1694011401.0333822,14915.196102586646
215,0.08100567270713044,0.08312556448401331,1694011401.0993354,46210.65276463706
216,0.08653460688222503,0.08842546815636321,1694011401.1449475,19802.020945288525
217,0.030122973031310507,0.033548470312765644,1694011401.1899843,5222.836271687762
218,0.06461376215961401,0.06685882961788225,1694011401.2340174,9201.927310015139
219,0.08568511804581569,0.08771404670136418,1694011401.270438,34344.06592974529
220,0.07388641981481381,0.0760503544766411,1694011401.3073514,63434.446234093106
221,0.08760634877310525,0.08955483557120891,1694011401.3433368,25548.261014697306
222,0.08706540453356348,0.08897286989107211,1694011401.379081,21138.01671863223
223,0.0842491140613475,0.08631312980271544,1694011401.4131505,38290.8351499109
224,0.07774740677841174,0.07968940229349986,1694011401.455977,12818.179245642626
225,0.0876120067658327,0.08955888601527795,1694011401.5222988,25393.862625823716
226,0.08751156029294349,0.0894731655255635,1694011401.5731053,26795.824454396632
227,0.08361734975906898,0.08550534193288428,1694011401.6104648,16194.735514871672
228,0.08093002164917562,0.0830507638989908,1694011401.6428006,46390.35748189072
229,0.057648064002038146,0.06009709982353739,1694011401.684734,8033.67579102252
230,0.08678326470951714,0.0887735767714819,1694011401.7184596,30687.098352947552
231,0.08666869474465833,0.08856135426283018,1694011401.7553177,20084.202903462305
232,0.08761435589856736,0.08955166670334314,1694011401.7903233,24461.695624597134
233,0.08120699661402442,0.08310542460924475,1694011401.831174,14511.326334554522
234,0.08229810385375358,0.08440176023749457,1694011401.864217,43117.44844081096
235,0.06329229058787744,0.06542242223322403,1694011401.9003813,94033.41876147322
236,0.08748040148757141,0.08944486402680896,1694011401.9796667,27066.132965366778
237,0.07257329328151596,0.07462118964530917,1694011402.040559,11054.646666169461
238,0.08662349714592554,0.08851551681764369,1694011402.0766294,19986.474390233132
239,0.07793159516321391,0.08007865617889509,1694011402.107824,53506.68744551142
240,-0.16315377282731425,-0.14689775098971358,1694011402.174801,337.5277366218495
241,0.08712631987546604,0.08909958999655032,1694011402.2078714,29224.603662850073
242,0.086191147281096,0.0880785642378139,1694011402.2439573,19167.376877534592
243,0.08606063994092228,0.0880780659608813,1694011402.2798307,33194.75374307748
244,0.08214107796352121,0.08403105578983916,1694011402.3216183,15092.954132334622
245,-0.20868217144940493,-0.1868158113759686,1694011402.4397576,4.881925943966072
246,-0.20950677177094446,-0.18767724467560654,1694011402.564023,1.3886913200194946e-05
247,0.08761083287466642,0.08955808109173224,1694011402.6056788,25429.344064863348
248,0.08242648266559416,0.0845283354142553,1694011402.6456528,42806.69286782598
249,0.07290577483066285,0.07506938959505649,1694011402.6765199,65957.08190667763
250,0.08761427054689563,0.08956035821117003,1694011402.7123797,25317.64731532459
251,0.06967489160193308,0.07178735283846693,1694011402.7562566,10290.757027150927
252,0.08542558226128816,0.08730941817662086,1694011402.8058648,18045.899234261105
253,-0.09205168396514707,-0.08157946673438898,1694011402.8841467,1176.905902955166
254,0.0857814914132381,0.08780759073545585,1694011402.9221325,34055.868456141696
255,0.04417259302131582,0.04706128354923067,1694011402.9647894,6408.744660059831
256,-0.026245778314178736,-0.02002025770160465,1694011403.0136168,2606.960913134336
257,0.08760668271495753,0.0895418390485021,1694011403.0501266,24247.617591401893
258,0.0776625215132557,0.07960578717424838,1694011403.0880432,12783.245159856702
259,0.0766933637483872,0.07884763549308571,1694011403.1191316,56485.54928197123
260,0.084361207674719,0.08642286092922713,1694011403.1531358,37999.324880618864
261,0.08679236051061068,0.08868696870060122,1694011403.1934607,20367.161368840887
262,0.069189701942729,0.071313607473237,1694011403.249822,10174.186164808536
263,-0.20942463034197534,-0.18760864315706716,1694011403.394559,0.45428858536873395
264,0.07305182331746496,0.07521698573729307,1694011403.4282675,65568.41989314902
265,-0.15626024714673492,-0.14063557571802754,1694011403.4927075,399.7311990741908
266,0.08753517806598587,0.08949436046045112,1694011403.5278654,26566.452325386326
267,0.0821680915878773,0.08405785099885021,1694011403.5650647,15110.879850850295
268,-0.18103363394145533,-0.16289880485828157,1694011403.649501,190.99234475453179
269,0.08445287003965973,0.08651255203461206,1694011403.698348,37759.40153433751
270,-0.13074879893573033,-0.11731751575539473,1694011403.7670057,662.1992742919667
271,0.026739146507849587,0.030305672835494457,1694011403.8114648,4987.244596254626
272,0.08759583717837605,0.08952887701645529,1694011403.847084,24035.326425573978
273,0.05432223768001976,0.05687804648144568,1694011403.8883166,7570.429930520567
274,0.08210534728629126,0.08399561637538777,1694011403.9304478,15069.347632040404
275,0.06525393745080954,0.06739768271754831,1694011403.9660876,87683.22220778398
276,0.0812296132192829,0.08334692620331585,1694011403.9982934,45678.07911587076
277,0.0876089098762719,0.08954460443988432,1694011404.031942,24301.279329370678
278,-0.191530287516954,-0.1721965116907107,1694011404.1199977,114.72919426116408
279,-0.20952453595308373,-0.18762708853043897,1694011404.2518353,0.009130268376020349
280,0.0876198547010395,0.0895603033715281,1694011404.2863874,24770.358448869498
281,0.07463005258387256,0.07662381664351803,1694011404.3248026,11676.457352571839
282,-0.20702295196799647,-0.18548009828228085,1694011404.4241936,14.303591330535097
283,0.08652324001877376,0.08841396213009922,1694011404.4627094,19779.123473279647
284,-0.055323609022436715,-0.0473160830400805,1694011404.522007,1857.2091141485987
285,0.08238389685498182,0.0844863520506598,1694011404.5716217,42909.870785998864
286,0.0864134732618046,0.08841869037034555,1694011404.6180933,32034.11640201882
287,0.06408322779881137,0.0663428164559754,1694011404.6668916,9101.283119289883
288,-0.19961158689029657,-0.17926207362429292,1694011404.760032,60.24716234253168
289,0.0751827181778113,0.07734328512126443,1694011404.7929547,60185.6342598248
290,0.08449761444334325,0.08638191963220865,1694011404.8309054,16999.6386978954
291,-0.20925510132575154,-0.18740322778937113,1694011404.9511523,1.5139607968853508
292,0.019745216306729763,0.023614239459281983,1694011405.0176613,4546.306168772108
293,0.062490090650533237,0.06461369948652718,1694011405.0519717,96742.82873854773
294,0.0876197651350098,0.08956009675702703,1694011405.08947,24758.90437841539
295,-0.20342591560473045,-0.18246786697228123,1694011405.1880665,35.79800934218625
296,0.08507843861544406,0.08712360999578717,1694011405.222139,36077.37899500712
297,0.077428099251593,0.07937491635745741,1694011405.2672508,12688.05671434006
298,0.04968839871964492,0.05238173919190825,1694011405.313347,6997.010050872117
299,0.0781908760045702,0.080336177311361,1694011405.347645,52887.62521151192
300,0.08710511064756032,0.08901348993281766,1694011405.3916106,21262.151093205342
301,0.08699673231223648,0.08897694638408826,1694011405.4337566,29811.609086865872
302,0.08180966879259521,0.08370244928131565,1694011405.4820406,14878.377345905545
303,0.08064986435518284,0.08277366755056026,1694011405.5144174,47055.12041201082
304,0.0026232199102019793,0.0073230781705108106,1694011405.562273,3669.1601459316944
305,0.08760129040062914,0.08955096175945065,1694011405.5994108,25661.73681677619
306,-0.09021914290202471,-0.07987624700124574,1694011405.656022,1205.6749612298622
307,-0.20852946802277272,-0.18669277229016212,1694011405.7577896,5.760943750599252
308,0.06933075014984769,0.07145131080050715,1694011405.8115013,10207.77519275625
309,0.08568977147182699,0.08771856528859512,1694011405.8520384,34330.24556824062
310,0.08458369266464572,0.08646778821088341,1694011405.9001527,17086.7201552565
311,0.08760365206943954,0.08955279192300969,1694011405.9406443,25610.850145676606
312,0.07344108061376908,0.07560575995323648,1694011405.9765399,64568.73454450712
313,0.057658979327338544,0.06010767418337171,1694011406.023917,8035.282319559972
314,-0.2062075942031416,-0.18480218365499024,1694011406.1256838,19.073524165175424
315,-0.20942870940435876,-0.18754672879884904,1694011406.2475402,0.5530166003820223
316,0.0844711754089238,0.08635555093588321,1694011406.295439,16973.232714495327
317,0.08513349124806935,0.08717728695174776,1694011406.3405545,35924.927000196636
318,-0.2087771953174633,-0.18689339930261428,1694011406.4437397,4.346929309424968
319,-0.20906686144812792,-0.1872695494193639,1694011406.56901,2.275330888655047
320,0.08760693248282236,0.08954214673181549,1694011406.614746,24253.39781822669
321,0.07380240459177645,0.07582503613477443,1694011406.6641872,11419.81153577562
322,-0.20948802691971613,-0.18766167524779398,1694011406.787185,0.10171138017323862
323,-0.15024429903168146,-0.1351553315690044,1694011406.855816,457.08987594709384
324,-0.20537333154076642,-0.1840922962670284,1694011406.9578795,24.064640189093506
325,0.061920807200442685,0.06403945356984475,1694011406.9902124,98707.80296465324
326,-0.19572599587448525,-0.1758925214127931,1694011407.084975,85.6797930507275
327,-0.20417629712052743,-0.18309671475249312,1694011407.1930816,31.241870352135347
328,0.0768806879062679,0.07903399159275137,1694011407.2286503,56032.171059957676
329,0.08760078577546537,0.08955056655185023,1694011407.2665648,25672.206830565494
330,0.08482102142959769,0.08670469958166571,1694011407.3101773,17336.174174297033
331,0.08389861129789344,0.08596969378632591,1694011407.3482795,39190.35192048532
332,-0.2077909154465689,-0.1861048714360014,1694011407.4532228,9.755880529155858
333,0.037678268293162454,0.040812443818424304,1694011407.5115786,5813.978498193671
334,0.08758159610281546,0.08953484640425402,1694011407.5515633,26003.30461268172
335,0.07657213642637206,0.07853244851547447,1694011407.608878,12355.547366165612
336,-0.11902227597951898,-0.10654885656314628,1694011407.6724594,801.0972514535758
337,-0.15973157445177244,-0.14379224602939988,1694011407.7458663,368.1596730099517
338,0.07339497444387066,0.07555971912524273,1694011407.7835546,64686.73568004538
339,-0.011935597915201823,-0.006483010209544782,1694011407.8351145,3083.3024608687433
340,0.08658921352543403,0.08848077126832143,1694011407.8746374,19914.164276949996
341,0.08424129024348759,0.08630546895168523,1694011407.924132,38311.10740572567
342,0.057694804391801524,0.06014238060447985,1694011407.9807582,8040.559320112632
343,-0.055845514072466296,-0.04779525484840308,1694011408.0510838,1845.8544849472182
344,-0.18015689473678154,-0.1621196421443225,1694011408.130183,197.7450848209327
345,0.08026634762113105,0.08217487308298932,1694011408.1706378,13989.273948416901
346,0.08655265477916807,0.08855256661509181,1694011408.2077959,31546.510420722036
347,-0.17241137753928015,-0.15519950619271627,1694011408.2870877,259.3053170917354
348,0.07863544943021894,0.08077752203488853,1694011408.323189,51829.073383392875
349,0.08710704863238761,0.08901547414788447,1694011408.3692873,21268.35278116216
350,-0.20950603746605445,-0.187676591865662,1694011408.4977677,0.0046420634278129475
351,0.07143796200161356,0.07351034682361168,1694011408.5417938,10740.548551760305
352,0.08756291427468565,0.08949166824833465,1694011408.5809722,23598.22966354373
353,0.07391665555726845,0.07608053215001798,1694011408.623124,63357.78875117977
354,0.0842274033254975,0.08629187068255284,1694011408.6626549,38347.06649399986
355,-0.186201086468333,-0.1675373787521477,1694011408.7499626,152.38804932510826
356,0.08362886622220267,0.08551679380441601,1694011408.7952442,16204.393858602565
357,-0.20934385410820666,-0.1875414377787521,1694011408.9126937,0.9017736801339415
358,-0.19660259625121634,-0.17660812570999007,1694011409.0047214,80.1633321903085
359,0.049665873361955826,0.05235998542479836,1694011409.0502677,6994.422630309769
360,0.08681131511209539,0.08880037653107231,1694011409.0888562,30577.1581545779
361,0.08284510398427114,0.08473827298567715,1694011409.1264958,15589.284608697977
362,0.08090181064647228,0.08302286741185527,1694011409.1604772,46457.34725569205
363,0.06228247114148011,0.06440430215294501,1694011409.2016296,97455.32087311528
364,-0.2042173523346007,-0.18312103976482197,1694011409.3152194,30.89803006681382
365,0.08754136673822555,0.08946806235373761,1694011409.361006,23384.215281418892
366,0.07129680373947278,0.07337230731265665,1694011409.4008622,10702.912123593553
367,0.030580240360268518,0.03398695871080615,1694011409.4467967,5255.921714559363
368,0.08687723638683365,0.08886327459568122,1694011409.481714,30313.206955460417
369,0.07975705418595058,0.08188972911667125,1694011409.5137677,49169.512620991154
370,-0.03266379353115978,-0.026076835095512507,1694011409.5664515,2419.5683251865876
371,0.0815440989330184,0.08343928344342277,1694011409.6103787,14713.149712833096
372,0.08721826701662927,0.08912963963498155,1694011409.6509454,21650.401385603545
373,0.0717639954284034,0.07392818956605351,1694011409.6844065,68944.6784187893
374,0.05912056225112661,0.0615241794408371,1694011409.7425349,8256.002374017859
375,-0.20817430207260612,-0.18642153142229878,1694011409.857841,7.562194524542994
376,0.08362447388705363,0.08570077118099673,1694011409.895616,39882.946574507914
377,0.0868995529613854,0.08879612189448793,1694011409.934528,20634.112907420098
378,-0.20910943678284433,-0.18716561563909284,1694011410.045556,2.483075867655415
379,0.07613236984966565,0.07809992375542152,1694011410.0880668,12193.198960871647
380,-0.2067322400066085,-0.18522761900200124,1694011410.194151,15.896266664261887
381,0.08602408922089178,0.08804269494591765,1694011410.2359068,33309.98732551274
382,-0.20886492947455704,-0.18696877269960366,1694011410.338476,3.872866881074906
383,0.08761085844842709,0.08955809887083077,1694011410.3766167,25428.594775693287
384,0.0710410600403244,0.07320494701221636,1694011410.408912,70876.00149772523
385,0.012721029262584671,0.016907869972169975,1694011410.458537,4155.8083371735365
386,0.08313556686162649,0.08502660130166162,1694011410.5028932,15807.837749417533
387,0.0820427067224685,0.08414984242010892,1694011410.5369763,43733.31841094445
388,-0.2094336510163899,-0.1876167574385501,1694011410.6530054,0.4079795443208881
389,0.0652860722972276,0.06751299554211376,1694011410.6952682,9332.775591386226
390,0.0874035176613831,0.08937400133685314,1694011410.7309139,27635.940272735486
391,-0.20625399336898487,-0.18482928108417496,1694011410.8321679,18.703844197783187
392,-0.144579897560408,-0.12997241041649454,1694011410.9054656,513.7242777121471
393,0.0852836028873355,0.08716722614948935,1694011410.9429648,17868.2086714979
394,0.08025478162206856,0.08238267193809856,1694011410.9787767,47991.1924306722
395,-0.20951968093369255,-0.1876211343773011,1694011411.1060529,0.0514158066905004
396,-0.20919271999131706,-0.1874154408668096,1694011411.2297814,1.7411620240944887
397,-0.20315434164506652,-0.1822349532909615,1694011411.3421845,37.441394082145315
398,-0.2083804502148643,-0.1865917178199641,1694011411.4465296,6.3857925891609275
399,-0.20778901609665867,-0.18610372002742426,1694011411.5476773,9.771273740602123
