trial,score,test_score,time,alpha
0,0,0,1694010427.8810837,0
0,0.769356880390441,0.7564724169454446,1694010428.0014257,1
1,0.7695364710543386,0.7563146911352585,1694010428.1078644,0.2290598760735556
2,0.7385360385855075,0.7277806709035601,1694010428.1278863,1.816612583919038e-05
3,0.7692707131527123,0.756538165973381,1694010428.2909877,3.1377965328267496
4,0.7695321173412745,0.7563147110954977,1694010428.3969994,0.22554018180814286
5,0.7695537045018845,0.7562627945133295,1694010428.5011015,0.15983725808418597
6,0.7691196030284428,0.7549428837755192,1694010428.5646582,0.020107043155140784
7,0.7614133495001212,0.7488910989309296,1694010428.6020248,0.0011129773863956798
8,0.7692235479278503,0.7565213794122109,1694010428.7781243,15.585102522223588
9,0.7681055506939094,0.7540409404466304,1694010428.8395686,0.009920800965244343
10,0.7692150219064329,0.7565198424737921,1694010429.0197313,6767.897423412717
11,0.7692300784974465,0.756512956191267,1694010429.1984406,39.99625032696767
12,0.7692139334781669,0.7565191638256593,1694010429.3762453,97.21237939339986
13,0.7695825478509347,0.7562405388466175,1694010429.4837155,0.14245124901672673
14,0.7643163690903787,0.751191935664157,1694010429.5307543,0.0023167701847500726
15,0.7692146590970108,0.7565190839847025,1694010429.709308,1383.9809068579639
16,0.7695785569472925,0.7560081218213319,1694010429.8135152,0.06703729745427771
17,0.74779765610601,0.7365213195314934,1694010429.8434358,0.00011096366645298656
18,0.7695232285104352,0.7556838278149924,1694010429.9315467,0.04009199170794683
19,0.7692121194310568,0.7565184851775263,1694010430.1129372,67723.37645197223
20,0.7692703503432903,0.756483135593897,1694010430.238522,2.016910030549668
21,0.7696286246475306,0.7561396997181614,1694010430.342131,0.09357418664204716
22,0.7646153240541195,0.7514038934442591,1694010430.3900077,0.002532109542544672
23,0.7696099399622968,0.7558799970458846,1694010430.489417,0.05546034734472246
24,0.769402231568193,0.7564107797267843,1694010430.6102927,0.6287775129614219
25,0.7691774711312542,0.7550220660444394,1694010430.6766102,0.021647704490042108
26,0.7676188418542755,0.7535272038100105,1694010430.7361665,0.007303802764770326
27,0.7692552937522765,0.7565397827527565,1694010430.9085174,3.5947191278965853
28,0.7696447696668103,0.756123272441297,1694010431.0112135,0.09033156194297158
29,0.7693704857437667,0.7564295024311571,1694010431.1327856,0.8938219745298018
30,0.7592724111008073,0.7470191079369896,1694010431.1749206,0.0007431098960096157
31,0.7696063118680768,0.7560279024183826,1694010431.28351,0.06944575637545004
32,0.7696237267203335,0.75595153454319,1694010431.3909347,0.061774276870941565
33,0.7695074463005775,0.7563380446151267,1694010431.5050766,0.3033617467762239
34,0.7694149298979635,0.7554799339715287,1694010431.5953307,0.032075233813325145
35,0.7694954735896509,0.7563662484331213,1694010431.7082002,0.3710672750958246
36,0.7677011995930729,0.7535877631757539,1694010431.7680144,0.007688081069552667
37,0.7696084887246087,0.7562132731598655,1694010431.875387,0.12438593795465712
38,0.7692975610499415,0.7564803810808869,1694010431.998887,1.4937576372537482
39,0.7694938409472518,0.7563655298645099,1694010432.1093755,0.37520898139454395
40,0.7696596448531129,0.7561007173709969,1694010432.2115917,0.08285189527489721
41,0.7695986928702144,0.7562305387667766,1694010432.319444,0.13548655166903015
42,0.7690822336579752,0.7548778932366726,1694010432.3856437,0.019417024601843795
43,0.7695859945404437,0.7558173218947857,1694010432.4828308,0.04789059120303715
44,0.7692603730841849,0.7565473876038931,1694010432.6510444,3.331635034739721
45,0.7696054048445218,0.7561697398781627,1694010432.753286,0.10346234946369325
46,0.7694439546517248,0.7563746317335868,1694010432.8636925,0.4750626875080818
47,0.7681543485611704,0.75398882426207,1694010432.929218,0.00958437756601375
48,0.7695043624204903,0.7563191821890793,1694010433.0384004,0.2776273803327973
49,0.7692460421120153,0.7565137546008351,1694010433.2160347,8.563665520914896
50,0.7691780153453874,0.7550139821475621,1694010433.282994,0.021518736159112803
51,0.7696317085276178,0.7561953488650609,1694010433.3849595,0.1145720807681503
52,0.7696493047845856,0.7560515553018388,1694010433.4913707,0.07391846586309364
53,0.7693572431998629,0.7564694827902817,1694010433.6132154,0.9468271929677189
54,0.7696014139408796,0.7562273451285041,1694010433.7212412,0.13469038341253955
55,0.7695477181464212,0.7562632336385919,1694010433.8295844,0.16978778793576427
56,0.7695771057096044,0.7558150663877556,1694010433.9338312,0.04787744847538257
57,0.7693608712940831,0.7564625166667998,1694010434.067146,0.9144499003479928
58,0.768891033092573,0.7546783108048767,1694010434.1378744,0.016229364990141493
59,0.7660881489027918,0.7525006886282526,1694010434.1983557,0.0040696151132332565
60,0.7696498489987186,0.7560532718824102,1694010434.30532,0.07398499409223513
61,0.7696108469858519,0.7559943492562814,1694010434.4103465,0.06538770419101003
62,0.769564225975123,0.7562738724460873,1694010434.5193846,0.18277926755686844
63,0.7691965186259101,0.7551882350358087,1694010434.5868587,0.024319393451220857
64,0.7696317085276176,0.7560974638520067,1694010434.6887686,0.08189897156753242
65,0.7694151113026746,0.7563908194875807,1694010434.8004904,0.5318837582611656
66,0.7695306661035863,0.756313453600428,1694010434.9103293,0.22587216898733797
67,0.7681186118331018,0.7540318186173143,1694010434.975101,0.009876007668084887
68,0.7696277176239756,0.7561155677889644,1694010435.0778568,0.0874963319965512
69,0.7694865847588116,0.7556738876158691,1694010435.1663542,0.0392343239822308
70,0.7693093523561569,0.7564762493113717,1694010435.2890878,1.3889414327106862
71,0.7696346110029939,0.7561168652045126,1694010435.3913803,0.08816855055115268
72,0.7694932967331188,0.7563309786904486,1694010435.500329,0.26581580212048395
73,0.7695992370843473,0.7561346697378821,1694010435.6056936,0.09007263694108826
74,0.7687577006299824,0.7545740185550384,1694010435.6720269,0.014783789784789518
75,0.7693496242020006,0.7553388949213167,1694010435.7416124,0.03006995820987048
76,0.7665249714468986,0.7527689143226692,1694010435.797714,0.004579683137971255
77,0.7694024129729039,0.7564118176592228,1694010435.9157667,0.6250821461294713
78,0.7695292148658983,0.7557445867831281,1694010436.0058076,0.04403055697628557
79,0.7696291688616637,0.7561494403148928,1694010436.1077898,0.09567939980817751
80,0.7695353826260727,0.7562952099417959,1694010436.217589,0.2196042504962137
81,0.7696119354141178,0.7561859675526352,1694010436.3202891,0.10816473041219825
82,0.7696398717396131,0.7560669646065039,1694010436.4230247,0.07590909521685212
83,0.7694776959279721,0.7563692225087626,1694010436.5343828,0.39077786132110454
84,0.7695756544719163,0.7560168244856247,1694010436.6454666,0.06771469110942376
85,0.7693951567844636,0.7554345643478192,1694010436.7373173,0.031039750134203695
86,0.7684309907454573,0.7543113218468811,1694010436.8086548,0.012130898999587192
87,0.7696010511314575,0.7562289419476403,1694010436.9242356,0.1312155965203312
88,0.7693461775124915,0.7552698724141509,1694010436.9959483,0.02821846702866639
89,0.7695328429601185,0.7563154895448266,1694010437.113206,0.226999418897816
90,0.76940350140117,0.7564093425895615,1694010437.2333214,0.6239933182626838
91,0.7696126610329619,0.7559969440873779,1694010437.3403683,0.06562123301444013
92,0.7696046792256777,0.7561469053645138,1694010437.447198,0.09666476270726426
93,0.7688888562360409,0.7546737399100991,1694010437.5193725,0.016076900125226123
94,0.7695602350714806,0.7557571218133479,1694010437.610971,0.04480623074401923
95,0.769567854069343,0.7562589421871633,1694010437.719422,0.16587430517968102
96,0.7694909384718757,0.7563616974985827,1694010437.829325,0.3564863539876038
97,0.7696415043820122,0.7561202584451772,1694010437.9327092,0.08840680562880723
98,0.769429623679555,0.7555350641522088,1694010438.023273,0.033768090938173304
99,0.7695471739322882,0.756262175745914,1694010438.1376865,0.15741527172042327
100,0.7690637303774525,0.7549506882290478,1694010438.2059927,0.01985242295598306
101,0.7696248151485995,0.7560901184839799,1694010438.3081183,0.08062340022328648
102,0.7696066746774988,0.7558707554551334,1694010438.4068592,0.05347815550745423
103,0.769497469041472,0.756315329862913,1694010438.5174725,0.28267872606229827
104,0.7696108469858518,0.7561824545505353,1694010438.6244564,0.10764267936027067
105,0.7694602810757154,0.7563646915344633,1694010438.7419705,0.45697541512012707
106,0.7695535230971735,0.7562972458861947,1694010438.8538735,0.19106297302516165
107,0.769591799491196,0.7558726117573793,1694010438.9571905,0.05404368342073283
108,0.7693193296152623,0.7552328262101893,1694010439.03005,0.02736371373706738
109,0.767586007601583,0.7535050878649729,1694010439.0946987,0.007211668280262873
110,0.7696400531443242,0.7561203981668516,1694010439.2030041,0.0888673198849699
111,0.7696188287931363,0.7561242504930179,1694010439.3118265,0.08706628982249108
112,0.7695812780179576,0.7562403192839864,1694010439.42515,0.14269566238523054
113,0.7695230471057241,0.7557388581944766,1694010439.518189,0.04332490407436154
114,0.769497831850894,0.7563286633027011,1694010439.634271,0.2597870954817161
115,0.7696092143434528,0.75602921979417,1694010439.750077,0.0696603812607655
116,0.7691237753367961,0.754946296976423,1694010439.8210404,0.020280020881535927
117,0.7693951567844637,0.7564406602048719,1694010439.9447994,0.7538950812596779
118,0.7696251779580214,0.7562017161813668,1694010440.060997,0.11494294990821641
119,0.7683930771608565,0.7542393053038348,1694010440.1327453,0.011516243672067217
120,0.7694684442877107,0.7563644120911146,1694010440.2521508,0.41846952183443437
121,0.7696164705318931,0.7560169242868207,1694010440.3639357,0.06931707041033487
122,0.7695665842363659,0.7562601198412763,1694010440.4840086,0.16793441122758734
123,0.76945393191083,0.7555922701977661,1694010440.5802584,0.035462458890000374
124,0.7696297130757966,0.7561530730784277,1694010440.6926348,0.09585095473836931
125,0.7696108469858519,0.7561815563397711,1694010440.8059359,0.10724091273498643
126,0.769497831850894,0.7563233339188338,1694010440.9287229,0.2893541435758995
127,0.7695936135383061,0.7558546675023354,1694010441.0376582,0.05167010575270543
128,0.7691947045788,0.7551376957101454,1694010441.1106122,0.023457811331886624
129,0.7693233205189045,0.7564781455340961,1694010441.248618,1.15492957508303
130,0.76956912390232,0.7562742716508715,1694010441.3686616,0.17996950968071496
131,0.76963388538415,0.7561168452442735,1694010441.4786556,0.08739316817674841
132,0.7696262663862875,0.7561400789627063,1694010441.587831,0.09421448595662357
133,0.7694553831485182,0.7555949249095801,1694010441.6833096,0.03558152137571167
134,0.7696092143434529,0.7559727323172241,1694010441.7989175,0.06388986469325607
135,0.7695950647759942,0.7562343511724645,1694010441.9149723,0.13705733086430794
136,0.7694992830885821,0.7563546714943831,1694010442.0332127,0.32905094507505733
137,0.768679515199538,0.7544904849539716,1694010442.1032014,0.013784505915366578
138,0.7694201906345828,0.7563910590104512,1694010442.2228565,0.5247599197574973
139,0.7695266751999442,0.7563144516123881,1694010442.3439994,0.23787841642598678
140,0.769521051653903,0.7556800752900223,1694010442.4376447,0.03994085101179666
141,0.7695981486560813,0.7561341507716628,1694010442.547317,0.09001628768778672
142,0.7696447696668104,0.7560601182444571,1694010442.65925,0.07559666663683255
143,0.7695865387545768,0.7558645877412196,1694010442.7653844,0.05249219912735589
144,0.7695709379494302,0.7562526347515748,1694010442.8823166,0.14983388952538904
145,0.7691972442447541,0.7551584144384387,1694010442.9518535,0.023825881636909
146,0.7695849061121778,0.7559757862338223,1694010443.0542045,0.06581893913048228
147,0.7696108469858519,0.7561898797595191,1694010443.1572475,0.10912835257126709
148,0.7695366524590497,0.7563240924079234,1694010443.2724466,0.21808467439916326
149,0.7694363356538624,0.7555461420849667,1694010443.3626847,0.034406095831517255
150,0.7688173827799039,0.7546239790337648,1694010443.4297497,0.015517476375286594
151,0.7696337039794388,0.756137783535198,1694010443.536124,0.09214546536535391
152,0.7696483977610304,0.7560662061174142,1694010443.6479528,0.07627017275077555
153,0.7696494861892965,0.7560777830561521,1694010443.7555819,0.07771264020566389
154,0.7695883528016869,0.7558236492906131,1694010443.8572013,0.04891384766244961
155,0.7695742032342282,0.7562540120080798,1694010443.972034,0.15071181477322615
156,0.7696669010415533,0.7560928131162725,1694010444.0791442,0.08088830834605852
157,0.769334930420409,0.7552524870458048,1694010444.1524544,0.02791854067412584
158,0.769611028390563,0.7560008363340225,1694010444.264496,0.06593199702095713
159,0.7694760632855732,0.7563323759071929,1694010444.3810475,0.3125172187224294
160,0.7695315731271414,0.7556941672188999,1694010444.4754553,0.04046134833209799
161,0.7696005069173244,0.7561439512491118,1694010444.5870483,0.09430630317075402
162,0.769568398283476,0.7562683035393496,1694010444.7049475,0.17765120506383675
163,0.7696023209644346,0.7561464861994905,1694010444.8181617,0.09532128152757835
164,0.7696088515340308,0.755975367068799,1694010444.9332633,0.06410236829571495
165,0.7695584210243707,0.7562511177733955,1694010445.0508208,0.15271786729809664
166,0.7689993317050448,0.754797712955792,1694010445.1215405,0.01782158087294432
167,0.7695972416325263,0.7558311942610321,1694010445.2278714,0.049994270281990195
168,0.7695313917224305,0.7563123557872717,1694010445.3452437,0.2249429922716609
169,0.7692409627801071,0.7552202113390127,1694010445.4159496,0.02569798707263415
170,0.769662365923778,0.7561011564962594,1694010445.5210376,0.08279297516268067
171,0.7696471279280535,0.756059719039673,1694010445.6278515,0.07577577907409071
172,0.7696469465233424,0.7560732520818529,1694010445.73495,0.07689095865421923
173,0.7695974230372373,0.7560063054395643,1694010445.8409178,0.06646806591849533
174,0.7696005069173244,0.7562231734385105,1694010445.9450808,0.12344991685305837
175,0.7694405079622156,0.755618537872558,1694010446.033899,0.03647865870781253
176,0.7694751562620181,0.7563719770217726,1694010446.1457648,0.4038784810564235
177,0.7696498489987187,0.7560517748644701,1694010446.2525036,0.07376227290795968
178,0.7696052234398106,0.7558525117965014,1694010446.3539891,0.05205089414675181
179,0.7695546115254395,0.7563084236201486,1694010446.4636965,0.20310083029202297
180,0.76926309415485,0.7552452414789739,1694010446.5305629,0.026675762097343826
181,0.7696043164162557,0.7562237323252082,1694010446.6356027,0.12315286165339245
182,0.7696491233798745,0.7560518347451876,1694010446.7427816,0.07390428852306136
183,0.7696395089301912,0.7560907572116343,1694010446.8510704,0.08150953040390746
184,0.7696208242449574,0.7559242289359597,1694010446.9531624,0.060295456082399806
185,0.7694698955253988,0.7556289371571829,1694010447.0432866,0.03715256166421977
186,0.7696092143434528,0.7560305172097181,1694010447.1497078,0.06980403594778122
187,0.7696001441079023,0.7562359679518399,1694010447.260291,0.13952445334282776
188,0.7694989202791601,0.7563299207977707,1694010447.3717475,0.26042712493868697
189,0.7695237727245682,0.7557392174787823,1694010447.4626112,0.04360089660122365
190,0.7689973362532234,0.75477946929716,1694010447.5310187,0.017818876485420024
191,0.7695972416325263,0.7561385619845268,1694010447.636656,0.09065683888960514
192,0.7696355180265488,0.7561153881468115,1694010447.7404191,0.0869323619195964
193,0.7696317085276178,0.7560575832940782,1694010447.8449295,0.07508167666913379
194,0.7695763800907603,0.7562504191650233,1694010447.9587495,0.15107618647494475
195,0.7695635003562787,0.7557685789906506,1694010448.0601873,0.04494676301329895
196,0.7696059490586546,0.7562101593625498,1694010448.1678283,0.11593915003106862
197,0.7693528894867989,0.7552843236273344,1694010448.235283,0.028643061469488165
198,0.7696347924077049,0.7560452478662504,1694010448.3435278,0.07234843340863481
199,0.7695495321935313,0.7563118967017701,1694010448.458471,0.20691350483189264
200,0.7695970602278153,0.7559039293726896,1694010448.548797,0.058131086081439694
201,0.7696451324762323,0.7560549485425034,1694010448.6639206,0.07485202080960081
202,0.7696391461207691,0.7560809367739463,1694010448.7722175,0.07749083226396261
203,0.7695199632256369,0.755711532627007,1694010448.8675709,0.0423879840686854
204,0.7696453138809434,0.7560367048838712,1694010448.9815776,0.07228529357036564
205,0.7696081259151868,0.7562131533984304,1694010449.0928798,0.1237993387529395
206,0.7692995565017625,0.7552681957540579,1694010449.16373,0.027777114185962924
207,0.7681314915675834,0.7539566483564739,1694010449.2315793,0.00947710026012133
208,0.7695970602278152,0.7560127525968272,1694010449.3410106,0.06825682897793438
209,0.7695633189515679,0.756256866322286,1694010449.4542851,0.15514749821954163
210,0.7695713007588523,0.7558109146580012,1694010449.558158,0.04721407010332285
211,0.7696398717396131,0.7561173043297751,1694010449.6685874,0.08832991937756207
212,0.7696259035768656,0.7561408574120352,1694010449.7792044,0.09428315397673132
213,0.7696489419751635,0.7560498986019848,1694010449.8930554,0.07353244045971223
214,0.7695627747374347,0.7562806190069381,1694010450.00839,0.1856218632821634
215,0.7695990556796365,0.7558789990339245,1694010450.1159065,0.0538394848994312
216,0.769428898060711,0.7554933871727518,1694010450.2119448,0.0325093019893705
217,0.7695045438252014,0.7563389428258909,1694010450.333139,0.3038567390969091
218,0.7696075817010537,0.756219001748517,1694010450.4473586,0.12106083897470635
219,0.7696324341464619,0.7560365452019576,1694010450.5612724,0.0722357998592325
220,0.7691167005530667,0.754937274948303,1694010450.6310415,0.02000399698997751
221,0.7696318899323288,0.7560980027784653,1694010450.737047,0.08253308627442298
222,0.7696333411700167,0.7562001992031873,1694010450.8451223,0.11574275129152685
223,0.7695941577524392,0.7558542283770728,1694010450.9483159,0.05161020998882162
224,0.7406071361710835,0.729640965197327,1694010450.9771607,2.5516444986001024e-05
225,0.7696347924077049,0.7561178033357552,1694010451.0854378,0.08749049672239842
226,0.7695520718594854,0.7562629142747647,1694010451.1997387,0.16958473923341108
227,0.7692242735466943,0.7565100419963432,1694010451.393204,80.28047085882177
228,0.7693075383090469,0.7565364893132879,1694010451.5710177,1.9224323250404298
229,0.7695199632256369,0.7557110336210269,1694010451.67083,0.042386679651817416
230,0.7696128424376729,0.7559961257175706,1694010451.7828605,0.06548856384597167
231,0.7696335225747278,0.7561159470335093,1694010451.8916025,0.08662584580932586
232,0.7696239081250443,0.7560265650823559,1694010452.0036602,0.07094831406495891
233,0.7696044978209666,0.756213113477952,1694010452.116067,0.11681246978449739
234,0.7694263583947569,0.7555053034355563,1694010452.212461,0.03273353924102658
235,0.7696057676539436,0.755883070922722,1694010452.3234632,0.054295340549583765
236,0.7695486251699762,0.7563050503397233,1694010452.443564,0.20196862588432887
237,0.769612479628251,0.756218602543733,1694010452.5623746,0.12728780681906404
238,0.769636787859526,0.756076305998451,1694010452.6781383,0.07882558805446536
239,0.7694410521763486,0.7555864018874402,1694010452.772855,0.035258236958516966
240,0.7696139308659389,0.756192913715878,1694010452.882947,0.1104576843510808
241,0.7696306200993517,0.7560913759790497,1694010452.994325,0.07950727038099636
242,0.7629750626571872,0.750079791056216,1694010453.0411777,0.001570061781659382
243,0.7696293502663747,0.7559068236073742,1694010453.1471927,0.05875319466716659
244,0.7692108495980797,0.7565136547996392,1694010453.3380036,683.4377231634003
245,0.7696344295982829,0.7560634316441648,1694010453.4470155,0.07555254409629884
246,0.7695593280479258,0.756255109821236,1694010453.5609474,0.16208291424638205
247,0.7695382851014487,0.7557110136607877,1694010453.6523454,0.04225198766718918
248,0.7696015953455905,0.7561534323627335,1694010453.7572114,0.09839098149050007
249,0.7696086701293199,0.7558844082587486,1694010453.8596091,0.05453427800485597
250,0.7692511214439235,0.755216418893564,1694010453.930871,0.025789418296066895
251,0.769498194660316,0.7563255894258637,1694010454.046423,0.294071933258387
252,0.769264545392538,0.7565413596116535,1694010454.2202547,3.5831368073683474
253,0.7695729334012512,0.756248722544691,1694010454.3356469,0.14609454591898402
254,0.7695820036368016,0.7560165450422758,1694010454.4497821,0.06739761132979118
255,0.769612479628251,0.7561880833379908,1694010454.559744,0.10879037364134526
256,0.7692358834481988,0.7565435153174875,1694010454.7419264,5.2743585834392555
257,0.7695239541292791,0.755704366901133,1694010454.8403041,0.04108800909291367
258,0.7695687610928981,0.7562691019489178,1694010454.9589422,0.17671566458826385
259,0.769637694883081,0.7560559864749419,1694010455.0711904,0.0750850701630585
260,0.7696079445104758,0.7561528335555574,1694010455.1834872,0.09976479897287119
261,0.769521595868036,0.7563142520099961,1694010455.3040533,0.23943183842439258
262,0.7690486737864387,0.7548349986826243,1694010455.3777266,0.01835047541234688
263,0.7561827260629228,0.7444548559269935,1694010455.4187977,0.0004395997953647366
264,0.7695943391571503,0.7558536295698968,1694010455.5279846,0.05138542161586119
265,0.7693909844761104,0.7554267199738122,1694010455.6237917,0.030770438138970426
266,0.7694167439450735,0.7563897815551421,1694010455.7469099,0.5349345693830299
267,0.769215203311144,0.7565152316585361,1694010455.943443,25902.11181484587
268,0.7696478535468974,0.7560657470319123,1694010456.0609596,0.07625859271109738
269,0.7695772871143154,0.7558217530678888,1694010456.1689072,0.04906991299016079
270,0.7696128424376729,0.756218402941341,1694010456.2888062,0.12757000243578534
271,0.7695776499237375,0.7560159262748606,1694010456.4052806,0.06747596635856604
272,0.7669133589331661,0.7529759618839273,1694010456.4688954,0.005234311341850049
273,0.7695542487160174,0.7563094016718697,1694010456.5897064,0.20444193550356912
274,0.7693612341035051,0.7564556303842744,1694010456.7246408,0.8445701312999935
275,0.7692226409042952,0.755206119410135,1694010456.799818,0.02510332461705304
276,0.7684589270709525,0.7543650548108168,1694010456.8753889,0.0123722553684831
277,0.7694813240221923,0.7556617917109119,1694010456.972393,0.03875776167640664
278,0.7696086701293198,0.7562155486271347,1694010457.0896027,0.1255145207519327
279,0.7696342481935718,0.7560186209071529,1694010457.1996782,0.07162617724517523
280,0.7694938409472518,0.75636377336346,1694010457.320459,0.37934895747909314
281,0.7696034093927006,0.756146526119969,1694010457.4328458,0.09200066645906625
282,0.7695696681164531,0.7562630939169175,1694010457.5497508,0.17465826829261363
283,0.7695810966132466,0.7558234696484603,1694010457.6590767,0.04838908456478027
284,0.7694305307031102,0.7555275191817898,1694010457.7558866,0.03381177643041619
285,0.769636425050104,0.7560448087409881,1694010457.8688445,0.07399490076698373
286,0.7696035907974116,0.7562275846513744,1694010457.9885452,0.13095340708456082
287,0.7695288520564764,0.7563171262844414,1694010458.109762,0.23157947851016786
288,0.7696284432428195,0.7558878414198916,1694010458.2217603,0.05677009500106673
289,0.769172936013479,0.7549891116895144,1694010458.2950876,0.02116243912617617
290,0.7696260849815766,0.756148681825803,1694010458.4097776,0.09537779765807722
291,0.769523409915146,0.7557163630048942,1694010458.5104287,0.04204091962478354
292,0.7695965160136822,0.7562358481904048,1694010458.6311574,0.13668772946461832
293,0.7696275362192646,0.7560324134324425,1694010458.7498527,0.07147769693758714
294,0.7694949293755179,0.7563128148727735,1694010458.8733244,0.273099378707805
295,0.7693407353711613,0.7552689742033869,1694010458.948769,0.02813848553253448
296,0.7696074002963427,0.7561557477504811,1694010459.0637717,0.10129547822452736
297,0.7695836362792008,0.7558664440434655,1694010459.1733432,0.052723603944816004
298,0.7695631375468569,0.7562570060439605,1694010459.2927775,0.15506197473481212
299,0.7694713467630868,0.7563698412761779,1694010459.4140985,0.40953743577278956
300,0.7696652683991543,0.7560911364561793,1694010459.5251522,0.08089329900948557
301,0.7692340694010886,0.756511778537154,1694010459.711607,7.795427653816705
302,0.769516516536128,0.7557114927065285,1694010459.8078175,0.04132431669920018
303,0.7686969300517946,0.7545142775591022,1694010459.8796167,0.013953532323042172
304,0.7695531602877513,0.7563012778545137,1694010459.995764,0.19241202617812952
305,0.7674365301197126,0.7534053864701514,1694010460.0605154,0.006755581009715962
306,0.7657904637720281,0.7523647993197551,1694010460.1201868,0.0037951996301162166
307,0.7696044978209666,0.7561639713690329,1694010460.229889,0.10231768410853014
308,0.7696500304034296,0.7559679218995761,1694010460.343793,0.06244170116772893
309,0.7694278096324451,0.7555021696780014,1694010460.4381683,0.03257416325489892
310,0.769189806651603,0.7551388733642584,1694010460.5095596,0.023566123094967105
311,0.7695925251100401,0.7558727115585753,1694010460.6104038,0.05400701193104562
312,0.7696034093927004,0.7562253690648228,1694010460.7215889,0.12937024731564561
313,0.7694922083048528,0.7563122559860757,1694010460.8347843,0.27071471416440285
314,0.7693001007158955,0.7564804010411261,1694010460.9642746,1.5063488579884208
315,0.7696121168188289,0.7559585405871505,1694010461.0738358,0.06267674719603189
316,0.7696021395597235,0.7561498594799161,1694010461.180024,0.09767007099106695
317,0.7690958390113009,0.7548433620228505,1694010461.2495444,0.018607806392167053
318,0.7694791471656602,0.7556568016511109,1694010461.3413036,0.0384026406981707
319,0.7693650436024363,0.7564452310996495,1694010461.4636798,0.7986796308441255
320,0.7695707565447192,0.7562582236185519,1694010461.5770547,0.1637845813025131
321,0.7692135706687449,0.7565191039449417,1694010461.7686243,359.809683631592
322,0.7696108469858519,0.7559944490574775,1694010461.8804839,0.06533604772525764
323,0.7696079445104758,0.756156725802202,1694010461.989605,0.1009170880612913
324,0.7695420946003799,0.7557519920318725,1694010462.094781,0.044168690225181946
325,0.7695691239023201,0.7562686628236552,1694010462.209356,0.17711702898060333
326,0.7692115752169237,0.7565105010818449,1694010462.4017754,2265.3083743068373
327,0.7693160643304643,0.7553329068495556,1694010462.4918234,0.027102535198335772
328,0.7696217312685124,0.7560165051217973,1694010462.5993369,0.07016481475133421
329,0.7681164349765698,0.7540284852573673,1694010462.6699011,0.009862650219457363
330,0.7696061304633657,0.7562231135577928,1694010462.7801619,0.12237217394781508
331,0.7694916640907198,0.7563302002411196,1694010462.896305,0.2530528510234842
332,0.7693969708315738,0.7563736536818657,1694010463.017475,0.5528635432789889
333,0.7696028651785676,0.7558340485752381,1694010463.1183906,0.05045231463543943
334,0.7696302572899297,0.7561210169342669,1694010463.2227812,0.0893762045090677
335,0.7693969708315738,0.7554099533728812,1694010463.3109422,0.030202829948344986
336,0.7695816408273796,0.7562401995225512,1694010463.421247,0.14261960772934057
337,0.7696244523391774,0.7559498379228576,1694010463.5283113,0.06168021864565776
338,0.769636062240682,0.7560842302134149,1694010463.6377103,0.08095322753866671
339,0.7695127070371967,0.7563450506590872,1694010463.7515554,0.3168099406771851
340,0.7692277202362034,0.7565155310621242,1694010463.9343936,19.27730129440257
341,0.7687939815721839,0.754600166468395,1694010464.00206,0.015178549921451734
342,0.7517778568702318,0.7404328278070084,1694010464.036711,0.0002255171408393982
343,0.762108673757414,0.7494182887687726,1694010464.0812597,0.001295911372483033
344,0.7694786029515273,0.7556436478534759,1694010464.172527,0.037918337461557074
345,0.7692754296751985,0.7565461301088231,1694010464.343763,3.0775185408305665
346,0.7695488065746872,0.7562838924861676,1694010464.4549384,0.19606640679058263
347,0.7696054048445218,0.7562107182492475,1694010464.5599768,0.11588335107179742
348,0.7695876271828428,0.7558271223722346,1694010464.6607811,0.04934665798691043
349,0.7696482163563194,0.7561058471524722,1694010464.7653742,0.08581334160064957
350,0.7691840017008506,0.7551252205606431,1694010464.8341727,0.02312728410510951
351,0.769613386651806,0.7562177043329686,1694010464.944181,0.12694664760877633
352,0.7696075817010537,0.7559833312042412,1694010465.0518017,0.06490756661118992
353,0.7695166979408388,0.756304431572308,1694010465.1635587,0.23197119126712176
354,0.7695332057695405,0.7556970015728668,1694010465.2541144,0.04071657570873738
355,0.7654125977589987,0.752008369328298,1694010465.303571,0.00332536555585047
356,0.7696044978209666,0.7561521149869459,1694010465.4087472,0.09814230829189713
357,0.7695576954055265,0.7562567066403724,1694010465.5200422,0.15454871489864133
358,0.7692137520734559,0.75652139937245,1694010465.7054834,68515.08025925333
359,0.7695986928702143,0.755970556651151,1694010465.8130198,0.06456133655877543
360,0.7694243629429359,0.7555171198971649,1694010465.9048655,0.033539500847907536
361,0.7696351552171269,0.7561029728780269,1694010466.0098064,0.0829976839791201
362,0.7692119380263458,0.7565147925332737,1694010466.1944869,6927.4332566062585
363,0.7692219152854511,0.7565195430702042,1694010466.376238,27.5165831895526
364,0.769476063285573,0.7563727754313407,1694010466.489643,0.39480465189887287
365,0.7691284918592821,0.7549537820661243,1694010466.5575576,0.020347394006975255
366,0.7695761986860494,0.7562549501393225,1694010466.6679487,0.150768524082439
367,0.7468006558143112,0.7356181785882522,1694010466.699905,9.351925480473315e-05
368,0.7696044978209666,0.7558363839232249,1694010466.8016937,0.050571003170299944
369,0.7696048606303887,0.7561515760604876,1694010466.9059904,0.09796681476663481
370,0.7695381036967377,0.7563224357080696,1694010467.0182333,0.21668660774550086
371,0.7695941577524392,0.7558705957732197,1694010467.1193037,0.05359738674439258
372,0.7694376054868395,0.7555329683270925,1694010467.2075024,0.03408126059353161
373,0.764298954238122,0.7511350090619485,1694010467.258152,0.002276602079649254
374,0.7693213250670834,0.7564736544802753,1694010467.3834057,1.2028978174265426
375,0.7696057676539436,0.7561577637346406,1694010467.4889185,0.10144529639441799
376,0.7682564794134678,0.754147827527565,1694010467.5565233,0.010744657454775604
377,0.769217924381809,0.7565213195314932,1694010467.7392457,96026.88169556885
378,0.7694954735896509,0.7563643522103969,1694010467.8518791,0.36919143174241065
379,0.7696402345490352,0.7560836912869563,1694010467.9569948,0.07804219309226204
380,0.7695792825661365,0.7562437524451294,1694010468.066424,0.14384952871437673
381,0.7696230011014894,0.7559515345431901,1694010468.1728017,0.062252168823905434
382,0.76914790216336,0.7551419272808565,1694010468.2424219,0.02356375321958784
383,0.7694757004761511,0.7556549054283866,1694010468.334006,0.038325119334783
384,0.7696284432428196,0.7561187813874761,1694010468.4389217,0.08778194980672645
385,0.7671767585735495,0.7531175199003586,1694010468.5001433,0.005822855792806022
386,0.7695538859065953,0.7563052299818761,1694010468.6114764,0.20251590121102933
387,0.7692714387715563,0.756486768357432,1694010468.7398543,1.9177196239417853
388,0.7696184659837142,0.7558909152967288,1694010468.8436313,0.05500563375758291
389,0.7696068560822097,0.7562138320465632,1694010468.9502087,0.11702691611429908
390,0.769238060304731,0.7565234353168488,1694010469.1273189,9.434310849448755
391,0.7690510320476819,0.7548379527980262,1694010469.1969013,0.0183716186802014
392,0.7693976964504178,0.7564269874410174,1694010469.3204253,0.6994446313456597
393,0.769637876287792,0.7560224333128408,1694010469.4267771,0.07156212170993866
394,0.7694341587973302,0.7555809727023768,1694010469.5200782,0.03489997905121295
395,0.76956730985521,0.7562690021477217,1694010469.6339412,0.17891247633015678
396,0.769614656484783,0.7562069856845164,1694010469.7463565,0.11858615017506148
397,0.7694954735896509,0.7563313379747542,1694010469.8633728,0.2646374582844325
398,0.769216473144121,0.7565174472450877,1694010470.0496545,53.7132314807688
399,0.7695974230372373,0.7558541285758769,1694010470.1544878,0.05149700391861302
