trial,score,test_score,time,alpha
0,0,0,1694012418.044223,0
0,0.043024758707413735,0.03780647087698363,1694012418.106019,1
1,0.04298246831075092,0.03775322286596505,1694012418.1558554,0.0006348876640641904
2,0.04298239975149665,0.037753193179067,1694012418.1956263,1.5658581420941057e-05
3,0.04300117777701329,0.03777665614933501,1694012418.2487097,0.4287313732190953
4,0.04414310970163837,0.03923785967932658,1694012418.281439,177.55761053759562
5,0.04298907809360131,0.03776205342350347,1694012418.309524,0.15923408837894695
6,0.04301318564615231,0.03779178313542386,1694012418.3375208,0.7149422811540449
7,0.042982523361474456,0.03775318023158625,1694012418.365603,1.3421719117853428e-05
8,0.043014444946507746,0.03779350200831766,1694012418.3934484,0.7476805328662185
9,0.026022039592868196,0.02494423820234226,1694012418.403169,26185.840813869847
10,0.04482186218983186,0.04123984895023791,1694012418.4219873,2339.2245435865957
11,0.045054069208273706,0.04125348601952006,1694012418.4406228,1793.5234226195676
12,0.014814670964368504,0.014374977998336758,1694012418.4546618,65029.386081511635
13,0.044866781235768816,0.040413993441218765,1694012418.4764473,670.8874045841442
14,0.043857725489936494,0.03886198003746966,1694012418.505212,87.60463043250485
15,0.04378099494846077,0.038760067031364254,1694012418.5345645,68.63035476378525
16,0.04507880013709886,0.04123620820126572,1694012418.5533488,1700.816208067583
17,0.042571639255507,0.03972101365443015,1694012418.5697906,5009.778698461631
18,0.04050344449204768,0.038015208704477055,1694012418.5855129,7025.395737718137
19,0.0434166817579793,0.038317579548759806,1694012418.6164432,19.260975441581394
20,0.010933086339901754,0.010650103937305477,1694012418.6293292,97059.12264621154
21,0.04511493239203701,0.04116258001007189,1694012418.6488934,1480.676830290979
22,0.045091306102626016,0.04093329748501495,1694012418.66831,1108.8219366681524
23,0.04338999748205541,0.03828519180209233,1694012418.6993833,17.29201107426193
24,0.044755971724673826,0.040214312479603276,1694012418.7219312,555.0133848393698
25,0.03730677299361873,0.03523518693934935,1694012418.7370918,10222.354001114756
26,0.029483726703226854,0.028146507543941768,1694012418.7515764,20106.21491122896
27,0.04469529273351558,0.04010896112821283,1694012418.7740028,501.2341363018653
28,0.0449113490331281,0.04126250263713516,1694012418.7920108,2165.8278886323637
29,0.043402306659896195,0.03830174560387212,1694012418.8222485,18.2365606545488
30,0.030553672602739224,0.029129949100637154,1694012418.8365312,18491.32788760506
31,0.04503840040594709,0.041260257705559744,1694012418.855211,1844.3800954349267
32,0.04510608139816563,0.04099230216294392,1694012418.8787172,1183.4754192224684
33,0.04424341514521024,0.039383500210133815,1694012418.9056623,219.41829598630514
34,0.04296153936161873,0.04002624752961548,1694012418.9222448,4615.131934482263
35,0.04488191540083741,0.04044632355955757,1694012418.943272,690.7541468809076
36,0.04316987827318586,0.03798792490533942,1694012418.9751534,5.278025712509596
37,0.04410682614687267,0.0391845932422884,1694012419.0030425,163.0002172132717
38,0.024291597311686952,0.023330186241218076,1694012419.0169852,29859.533724519944
39,0.04298414774511017,0.03775529964659985,1694012419.050517,0.037926564574339114
40,0.04074552276883736,0.03822035431475068,1694012419.068002,6791.072790202785
41,0.045112744013038886,0.041026720613729695,1694012419.0884306,1231.7617414078745
42,0.045111902884781174,0.04102186199403546,1694012419.1091456,1224.6930919075699
43,0.0444864993211026,0.03976249368199236,1694012419.1346717,352.8801147452452
44,0.04503136054280299,0.04077570439883005,1694012419.1551757,940.3007109107494
45,0.04385033337360378,0.038848886474679545,1694012419.1856532,85.40566766712472
46,0.04302501662604452,0.040075164102496785,1694012419.2030199,4549.878655269723
47,0.01473742159434066,0.014301190601904157,1694012419.216179,65501.82215904513
48,0.04425949243792937,0.03940901415037157,1694012419.2423484,231.0172353888797
49,0.045108594325435236,0.04100430952298517,1694012419.262683,1199.8754441191822
50,0.03565731724450927,0.03376507254504524,1694012419.2781715,12001.68917977129
51,0.045087259610400277,0.04091922300097284,1694012419.2979221,1092.2745997783843
52,0.04444290784099192,0.0410623246609888,1694012419.3154469,2919.670903981725
53,0.045093431940767204,0.04094095217110183,1694012419.3350747,1118.0117517946103
54,0.044221222186901055,0.04092967287035143,1694012419.3525753,3211.5428732756363
55,0.04461000832506101,0.03994393855421541,1694012419.3758662,431.9165435351619
56,0.021072711594701032,0.020310054164840108,1694012419.3895075,38270.10730878856
57,0.03590645759670186,0.03398821186729384,1694012419.4048972,11725.154078080806
58,0.04511839670772433,0.0410694821496812,1694012419.4245698,1298.0657230561906
59,0.04366955578953169,0.03862023982574714,1694012419.4543622,46.45914125450509
60,0.04408318761026664,0.03914970159147657,1694012419.4819973,153.75856904067155
61,0.045111698549686885,0.041175383170006574,1694012419.5025141,1512.4345088654825
62,0.04494395538017282,0.04126700180143428,1694012419.5222695,2095.773887623853
63,0.04455296375740414,0.03988433669889979,1694012419.549508,402.7162488580934
64,0.04020398494189381,0.0377600579239975,1694012419.5683374,7315.843985745169
65,0.04508968018014037,0.0409275574694824,1694012419.590863,1102.0229615741441
66,0.04395203692320371,0.04075318686420415,1694012419.6118515,3538.554669974628
67,0.0314419709541115,0.02994359836350824,1694012419.6289158,17228.347537640395
68,0.044334177679742015,0.03952374767424127,1694012419.6588829,267.2728735092323
69,0.04481133972665019,0.04031429536249831,1694012419.6860905,610.1400267316326
70,0.045052845617596815,0.04125410852239142,1694012419.7196448,1797.6705389661965
71,0.045117755669296655,0.041146437415572334,1694012419.743293,1443.6321701879708
72,0.043435966164315665,0.040385305040355646,1694012419.76226,4118.130584356758
73,0.04498275768545745,0.04066333985555837,1694012419.7842824,843.2430955979902
74,0.03996402698157564,0.03755459612344991,1694012419.801012,7549.2793326900255
75,0.04495572910785561,0.04126795912547898,1694012419.8198738,2069.256321815959
76,0.044055957768912246,0.03910981893477883,1694012419.8477888,143.4645917891924
77,0.04477008840281638,0.04023978878949397,1694012419.8707812,568.5958361528867
78,0.044346363477010264,0.039542615098951184,1694012419.8977368,273.50941322687976
79,0.022126930709984505,0.021301653269203857,1694012419.9119,35248.940811115965
80,0.03556379107943031,0.033681216168423234,1694012419.9275146,12106.276031332396
81,0.04508561962176194,0.04091367896170439,1694012419.9472744,1085.876760818768
82,0.04511151436162564,0.04117601431278484,1694012419.9671018,1514.0697315253697
83,0.04211149667495162,0.03935210727354599,1694012419.983896,5465.60726848773
84,0.04506546891660157,0.0412467591295721,1694012420.0030713,1753.1265175024557
85,0.044354436816463116,0.0410111193237932,1694012420.020687,3039.2780456880996
86,0.04458601244639526,0.03993736492685873,1694012420.0449142,425.1193173401375
87,0.0449539973455686,0.04060193391192579,1694012420.0656261,795.4315439543047
88,0.04512022595073739,0.041103723376848755,1694012420.0856595,1357.7279309363335
89,0.04399609716712083,0.039047533856361505,1694012420.1152844,128.6318913947764
90,0.04440764858287727,0.039637231202655276,1694012420.1424117,306.8170554726139
91,0.044282364739514746,0.040967636167766996,1694012420.1619241,3133.5186971952603
92,0.04502575671186415,0.04126412590543105,1694012420.183598,1882.406722752853
93,0.04509589131428471,0.04095011075721211,1694012420.206856,1129.18001793864
94,0.04161084759344036,0.038943954519283785,1694012420.225859,5953.152295506821
95,0.045119477172787414,0.041129767881131096,1694012420.248932,1408.2725213844699
96,0.044854777074230245,0.04039154503014475,1694012420.274897,656.9033320348077
97,0.03938967124228765,0.03705955888374135,1694012420.2963896,8111.604556916855
98,0.04511882710196047,0.04113736539994017,1694012420.3203795,1424.0578354920947
99,0.04445409176208581,0.04106860525828082,1694012420.342676,2904.2013467801603
100,0.042800353282887116,0.03990100610105207,1694012420.3700109,4779.463791041448
101,0.04512020803678851,0.0411124953294828,1694012420.4102669,1374.1847770001625
102,0.04457246546878035,0.03991554565000943,1694012420.4443383,415.8011506972616
103,0.04510912678580392,0.04118939579978331,1694012420.4656386,1538.7398781988486
104,0.04488645209947262,0.0404566543077991,1694012420.489159,697.1077461691893
105,0.04457021735496214,0.041130785197714737,1694012420.5093746,2738.029624256458
106,0.04423430941645845,0.03936965770031753,1694012420.5382087,215.19436888380247
107,0.03001828956453012,0.02863829990910438,1694012420.5541127,19285.921989629594
108,0.045119229092357216,0.041132982967742704,1694012420.5754511,1414.8908848394137
109,0.04449482051074727,0.03977585882956236,1694012420.602512,358.0282129441006
110,0.04481001645932492,0.04031205578472141,1694012420.6265287,608.8209468909171
111,0.04511769358364026,0.04114686843705884,1694012420.6478667,1444.5748789143
112,0.0451200942425094,0.041117518938701636,1694012420.6692467,1383.856389297277
113,0.04293853550785254,0.04000846197960406,1694012420.6905522,4638.7007556909275
114,0.044987547260444405,0.040673718166265194,1694012420.7128322,851.6956550055892
115,0.044917114036298944,0.04126347660421381,1694012420.7323143,2153.76871799914
116,0.03693251383851215,0.03490319523703456,1694012420.749031,10615.993324752893
117,0.045119457254131023,0.04108308162346197,1694012420.770238,1320.964221058035
118,0.04344266927042595,0.04039025645093974,1694012420.7890756,4110.928667952216
119,0.044743126049947124,0.040191936170546505,1694012420.8134172,543.1952290240683
120,0.044893109189695135,0.04125897473315987,1694012420.8332767,2203.164562067182
121,0.04511711416676889,0.041057244264133375,1694012420.8556244,1278.260222696046
122,0.04510942800796769,0.0410085385053125,1694012420.8772607,1205.7548832763605
123,0.0443432474468991,0.03953778669229102,1694012420.9063613,271.9058732958338
124,0.045030291526636734,0.040772976794973936,1694012420.9303966,937.8003201392348
125,0.04082843357438837,0.03829036965734778,1694012420.9485772,6710.872415101423
126,0.04458151414185341,0.04113650104002231,1694012420.9672487,2721.252787886561
127,0.04462824664918075,0.03997538263227751,1694012420.991733,445.55184814624084
128,0.04508637200643206,0.04122842450335906,1694012421.011523,1667.7246964393062
129,0.04493208037967067,0.040557404261788776,1694012421.0326617,762.5746440321892
130,0.04414985117204007,0.03924788624019093,1694012421.0607605,180.35400669315013
131,0.04511670531924117,0.04105378425471928,1694012421.080896,1272.7979169453668
132,0.04395592191039965,0.04075582525136878,1694012421.0986798,3533.993755853736
133,0.04511761138222903,0.041147460481250286,1694012421.1188786,1445.8868910542192
134,0.04511544222958763,0.041160132071901945,1694012421.1392412,1474.8523986234347
135,0.045101017953557476,0.04120734096791534,1694012421.158351,1592.3310294078378
136,0.04479709034861312,0.04028549573289286,1694012421.1796436,594.5068378990339
137,0.04468347176908727,0.04118606627038668,1694012421.1981099,2573.1298128763856
138,0.04504054876862906,0.04079882293348014,1694012421.218774,962.0726385932833
139,0.04390889537944098,0.03893245223794961,1694012421.2473137,102.09727923648364
140,0.042651533051952906,0.039784171714017935,1694012421.2643354,4929.666455920992
141,0.04511396587808858,0.041166823273666386,1694012421.2844045,1490.9384530652353
142,0.04444569850519975,0.03969737556419484,1694012421.3102825,328.4497186087956
143,0.04490043466153981,0.04126047005140354,1694012421.3302608,2188.3130037351666
144,0.04500603380632329,0.04071571861808554,1694012421.3523526,886.7354227540446
145,0.03778796874036916,0.035660497033323635,1694012421.3689914,9723.940133431775
146,0.04406787610859342,0.040830795239987894,1694012421.3896844,3400.7322185134162
147,0.04467674164943791,0.040059954089309846,1694012421.4139223,483.78364600248534
148,0.0451199882049621,0.041093709592575745,1694012421.4343011,1339.5697880068146
149,0.0451159878352152,0.04115733458436699,1694012421.4544702,1468.293437525594
150,0.04073915228556757,0.03821496931521251,1694012421.4710448,6797.235802838848
151,0.04511669601308954,0.04105369447577001,1694012421.491266,1272.6594051816257
152,0.04495732286511733,0.040608608204266594,1694012421.5128653,800.5403126174326
153,0.045108051063130206,0.04100166519741655,1694012421.5335383,1196.21677623394
154,0.04471584008115603,0.04120013887242513,1694012421.5523262,2521.1426026735635
155,0.04461568055805076,0.03995369531883308,1694012421.5764196,436.1153832444755
156,0.04278263026474827,0.03988715030829837,1694012421.5939176,4797.4232241233885
157,0.0449052782499515,0.04048963289776164,1694012421.6168008,719.7531815725112
158,0.04420516007611641,0.03932540395873385,1694012421.6463437,201.93903644651812
159,0.04506783302400563,0.04124512638832756,1694012421.6689754,1744.2998258390512
160,0.045111286944359286,0.04101841148420449,1694012421.6923208,1219.7292327900752
161,0.045117416013020106,0.041148821393810375,1694012421.716146,1448.915406973463
162,0.0447758838561636,0.041223985850534994,1694012421.739563,2420.5937898736956
163,0.044875620093838164,0.04043590464619651,1694012421.7661927,683.7001400877872
164,0.04371615555010511,0.04058864160830156,1694012421.7875853,3811.390077530615
165,0.04510590210187737,0.04099147191932084,1694012421.8137996,1182.3596614690573
166,0.044963838928939626,0.04126838090612417,1694012421.8545392,2050.5556376507734
167,0.04444309366823873,0.03969324162394805,1694012421.8919284,326.9346034535812
168,0.04474074260982008,0.040187735219443965,1694012421.9178221,541.0103652231459
169,0.043857798461887865,0.040688152484749995,1694012421.9365532,3651.0211368482896
170,0.043779883770671324,0.038760608174495115,1694012421.9684846,68.30267389389805
171,0.04511147497595924,0.041019448071093256,1694012421.9898741,1221.2174994520888
172,0.04507952565864004,0.04123552788493101,1694012422.0103822,1697.7700977426457
173,0.04496198477876823,0.040618727614643024,1694012422.0323358,808.1797266796518
174,0.04511704253298532,0.041151254142857585,1694012422.0534225,1454.3683809527058
175,0.044912111000715904,0.041262635418483296,1694012422.0736365,2164.2414567755645
176,0.04505520548840547,0.04083726419445677,1694012422.0957544,999.9664377886932
177,0.043215857397288504,0.038045025815550026,1694012422.1310906,6.995465219525886
178,0.041884261357061026,0.03916712610652662,1694012422.150929,5688.096425281725
179,0.04450693401863648,0.041097623259571336,1694012422.17054,2829.91125873958
180,0.04470880039665526,0.040131766015683135,1694012422.1956398,512.5778021639325
181,0.04511588855413651,0.04115785394447491,1694012422.218797,1469.5001691503328
182,0.04510968231704293,0.041187871257002295,1694012422.2412415,1534.5120171533597
183,0.04497925472719433,0.0406556151466293,1694012422.264189,837.0661684340324
184,0.04436675733411888,0.04101840208696994,1694012422.2840009,3022.8966381443684
185,0.045109767894654706,0.04118763127552949,1694012422.3052905,1533.8493389475411
186,0.044446393069281775,0.03969847941910443,1694012422.3331482,328.85496941771993
187,0.04510065233731686,0.04096878547791705,1694012422.354776,1152.617787850311
188,0.044747988342895395,0.040200509871747725,1694012422.3794785,547.6782158589339
189,0.04486960708166032,0.04125352810011118,1694012422.399966,2249.6237835834804
190,0.042986639569791874,0.03775871047872581,1694012422.4331155,0.0989658526229301
191,0.04511547632610924,0.04115995898567948,1694012422.453992,1474.4406360877026
192,0.04500453382786296,0.04071215140773654,1694012422.4754002,883.7136558981352
193,0.04504500653650634,0.04125770284599273,1694012422.495338,1823.504236101161
194,0.04283879186227879,0.03993100101432134,1694012422.5129921,4740.4411891053505
195,0.045103585676312896,0.04098116293031173,1694012422.533392,1168.6542920048257
196,0.04423856984118402,0.04094053713244039,1694012422.5515904,3189.571643239025
197,0.03368951063481196,0.031991281007836325,1694012422.5678957,14300.842287143585
198,0.039813027244757215,0.03742487644700854,1694012422.5849879,7696.578846536293
199,0.04486853024564552,0.040417227416865376,1694012422.6078787,672.9356153520116
200,0.045089654826063086,0.04122450996464799,1694012422.6281636,1652.3568959674874
201,0.04511935362005104,0.04108154273688425,1694012422.648819,1318.3154884766966
202,0.04506574114280182,0.04086660475125914,1694012422.6699672,1030.4139818799858
203,0.04486551481189549,0.04125248557895034,1694012422.68907,2257.54122420476
204,0.04485720922489722,0.04039808341527995,1694012422.710949,660.5308810319998
205,0.04511877347818716,0.041073669831948156,1694012422.7312171,1305.0260367525116
206,0.04304278476106871,0.03782887457068651,1694012422.7638767,1.450457742624686
207,0.044570771595284664,0.03991282480718383,1694012422.7884815,414.6491893300131
208,0.04455444927955898,0.04112269915672728,1694012422.806542,2761.2482262717986
209,0.04508054654784455,0.04089710017292558,1694012422.8269267,1067.110016759304
210,0.043736681243654485,0.04060321371234121,1694012422.8449483,3788.400678601716
211,0.04507355083453746,0.04124077562982753,1694012422.8653147,1722.1943665511917
212,0.01947179968330437,0.018799717162402474,1694012422.8814592,43479.729437970935
213,0.04511714829429625,0.041150577779371145,1694012422.903665,1452.8431632827308
214,0.04490312081238035,0.04048545771777734,1694012422.9268806,716.9375223300366
215,0.04512010724652038,0.041097626666942055,1694012422.9475179,1346.5857249419598
216,0.043546602617468566,0.038471985364436745,1694012422.9802644,31.522483908817083
217,0.04504815960006414,0.04081833235689958,1694012423.004326,981.0787800553346
218,0.04485685480036061,0.04125019382156392,1694012423.0266712,2274.1394217459215
219,0.0443347560150944,0.03952464402388578,1694012423.0577018,267.56732173185867
220,0.044635457921883503,0.03998786943629773,1694012423.0867019,451.0512988087908
221,0.045119507181725416,0.041083849034411424,1694012423.1131928,1322.2906140875555
222,0.04503764735256521,0.04079145114633842,1694012423.1395042,955.051135819558
223,0.04511318379610452,0.04116997694247748,1694012423.1678638,1498.73809620212
224,0.012187148278339888,0.011857498032529223,1694012423.1985073,84472.44516304125
225,0.044752725336070776,0.041215167877688086,1694012423.232122,2460.066928749474
226,0.04298257483955725,0.03775357417970515,1694012423.275732,0.006608366337131202
227,0.04511562900294008,0.04104551278098967,1694012423.299873,1259.9377902516658
228,0.044824476745084385,0.040338381714376204,1694012423.3254473,624.3271322441731
229,0.043744920038695456,0.040609048951929405,1694012423.344665,3779.150346774085
230,0.044832223863545906,0.04124308277314559,1694012423.3651233,2320.2639944590023
231,0.04511822329327331,0.04114281798827757,1694012423.386999,1435.721896655921
232,0.045087768232242365,0.04122680474278173,1694012423.4083073,1661.2739714592813
233,0.04498606949866446,0.040670682737130814,1694012423.431722,849.167818684186
234,0.04511093515632825,0.04101648845850758,1694012423.4533422,1216.9799786887022
235,0.04501892794985618,0.041265733532827586,1694012423.4746096,1902.0360579505234
236,0.044941795724763645,0.04057687170725366,1694012423.4989586,776.7765125996092
237,0.04298257625944335,0.037753175951335316,1694012423.534036,1.0478997562637989e-05
238,0.04511808963709163,0.041066226199104494,1694012423.5557022,1292.7340438527128
239,0.04298271176959867,0.037753160120507,1694012423.591781,2.134384450670747e-05
240,0.04400677853417412,0.040790142040335486,1694012423.612326,3473.9087519482478
241,0.04511812003799365,0.04106652033417424,1694012423.6347406,1293.216527458859
242,0.045103505118102016,0.04098080164720941,1694012423.6572716,1168.1830312722343
243,0.04488516563112732,0.04125724102973094,1694012423.677941,2219.063640887572
244,0.04486406859753633,0.040410257028899665,1694012423.701438,668.2506484547257
245,0.04511894473736333,0.04107579225930269,1694012423.7239575,1308.5789138968905
246,0.04503956714476487,0.04079622528229143,1694012423.747265,959.6160239808565
247,0.04503090573373747,0.04126269962956386,1694012423.7682567,1867.2016907835277
248,0.04457854157873997,0.039925318210161875,1694012423.7941692,419.9570338436488
249,0.044604830524739625,0.04114897713853394,1694012423.8139772,2694.172441604907
250,0.04512024293201289,0.04110868620898067,1694012423.8349757,1366.9723499220047
251,0.04245170111103114,0.039625668860931884,1694012423.8528936,5129.439425627211
252,0.04482664460439045,0.040340762625818094,1694012423.8750234,626.0412202383701
253,0.04509765783223052,0.04121313427660844,1694012423.895149,1611.4337264729324
254,0.045038100605022446,0.04079239743364449,1694012423.9164894,956.0030592317736
255,0.04474312880327602,0.04121136903934586,1694012423.935682,2476.1599140289145
256,0.045112512118602566,0.0411725100496978,1694012423.9563048,1505.1069276363232
257,0.043936993085235354,0.03896877410371369,1694012423.985958,110.19462402168566
258,0.043784806846989044,0.040637184187797715,1694012424.0040514,3734.1773574400945
259,0.029710695296931156,0.02835542346474418,1694012424.0197206,19754.540649356946
260,0.04466718805694281,0.0400606957803783,1694012424.0434368,478.03355582547283
261,0.04501031240480913,0.04072529037373651,1694012424.0649278,895.0804298187722
262,0.043296515052156814,0.03817649971830761,1694012424.0964484,11.736370619178121
263,0.04511932585449119,0.04108101537088393,1694012424.1171927,1317.4272711747485
264,0.04430819917281825,0.03948366885329424,1694012424.1443233,254.28494199416144
265,0.04308661393676083,0.03788366705735635,1694012424.1768594,2.6348353606048756
266,0.04485243968144348,0.0403891983829594,1694012424.1991467,655.043007459096
267,0.04503371315435045,0.04126183801183303,1694012424.2200434,1858.7531719364868
268,0.045075300550785125,0.04088061743823623,1694012424.241956,1048.9985570030815
269,0.04448230411433052,0.0410842371429303,1694012424.2611036,2864.7925009031824
270,0.04356309054662644,0.038491160261198476,1694012424.294364,33.44200987464852
271,0.04374369050873628,0.03871441037619605,1694012424.3252215,60.741469972928186
272,0.04510480879370227,0.040986492467403046,1694012424.346005,1175.7113669124092
273,0.043006871060747076,0.037784017397436975,1694012424.3787882,0.5668805327688246
274,0.01863632327687592,0.018009358022941235,1694012424.3937526,46552.749510008616
275,0.0378216801855179,0.03569022444562886,1694012424.4101763,9689.328874719049
276,0.04413482270061175,0.03922567213262562,1694012424.438913,174.1806739472057
277,0.04246535082603142,0.03963655060667148,1694012424.4569376,5115.855495234696
278,0.04464840367903056,0.04001034329681474,1694012424.481357,461.0764572557678
279,0.044939609486317145,0.04126655215844488,1694012424.5039043,2105.3856958490146
280,0.04484316476802208,0.040372388345455756,1694012424.5295012,644.700711416611
281,0.045119656473047276,0.041127119344005036,1694012424.5541177,1402.895269013843
282,0.04401886955100798,0.04079823839092189,1694012424.5763905,3459.5161555507057
283,0.045059841299612935,0.04125030140519981,1694012424.6014495,1773.4874784980045
284,0.04499777742351374,0.04069699546164063,1694012424.6291785,870.8338291429076
285,0.04511422024786882,0.04103587890831106,1694012424.6545823,1245.3152253792755
286,0.044457960798619967,0.03971687529347323,1694012424.6891568,335.65348516504594
287,0.04059185811509902,0.038090254166724624,1694012424.7244794,6939.778749189097
288,0.04445783015777749,0.04107069423685428,1694012424.7563045,2899.011447875663
289,0.045048986378821265,0.04125595970253548,1694012424.7809134,1810.5437570449983
290,0.04489576784633886,0.040475963324287045,1694012424.8055484,709.5195851070952
291,0.04510253201962833,0.04097665695510111,1694012424.8284774,1162.7597131014652
292,0.044731016157113834,0.041206460221742014,1694012424.8492677,2496.2646599369677
293,0.016207310732720526,0.015702931397490794,1694012424.865072,57286.47770248244
294,0.04468016949481213,0.04008242133926998,1694012424.8900325,488.4530431466096
295,0.04330826989451286,0.0402902665426903,1694012424.9093077,4254.246303928059
296,0.04499761462509044,0.04069625174361591,1694012424.9321682,870.3067790578614
297,0.02253608833826337,0.021685864237735775,1694012424.9483209,34151.88895826415
298,0.04298887560458453,0.037761162751434485,1694012424.9833722,0.1439989423486692
299,0.0450578248288398,0.04125146253775214,1694012425.0062265,1780.577950737806
300,0.04511865756321132,0.04107235047077651,1694012425.0311038,1302.8212985959958
301,0.04502380676818396,0.04075745393610086,1694012425.0546117,923.5306614626203
302,0.0444608547741967,0.04107238049496065,1694012425.0754092,2894.8054083735233
303,0.04448262627838162,0.03975628273074072,1694012425.1068242,350.50347565281385
304,0.04322076016969012,0.03805093468453247,1694012425.1439173,7.186934715059021
305,0.04305282544459321,0.03784158789076253,1694012425.1804347,1.7141386895229485
306,0.044769792784131734,0.04023930913839513,1694012425.20743,568.3282806535949
307,0.04512007343043867,0.04109622127111856,1694012425.2311797,1344.0663579937739
308,0.04344069872989054,0.03834621474564037,1694012425.2681637,21.160991968657928
309,0.04299664490579469,0.037770906248359215,1694012425.3045216,0.3223138456443326
310,0.04258699663305887,0.03973317661391129,1694012425.3236,4994.405604958974
311,0.04511484478817862,0.04104001242333588,1694012425.345202,1251.5440832171748
312,0.044977815464333326,0.04065261441929968,1694012425.3672798,834.6425228908911
313,0.04498652772910061,0.04126977054534997,1694012425.3878634,1988.402893115934
314,0.044248091206186446,0.03939064210726828,1694012425.4164813,221.61140734426533
315,0.043149613858064484,0.03796214896726213,1694012425.449628,4.571284394665324
316,0.04430255127629801,0.04097996060014519,1694012425.4685638,3107.384184284223
317,0.04363330543907962,0.038576393042440094,1694012425.5008886,43.07573888907493
318,0.036130701017492606,0.03418874269857075,1694012425.5174649,11478.759499362714
319,0.043841813092155624,0.03883758392960879,1694012425.5485063,83.20744394411001
320,0.04511847403207636,0.04107025570689182,1694012425.5696025,1299.353171857317
321,0.044743595212894394,0.04019313052973106,1694012425.5933347,543.7603545181443
322,0.04510890164340109,0.041005867522599715,1694012425.6140862,1202.0312774287174
323,0.044939158722065886,0.04126650267370957,1694012425.6335866,2106.377470755229
324,0.04298361916557125,0.03775463530476175,1694012425.6666157,0.02602076768034508
325,0.0449838485749513,0.040665865901924114,1694012425.6884036,845.2477458587276
326,0.025193640558499153,0.024172419291254688,1694012425.7037327,27882.963190336235
327,0.04509317449351524,0.04121986545861689,1694012425.7241006,1635.0366005644855
328,0.04150568111273789,0.03885693578494098,1694012425.7428396,6055.277736894048
329,0.04486284621723269,0.04040618390319639,1694012425.7664595,666.0720781204561
330,0.04302016636533923,0.03780040242058624,1694012425.80143,0.8816145072902658
331,0.04444507641846873,0.03969638881349935,1694012425.8301914,328.0876634726258
332,0.04407880329603908,0.04083799593946724,1694012425.8505976,3387.52290290082
333,0.04511292856211235,0.04102782295715157,1694012425.873615,1233.375974116898
334,0.04480360204234257,0.041233831268412624,1694012425.895044,2372.055625298955
335,0.04503522345372213,0.04078531879285574,1694012425.9196377,949.2741437654711
336,0.045063207909901926,0.04124823827775925,1694012425.943525,1761.4123618339265
337,0.044639212348486446,0.039994346682687754,1694012425.9722524,453.92823066307386
338,0.044052482667169435,0.03910473663288694,1694012426.0066767,142.17400650976674
339,0.043758655063619756,0.04061875904971368,1694012426.030219,3763.6996051143997
340,0.043309647959019815,0.038190757730222735,1694012426.0675704,12.403112075814235
341,0.04490766815387137,0.040496277715069695,1694012426.105023,723.810552272678
342,0.04511966769542963,0.04108671926345986,1694012426.1280408,1327.2549381529411
343,0.04508805277659256,0.040921942764965524,1694012426.153127,1095.4357243766028
344,0.04014866023857944,0.037712763235185465,1694012426.1719265,7369.601865238273
345,0.04505700853978034,0.0412519171878164,1694012426.1929262,1783.4208243915896
346,0.044707576154146444,0.04119662019058945,1694012426.21341,2534.5503693256815
347,0.04478095223679246,0.04025732040746488,1694012426.2362506,578.7003460462141
348,0.032013579918069746,0.03046571442589041,1694012426.2525856,16449.609362774343
349,0.045110526799023165,0.04101427726510676,1694012426.2741766,1213.8384146186302
350,0.04422700996337681,0.03935854206810241,1694012426.3028502,211.8301280457878
351,0.044968280819805306,0.04063215881736448,1694012426.324775,818.5340402260177
352,0.04327252949261717,0.04026343612243177,1694012426.3430023,4291.99781351187
353,0.04484089651323753,0.04124568219918012,1694012426.3626146,2304.1982136125653
354,0.015437032294257969,0.014968961457685115,1694012426.377317,61396.1013788092
355,0.044622457049097286,0.03996539124645304,1694012426.4021974,441.18487643089054
356,0.0451155069580127,0.04115981384671086,1694012426.4233313,1474.1037596351655
357,0.04501449817179115,0.04073530734750752,1694012426.445368,903.7718232973458
358,0.04457817191756941,0.04113481684523046,1694012426.4645455,2726.228977782646
359,0.04442174183555336,0.03965944640881347,1694012426.4918866,314.7054700079274
360,0.04511613192406849,0.04115655305724375,1694012426.5146697,1466.473746942012
361,0.04482379803530079,0.040337511012451754,1694012426.540198,623.5494308868183
362,0.042198931557273056,0.039422823834715404,1694012426.5589254,5379.606591363407
363,0.04499638374923143,0.04126909238139409,1694012426.579898,1963.166282189115
364,0.0431137178428912,0.037917622938847484,1694012426.6168177,3.434701715479008
365,0.043814041315551,0.038800868462646076,1694012426.6513383,76.16458543504746
366,0.04401823579434705,0.039079427735239536,1694012426.6814857,136.3934769389834
367,0.045053472890336566,0.04083263401248116,1694012426.7036908,995.2744186775979
368,0.04405368636066187,0.04082141215147117,1694012426.7228324,3417.8289057851
369,0.045119251757079426,0.04107996359932187,1694012426.7442076,1315.6295580027852
370,0.0447290975882052,0.04016773289216824,1694012426.7708447,530.6336519638855
371,0.03683188277821092,0.03481376057048691,1694012426.79123,10722.78217605657
372,0.04511619284414514,0.041049734868554344,1694012426.8161569,1266.4635975506023
373,0.04364917044628347,0.03859568971516025,1694012426.8527205,43.14755195613929
374,0.0449578851355561,0.04126809095030659,1694012426.8770032,2064.3207619727696
375,0.04498345688320027,0.04066491163977848,1694012426.905137,844.5007926492893
376,0.044501151733869704,0.039786048648935424,1694012426.9411476,361.984489113439
377,0.010856536666251082,0.010576273713760909,1694012426.9781702,97921.93112994867
378,0.04512015690676374,0.041115266928363425,1694012427.0137925,1379.5022751232677
379,0.04435511881063359,0.04101152366153704,1694012427.036667,3038.3734427884033
380,0.04303553776991742,0.03781982707833498,1694012427.072789,1.2663216757801128
381,0.04501529711712671,0.041266466558447346,1694012427.0950198,1912.2433434193129
382,0.04309165809402149,0.03789002221518101,1694012427.1311054,2.7803701366582168
383,0.044904279938775216,0.040488774458740995,1694012427.1554418,718.9265559347333
384,0.04510560209571046,0.04099009903898032,1694012427.1781588,1180.5172990554697
385,0.04477722809706974,0.0412244817623989,1694012427.199589,2418.273544620471
386,0.04298266259088379,0.03775328368990094,1694012427.2351284,0.0019334533723049034
387,0.04257169980375075,0.03972106162906919,1694012427.255691,5009.718112096218
388,0.04298553559097862,0.037756651952087106,1694012427.29245,0.0634045295882186
389,0.044758954780220406,0.040219189690851476,1694012427.319063,557.6818231902965
390,0.045117133353930416,0.04115068119486143,1694012427.3422394,1453.0796627319758
391,0.04429483170513748,0.03946311660012236,1694012427.3733625,247.76035973130735
392,0.04500671418311997,0.040716941988468314,1694012427.3978813,887.8748394002369
393,0.038874599104401164,0.036612180338045586,1694012427.4176004,8621.515863279561
394,0.04380315596350526,0.040650061464917564,1694012427.4376874,3713.380060554782
395,0.02989005906555453,0.028520409469189878,1694012427.4552996,19480.18104764732
396,0.042995997369628336,0.03777033319033185,1694012427.4909987,0.31145353140760174
397,0.04506677169591544,0.04124587066945584,1694012427.5154343,1748.2834714754986
398,0.027413915872007588,0.0262344414284027,1694012427.5330827,23567.86426542328
399,0.04507560518409859,0.04088161380764477,1694012427.5552785,1050.0632705789258
