trial,score,test_score,time,alpha
0,0,0,1694010968.2123291,0
0,0.6553642600975023,0.6535404202491867,1694010968.2993565,1
1,0.6552370740879633,0.653309625402173,1694010968.3795414,0.1479858008262408
2,0.6553686968187652,0.6534776873412942,1694010968.4596055,159.67794487583626
3,0.6282013848908513,0.6320331371501312,1694010968.481559,1.0026370484058337e-05
4,0.6552472151651358,0.6540486046908316,1694010968.5397959,0.010551779964424744
5,0.6468928690269319,0.6512199730851881,1694010968.5753236,0.0002934667538425119
6,0.6402327165938657,0.6468704036771635,1694010968.6053658,8.38273906282216e-05
7,0.6512905048883161,0.6536287970289695,1694010968.6455853,0.0007287895114844968
8,0.6551153811618927,0.6535395582702995,1694010968.7204373,0.028550076115684796
9,0.6551033386327505,0.6532878364914164,1694010968.7980366,0.09282709131819131
10,0.6553691193636474,0.6534783577693174,1694010968.883565,486.72244347089753
11,0.6553693306360885,0.6534783098816014,1694010968.967997,576.8136535584641
12,0.6553693306360885,0.6534783817131753,1694010969.0529232,11566.238180548147
13,0.6553693306360885,0.6534783817131753,1694010969.1380358,75259.58476855517
14,0.6553693306360885,0.6534783577693173,1694010969.2237465,55518.80073525649
15,0.6553961622361075,0.6535608204161807,1694010969.3381023,101.10565324169033
16,0.6553543302927707,0.6534812789199902,1694010969.4251451,14.814303390232327
17,0.6553598233762392,0.6534823324497411,1694010969.5121965,20.652746544428613
18,0.6553693306360885,0.6534784296008913,1694010969.5980327,3402.2244123775527
19,0.6553526401132421,0.6534840564075153,1694010969.6848266,12.702869709424053
20,0.6553693306360885,0.6534782619938855,1694010969.7710977,601.2361111250317
21,0.6553450343053626,0.6534683731805422,1694010969.8559124,6762.235033375807
22,0.6553693306360885,0.6534784296008913,1694010969.9422767,7188.747595838552
23,0.6553695419085296,0.653478788758761,1694010970.0288444,326.6863078677369
24,0.6553686968187652,0.6534775197342884,1694010970.115023,97.76209936288295
25,0.6553693306360885,0.6534782859377435,1694010970.1999648,747.4669024144408
26,0.655343766670716,0.6535034269886164,1694010970.2861295,2.56232519828437
27,0.6553691193636474,0.6534768971939809,1694010970.3712325,75.9484686004857
28,0.6553693306360885,0.6534782380500276,1694010970.4559262,1534.3930533428056
29,0.6553382735872475,0.6535165482227863,1694010970.5431435,1.7596123458813657
30,0.6554096836723375,0.6535658965140712,1694010970.649465,229.94927906993055
31,0.6553452455778037,0.6534662900648984,1694010970.734234,208.964111385911
32,0.6553640488250612,0.6534778549482999,1694010970.8220036,29.0238287303907
33,0.6553693306360885,0.6534782380500276,1694010970.9083495,1430.3828784944585
34,0.6553680630014419,0.6534781662184537,1694010970.9956634,228.8882945765352
35,0.655368274273883,0.6534758436642302,1694010971.082236,62.70200696424841
36,0.6553558091998584,0.6534864986810287,1694010971.1691246,7.5382830129847695
37,0.6553695419085296,0.6534786211517551,1694010971.2538526,305.9318882625403
38,0.6553196816124311,0.6535121425529191,1694010971.341066,0.7215568473864241
39,0.6553676404565597,0.6534761549343837,1694010971.4278286,58.21772762578028
40,0.6553579219242694,0.6534942325471543,1694010971.5152228,4.599187700765082
41,0.6553695419085296,0.6534784056570333,1694010971.6024246,352.9751185441376
42,0.6553695419085296,0.653478788758761,1694010971.6892817,324.06369462124854
43,0.6553693306360885,0.6534783098816015,1694010971.7749183,2427.5215427531
44,0.6553684855463241,0.6534780943868796,1694010971.8595188,176.05809673474965
45,0.6553686968187652,0.653476849306265,1694010971.9458766,70.88799261753253
46,0.6553642600975023,0.6534780225553057,1694010972.0329516,30.341943423204903
47,0.6553693306360885,0.6534783098816015,1694010972.1194499,1018.4871318826217
48,0.6553441892155982,0.6534688041699858,1694010972.2044296,356.43733264227194
49,0.6553693306360885,0.6534783817131753,1694010972.2901688,12384.149133300756
50,0.6553686968187652,0.6534776633974362,1694010972.3743367,155.0575061536213
51,0.6553695419085296,0.6534784056570333,1694010972.4594822,356.3266346581613
52,0.6553691193636474,0.6534783577693173,1694010972.5448723,557.7519204515083
53,0.6553803168030253,0.6535628795879664,1694010972.6475167,2905.574302940777
54,0.6554014440471349,0.6535693444296196,1694010972.7572615,4249.855802724117
55,0.6553693306360885,0.6534784296008913,1694010972.83786,3123.036311595594
56,0.6553452455778037,0.6534687083945537,1694010972.9161615,19060.19217023277
57,0.6553693306360885,0.6534784296008913,1694010972.9957495,4650.853578401355
58,0.6553048925415546,0.6534813028638482,1694010973.076513,1387.0607807598162
59,0.6553693306360885,0.6534783817131753,1694010973.1571038,50008.564607120206
60,0.6553543302927708,0.6534842240145211,1694010973.2357717,2417.488409633902
61,0.65537926044082,0.6535676923034192,1694010973.3356671,712.3556020973343
62,0.6553674291841186,0.6534818296287237,1694010973.5018172,849.9243700181357
63,0.6554025004093404,0.6535641007247232,1694010973.7188516,19005.12980250213
64,0.6553693306360885,0.6534783817131753,1694010973.8253977,26131.893311830187
65,0.6553541190203297,0.6534840324636573,1694010973.9035091,7232.117739355773
66,0.6553541190203297,0.6534841042952312,1694010973.9813411,90085.78881854787
67,0.6553693306360885,0.6534784296008913,1694010974.0603454,4556.958022895771
68,0.6553693306360885,0.6534784296008913,1694010974.150316,8357.004889058186
69,0.6553674291841186,0.6534820930111613,1694010974.2490962,19314.154597556902
70,0.6553693306360885,0.6534782380500276,1694010974.3425567,1777.877302474453
71,0.6553693306360885,0.6534783098816015,1694010974.4394069,988.9389348396194
72,0.6553866549762581,0.6535673810332656,1694010974.5660858,2854.5502061144234
73,0.6553693306360885,0.6534784296008913,1694010974.6633606,4199.0319820330615
74,0.6553693306360885,0.6534781662184536,1694010974.7570095,709.7131116981617
75,0.6553693306360885,0.6534782380500275,1694010974.8516984,2125.908469573112
76,0.655368274273883,0.6534779746675898,1694010974.9413526,134.42683129749952
77,0.6553693306360885,0.6534783817131753,1694010975.033116,12463.930138241205
78,0.6553545415652119,0.6534841282390892,1694010975.1296425,4623.746518930479
79,0.6553693306360885,0.6534783817131753,1694010975.2237294,37792.106177730326
80,0.6553693306360885,0.6534782619938855,1694010975.3144605,1199.182807899656
81,0.6553691193636474,0.6534783577693174,1694010975.4173102,471.53397601057077
82,0.6553680630014419,0.6534781422745957,1694010975.5203326,210.85038247944493
83,0.6553695419085296,0.6534776873412941,1694010975.6309488,112.88327838707295
84,0.6553167237982558,0.6534809915936945,1694010975.7269027,37.893123109866515
85,0.6553693306360885,0.6534782380500275,1694010975.8485596,1998.303657923014
86,0.6553691193636474,0.6534783098816014,1694010975.968389,566.1257831818733
87,0.6553678517290008,0.6534781422745957,1694010976.0774775,249.92557716234643
88,0.6553693306360885,0.6534774479027143,1694010976.1693075,100.60737447371496
89,0.6553693306360885,0.6534783817131753,1694010976.2692542,9930.30530429579
90,0.6553693306360885,0.6534785014324652,1694010976.382387,2939.9814667564715
91,0.6553693306360885,0.6534783338254594,1694010976.486401,432.61351804143595
92,0.6553695419085296,0.653478788758761,1694010976.5862904,324.8839978648188
93,0.6553693306360885,0.6534783098816015,1694010976.6859798,950.0459519229114
94,0.6553680630014419,0.6534781183307377,1694010976.7777762,204.23097493667387
95,0.6553672179116775,0.6534769929694129,1694010976.8797364,42.34373608983013
96,0.6553693306360885,0.6534782380500276,1694010976.9787188,1402.6134028454119
97,0.6553539077478887,0.6534831225970543,1694010977.0755625,18.29554710224204
98,0.6553689080912063,0.653476849306265,1694010977.1724932,71.5294337962123
99,0.6554005989573706,0.6535714993768371,1694010977.2883494,5731.024025944299
100,0.6553693306360885,0.6534784296008913,1694010977.3790066,5571.464864021913
101,0.6553691193636474,0.6534783098816014,1694010977.5063496,565.1657674152159
102,0.6553693306360885,0.6534784296008913,1694010977.6250396,3201.00816863871
103,0.6553693306360885,0.6534782380500276,1694010977.706514,1793.4089256968505
104,0.6553693306360885,0.6534783338254595,1694010977.7906027,786.4322606393026
105,0.6553693306360885,0.6534783817131753,1694010977.8736563,13138.681805376862
106,0.6553689080912063,0.6534776394535782,1694010977.956229,154.42389390242465
107,0.6553693306360885,0.6534784296008913,1694010978.045618,7247.427857902945
108,0.6553693306360885,0.6534785014324652,1694010978.1480973,3008.6186869139897
109,0.6553693306360885,0.6534782619938855,1694010978.326221,1229.1885102309382
110,0.6553693306360885,0.6534786211517551,1694010978.438723,298.98989516358785
111,0.6553695419085296,0.6534784774886073,1694010978.5774796,387.0856295703814
112,0.6553693306360885,0.6534783098816015,1694010978.6644835,868.4438492188066
113,0.6553566542896229,0.6534885099650984,1694010978.749807,104.97775729431402
114,0.6553824295274364,0.6535640767808651,1694010978.857953,290.32498545510276
115,0.6553693306360885,0.6534784296008913,1694010979.0097375,4632.943237670888
116,0.6553541190203297,0.6534842240145211,1694010979.0935478,20848.17977967014
117,0.6553680630014419,0.6534781183307377,1694010979.18056,250.4255408757471
118,0.6553881338833459,0.6535597668864298,1694010979.2871444,2112.485403327356
119,0.6553551753825351,0.653484439509243,1694010979.3727787,34800.002170688764
120,0.6553693306360885,0.6534782380500275,1694010979.4590087,2256.128309498468
121,0.6553691193636474,0.6534783817131753,1694010979.5452356,522.5556729533479
122,0.6553693306360885,0.6534784296008913,1694010979.6311483,7623.515724116982
123,0.6553693306360885,0.6534782380500276,1694010979.7170086,1376.6447506348
124,0.6553555979274174,0.6534843676776689,1694010979.800592,765.4722093119182
125,0.6553693306360885,0.6534783817131753,1694010979.8864045,15014.737147851376
126,0.6553680630014419,0.6534776873412942,1694010979.9732158,145.3032458590854
127,0.6553676404565597,0.6534761549343838,1694010980.060821,58.721885471343526
128,0.6553693306360885,0.6534784296008913,1694010980.1473844,3988.506361302357
129,0.6553693306360885,0.6534782380500276,1694010980.234959,1855.4116591347108
130,0.6553995425951651,0.6535696796436311,1694010980.3438225,9693.190996229603
131,0.6553693306360885,0.6534783817131753,1694010980.431297,10536.62168441751
132,0.6553564430171817,0.6534842000706631,1694010980.5158577,3001.640839441149
133,0.6553452455778037,0.6534687083945537,1694010980.6017606,27607.0131098665
134,0.6553674291841186,0.653482476112889,1694010980.686235,6517.808454076689
135,0.6553695419085296,0.6534784056570333,1694010980.7715676,361.4703274754026
136,0.6553693306360885,0.6534783577693173,1694010980.8568056,67318.35715181148
137,0.6553693306360885,0.6534782619938855,1694010980.9410746,1154.2419532134495
138,0.6553693306360885,0.6534783817131753,1694010981.0279403,15910.345954455635
139,0.655377147716409,0.6535655852439175,1694010981.1361468,551.9498476620623
140,0.6553693306360885,0.6534782619938855,1694010981.2223449,642.717206369046
141,0.6553570768345051,0.6534839127443675,1694010981.3052921,187.4456223730782
142,0.6553693306360885,0.6534783577693174,1694010981.391105,442.89857603570783
143,0.6553830633447597,0.6535631429704041,1694010981.5002959,2319.711490553634
144,0.6553693306360885,0.6534782380500275,1694010981.585293,2137.7901956320025
145,0.6553693306360885,0.6534785253763232,1694010981.671145,6020.04620232306
146,0.6553693306360885,0.6534784296008913,1694010981.7590547,3672.447804298359
147,0.6553693306360885,0.6534782380500276,1694010981.8463163,1430.7252268077962
148,0.6553450343053626,0.6534683252928262,1694010981.9278386,8376.777432687844
149,0.6553558091998585,0.6534846071162487,1694010982.0043871,850.514421114336
150,0.6553693306360885,0.6534782380500275,1694010982.088645,2133.5388317554575
151,0.6553680630014419,0.6534780943868796,1694010982.1746428,238.37058869603806
152,0.6553693306360885,0.6534774479027143,1694010982.260707,101.42837388133907
153,0.6553695419085296,0.653478788758761,1694010982.346245,333.14462664952026
154,0.6553551753825352,0.6534847028916806,1694010982.4324825,550.0702345547066
155,0.6553693306360885,0.6534784296008913,1694010982.5240765,4903.150729134924
156,0.6553693306360885,0.6534782619938855,1694010982.6106718,1130.161688323778
157,0.6553674291841186,0.6534820930111613,1694010982.6938481,11544.583387392304
158,0.6554005989573705,0.6535646753773146,1694010982.7985435,2673.839174037016
159,0.6553693306360885,0.6534785014324652,1694010982.8856752,2991.792661989934
160,0.6553693306360885,0.6534783817131753,1694010982.9728534,37518.30428677413
161,0.6553693306360885,0.6534782380500276,1694010983.0610225,1734.9716220196997
162,0.655377147716409,0.6535658486263551,1694010983.168549,710.6617096493464
163,0.6553553866549763,0.6534847268355385,1694010983.2516713,717.3179885138577
164,0.6553693306360885,0.6534784296008913,1694010983.3367834,4972.957145623305
165,0.6553894015179925,0.6535696556997732,1694010983.4519904,2423.709811584786
166,0.6553693306360885,0.6534785014324652,1694010983.5367882,2779.457188085326
167,0.6553693306360885,0.6534783817131753,1694010983.6218967,8859.02129580168
168,0.6553693306360885,0.6534783817131753,1694010983.7081318,22021.177521038964
169,0.6553693306360885,0.6534782619938855,1694010983.7931714,1193.8113325971663
170,0.6553693306360885,0.6534784296008913,1694010983.878907,4686.747543554756
171,0.6553693306360885,0.6534782380500276,1694010983.966979,1745.841291590058
172,0.6553693306360885,0.6534783338254595,1694010984.0551224,826.3245002978653
173,0.6553716546329404,0.6534822606181672,1694010984.1410806,218.4446723513047
174,0.6553680630014419,0.6534781422745957,1694010984.220622,209.24210919778287
175,0.6553693306360885,0.6534785014324652,1694010984.3009882,3040.994382330437
176,0.6553691193636474,0.6534783577693174,1694010984.3821251,482.5157928822375
177,0.6553653164597077,0.6534798422885117,1694010984.464067,24.24630083171599
178,0.6553689080912063,0.6534776633974362,1694010984.5480423,154.43809623224038
179,0.6553693306360885,0.6534784296008913,1694010984.6409404,6353.176124087395
180,0.6553693306360885,0.6534782859377435,1694010984.7696507,1109.1895452873916
181,0.6553695419085296,0.6534786450956132,1694010984.9120288,315.27065342492676
182,0.6554031342266636,0.6535606767530329,1694010985.030147,88.63047945550038
183,0.6553566542896229,0.6534885099650984,1694010985.1161683,106.39665889268164
184,0.6553667953667954,0.6534766098676853,1694010985.2043426,46.313315367529704
185,0.6553686968187652,0.6534769211378391,1694010985.2920282,69.14350672386158
186,0.6553674291841186,0.653481566246286,1694010985.3806868,2380.448688165123
187,0.6553689080912063,0.6534776873412942,1694010985.4670434,147.02214107526348
188,0.6553693306360885,0.6534782859377435,1694010985.5524783,576.8251890478184
189,0.655356865562064,0.6534902099790146,1694010985.638934,6.89501875767077
190,0.6553693306360885,0.6534783817131753,1694010985.7254393,11188.84143582953
191,0.6553693306360885,0.6534786211517551,1694010985.8128462,292.77127529273497
192,0.6553680630014419,0.6534781183307377,1694010985.899105,246.44569445586683
193,0.6553549641100941,0.6534849183864023,1694010985.9805586,474.5515177615624
194,0.6553769364439679,0.6535657767947813,1694010986.0859337,1422.7789604192806
195,0.6553693306360885,0.6534782380500276,1694010986.1717198,1789.783180131546
196,0.6553435553982749,0.6534775436781464,1694010986.2581723,12.783749080299735
197,0.6553693306360885,0.6534784296008913,1694010986.3447473,3278.3255033891037
198,0.6554001764124883,0.6535650584790421,1694010986.451386,1042.565340526325
199,0.6553693306360885,0.6534782380500276,1694010986.5382042,1361.3568057656867
200,0.6553693306360885,0.6534783338254595,1694010986.6268458,833.0673491713303
201,0.6553693306360885,0.6534784296008913,1694010986.7150352,3768.245821260008
202,0.6553693306360885,0.6534782380500276,1694010986.8047721,1726.7825794808457
203,0.6553693306360885,0.6534783098816015,1694010986.8943017,990.6035659524508
204,0.6554018665920172,0.6535711641628255,1694010987.0134017,5885.430698626208
205,0.6553693306360885,0.6534784296008913,1694010987.1028953,6084.2385647196315
206,0.6553733448124693,0.6535451611330655,1694010987.2049086,18385.7956683409
207,0.6553801055305843,0.6535655852439175,1694010987.314366,19164.579450332585
208,0.6553798942581432,0.6535627838125345,1694010987.4252996,8980.479525031626
209,0.6553541190203297,0.6534840803513733,1694010987.5133445,13281.328744258832
210,0.655401655319576,0.6535705895102342,1694010987.6353853,7563.574877001526
211,0.6553545415652119,0.6534840085197994,1694010987.7231958,8168.970083733226
212,0.6553693306360885,0.6534783817131753,1694010987.8168218,24601.47516223264
213,0.6553693306360885,0.6534783577693173,1694010987.9090476,45887.245201913276
214,0.655406092040839,0.653571690927701,1694010988.042766,8908.601424804408
215,0.6553693306360885,0.6534783817131753,1694010988.1473122,9751.263747840569
216,0.6553693306360885,0.6534783817131753,1694010988.2400439,16340.187405967552
217,0.6553693306360885,0.6534784296008913,1694010988.329638,4821.729731108833
218,0.6553693306360885,0.6534784296008913,1694010988.4171586,7688.948207414044
219,0.6553693306360885,0.6534784296008913,1694010988.5016556,4645.997146282491
220,0.6553803168030254,0.6535626401493867,1694010988.606083,28880.591295284044
221,0.6554092611274553,0.6535649627036102,1694010988.7085822,26093.330802864723
222,0.6553853873416117,0.6535618739459315,1694010988.8135087,60206.56321474903
223,0.6553813731652309,0.6535633584651259,1694010988.9182255,86436.8316331096
224,0.6553760913542035,0.6535654176369117,1694010989.0224812,83594.9815806532
225,0.6553693306360885,0.6534783577693173,1694010989.1098356,70841.69620897535
226,0.6553693306360885,0.6534783577693173,1694010989.2010887,60767.02144331265
227,0.6553693306360885,0.6534783817131753,1694010989.2886927,40080.017070371956
228,0.6553693306360885,0.6534783817131753,1694010989.375549,26488.13577539849
229,0.6553813731652309,0.6535634781844158,1694010989.5142357,36038.56837044337
230,0.6553693306360885,0.6534783817131753,1694010989.6238942,37753.6415836879
231,0.6553693306360885,0.6534783817131753,1694010989.740682,27610.87869669562
232,0.6553693306360885,0.6534783577693173,1694010989.8353734,92342.04227517155
233,0.6553693306360885,0.6534783577693173,1694010989.9733915,45781.44042028486
234,0.6553693306360885,0.6534783817131753,1694010990.1661134,18176.419075259524
235,0.6553693306360885,0.6534784296008913,1694010990.3538287,29031.440823625213
236,0.6553693306360885,0.6534784296008913,1694010990.4856455,14821.550697306415
237,0.6553452455778037,0.6534687083945537,1694010990.569352,57242.64874480088
238,0.6553809506203487,0.6535632148019781,1694010990.6698966,21297.648576435764
239,0.6553693306360885,0.6534783817131753,1694010990.7507021,95162.26906348695
240,0.6553693306360885,0.6534783577693173,1694010990.8307946,47329.05016879374
241,0.6553693306360885,0.6534783817131753,1694010990.9110599,20318.14813425095
242,0.6553693306360885,0.6534783817131753,1694010990.9948578,12714.769116946754
243,0.6553693306360885,0.6534783817131753,1694010991.0772731,29241.54373208682
244,0.6553693306360885,0.6534784296008913,1694010991.162862,6280.691596675378
245,0.6553693306360885,0.6534784296008913,1694010991.2474208,3378.2230915012674
246,0.6553693306360885,0.6534784296008913,1694010991.3292444,13262.64311274172
247,0.6553693306360885,0.6534783817131753,1694010991.4126837,21833.123351188122
248,0.6553693306360885,0.6534783577693173,1694010991.4971201,51937.234878674346
249,0.6553543302927708,0.6534842000706631,1694010991.5829787,2283.9835155761143
250,0.6553693306360885,0.6534784296008913,1694010991.6704853,7549.359583720835
251,0.6553693306360885,0.6534784296008913,1694010991.7589557,4544.051684296136
252,0.6553674291841186,0.6534820930111613,1694010991.84688,12082.81542337795
253,0.6553693306360885,0.6534785014324652,1694010991.936062,2965.1632493953584
254,0.6553644713699434,0.6534776633974361,1694010992.0244765,35.011253651343836
255,0.6553693306360885,0.6534783817131753,1694010992.1103313,34312.855396390885
256,0.6553733448124693,0.6535451611330655,1694010992.2019956,21239.728693410812
257,0.6553530626581242,0.6534952860769052,1694010992.2887237,3.142573258978349
258,0.6553693306360885,0.6534784296008913,1694010992.3745527,6208.69338819203
259,0.6553693306360885,0.6534783817131753,1694010992.4589417,10576.749002344108
260,0.6553735560849103,0.6535449695822018,1694010992.5503137,2398.2214569428124
261,0.6553693306360885,0.6534784296008913,1694010992.6340656,4098.676581470463
262,0.6553044699966724,0.6534813986392801,1694010992.7184541,34652.32784474763
263,0.6553693306360885,0.6534783577693173,1694010992.8009284,62413.15269837026
264,0.6475727437423744,0.6515768084005781,1694010992.8409111,0.0003353080176909373
265,0.6550879157445505,0.6535618978897895,1694010992.9164193,0.027194156256912173
266,0.6553693306360885,0.6534784535447493,1694010992.997918,18177.04998428285
267,0.6553693306360885,0.6534783817131753,1694010993.079751,9033.18560208012
268,0.6552381304501687,0.6534277643974179,1694010993.165793,0.28482472819782306
269,0.6553693306360885,0.6534784296008913,1694010993.249643,3285.7254542821015
270,0.6553547528376531,0.6534806563796829,1694010993.333268,17.947875766647602
271,0.6546856530167064,0.6548396139828683,1694010993.3854187,0.0022230253896574313
272,0.6553676404565597,0.6534762267659577,1694010993.4693656,53.94148261374455
273,0.6553693306360885,0.6534776155097202,1694010993.5543058,102.24132896425195
274,0.6553693306360885,0.6534784296008913,1694010993.639076,5027.209407163493
275,0.6553693306360885,0.6534783817131753,1694010993.7226756,97021.61268442741
276,0.6553693306360885,0.6534783817131753,1694010993.807113,16503.201835301337
277,0.6553693306360885,0.6534785014324652,1694010993.893517,2423.7641782413434
278,0.6553693306360885,0.6534784296008913,1694010993.979279,6955.44293748355
279,0.6553674291841186,0.6534820930111613,1694010994.0677714,33101.8627547795
280,0.6553693306360885,0.6534783577693173,1694010994.1572635,54922.374181384046
281,0.6554001764124883,0.6535645317141666,1694010994.2670224,10689.274622598878
282,0.6553336255935435,0.6535182242928446,1694010994.3584535,1.811101385653583
283,0.6553541190203297,0.6534840324636573,1694010994.4445317,9908.489691798179
284,0.6553881338833458,0.6535676683595613,1694010994.568646,1736.20908158999
285,0.6553693306360885,0.6534782380500276,1694010994.6593099,1763.9123597566286
286,0.6553693306360885,0.6534784296008913,1694010994.7510793,4527.140233435119
287,0.6553674291841186,0.6534815423024279,1694010994.8415203,6686.0509275300155
288,0.6553693306360885,0.6534782380500276,1694010994.932068,1808.9316144569532
289,0.6554003876849295,0.653569703587489,1694010995.0557513,14351.220809974679
290,0.6553686968187652,0.6534769929694129,1694010995.1479394,73.17759111365636
291,0.6553412314014229,0.6535207144540738,1694010995.2430782,0.9638740659335425
292,0.6553693306360885,0.6534783817131753,1694010995.335665,11665.726907804315
293,0.6553693306360885,0.6534785014324652,1694010995.4275253,2823.422228054648
294,0.6553693306360885,0.6534784296008913,1694010995.520224,4286.447302654094
295,0.6553881338833459,0.6535669739876799,1694010995.643769,12798.470876572112
296,0.6553642600975023,0.6534780943868798,1694010995.736239,30.069499494505326
297,0.6553693306360885,0.6534784296008913,1694010995.8275433,8007.682844499368
298,0.6553693306360885,0.6534782619938855,1694010995.9165792,1309.8661574136509
299,0.6553693306360885,0.6534784296008913,1694010996.0059235,6171.192420348622
300,0.6553693306360885,0.6534783817131753,1694010996.0949023,12656.42800359883
301,0.6553811618927898,0.6535633345212679,1694010996.2026024,3370.975485881136
302,0.6553695419085296,0.6534778549482999,1694010996.2888882,122.37425845397773
303,0.6553693306360885,0.6534782380500275,1694010996.377434,2143.793789822982
304,0.6553545415652119,0.6534844395092428,1694010996.4625978,14967.37343033637
305,0.6552985543683219,0.653463009756356,1694010996.5546267,0.5461709086022153
306,0.6553693306360885,0.6534782619938855,1694010996.6446762,1277.3813422806836
307,0.6553693306360885,0.6534784296008913,1694010996.7346761,5695.139770494488
308,0.6553439779431571,0.653466529503478,1694010996.8223183,173.74892275283023
309,0.637039756191603,0.6428764723916303,1694010996.852148,3.207237049966426e-05
310,0.6553693306360885,0.6534783817131753,1694010996.941824,9689.679808036744
311,0.6553822182549952,0.6535635021282737,1694010997.0511465,3656.4634902761804
312,0.6553693306360885,0.6534784296008913,1694010997.14213,3389.626913695895
313,0.6553452455778037,0.6534682774051103,1694010997.2307034,2561.973837766144
314,0.6553693306360885,0.6534783098816015,1694010997.320983,956.6636174541405
315,0.6553811618927898,0.6535630471949723,1694010997.4292023,5310.0159946648755
316,0.6553693306360885,0.6534782380500276,1694010997.5203454,1803.0363476031862
317,0.6553691193636474,0.6534768971939809,1694010997.6115487,76.08820929135108
318,0.6553693306360885,0.6534784296008913,1694010997.7011247,8721.067117474462
319,0.6553693306360885,0.6534784296008913,1694010997.7891989,4386.945487405735
320,0.6553524288408009,0.6534826437198948,1694010997.878782,13.533332743716475
321,0.6553693306360885,0.6534785014324652,1694010997.966339,2865.484759042016
322,0.6554014440471349,0.6535671415946859,1694010998.0808666,387.1154550169135
323,0.6553545415652118,0.653492604364812,1694010998.166605,6.38032381837912
324,0.6553549641100941,0.6534849662741182,1694010998.24903,468.89149227383444
325,0.6553693306360885,0.6534783098816015,1694010998.3332107,928.761725803677
326,0.6553680630014419,0.6534779746675897,1694010998.4175081,255.93168495162436
327,0.6553693306360885,0.6534784296008913,1694010998.5030947,408.6313988570484
328,0.6553693306360885,0.6534781901623116,1694010998.5882294,728.1339249908817
329,0.6553689080912063,0.653477783116726,1694010998.6738007,151.90759954118403
330,0.6553251746958997,0.6535390793931402,1694010998.7660413,1709.9254548770577
331,0.6553693306360885,0.6534784296008913,1694010998.8512576,6923.835759270205
332,0.6553674291841186,0.653482476112889,1694010998.9373126,3942.9477843359014
333,0.6553693306360885,0.6534783817131753,1694010999.023236,12682.296550895391
334,0.6553672179116775,0.653476992969413,1694010999.1118608,42.76188230042892
335,0.6553693306360885,0.6534782619938855,1694010999.198528,1219.5955621286143
336,0.6553695419085296,0.653478788758761,1694010999.2859468,324.77480821470436
337,0.6553693306360885,0.6534785014324652,1694010999.3720458,2431.0397535873176
338,0.6553342594108668,0.6535135552405396,1694010999.5014021,1.716608933432068
339,0.6553693306360885,0.6534785253763232,1694010999.5854948,6992.043903343856
340,0.655189749061158,0.6533093141320193,1694010999.6661353,0.13991601018753194
341,0.6553541190203297,0.653484224014521,1694010999.7462637,13487.267052565912
342,0.6553693306360885,0.6534784296008913,1694010999.8291001,4618.346726556912
343,0.6553693306360885,0.6534783577693173,1694010999.911478,529.1821138407264
344,0.6553674291841186,0.6534780704430218,1694010999.9934351,195.19964862786665
345,0.6553693306360885,0.6534782380500276,1694011000.076041,1657.7600095705702
346,0.6553640488250612,0.6534775676220043,1694011000.1598208,27.90544733598868
347,0.6551126346201586,0.6534570956234363,1694011000.2338629,0.03427838988677852
348,0.6553693306360885,0.6534783817131753,1694011000.3175404,19321.993820843894
349,0.6553693306360885,0.6534784296008913,1694011000.4040031,9622.650942472625
350,0.6550585488752384,0.654872417068293,1694011000.4592936,0.0030296794410830767
351,0.6553693306360885,0.6534776155097202,1694011000.545233,101.72420440912934
352,0.6553693306360885,0.6534784296008913,1694011000.6470268,3299.372710194704
353,0.6553693306360885,0.6534782859377435,1694011000.7464516,1091.2285991199037
354,0.6553545415652119,0.6534841042952312,1694011000.8278313,5934.449148009517
355,0.6553532739305652,0.6534836254180717,1694011000.9117088,11.025590359368573
356,0.6553543302927708,0.6534842000706631,1694011000.9934149,2166.666488309586
357,0.6553695419085296,0.653478788758761,1694011001.0777426,331.6795000827095
358,0.6553693306360885,0.6534783817131753,1694011001.1603184,10006.167138478426
359,0.6553693306360885,0.6534782619938855,1694011001.2487316,654.455025348012
360,0.6553530626581242,0.6534952860769052,1694011001.3323507,3.143484211675932
361,0.6553693306360885,0.6534783817131753,1694011001.4149978,24606.280780822184
362,0.6553674291841186,0.6534815423024279,1694011001.4980574,3599.398165475584
363,0.6553693306360885,0.6534783817131753,1694011001.5824735,15688.269924359245
364,0.6553693306360885,0.6534785253763232,1694011001.6670694,5991.591039901904
365,0.6553577106518282,0.6534897071579973,1694011001.745998,76.32175230517406
366,0.6553693306360885,0.6534785253763232,1694011001.8286386,2394.820550413868
367,0.6553693306360885,0.6534782380500276,1694011001.9112215,1401.5745891748018
368,0.655379471713261,0.6535644598825927,1694011002.012315,219.12913664531462
369,0.6553693306360885,0.6534784296008913,1694011002.094472,4149.399092521314
370,0.6553777815337323,0.6535653936930537,1694011002.1953976,9747.873560659738
371,0.6552624267808946,0.6534354503758276,1694011002.2798252,0.3156172995694436
372,0.6553513724785954,0.6534840085197994,1694011002.3641133,10.41414877376078
373,0.6553693306360885,0.6534783338254595,1694011002.4471588,765.3910875630687
374,0.6553558091998584,0.6534963156627981,1694011002.5320394,4.114689696824833
375,0.6553855986140528,0.6535630950826882,1694011002.6337402,24365.70768086552
376,0.6553693306360885,0.6534783817131753,1694011002.7159429,22026.990766135266
377,0.6553693306360885,0.6534783817131753,1694011002.7973642,27173.637426891357
378,0.6553809506203486,0.6535628077563924,1694011002.8961864,49527.911514447034
379,0.6553693306360885,0.6534783817131753,1694011002.9794285,13195.086468859465
380,0.6553689080912063,0.6534776873412941,1694011003.0622132,152.67090513163015
381,0.6553539077478887,0.653482476112889,1694011003.144842,18.341406482122597
382,0.6553693306360885,0.6534783817131753,1694011003.2271678,38427.9455478083
383,0.6553674291841186,0.6534763704291056,1694011003.310577,51.085448484563564
384,0.6553733448124693,0.6535451611330655,1694011003.404495,15903.466090147322
385,0.6381624579435796,0.6451361261002322,1694011003.4377263,5.4278283236510795e-05
386,0.6553579219242693,0.6534885817966725,1694011003.5270061,4.9599723021895965
387,0.6553676404565597,0.6534834817549239,1694011003.6200178,372.69473036371414
388,0.6553450343053626,0.6534681816296783,1694011003.708913,6226.105173631012
389,0.655381584437672,0.6535643880510188,1694011003.8254416,21651.02460086061
390,0.655401444047135,0.6535712599382575,1694011003.9511964,1518.9026051053238
391,0.6553543302927708,0.6534844155653848,1694011004.0410428,1752.7611300458764
392,0.6553693306360885,0.6534782619938855,1694011004.1406958,1243.8942632123458
393,0.6553693306360885,0.6534782380500275,1694011004.228044,2388.2960208269756
394,0.6553693306360885,0.6534783817131753,1694011004.3124852,9260.63722319946
395,0.6553693306360885,0.6534784296008913,1694011004.396809,6913.381028693189
396,0.6553809506203487,0.653566112008793,1694011004.4994173,1006.579976578143
397,0.655368485546324,0.6534784535447493,1694011004.5822277,32538.29723936024
398,0.6551172826138627,0.6532967914942989,1694011004.663056,0.08586130027860357
399,0.6553693306360885,0.6534785014324652,1694011004.745696,2988.775425742602
