trial,score,test_score,time,alpha
0,0,0,1694012726.1165926,0
0,-0.26303492810619056,-0.243796608682185,1694012726.2254534,1
1,-0.2626690464865744,-0.24348562353514214,1694012726.3382568,3.2209132335058994
2,-0.2472620411603128,-0.22981632929299778,1694012726.4192758,120.63636043495595
3,-0.2631812794829429,-0.2439240492831931,1694012726.5366979,0.00811049552727607
4,-0.26295168540467007,-0.24373276251602216,1694012726.6500642,1.2831459336090951
5,-0.029511622720021835,-0.025095358802525114,1694012726.6874835,8500.990747226393
6,-0.02550111899442875,-0.02128637866652827,1694012726.7237806,9181.86470916494
7,-0.2631827637944073,-0.24392577984642672,1694012726.8394563,0.00018024079929419208
8,-0.26318168697114097,-0.24392577737657284,1694012726.955529,0.0011814865483077482
9,-0.26318054163784255,-0.24392790645852158,1694012727.0678036,3.2709358969753595e-05
10,0.0162313562681341,0.01739872932454778,1694012727.0973196,71571.91873083985
11,0.016018088281848364,0.017437059714044523,1694012727.127945,52220.73507951881
12,0.016219384015526805,0.017555782604327996,1694012727.15797,57492.66267700772
13,0.0162788979344759,0.017485450009788184,1694012727.186881,67792.38267666452
14,-0.1900060901160472,-0.17712414502292217,1694012727.2499933,757.0201213451832
15,-0.2206916042677458,-0.2055222310729703,1694012727.3197298,374.83713208887775
16,0.015567389697915712,0.016555251013162908,1694012727.349061,94369.06715410245
17,-0.09009597676778558,-0.08285628822760693,1694012727.3964643,3346.9004582903112
18,-0.25487674449394127,-0.23661533838325055,1694012727.4889576,60.027400285549405
19,-0.12025159886439574,-0.11151862440771998,1694012727.5390995,2221.166639104807
20,-0.25305480271107084,-0.23500112991667899,1694012727.6280823,74.11764764471309
21,0.015774246486834342,0.016800592704531048,1694012727.657516,88564.1342581998
22,-0.004501433775132346,-0.001359237159995974,1694012727.6935503,15060.303955289692
23,0.01555764919486502,0.01654385109262624,1694012727.7224205,94633.0582036623
24,-0.01562810397673453,-0.011876162002046886,1694012727.7589104,11319.099638897185
25,-0.19233478703914209,-0.17929104220851944,1694012727.8232634,724.0058744213225
26,-0.0035033364439540637,-0.00041838905555713346,1694012727.8603668,15513.107356676166
27,-0.14584404948057994,-0.1357282630134562,1694012727.9198525,1552.2680162511294
28,0.009110910928495142,0.011355319354321991,1694012727.9557745,25508.98579548655
29,-0.09775084137035717,-0.09014045685364369,1694012728.0024817,3015.191498002231
30,-0.2620787451310733,-0.24297774424228158,1694012728.1128428,7.023796885070258
31,0.014960564463421644,0.016599133178374137,1694012728.1429567,41601.79167052683
32,0.010795261351676966,0.012897397139565281,1694012728.1745505,28229.03691064015
33,-0.05428595029157468,-0.04870347853841572,1694012728.2170234,5598.689820154129
34,0.015493752830801788,0.01646934464665739,1694012728.2449882,96349.32637495165
35,-0.23317562786170165,-0.21701459959532943,1694012728.322156,247.06983108880388
36,-0.2631643995465063,-0.24390838317450791,1694012728.4422019,0.13026558666382723
37,-0.06740428551980182,-0.06123076100882474,1694012728.4883971,4602.2775558386165
38,0.011099593170756261,0.013174386617669898,1694012728.5207665,28806.097465274263
39,-0.15052664002630367,-0.140157716912505,1694012728.5757458,1449.2027340578568
40,-0.027903893763138177,-0.0235630338607713,1694012728.6172178,8764.466535707525
41,0.01616916327346485,0.017531405783533516,1694012728.6479802,55747.64362362686
42,0.013883044981333192,0.015669886760180107,1694012728.6784198,36355.36065160854
43,-0.035513592451891896,-0.030820312288316387,1694012728.7180479,7619.821242308598
44,0.006113803398488882,0.008577774957311823,1694012728.7515805,21965.35540495801
45,0.014589816514956166,0.01628366014327487,1694012728.781682,39502.281134181605
46,-0.06216399994670807,-0.05621887754108745,1694012728.8255458,4970.452840438653
47,-0.17922310994678958,-0.16706525313031295,1694012728.8869243,920.0548442459443
48,-0.23574193999807935,-0.21935626556986954,1694012728.9651518,222.67471497174319
49,0.015639219614006494,0.016639697855126312,1694012728.9956675,92399.99615577834
50,-0.12777701006270914,-0.11865380354879962,1694012729.0515165,2003.1247648102626
51,0.015842239285191462,0.01731081763124165,1694012729.083103,49439.59722012396
52,-0.013153238278363233,-0.009529854212836142,1694012729.1212754,11992.600838982538
53,0.014913682880806411,0.016559572002375123,1694012729.1522262,41312.83236851387
54,-0.013058093182552355,-0.009439704193196619,1694012729.1897871,12019.926844301806
55,-0.06340208190399665,-0.057399819182680334,1694012729.2349842,4880.307418076673
56,0.016083991527742758,0.017480672173569523,1694012729.267025,53559.572268484815
57,0.002262666402398139,0.004981000012385661,1694012729.3037786,18777.14455827912
58,0.01629390476106629,0.01753474847740011,1694012729.3397107,64750.65070845131
59,0.01609015307500994,0.017196548377946708,1694012729.3724055,78197.40004982673
60,-0.10523193245783102,-0.09724483932938566,1694012729.4258022,2724.759012772879
61,0.01546199537846682,0.01643247977979223,1694012729.455283,97193.32837973713
62,0.0011353140183886223,0.003941163374654999,1694012729.491081,18040.59846443236
63,0.01590637620175006,0.017358108973707265,1694012729.5231123,50354.81385118064
64,-0.01868209003187471,-0.014794279847249125,1694012729.5634372,10572.012412000902
65,0.016279229660101646,0.017562688502872126,1694012729.59362,61278.65252204079
66,0.0036855319551680754,0.0063132694711840465,1694012729.6280704,19828.589084346226
67,-0.03838125926279434,-0.03355775856734855,1694012729.6694465,7247.562200551821
68,0.015357428545330065,0.01631178439231773,1694012729.6986,99937.55338120561
69,0.007162257821716755,0.009551172228025928,1694012729.733238,23063.54997554976
70,-0.10137474091644205,-0.0935807171325822,1694012729.7826922,2870.8693408086006
71,0.01616519978959985,0.01752925265233929,1694012729.815801,55628.81652067831
72,0.015981370273927098,0.01741168917791791,1694012729.8485982,51561.137901888505
73,0.01592532900428012,0.017371844096462308,1694012729.8807614,50644.23224768464
74,-0.019911777732106506,-0.01596386193633359,1694012729.9232872,10295.992541502601
75,0.00851241869970032,0.010799828508028408,1694012729.9570084,24689.56636902545
76,-0.05708217331387533,-0.05137111095790403,1694012730.0002227,5364.182149167293
77,-0.004874449640687617,-0.0017110751751827635,1694012730.0365236,14897.721983228965
78,0.016293988980421115,0.01754192377833963,1694012730.0660758,64150.21742558388
79,0.012210187218141377,0.014179583254445127,1694012730.0991035,31223.73451031195
80,0.016230003406223603,0.017559975074108558,1694012730.130224,57941.20856842274
81,0.011823219361502879,0.013830450458175214,1694012730.1640496,30318.43282216202
82,0.016289926237828656,0.01755518738003281,1694012730.1947448,62721.926005013695
83,0.016294067929547795,0.017540037674622533,1694012730.2246022,64315.66532015544
84,0.015365378281427033,0.01632092591232437,1694012730.2548027,99730.57309640213
85,-0.038357216743885925,-0.033534802808453446,1694012730.2958913,7250.568137479798
86,0.0009264399971323778,0.0037453919990755313,1694012730.3325,17908.45005903645
87,0.012022634358810569,0.014010531942208693,1694012730.3663585,30775.50762286237
88,-0.08607552391131446,-0.07902779797242254,1694012730.4159427,3536.979726151899
89,-0.01457166600843185,-0.010874287117456749,1694012730.4546695,11598.114427675928
90,0.01629406881453388,0.017538087699962013,1694012730.4856706,64480.63023900095
91,0.016121636678160023,0.017504100147653134,1694012730.5182164,54444.67889423524
92,0.012889326465594264,0.014788780333637064,1694012730.5518312,33020.79598368794
93,0.01628895814793896,0.01751155840859553,1694012730.5826983,66339.65179655436
94,0.016271422035696537,0.017564007671300175,1694012730.613489,60575.78390826809
95,0.0010339642907630786,0.003846178491068386,1694012730.65115,17976.219942073218
96,0.016232075272865076,0.017399888900348826,1694012730.6822016,71527.47388598527
97,0.016249707536484248,0.017429283469649892,1694012730.7136178,70357.69578633386
98,0.013080992470708597,0.014959744558165733,1694012730.7481706,33586.154164723615
99,-0.03795808478807072,-0.03315372415878959,1694012730.790876,7300.7447128912145
100,0.015364351351550565,0.0163197447293133,1694012730.8210864,99757.32420143536
101,0.016266207860564874,0.017564035706980174,1694012730.851368,60178.211794299874
102,0.01332015561499389,0.015172378054217117,1694012730.8891358,34334.83294761362
103,-0.007513428261646027,-0.004203316427138448,1694012730.9284935,13838.51703163334
104,0.016291495452293026,0.017520561378598143,1694012730.962583,65769.06418177273
105,0.004559848817797474,0.0071300683472154125,1694012730.9985037,20542.004968299145
106,0.013849737808844576,0.015640664170057827,1694012731.030833,36227.023038705476
107,0.016099352479952866,0.017490388018689296,1694012731.062545,53908.03227563961
108,0.007086458827120556,0.009480901807327746,1694012731.0996337,22979.80399757419
109,0.016255307299055444,0.017439107018693445,1694012731.1309328,69945.40540377997
110,-0.022164586767861483,-0.018107931039526903,1694012731.1727169,9821.04762555428
111,0.016269850018932108,0.017466364314169036,1694012731.2033415,68728.37590238392
112,0.014998753806502951,0.01663127788600738,1694012731.23607,41843.0250060338
113,0.015590162494865112,0.01658194973769589,1694012731.2667055,93749.19085100638
114,-0.006636338133398034,-0.0033744230246859352,1694012731.3040957,14173.995349767232
115,0.01629286812517161,0.0175269439078789,1694012731.3338645,65332.5972127178
116,0.008734194522779348,0.011004329493161769,1694012731.3693082,24984.13710321263
117,0.014983091175085339,0.01661810343061587,1694012731.4007761,41743.4343592209
118,0.015367422502229111,0.016323277458861418,1694012731.4313247,99677.30963707775
119,-0.004589897352194727,-0.0014426678047807506,1694012731.4737682,15021.43100597939
120,-0.06838712465626906,-0.06216845586191311,1694012731.5233896,4537.219980757416
121,0.016252576534612206,0.017562176000654017,1694012731.554916,59301.358543409486
122,0.016293886907145394,0.017543200407785675,1694012731.584779,64034.56476566554
123,0.008148724879054825,0.010464075204285495,1694012731.6201546,24224.54259457643
124,0.015282247715830977,0.016867237734983886,1694012731.650883,43827.20109502126
125,0.012946318775282184,0.01483966594674424,1694012731.684034,33185.89670351959
126,0.016277985854753818,0.017483407904176573,1694012731.713289,67896.6846193085
127,-0.036008381375817855,-0.03129254377231083,1694012731.7536592,7553.549442006162
128,0.007187315311687037,0.009574398396728245,1694012731.788341,23091.394623437864
129,0.015428395496913105,0.01639358669697133,1694012731.8179967,98080.56508072103
130,-0.015511487543646174,-0.011765546613970557,1694012731.8576066,11349.311497436092
131,0.01623940534719459,0.017558675760284692,1694012731.8882828,58597.03843537943
132,0.016282515982458667,0.017493930889641907,1694012731.9171531,67346.59066666347
133,0.013821733602723763,0.015615372776220271,1694012731.9490075,36091.59043489822
134,0.016279589616306267,0.01748702176523087,1694012731.9790576,67711.33733585986
135,0.001305073745815899,0.0041002313346369945,1694012732.01739,18149.537507476707
136,-0.257879389347371,-0.2392618614024402,1694012732.1200337,37.68677458281673
137,0.014930915743821549,0.016574126503652087,1694012732.1516151,41418.15390380548
138,0.01540147704115502,0.016362505157929252,1694012732.1814756,98787.48940048867
139,0.016294035287132247,0.017536955926628184,1694012732.2111468,64573.81172217866
140,0.008776894443255134,0.011043681949299722,1694012732.2461457,25041.858671116654
141,0.01627026469152104,0.01746719221312365,1694012732.2755737,68689.41745795288
142,0.015587561753106938,0.017114235492044383,1694012732.3075073,46492.993791047615
143,0.01135748981511464,0.01340863896843425,1694012732.3398237,29320.919884296058
144,0.01629325964640127,0.017529267268507787,1694012732.370657,65165.5916945765
145,-0.005288328305291801,-0.002101588960664591,1694012732.4071794,14721.319781436187
146,0.01507733924925192,0.016697179579125643,1694012732.4391072,42357.119314630385
147,0.006514118099111843,0.008949781619343233,1694012732.4740844,22369.917976599365
148,0.016158039658756507,0.017525298357305874,1694012732.5060015,55419.45742086788
149,-0.02590351130976054,-0.02166992568915993,1694012732.5461488,9109.419450784619
150,0.016239905299413993,0.017412697230715368,1694012732.575958,71028.442825614
151,0.01617920162093578,0.017319608359015137,1694012732.6069286,74382.44693502107
152,0.013414469880103308,0.015255998696197315,1694012732.6410992,34644.59905926
153,0.016243291451109254,0.01741834999335512,1694012732.6717,70803.15573158729
154,0.015470408125684232,0.016442235372334024,1694012732.7025907,96970.2807262085
155,0.01473635811952112,0.016409027814348498,1694012732.734114,40284.56018102538
156,-0.00029003827555573736,0.0026041258513378462,1694012732.770175,17177.59790155768
157,0.015391396624815368,0.01635088278484198,1694012732.8037467,99051.38915107101
158,0.011184198146713564,0.013251284604652747,1694012732.8408651,28972.261376854152
159,0.0159085817097111,0.01735971340546083,1694012732.8753648,50388.009352065186
160,-0.26304850509482347,-0.24380804035386583,1694012732.9939454,0.9084919282729207
161,0.0162596449609429,0.017563426382689262,1694012733.024683,59732.0150996078
162,0.016273565708417093,0.017563825080957107,1694012733.055675,60753.634289664304
163,0.010144686391595381,0.01230345194154936,1694012733.0885715,27092.32999519755
164,0.015409033976641284,0.016970905082671406,1694012733.1199918,44851.71417440686
165,0.01536721466715929,0.016323038361837128,1694012733.1499896,99682.72566292503
166,0.0010754122570656444,0.0038850251369472177,1694012733.1862025,18002.48911499058
167,0.013889343914049057,0.015675410674123147,1694012733.2178922,36379.79934411264
168,0.016293798655471647,0.017533529654382374,1694012733.2475295,64845.728305203644
169,0.009374435237888612,0.011597465417554909,1694012733.2844362,25889.95574852925
170,-0.010625821594618001,-0.007136584991687345,1694012733.3229403,12759.096488630155
171,0.016286376250324586,0.017503932337068817,1694012733.3563604,66790.59334855576
172,0.016267846881925396,0.017564083229550054,1694012733.3861732,60298.44429616058
173,-0.19631740163531775,-0.1829928379938408,1694012733.4497004,669.2016646281693
174,0.015391310857662766,0.01635078393724665,1694012733.4792864,99053.63261965849
175,0.014742271282888963,0.016414069401340492,1694012733.510336,40317.330558363996
176,0.016276623300758852,0.017563346395175206,1694012733.540476,61025.690854523506
177,0.010733297650446727,0.012840930530285677,1694012733.5735724,28115.308073441483
178,0.015474506943877309,0.017023870279001763,1694012733.605212,45423.35544202083
179,0.002526461808755265,0.005228261202328777,1694012733.6404812,18962.829823986274
180,0.01628192201083778,0.01749249055491453,1694012733.6709278,67423.82571316732
181,0.016291577341818853,0.017520896816656584,1694012733.7008076,65746.8569608932
182,0.016285183967359784,0.017500704211905416,1694012733.7309065,66974.0541653927
183,-0.26318141967883135,-0.2439235629558456,1694012733.8474486,0.010924791548260152
184,0.014284354582040915,0.01602003020596998,1694012733.879752,38031.22975901815
185,0.016263437493532873,0.017453968339800285,1694012733.9108434,69296.65839812097
186,-0.1570013824883676,-0.1462482844021844,1694012733.9694784,1315.814886533778
187,0.015394039100078083,0.016353928587840794,1694012733.9993463,98982.2528302505
188,0.015465064823263819,0.017016258430549325,1694012734.0312347,45338.92386434043
189,0.01034420143422321,0.012485846905682108,1694012734.0638673,27427.98459477508
190,0.016271784000074785,0.017470257642160147,1694012734.0940626,68543.9786487941
191,0.015710685092312437,0.017210716303234008,1694012734.1251402,47805.612965051376
192,0.016280356836909204,0.017488790427794165,1694012734.1564612,67619.31265148555
193,0.015415099649691788,0.016378226190045586,1694012734.1875172,98430.14866695908
194,0.012522225769044382,0.014460096909396092,1694012734.2206318,32012.968047257247
195,-0.25108857576836074,-0.23324968911664956,1694012734.3076775,89.48707579554518
196,-0.23420770995572027,-0.21794863839959122,1694012734.3862166,237.20978616910065
197,0.016291155223300824,0.01755314126026719,1694012734.4172409,62987.775137122866
198,0.016284495116772657,0.017560346349763223,1694012734.4548979,61875.127017043684
199,0.014847982910652147,0.016503955329105757,1694012734.4886444,40920.42739733544
200,0.007950321302000685,0.010280719567906327,1694012734.5278528,23979.75406577816
201,0.016294043650866175,0.01754085628825186,1694012734.557931,64244.60997426433
202,0.01626741146195987,0.017461565203022666,1694012734.586124,68951.63671104134
203,0.016019482821424513,0.017438009949696354,1694012734.6168528,52246.85668431956
204,0.015366447105324199,0.016322155377499925,1694012734.647634,99702.72627063072
205,0.0142855209037972,0.016021042024945142,1694012734.6796172,38036.489549829406
206,0.0023515959677493647,0.005064368379852691,1694012734.7152975,18839.30107338892
207,-0.11474736312681366,-0.10627395185037414,1694012734.7669995,2395.2131225075086
208,0.016294077055867495,0.017539359935407894,1694012734.7979438,64373.665615717655
209,0.012226496757349659,0.014194268628404227,1694012734.8308256,31263.600507494415
210,0.01602387453811105,0.017440995595179642,1694012734.8628075,52329.671175398886
211,0.016282381427882853,0.017493602714768297,1694012734.8928523,67364.2464342705
212,0.015412658519899702,0.016375407776972772,1694012734.9243371,98494.24417497395
213,0.016183036011642393,0.017538720579698963,1694012734.9564614,56181.7617162672
214,0.014406519713710542,0.016125805226641643,1694012734.989293,38596.23285507944
215,0.016194866216702297,0.017544649671447976,1694012735.0208964,56577.38377377216
216,0.008622392086517938,0.01090125881668269,1694012735.0566201,24834.555402825692
217,0.016242824553065915,0.017417566068353763,1694012735.0871503,70834.59447882466
218,-0.2616804958955061,-0.24262818208594572,1694012735.2005465,9.808679630532982
219,0.015403026864391545,0.016364292861985597,1694012735.2308464,98746.8768106657
220,-0.01261114763118476,-0.009016278378502385,1694012735.269423,12149.814714912362
221,-0.26318274611387893,-0.24392543097376018,1694012735.3855658,1.0972076183780732e-05
222,0.01582353102550782,0.01729681410837902,1694012735.4183564,49189.10182368946
223,0.01626705201259515,0.01746086723209117,1694012735.4497488,68983.75353407479
224,0.014254073520790556,0.01599374765995598,1694012735.4823067,37895.5389435172
225,0.01626722483950671,0.017461202536182108,1694012735.51317,68968.33558541139
226,0.012255339635426687,0.014220233070859067,1694012735.5474112,31334.46178187879
227,0.016286817623749728,0.017505167382081077,1694012735.577985,66719.29967368445
228,-0.22072101097482277,-0.20554887452134474,1694012735.6498077,374.52153526900946
229,0.015391954216271153,0.016351525431133163,1694012735.6803367,99036.80309824375
230,0.015117629491321005,0.016730830673966524,1694012735.71509,42630.57043591427
231,0.016293215884449097,0.01752898731679442,1694012735.7524762,65185.97150671393
232,0.016282103536556236,0.01756161481940499,1694012735.7874956,61586.942365328876
233,0.015537747560759207,0.01707460342970657,1694012735.8212621,46007.667741861296
234,0.009977003298106468,0.01214999963271346,1694012735.855582,26818.37728454376
235,0.015364908430496205,0.016320385474871912,1694012735.8860354,99742.81303497925
236,-0.2573522363585601,-0.23879341477008298,1694012735.9874146,41.590695083777454
237,0.016112839169574067,0.017498745057856424,1694012736.0195312,54228.07016143333
238,0.003910537302139194,0.0065236150881201604,1694012736.0557287,20006.871344974068
239,0.01431479286646653,0.016046424148197902,1694012736.0884066,38169.324398243676
240,0.016292474369019594,0.017524905241222966,1694012736.1187909,65475.36622570865
241,0.016291524028515747,0.017520677968002718,1694012736.149476,65761.35405886415
242,0.016283452629614392,0.01749624815481854,1694012736.1801317,67220.92011008765
243,-0.26318186992863124,-0.24392604685220953,1694012736.30401,0.00022833954672310368
244,0.015373170529999425,0.01632989155474107,1694012736.3349957,99527.45234217384
245,0.014858750403245247,0.01651308381270289,1694012736.3677294,40983.77429539162
246,0.016292306459124606,0.017550516127128768,1694012736.3987248,63296.68037965781
247,0.012160563166688676,0.014134885670668784,1694012736.4320648,31103.32786867849
248,-0.23859834266351165,-0.22194875350561794,1694012736.5150607,196.3310247942257
249,0.01604245050293074,0.017453503692685945,1694012736.5473967,52689.66181732508
250,-0.1442199239557418,-0.1342083485065082,1694012736.6049778,1588.7448525831996
251,0.016289213194587093,0.017512375763645727,1694012736.636002,66289.69904374071
252,-0.26313457061449497,-0.24388303395417377,1694012736.7549257,0.32724432161909733
253,-0.08817078709783899,-0.08102323036117065,1694012736.8034925,3436.4578940054525
254,0.009264262926836575,0.01149626615866517,1694012736.8368883,25728.9434218765
255,0.015450076559347048,0.017004156738895215,1694012736.8692493,45206.313467805754
256,0.015383911678446549,0.016342258752438443,1694012736.8994188,99247.06125815406
257,-0.26162038981043856,-0.24257477147227613,1694012737.0139258,10.234954289552457
258,-0.00040600824556813464,0.0024952327513622086,1694012737.0506966,17111.16573237694
259,0.013248305338566024,0.01510858402302584,1694012737.085129,34104.53436254022
260,-0.04350611923379022,-0.038452682835711016,1694012737.127028,6646.718687788964
261,0.016294004738539147,0.017536290995579296,1694012737.1593535,64627.73970876941
262,-0.26018430588931674,-0.24129391203082906,1694012737.2740843,20.91773424376348
263,-0.2628648378469094,-0.2436566270593341,1694012737.3896027,1.8793039931374584
264,0.016263853349609114,0.01745475165408017,1694012737.420275,69261.53250898447
265,0.015299408896980782,0.01688134692297738,1694012737.452706,43960.12741336447
266,0.009093817030953688,0.011339602257025128,1694012737.4874468,25484.76020075875
267,0.01628800353683313,0.017557534611535086,1694012737.518325,62378.15604035593
268,-0.26317474974924226,-0.2439192588414898,1694012737.63558,0.047059983831789914
269,-0.262371223196193,-0.24322130105826112,1694012737.7543576,5.309122748657685
270,0.015450482947264255,0.016419141261620807,1694012737.7892091,97497.96068678223
271,0.015207250065075062,0.016805321615251945,1694012737.826433,43265.21867809494
272,-0.17082509450443806,-0.15921127320278972,1694012737.8858583,1059.551074505684
273,-0.24683446369150563,-0.2294282785048709,1694012737.9683535,124.23444872982667
274,-0.0007012671629447187,0.0022179216872143526,1694012738.0055337,16944.413571707577
275,0.011531959493508603,0.01356684830639543,1694012738.0400386,29683.833083876638
276,0.016293810638498774,0.017533655164542195,1694012738.0705652,64836.01707106925
277,0.015733154808514893,0.017228060384421373,1694012738.103249,48065.489323282854
278,0.015416974439249609,0.01638039110799372,1694012738.1338184,98380.90486506066
279,0.01303287462103253,0.01491686859908059,1694012738.1680002,33441.47102362824
280,0.01629350404353802,0.01753096673205745,1694012738.1993885,65040.27624853785
281,-0.1265475796971225,-0.11748681414412587,1694012738.2544308,2037.2653765129778
282,-0.009708390407954903,-0.006268650448435498,1694012738.295194,13060.04380099914
283,0.008043909220154855,0.010367225923152867,1694012738.331591,24094.467459224412
284,0.015842980044995958,0.017311370300594486,1694012738.363538,49449.65748753614
285,-0.05822311733820129,-0.052459557325311046,1694012738.409269,5272.2866196730165
286,0.016062086683670374,0.017466495462374443,1694012738.4425755,53088.77480089524
287,0.01539626793174087,0.016356498096454786,1694012738.4735162,98923.91565465572
288,0.013187768037536074,0.015054776097815137,1694012738.507929,33914.15269324395
289,0.016292073899271453,0.017523029508311194,1694012738.5387156,65603.85761769814
290,-0.2631826119993361,-0.24392502447268938,1694012738.655945,0.0009770578459463168
291,-0.2105142930417705,-0.19613239662713022,1694012738.7250884,489.6543556232944
292,0.002838701208172756,0.005520780224095079,1694012738.7612574,19187.83337184169
293,-0.26305829298286776,-0.24381815131943174,1694012738.8794026,0.8401756716604478
294,-0.028622972850506967,-0.024248318058454288,1694012738.9222467,8645.030302170868
295,0.016265781507610266,0.017458418168128542,1694012738.9537776,69095.76339565203
296,-0.16837169044435507,-0.1569113934971409,1694012739.0166802,1102.4927071497902
297,0.014102575957936514,0.015861900110871185,1694012739.048454,37240.58812583541
298,0.015379334995534788,0.016336988000425046,1694012739.07937,99366.59041599055
299,0.01593603803540633,0.01737955055835172,1694012739.1118915,50812.083828550916
300,0.008411871279758176,0.010707052934914252,1694012739.1540933,24558.819296563655
301,0.016292188812225383,0.017523551263997073,1694012739.1877227,65568.380417484
302,0.01444458782741287,0.016158677012915623,1694012739.2240844,38778.37254754672
303,0.016292716610183278,0.01752613153390825,1694012739.2569098,65389.893099003464
304,-0.008859477884394673,-0.005465953240943566,1694012739.2960417,13350.545649323887
305,-0.23043068230513475,-0.2144960274728287,1694012739.3747559,273.82770876141853
306,0.016292515596744273,0.01752510838972854,1694012739.4056976,65461.289138933986
307,0.01162638593386156,0.013652380359392424,1694012739.4405715,29885.496993033532
308,0.015399415225916702,0.01636012721339697,1694012739.471854,98841.50229742809
309,0.015488725981732232,0.01703531542457759,1694012739.5048137,45551.834944081085
310,0.016289357822769523,0.017512845867892923,1694012739.5359895,66260.81418750765
311,-0.25918784495108316,-0.2404116079258516,1694012739.6426773,28.107812365721273
312,0.0029983237748885117,0.00567025710579061,1694012739.6797357,19305.1227025793
313,-0.26317628308040897,-0.24392095592365148,1694012739.7963223,0.03194525072012657
314,0.015051117692947535,0.016675228214502957,1694012739.8287187,42182.8320243335
315,0.01629333625802254,0.017546867321687087,1694012739.8599317,63682.94572125811
316,0.010160361487381753,0.012317789477111596,1694012739.8947139,27118.312734380484
317,-0.2182740673981758,-0.20329839961268137,1694012739.966295,401.1751527994817
318,-0.2630891001433435,-0.24384326110461152,1694012740.0838544,0.6361195495598592
319,-0.2624775476916954,-0.24331843476264026,1694012740.199732,4.535945258994137
320,-0.19382489573147943,-0.18067598120706174,1694012740.265585,703.2633204651515
321,-0.26315402963221657,-0.2439000580889754,1694012740.3824708,0.19532438735034469
322,0.015388403874886492,0.016347433993389116,1694012740.413441,99129.65410437885
323,0.016294046937240347,0.017540769377121235,1694012740.4440665,64252.20725527798
324,0.015641120333426684,0.017156482987424004,1694012740.477136,47042.577401213486
325,-0.26026960340142646,-0.2413694848104806,1694012740.5924397,20.30571116156138
326,0.0121782800161091,0.014150846290504338,1694012740.6283178,31146.162696088013
327,0.016294072247394764,0.017539799340787643,1694012740.6583517,64336.14525625382
328,-0.020571912331530884,-0.01659195364657462,1694012740.699094,10152.854340599693
329,0.0041138685980455225,0.006713615236422554,1694012740.7350993,20171.07423420794
330,0.016275750500287955,0.017563512191485442,1694012740.7662332,60945.57517374125
331,-0.2615287268852413,-0.24250492942170632,1694012740.8782244,10.798228543939857
332,0.014746355030866631,0.01641755040446191,1694012740.91119,40340.01995474813
333,-0.25643323912844096,-0.23799624884161275,1694012741.0099628,48.27218888329266
334,-0.08875718124682597,-0.08158163354357262,1694012741.0596874,3408.8996937552133
335,0.016250379669000115,0.017430447622384215,1694012741.0944924,70309.4602899229
336,0.015374770451482167,0.016331733045577113,1694012741.1257634,99485.71713038547
337,0.013475668541103714,0.015310183607821659,1694012741.1603024,34850.33837397892
338,0.002969140490974964,0.005642932021225899,1694012741.1961923,19283.56221961025
339,-0.24264472643148993,-0.22563489029726536,1694012741.2763221,160.02819771167896
340,-0.14848474791349675,-0.13823245459024713,1694012741.3322644,1493.3316144341688
341,-0.24358828047534753,-0.22649207244431957,1694012741.4122314,151.76755148219831
342,0.015780424952654415,0.017264235658709604,1694012741.444601,48636.43799942888
343,-0.2526431476500499,-0.23462418984343048,1694012741.5350978,77.40299978817842
344,0.01628721244701614,0.01750629305685658,1694012741.566707,66653.76188603045
345,-0.20222910143995132,-0.1884679845265005,1694012741.6357741,591.4358064070367
346,-0.25238330606532333,-0.23442421134963842,1694012741.728058,79.2148613821662
347,-0.2631809742081985,-0.24392483842835233,1694012741.8468418,0.005386006082486639
348,-0.2627164003052993,-0.24352883967753924,1694012741.9738429,2.8801414993216192
349,0.010461987364793757,0.012593426165386945,1694012742.0134344,27631.333217337873
350,0.01570994767943512,0.01721014558418077,1694012742.0461564,47797.202086937956
351,0.015407085360416906,0.01636897532611703,1694012742.0763469,98640.47519983037
352,-0.2277334774704287,-0.21199898968937658,1694012742.1537008,300.905128816812
353,-0.011559434166101612,-0.008020280564679183,1694012742.19369,12465.759509213753
354,0.016284335409965656,0.017498489651862514,1694012742.225362,67097.62671406553
355,0.013266246393074388,0.015124520567108002,1694012742.260271,34161.59231986238
356,0.015668160595918135,0.01717765520823822,1694012742.293052,47332.127515997374
357,0.006815094218124762,0.009229194616537817,1694012742.330365,22685.806950909257
358,0.016267800750094263,0.017462323740020547,1694012742.3615162,68916.63319451691
359,-0.044872380571946646,-0.03972755641179204,1694012742.4049122,6499.821560345305
360,-0.11405674300559876,-0.1056190326915023,1694012742.4590526,2417.771542759459
361,0.014000364926252451,0.015772633868806896,1694012742.4973762,36819.6265406521
362,0.015426024240748015,0.016390846001170467,1694012742.5331535,98142.97215381546
363,-0.26282497658181025,-0.24362102243154138,1694012742.6456783,2.1596352066308295
364,0.01607322233601849,0.01747374687843195,1694012742.6780198,53324.50817627379
365,-0.26318269730084376,-0.2439254814073779,1694012742.7956464,0.00012735571338070006
366,0.007819529273735526,0.010159775440865881,1694012742.8324323,23821.640975581908
367,0.01628992111531813,0.017514727371679473,1694012742.8641887,66144.04349847857
368,-0.006406794148133166,-0.003157583696294042,1694012742.9021447,14264.389864355893
369,0.01434980544913722,0.016076752761441826,1694012742.9350374,38330.336027270154
370,0.015416788429946537,0.016380176298708693,1694012742.9664547,98385.791360227
371,0.015949690553244023,0.017389314812094603,1694012743.0003195,51030.877544103256
372,0.013898414656177582,0.015683363911306647,1694012743.0344262,36415.08706517567
373,0.0036579727835840403,0.006287499290882903,1694012743.0708447,19806.994148574286
374,0.016290623439646268,0.017517206565388133,1694012743.1020129,65987.18979834985
375,0.015369586996428874,0.016325767749559295,1694012743.1341133,99620.89437938751
376,0.011215059674848704,0.013279322925737858,1694012743.1696742,29033.525195034785
377,0.0159712823924385,0.01740460962846513,1694012743.2023113,51388.67505984098
378,-0.26083441949120556,-0.24193717101059597,1694012743.3110366,15.572618131829788
379,-0.03405352029291242,-0.029427035954237013,1694012743.3540905,7820.660639003299
380,0.016293947775138817,0.017535340029958824,1694012743.3858974,64703.86642141525
381,0.011158621336536556,0.013228042703232634,1694012743.4207914,28921.754227557023
382,-0.06342615942499608,-0.05742278481485119,1694012743.4672043,4878.5753812439825
383,-0.006226841325995158,-0.0029876179348893306,1694012743.5050461,14336.037765787023
384,0.016266247709991966,0.017459313647854247,1694012743.53705,69054.92980593274
385,0.015070664169131276,0.01669159525645414,1694012743.570332,42312.48241193764
386,0.016249075263752077,0.017428191815117233,1694012743.6017861,70402.7814602291
387,-0.26300699795387694,-0.24377431485108914,1694012743.7218094,1.1844710693711324
388,0.00770401178204938,0.010052909345343863,1694012743.7578115,23684.075508063008
389,-0.2631430093068734,-0.2438895412710016,1694012743.8717434,0.27028387850520935
390,0.01526819682194891,0.01685566894801338,1694012743.9038389,43719.60563029626
391,-0.07796110899454689,-0.07129979572885503,1694012743.9515502,3959.209823265647
392,-0.23634089765848953,-0.21990771466803638,1694012744.0306315,217.05581074305766
393,-0.1902729552472655,-0.17737376188871035,1694012744.096532,753.1868591866917
394,0.01545864499511318,0.01642859659821394,1694012744.1283739,97282.05382043992
395,0.015692599515464423,0.01719669210365693,1694012744.1618388,47601.412137665546
396,-0.2621797473473484,-0.24305783126242986,1694012744.275866,6.592690874940654
397,0.01266418369660327,0.014587379802417422,1694012744.3095913,32391.795033563154
398,-0.2631247349722041,-0.24387497377646716,1694012744.421669,0.391359156517039
399,0.016279602848002006,0.017487052037476913,1694012744.4520488,67709.7696869561
