trial,score,test_score,time,alpha
0,0,0,1694010999.6994658,0
0,0.6553642600975023,0.6535404202491867,1694010999.781025,1
1,0.638605284980114,0.6454348736161767,1694010999.80537,5.795393024732211e-05
2,0.6553807393479076,0.6535634063528418,1694010999.9006357,629.7786337316943
3,0.6552710889509795,0.6533595004583332,1694010999.980313,0.2421543719682303
4,0.6553684855463241,0.6534781183307377,1694011000.0572138,171.65315029804603
5,0.6554075709479266,0.6535645556580246,1694011000.1759217,60241.408839413445
6,0.6553112307147875,0.6535183200682764,1694011000.2621062,2.4263793662168083
7,0.6553184139777846,0.6535519372448723,1694011000.360529,1.0261353203244572
8,0.6380540751812982,0.6450076433583426,1694011000.3863409,5.25425726741957e-05
9,0.6552484827997824,0.6545396213863091,1694011000.4381156,0.004834925661081034
10,0.6553693306360885,0.6534783817131753,1694011000.5182467,28673.63434471265
11,0.6553693306360885,0.6534783577693173,1694011000.5994875,41851.46911054167
12,0.6553456681226859,0.6534687083945538,1694011000.677159,997.9763664917951
13,0.6554005989573706,0.6535659683456451,1694011000.782899,994.4412889847644
14,0.6553693306360885,0.6534783817131753,1694011000.8621786,24571.466250552512
15,0.6553684855463241,0.6534780704430218,1694011000.9414384,168.0206613139461
16,0.6553693306360885,0.6534784296008913,1694011001.02059,5125.022306047935
17,0.6553693306360885,0.6534783577693173,1694011001.0990925,61991.098674067376
18,0.6553691193636474,0.6534771845202767,1694011001.178192,94.82452007574861
19,0.6553693306360885,0.6534784296008913,1694011001.270037,4579.376533401904
20,0.6553596121037982,0.6534820930111614,1694011001.3602364,19.082795196217635
21,0.6553693306360885,0.6534782380500276,1694011001.4658835,1869.2004455346132
22,0.6553693306360885,0.6534782859377435,1694011001.555865,1115.5380675138354
23,0.6553693306360885,0.6534783577693173,1694011001.6407797,88656.37347508657
24,0.6553674291841186,0.6534821648427354,1694011001.7252965,6209.959482219188
25,0.6553691193636474,0.6534783577693174,1694011001.808922,482.73743440403837
26,0.6553946833290198,0.6535648190404624,1694011001.9248261,9509.001142418574
27,0.6554012327746938,0.6535647232650305,1694011002.0427449,11780.332877481329
28,0.6553674291841186,0.6534820930111613,1694011002.1248055,11990.321327605036
29,0.6553693306360885,0.6534783577693173,1694011002.2052708,76030.58756683278
30,0.6553737673573514,0.6535450414137757,1694011002.3005483,2800.3256918691945
31,0.6553693306360885,0.6534783817131753,1694011002.3898618,12830.654602125558
32,0.6553541190203297,0.6534840324636573,1694011002.4805598,11978.922902161068
33,0.6553693306360885,0.6534785014324652,1694011002.5837123,2727.6903974464703
34,0.6553674291841186,0.6534820930111613,1694011002.6686203,96061.94106939275
35,0.6553674291841186,0.6534818775164396,1694011002.7536395,465.9773194092048
36,0.6553693306360885,0.6534783817131753,1694011002.8374496,13992.702567209422
37,0.6553693306360885,0.6534784296008913,1694011002.9222758,5400.625209012291
38,0.6553653164597077,0.6534776394535782,1694011003.0102086,35.52194817260958
39,0.6553691193636474,0.6534783098816014,1694011003.0933504,569.0654164560099
40,0.6553758800817624,0.6535652021421899,1694011003.1922119,29143.24175824304
41,0.6553693306360885,0.6534783098816015,1694011003.2716992,920.0445795271887
42,0.6553684855463241,0.6534781183307377,1694011003.3521533,170.42448190590179
43,0.6553851760691706,0.6535619936652214,1694011003.4534318,2139.11467250972
44,0.6553693306360885,0.6534783817131753,1694011003.5406868,18676.13857966568
45,0.6553674291841186,0.653481614134002,1694011003.6303408,2207.4577759786125
46,0.6553693306360885,0.6534784296008913,1694011003.7243648,7241.450140102806
47,0.6553693306360885,0.6534783817131753,1694011003.8141098,28772.09936864988
48,0.6553693306360885,0.6534783817131753,1694011003.9003825,33154.489703451276
49,0.6553693306360885,0.6534782380500276,1694011003.984622,1792.7589117427797
50,0.6553695419085296,0.6534784774886073,1694011004.0696886,388.2430173038238
51,0.6553693306360885,0.6534784296008913,1694011004.154543,4502.334698372111
52,0.6553674291841186,0.6534818535725817,1694011004.2424464,1263.8766904427316
53,0.6553686968187652,0.6534768253624071,1694011004.394658,70.163440285881
54,0.6553522175683598,0.6534859479722952,1694011004.4779248,9.888955174646329
55,0.6553680630014419,0.653478692983329,1694011004.6280675,267.07174683876684
56,0.6553693306360885,0.6534783577693173,1694011004.709264,44668.02685188488
57,0.6553693306360885,0.6534782859377435,1694011004.7907305,859.4232490971541
58,0.6553693306360885,0.6534783817131753,1694011004.8720372,8956.3979807312
59,0.6553689080912063,0.6534776394535782,1694011004.954711,153.69404202035116
60,0.6553543302927708,0.6534844395092428,1694011005.0385783,2273.7203295835598
61,0.6553674291841186,0.6534820930111613,1694011005.1312516,24804.73395534701
62,0.6553452455778037,0.6534687083945537,1694011005.2241087,44188.58290990096
63,0.6554101062172197,0.6535646514334565,1694011005.3417306,95011.15541129757
64,0.6553693306360885,0.6534784774886073,1694011005.4270358,93720.32423448582
65,0.6553693306360885,0.6534784296008913,1694011005.5109036,4056.6357215046996
66,0.6553765138990857,0.6535654176369117,1694011005.6172216,15433.792580705636
67,0.6553693306360885,0.6534784296008913,1694011005.704311,7809.7052549172695
68,0.6553693306360885,0.6534784296008913,1694011005.7973802,3562.0308691668097
69,0.6553693306360885,0.6534783577693173,1694011005.8822296,58284.25121565586
70,0.6553693306360885,0.6534783817131753,1694011005.9626093,9145.196558034939
71,0.6553693306360885,0.6534783817131753,1694011006.042485,26341.068265995033
72,0.6553693306360885,0.6534783817131753,1694011006.1230102,11743.99769302939
73,0.6553693306360885,0.6534784296008913,1694011006.2031772,15300.277177505997
74,0.6553693306360885,0.6534783577693173,1694011006.2879817,45520.73886604845
75,0.6553693306360885,0.6534783338254595,1694011006.3685243,835.5271307113766
76,0.6553917255148445,0.6535688176647441,1694011006.4697711,17374.159555888757
77,0.6553693306360885,0.6534783577693173,1694011006.5506964,96744.32603721025
78,0.6553693306360885,0.6534782380500276,1694011006.631938,1584.4914580068348
79,0.6553693306360885,0.6534784774886072,1694011006.7162695,4774.574399150589
80,0.6553674291841186,0.653482500056747,1694011006.8077817,19405.445418150914
81,0.6553693306360885,0.6534784296008913,1694011006.8978786,20273.39284303412
82,0.6553674291841186,0.6534815423024279,1694011006.9854937,6689.692057693711
83,0.6553452455778037,0.6534687083945537,1694011007.065818,56665.617678348055
84,0.6553693306360885,0.6534785014324652,1694011007.14633,2894.5637471869622
85,0.6553693306360885,0.6534783817131753,1694011007.2280254,16082.115654683797
86,0.6553758800817624,0.6535653218614799,1694011007.3276145,41415.83022557719
87,0.6553456681226859,0.6534684450121161,1694011007.4061875,1686.4852255222427
88,0.6553693306360885,0.6534784296008913,1694011007.4859505,7352.023009366932
89,0.6553693306360885,0.6534784296008913,1694011007.5655613,3355.7260922737314
90,0.6553693306360885,0.6534781422745957,1694011007.6475554,707.0165186281613
91,0.6553693306360885,0.6534783817131753,1694011007.7355955,31894.378723694874
92,0.6553813731652309,0.6535629753633984,1694011007.8481777,11360.945347197805
93,0.6553834858896418,0.6535636457914216,1694011007.963847,10464.934284261728
94,0.6553716546329404,0.6535539485289421,1694011008.0787575,1395.3701281750148
95,0.6553693306360885,0.6534783577693173,1694011008.1630685,66484.54330110663
96,0.6553693306360885,0.6534784296008913,1694011008.2480614,5563.448525085597
97,0.6553674291841186,0.6534820930111613,1694011008.3351657,10464.725681022688
98,0.6553693306360885,0.6534782141061696,1694011008.4221604,2371.6659738839035
99,0.6553551753825351,0.6534841761268052,1694011008.5084143,26343.771521252922
100,0.6554010215022527,0.6535646753773144,1694011008.6125438,10717.123291226248
101,0.6553693306360885,0.6534783817131753,1694011008.6947072,11662.729998370638
102,0.6553693306360885,0.6534784296008913,1694011008.783345,4258.392289997979
103,0.6553693306360885,0.6534783577693173,1694011008.878206,62879.49516349497
104,0.6553693306360885,0.6534783817131753,1694011008.97528,20640.375177056536
105,0.6553693306360885,0.6534784296008913,1694011009.0698898,7331.057167229071
106,0.6553562317447407,0.6534846789478226,1694011009.153173,322.9814135266622
107,0.6553541190203297,0.6534841042952312,1694011009.2363038,35282.03808453915
108,0.6553997538676062,0.6535646035457405,1694011009.3536143,1295.6668333697753
109,0.6553693306360885,0.6534783098816015,1694011009.4398239,1045.9442269375943
110,0.6553693306360885,0.6534784774886073,1694011009.5255756,10968.33067589634
111,0.6553674291841186,0.653481614134002,1694011009.6078486,2479.422640415047
112,0.6553693306360885,0.6534784296008913,1694011009.6873894,3724.8611483159016
113,0.6553693306360885,0.6534783577693174,1694011009.7681072,461.7621896287997
114,0.6553693306360885,0.6534782141061695,1694011009.8530684,677.0076971776618
115,0.6553693306360885,0.6534783817131753,1694011009.934633,16930.312949587507
116,0.6553543302927708,0.6534844395092428,1694011010.022238,5384.859952118819
117,0.6553693306360885,0.6534782380500276,1694011010.1132455,1578.888867215123
118,0.6553452455778037,0.6534687083945537,1694011010.2078834,42771.22836135657
119,0.6553693306360885,0.6534783577693173,1694011010.3012068,93405.57568098605
120,0.6553693306360885,0.6534784296008913,1694011010.3872602,8274.813456447711
121,0.6553217943368422,0.6535529907746231,1694011010.479563,14347.871100552684
122,0.6553693306360885,0.6534783817131753,1694011010.5649512,21207.856930474652
123,0.6553693306360885,0.6534784056570333,1694011010.6514606,35441.586173824624
124,0.6553452455778037,0.6534687083945537,1694011010.7391336,13358.007990240183
125,0.6553543302927708,0.6534843197899529,1694011010.8188004,3084.024201903167
126,0.6553693306360885,0.6534784296008913,1694011010.9002314,5905.512466499619
127,0.6553693306360885,0.6534783577693173,1694011010.9803138,51675.74693267473
128,0.6553693306360885,0.6534784056570333,1694011011.0622566,25058.26389121322
129,0.6553693306360885,0.6534782619938855,1694011011.154512,1302.711383252311
130,0.6553693306360885,0.6534783817131753,1694011011.2453077,9438.792106728411
131,0.6553452455778037,0.6534688760015596,1694011011.338567,26711.757305932613
132,0.6553693306360885,0.6534783817131753,1694011011.4400153,15157.465416921406
133,0.6553693306360885,0.6534783577693173,1694011011.525826,70519.48900219265
134,0.6553693306360885,0.6534782380500275,1694011011.611678,2277.2577213469685
135,0.6553693306360885,0.6534784296008913,1694011011.6978254,4264.172409981267
136,0.6553693306360885,0.6534783817131753,1694011011.7848697,42407.090085609125
137,0.6553796829857021,0.6535630950826882,1694011011.8991878,6752.949171453684
138,0.6553693306360885,0.6534784296008913,1694011011.9859877,6804.20999297706
139,0.6553746124471158,0.6535450653576336,1694011012.079016,298.626751556051
140,0.6553735560849103,0.6535448738067697,1694011012.170339,1934.311600758576
141,0.6553674291841186,0.6534820930111613,1694011012.2546055,20229.231968827517
142,0.6553452455778037,0.6534681816296783,1694011012.3452938,10485.58445043558
143,0.6553843309794063,0.6535677641349932,1694011012.4681885,967.1991024429085
144,0.6553944720565787,0.653579185355247,1694011012.5873966,623.7356659545032
145,0.6553691193636474,0.6534783577693173,1694011012.6695273,543.9229105661863
146,0.6553674291841186,0.6534818056848657,1694011012.7518275,946.4586414413307
147,0.6553684855463241,0.6534781183307377,1694011012.8346312,170.98795369320214
148,0.6553693306360885,0.6534782859377435,1694011012.9167736,726.7213173262894
149,0.6553758800817624,0.6535656810193493,1694011013.0170977,1238.2146403580045
150,0.6553693306360885,0.6534784296008913,1694011013.098053,3228.0146304883247
151,0.655368274273883,0.6534786929833291,1694011013.1870432,272.4126224901421
152,0.6553693306360885,0.6534784296008913,1694011013.2786393,5922.773456419286
153,0.6553245408785764,0.6535377385370935,1694011013.380877,478.36826297304646
154,0.6553693306360885,0.6534782380500275,1694011013.4764926,2063.819985620147
155,0.6553674291841186,0.6534815423024279,1694011013.5630913,4007.5740013259606
156,0.6553693306360885,0.6534783817131753,1694011013.6491294,13593.557374139511
157,0.6553693306360885,0.6534782619938855,1694011013.7351613,1334.9194527675158
158,0.6553697531809706,0.6534846310601066,1694011013.824845,94.47709352480801
159,0.6553693306360885,0.6534783817131753,1694011013.913708,8801.87400881711
160,0.6553693306360885,0.6534783577693173,1694011013.9964511,91848.9430566512
161,0.6553693306360885,0.6534783817131753,1694011014.07792,30558.1374304156
162,0.6553693306360885,0.6534783577693173,1694011014.1587207,57607.29731374622
163,0.6553693306360885,0.6534783817131753,1694011014.241176,18280.877331814714
164,0.6553541190203297,0.6534917902736409,1694011014.389359,5.696952017892216
165,0.6553674291841186,0.6534820930111613,1694011014.4778743,34293.85809974961
166,0.6553693306360885,0.6534784296008913,1694011014.6467023,7417.470299872988
167,0.6553693306360885,0.6534785014324652,1694011014.7445762,2709.291935869592
168,0.6553693306360885,0.6534783098816015,1694011014.8337553,864.1504987887228
169,0.6553693306360885,0.6534784296008913,1694011014.920213,4655.1307570229865
170,0.6553693306360885,0.6534783817131753,1694011015.0064156,20303.394909940194
171,0.6553693306360885,0.6534783817131753,1694011015.0930233,43019.68091474777
172,0.6553693306360885,0.6534784774886073,1694011015.179361,10666.396029753168
173,0.6553693306360885,0.6534783577693173,1694011015.264929,54849.35874921264
174,0.6553693306360885,0.6534783577693173,1694011015.3485005,99388.27366892301
175,0.6553452455778037,0.6534688760015596,1694011015.4299426,28667.58218327615
176,0.6553693306360885,0.6534783817131753,1694011015.5140011,16751.448628117512
177,0.6553693306360885,0.6534784774886073,1694011015.6032548,397.4611352861476
178,0.655368274273883,0.6534758915519461,1694011015.6964843,59.40123976398622
179,0.655388345155787,0.653566135952651,1694011015.8377168,32373.09846928147
180,0.655202847952506,0.6533346227898982,1694011015.9238791,0.17045602543377605
181,0.6553760913542035,0.6535655852439175,1694011016.0304346,38278.9860566009
182,0.6553693306360885,0.6534783817131753,1694011016.1160345,25499.283948314966
183,0.6554094723998964,0.6535648190404624,1694011016.223135,11704.741723330024
184,0.6553693306360885,0.6534783817131753,1694011016.312794,8982.382899346807
185,0.6553693306360885,0.6534783817131753,1694011016.3966236,15443.016747789572
186,0.6553693306360885,0.6534784296008913,1694011016.4778452,5218.526136785393
187,0.6553693306360885,0.6534782380500276,1694011016.558513,1710.0917175807772
188,0.6553693306360885,0.6534783817131753,1694011016.640853,11844.070328675121
189,0.6553693306360885,0.6534783577693173,1694011016.7240403,57067.76872841445
190,0.6553693306360885,0.6534782619938855,1694011016.8056133,618.799327093424
191,0.6553693306360885,0.6534783817131753,1694011016.8865519,34636.21660810867
192,0.6553693306360885,0.6534783817131753,1694011016.9763677,21510.087921809707
193,0.6553693306360885,0.6534784296008913,1694011017.0698898,8261.12931172975
194,0.6553450343053626,0.6534681576858203,1694011017.1649866,3294.737637675717
195,0.6553693306360885,0.6534783817131753,1694011017.2579463,12730.663317797565
196,0.6553693306360885,0.6534784296008913,1694011017.3446224,37333.86169553773
197,0.6553545415652119,0.653484271902237,1694011017.4268909,5904.488757763549
198,0.6553541190203297,0.6534839606320834,1694011017.5093954,65733.83912012764
199,0.6553674291841186,0.6534780464991637,1694011017.596865,196.11447180396237
200,0.6553739786297925,0.6535447301436219,1694011017.698993,1178.2143352953703
201,0.6553693306360885,0.6534783817131753,1694011017.7854166,23455.832803719386
202,0.6553693306360885,0.6534783817131753,1694011017.8684838,40113.857316910035
203,0.6553251746958997,0.6535389596738501,1694011017.9544683,16569.30018073565
204,0.6553693306360885,0.6534783577693173,1694011018.0368617,64842.80168864737
205,0.6553452455778037,0.6534688760015596,1694011018.1171577,27228.083941288492
206,0.6553693306360885,0.6534783817131753,1694011018.199208,98122.72482977765
207,0.6553693306360885,0.6534783817131753,1694011018.2813253,13044.415978062782
208,0.6553693306360885,0.6534784296008913,1694011018.3626869,6788.6460205716485
209,0.6553693306360885,0.6534783577693173,1694011018.4502032,41380.17425216571
210,0.6553693306360885,0.6534783098816015,1694011018.5411484,2348.4900035111177
211,0.6553693306360885,0.6534783098816015,1694011018.6334128,920.6475838677392
212,0.6553693306360885,0.6534782380500276,1694011018.725471,1399.3435918173352
213,0.6553439779431571,0.6534688041699858,1694011018.8074913,342.9240600189132
214,0.6553693306360885,0.6534782619938855,1694011018.8933225,612.5335859298747
215,0.6553452455778037,0.6534683013489682,1694011018.9770424,3120.7348595729777
216,0.6553693306360885,0.6534782380500276,1694011019.067866,1458.3631148199845
217,0.6553693306360885,0.6534783817131753,1694011019.1641216,20302.928848783613
218,0.6553693306360885,0.6534783098816015,1694011019.2621958,940.3009624530314
219,0.6553644713699432,0.6535547626201132,1694011019.3773487,4932.872274911431
220,0.6553693306360885,0.6534783817131753,1694011019.4631984,10370.016734530293
221,0.6553693306360885,0.6534782619938855,1694011019.5496302,598.8990440143164
222,0.6553691193636474,0.6534783817131753,1694011019.6369014,524.814976241218
223,0.6553695419085296,0.6534786211517551,1694011019.727703,297.6592459364952
224,0.6553693306360885,0.6534783098816015,1694011019.8122365,1026.5807718588353
225,0.6553693306360885,0.6534783577693173,1694011019.8965797,48685.90752376019
226,0.6553693306360885,0.6534782380500275,1694011019.9796464,1951.9944075907558
227,0.6553648939148254,0.6534791479166306,1694011020.0704453,24.620987625855815
228,0.6553693306360885,0.6534783817131753,1694011020.1624103,25362.0536535709
229,0.6553693306360885,0.6534784296008913,1694011020.2579944,8244.213185975168
230,0.655381584437672,0.6535635739598478,1694011020.3810222,15056.812149723122
231,0.6553803168030253,0.6535655134123437,1694011020.4880161,16886.582721566847
232,0.6553693306360885,0.6534783817131753,1694011020.5742972,16220.02952686839
233,0.6553693306360885,0.6534783817131753,1694011020.66067,17881.11031286486
234,0.6553693306360885,0.6534783817131753,1694011020.7486331,10287.112409347497
235,0.6553693306360885,0.6534783817131753,1694011020.8361394,32959.69096282498
236,0.6553693306360885,0.6534783817131753,1694011020.9197402,14206.071037401767
237,0.6553693306360885,0.6534784296008913,1694011021.002139,6520.357160275113
238,0.6553674291841186,0.6534821887865933,1694011021.0855432,64028.91971420305
239,0.6553452455778037,0.6534687083945537,1694011021.1677046,31847.369771569996
240,0.6553853873416117,0.6535634063528419,1694011021.2827976,4301.029300414702
241,0.6553693306360885,0.6534784296008913,1694011021.37601,5399.184165429679
242,0.6553693306360885,0.6534784296008913,1694011021.482897,3347.61011020562
243,0.6553693306360885,0.6534784296008913,1694011021.5708628,8785.111142225602
244,0.6553693306360885,0.6534784296008913,1694011021.657187,21225.65645858081
245,0.6553693306360885,0.6534783817131753,1694011021.7438896,12303.685151756361
246,0.6553693306360885,0.6534784296008913,1694011021.8304515,3789.1503249617194
247,0.6488467165621749,0.6523812980846542,1694011021.8764317,0.00042302863082593526
248,0.6553693306360885,0.6534782380500275,1694011021.9660218,2091.2417846535673
249,0.6553693306360885,0.6534784056570333,1694011022.0524518,49688.61551494927
250,0.6553241183336942,0.653518607394572,1694011022.1365142,0.7916281578828435
251,0.6553693306360885,0.6534783817131753,1694011022.2190328,25596.75845966624
252,0.6553760913542035,0.6535655852439175,1694011022.3196962,12748.039780035857
253,0.6553693306360885,0.6534783817131753,1694011022.4055223,13298.936422693945
254,0.6553693306360885,0.6534784296008913,1694011022.4869914,7845.592940709088
255,0.6553693306360885,0.6534783817131753,1694011022.5679796,15318.957198983386
256,0.6553693306360885,0.6534784296008913,1694011022.6503325,5150.545159293421
257,0.6553693306360885,0.6534783577693173,1694011022.7376738,99059.42606110453
258,0.6553803168030254,0.6535656570754914,1694011022.8514683,36102.29540552129
259,0.6553693306360885,0.6534783817131753,1694011022.9487176,32133.75550654694
260,0.6553693306360885,0.6534783817131753,1694011023.042231,9707.745900589956
261,0.6553693306360885,0.6534775915658622,1694011023.1290808,107.26167610706122
262,0.655368485546324,0.6534784535447493,1694011023.2158358,19027.98325182575
263,0.6553555979274174,0.6534842000706631,1694011023.299164,6591.524099893047
264,0.6553532739305652,0.6534836254180718,1694011023.3875136,11.04837765887578
265,0.6553606684660036,0.6535556245990002,1694011023.5086162,55750.814750511396
266,0.6553693306360885,0.6534783817131753,1694011023.5932739,23891.65307376908
267,0.6553667953667953,0.6534766338115432,1694011023.6766715,44.68235327876192
268,0.6553693306360885,0.6534783817131753,1694011023.7589333,11749.702990943857
269,0.6553693306360885,0.6534784296008913,1694011023.8405552,4679.737308115764
270,0.6553693306360885,0.6534783817131753,1694011023.9223328,34183.0452829885
271,0.6553693306360885,0.6534783817131753,1694011024.0072126,19244.19573089631
272,0.6553798942581432,0.653566950043822,1694011024.1233447,2513.2045261530843
273,0.6553763026266446,0.653565106366758,1694011024.2339427,2430.753958721851
274,0.6554016553195761,0.6535605330898849,1694011024.3515086,2579.7391244048563
275,0.6553693306360885,0.6534782380500275,1694011024.4360943,2073.6408771905944
276,0.6553693306360885,0.6534785014324652,1694011024.518262,2766.674080923717
277,0.6553693306360885,0.6534782380500276,1694011024.601325,1411.4168973697601
278,0.6553693306360885,0.6534784296008913,1694011024.6843681,3680.6947591322223
279,0.6553693306360885,0.6534783338254595,1694011024.770839,805.4125347075012
280,0.6553693306360885,0.6534782380500275,1694011024.8651707,2209.8798281872337
281,0.6553693306360885,0.6534784296008913,1694011024.9574857,3149.5273209254888
282,0.6553693306360885,0.6534782380500276,1694011025.067783,1399.9172564261162
283,0.6553693306360885,0.6534784296008913,1694011025.155447,4470.76071451591
284,0.6553693306360885,0.6534784296008913,1694011025.2421844,6794.512761476061
285,0.6553693306360885,0.6534783098816015,1694011025.3290532,898.4194644590441
286,0.6553976411431952,0.6535656570754915,1694011025.4461834,454.1781904375192
287,0.6553693306360885,0.6534784296008913,1694011025.5371697,427.29915088935905
288,0.6553693306360885,0.6534782380500276,1694011025.6233296,1397.1441155202351
289,0.6553693306360885,0.6534783817131753,1694011025.7068305,514.448518534093
290,0.6553695419085296,0.6534786211517551,1694011025.7896786,302.5824639060532
291,0.6553997538676062,0.6535699669699269,1694011025.9079583,7941.561321407777
292,0.6553689080912063,0.6534776873412942,1694011025.999589,146.8994817751427
293,0.6553693306360885,0.6534783098816015,1694011026.094477,765.6814851524115
294,0.6553693306360885,0.6534784296008913,1694011026.189596,7836.88937076347
295,0.6551020709981038,0.6535348413302786,1694011026.2727678,0.029553787305153754
296,0.6553450343053626,0.6534683492366842,1694011026.3592057,4767.377890359979
297,0.6553448230329215,0.6535043847429354,1694011026.4468527,2.5376374785929237
298,0.6553693306360885,0.6534783098816015,1694011026.5334284,1040.0876511417166
299,0.6553693306360885,0.6534782380500275,1694011026.6246493,1896.2463296463202
300,0.6553693306360885,0.6534784296008913,1694011026.7096076,3219.352612391804
301,0.6553680630014419,0.653478669039471,1694011026.7929506,262.05701640275447
302,0.6553691193636474,0.6534770408571289,1694011026.876273,83.40941503793196
303,0.6367701725567663,0.6424486195934889,1694011026.9048817,2.949234104937389e-05
304,0.6553693306360885,0.6534783817131753,1694011026.9993322,9060.48792311527
305,0.6553674291841186,0.653476825362407,1694011027.0928748,39.25473646276818
306,0.6553555979274174,0.6534849902179762,1694011027.1896832,621.1934814551586
307,0.6553640488250612,0.6535522724588838,1694011027.3174143,5984.446192446699
308,0.6553674291841186,0.6534821648427354,1694011027.4056284,10487.274271944736
309,0.6553674291841186,0.6534780704430218,1694011027.4932594,190.32608765405402
310,0.6553536964754475,0.6534813746954222,1694011027.580789,14.144307458122794
311,0.6553674291841186,0.6534815423024279,1694011027.6706033,3964.7906044849587
312,0.6553813731652308,0.6535635260721318,1694011027.7775195,1293.6271153073294
313,0.6553744011746747,0.6535783712640757,1694011027.8890982,1417.730432649629
314,0.6553693306360885,0.6534783577693174,1694011027.9709926,471.4314822697198
315,0.6553693306360885,0.6534783098816015,1694011028.054157,849.2663239860071
316,0.6553693306360885,0.6534783098816015,1694011028.1511247,1072.2417673418158
317,0.6553693306360885,0.6534782380500275,1694011028.2440357,2232.0062309227437
318,0.6553803168030253,0.6535656091877755,1694011028.3642933,73587.97501276668
319,0.6553693306360885,0.6534783577693173,1694011028.454849,67381.99816715694
320,0.6553809506203486,0.6535632626896939,1694011028.5624475,70942.81414058489
321,0.6554008102298117,0.6535635021282737,1694011028.680918,54462.796579729176
322,0.6553693306360885,0.6534783577693173,1694011028.7701962,49409.799284902016
323,0.6553693306360885,0.6534783577693173,1694011028.8666735,77641.52824562351
324,0.6553693306360885,0.6534783577693173,1694011028.957764,40935.99066699722
325,0.655375034991998,0.6535672613139757,1694011029.0591247,85859.23986209999
326,0.6553513724785955,0.6534976325749866,1694011029.1419187,3.270594573755435
327,0.6553693306360885,0.6534783817131753,1694011029.2249064,26499.94077291213
328,0.6553562317447407,0.6534846310601067,1694011029.307832,402.6043238860751
329,0.6553566542896228,0.6534910001263278,1694011029.393165,6.833723108616733
330,0.6554050356786335,0.6535724810750141,1694011029.5055158,51979.90961743471
331,0.6553587670140337,0.653534458228551,1694011029.6069982,0.9711384049509777
332,0.6553693306360885,0.6534783577693173,1694011029.7006042,48904.568608891896
333,0.6553693306360885,0.6534783577693173,1694011029.8055222,73620.48097340159
334,0.6553693306360885,0.6534783817131753,1694011029.8908918,22649.690862700594
335,0.6543184615140839,0.6548143771565634,1694011029.9372177,0.0018688276142801593
336,0.6553598233762392,0.6534823324497412,1694011030.0204356,20.517451678125678
337,0.6551876363367471,0.6532998563081195,1694011030.1001647,0.11432563426288032
338,0.6553693306360885,0.6534783338254595,1694011030.1837373,807.9251612635718
339,0.6553693306360885,0.6534783577693173,1694011030.2684853,92251.81665237882
340,0.6553674291841186,0.6534765380361114,1694011030.3517334,38.0510831873554
341,0.6553693306360885,0.6534782380500276,1694011030.4377556,1546.261953075243
342,0.6553693306360885,0.6534783577693173,1694011030.5296602,47944.78206080359
343,0.655368274273883,0.653477831004442,1694011030.6270504,138.32056485820513
344,0.6553182027053436,0.653492700140244,1694011030.7244985,0.6318335556100416
345,0.6553693306360885,0.6534783817131753,1694011030.8149395,13285.859721969258
346,0.6553680630014419,0.6534781422745957,1694011030.902788,223.7626982333469
347,0.6553693306360885,0.6534783338254594,1694011030.9895468,569.1165683163331
348,0.6553693306360885,0.6534784296008913,1694011031.0780978,7611.203717997533
349,0.6553526401132421,0.6534982311714361,1694011031.1717463,4.207449496576714
350,0.6553693306360885,0.6534783817131753,1694011031.257799,26288.227269478677
351,0.6553691193636474,0.6534770648009868,1694011031.3431525,87.33648677130358
352,0.655399331322724,0.6535654176369117,1694011031.454794,3729.2192134701863
353,0.6553693306360885,0.6534784296008913,1694011031.5375056,6709.454600429262
354,0.6553450343053626,0.6534682534612521,1694011031.6194077,4416.404020812554
355,0.6554046131337513,0.6535714993768371,1694011031.7284446,3525.5705841124873
356,0.6553693306360885,0.6534784296008913,1694011031.82088,3334.461883183659
357,0.6553693306360885,0.6534782380500275,1694011031.918279,2209.400680069458
358,0.6553693306360885,0.6534784296008913,1694011032.0156615,4383.7657959383205
359,0.6553693306360885,0.6534783817131753,1694011032.1054137,11576.695347449977
360,0.6553555979274173,0.6534865944564605,1694011032.1947012,7.4358262229651135
361,0.655361302283327,0.6534804169411031,1694011032.2830129,22.34506288080354
362,0.6553693306360885,0.6534785253763232,1694011032.37056,2534.366977854772
363,0.6553672179116776,0.6535551936095567,1694011032.488221,1468.6220076131856
364,0.6553693306360885,0.6534783817131753,1694011032.5751624,8661.708979973995
365,0.6553693306360885,0.6534784296008913,1694011032.6590137,5237.42594245817
366,0.6553560204722995,0.6534837690812196,1694011032.7449458,12.423388313954431
367,0.6553693306360885,0.6534783817131753,1694011032.8333106,15156.527333304333
368,0.6553693306360885,0.6534784296008913,1694011032.9267418,3679.8753409589913
369,0.6553693306360885,0.6534782380500276,1694011033.0245278,1778.9907595896775
370,0.6553674291841186,0.6534818535725817,1694011033.1261013,1089.0178591334025
371,0.6553803168030253,0.6535655134123437,1694011033.2382312,19087.929103667248
372,0.6553693306360885,0.6534783817131753,1694011033.3259335,9074.463518229011
373,0.6553693306360885,0.6534784296008913,1694011033.4128563,5761.669711357206
374,0.6553543302927708,0.6534844155653848,1694011033.4971912,2524.25981747754
375,0.6553693306360885,0.6534783817131753,1694011033.5890045,14655.880703778694
376,0.6553674291841186,0.6534763225413897,1694011033.6757622,51.785057300803
377,0.6553266536029874,0.6535256708326744,1694011033.7616944,1.4941916379250986
378,0.6553693306360885,0.6534783817131753,1694011033.8443387,28900.363958360766
379,0.6553693306360885,0.6534784296008913,1694011033.9272785,3306.822413805748
380,0.6552539758832508,0.6534375095476135,1694011034.016771,0.33613149372542567
381,0.6410982997850303,0.6474991693875669,1694011034.0561805,9.725135789790524e-05
382,0.6553693306360885,0.6534782619938855,1694011034.149501,1197.5221589624289
383,0.6553693306360885,0.6534783817131753,1694011034.2481573,9317.542309395767
384,0.6553805280754665,0.6535657528509233,1694011034.3658237,45640.98619618859
385,0.6553693306360885,0.6534781183307377,1694011034.4533815,687.596442087786
386,0.6553695419085296,0.6534784056570333,1694011034.541913,357.0358788762079
387,0.6553693306360885,0.6534784296008913,1694011034.6298678,6038.518954801071
388,0.6553760913542035,0.6535654415807697,1694011034.738232,21344.257734039373
389,0.6553693306360885,0.6534782380500276,1694011034.8355386,1541.012834920511
390,0.6553693306360885,0.6534783817131753,1694011034.9202266,12535.589377137741
391,0.6553520062959187,0.6534947353681718,1694011035.0076215,5.322373822638513
392,0.6553693306360885,0.6534784296008913,1694011035.0907102,3555.788554810835
393,0.6553836971620829,0.6535638133984274,1694011035.1935675,35107.2045171973
394,0.6553245408785764,0.653515949626337,1694011035.2806485,1.617540565318327
395,0.6553541190203297,0.653484224014521,1694011035.3727953,34579.320560321845
396,0.6553851760691706,0.653562400710807,1694011035.4912586,43547.74300692883
397,0.6554092611274553,0.6535647950966044,1694011035.603165,44902.60852300225
398,0.6553693306360885,0.6534783577693173,1694011035.687291,52853.50940784589
399,0.6554005989573706,0.653566112008793,1694011035.8011935,58273.58462606422
