trial,score,test_score,time,alpha
0,0,0,1694008324.4149125,0
0,0.03804880350851825,0.06259965083662467,1694008324.4650278,1
1,0.038048625135212344,0.06259896383735586,1694008324.5344343,0.0006348876640641904
2,0.03804860195773918,0.06259890670933477,1694008324.606339,1.5658581420941057e-05
3,0.03804853492816007,0.06259885041652957,1694008324.6712217,0.4287313732190953
4,0.03805542637896664,0.06267748239954385,1694008324.7204266,177.55761053759562
5,0.038048634833204864,0.06259902709904663,1694008324.7692292,0.15923408837894695
6,0.0380488585357005,0.06259971633318018,1694008324.822248,0.7149422811540449
7,0.03804870802928362,0.06259916814556343,1694008324.8760676,1.3421719117853428e-05
8,0.03804878286649038,0.06259953743730151,1694008324.9278753,0.7476805328662185
9,0.02421287257383664,0.040661575760009616,1694008324.9588227,26185.840813869847
10,0.03683512615098394,0.061128802618697686,1694008325.001299,3220.704601507914
11,0.03806997227042186,0.06269194436226411,1694008325.0411868,199.3630651612772
12,0.03804864791175944,0.06259901978174354,1694008325.1044002,0.00012228148907789013
13,0.033274490223302866,0.0554975978257326,1694008325.1351454,8690.438746639922
14,0.036522218441021326,0.06066073779325554,1694008325.1683474,3728.5714577983103
15,0.03804860461839754,0.06259891335290724,1694008325.210686,0.00044757536648910363
16,0.03803926098433896,0.06261117593578347,1694008325.255171,21.05426758606844
17,0.03804864309182132,0.06259900788271877,1694008325.3056195,1.6026405531453374e-05
18,0.038048633755782824,0.06259898492878746,1694008325.3559248,0.00014701873709556002
19,0.038048697729465064,0.0625991462690777,1694008325.3979504,0.014577166560908163
20,0.0380486323440018,0.06259898151148535,1694008325.4450293,0.000379422487322441
21,0.038050084561564446,0.0627362910249718,1694008325.4821594,388.8623367497784
22,0.037732711098962035,0.06240869071847788,1694008325.5209246,1523.1882421844946
23,0.038048536370152264,0.06259875295415007,1694008325.5735958,0.02794119071128848
24,0.03804864412765385,0.06259901424992864,1694008325.6221259,0.015416577434030306
25,0.03804855392667017,0.06259878894275683,1694008325.6695852,0.0001308013781858418
26,0.03804868131467265,0.06259910214844477,1694008325.7180161,6.910849467096871e-05
27,0.03805299297709752,0.06266147960997537,1694008325.7632306,134.04769696322637
28,0.03805030415648569,0.06260555856383687,1694008325.8224506,9.895413859452425
29,0.03804862872438952,0.06259897251906166,1694008325.888437,3.603601805591931e-05
30,0.03804871445787428,0.06259933940008189,1694008325.958851,0.6280190485490139
31,0.03804864375357109,0.06259903528698285,1694008326.0290687,0.10393571458977267
32,0.036954594461793944,0.061307781475539946,1694008326.0799434,3018.4916267839867
33,0.038053153613473834,0.06266556211986984,1694008326.1438344,150.8314108568067
34,0.038050342698035644,0.06260580133998406,1694008326.183492,10.486740287511523
35,0.03804916486854615,0.06260112181616828,1694008326.2165656,3.340705676716867
36,0.022466577114602537,0.03777320969650122,1694008326.2413828,30975.90312942087
37,0.013586975127504064,0.02301813535439834,1694008326.2614982,73575.51379883377
38,0.03804860277901745,0.06259891470234769,1694008326.3006308,0.024018202190767054
39,0.03804843423064985,0.06259849761944702,1694008326.3484418,0.0025046485260774064
40,0.03793941153909519,0.06267364386002916,1694008326.39221,921.2076585979233
41,0.03804858933010624,0.06259887571143896,1694008326.4316058,4.3337545212307805e-05
42,0.03804868410036011,0.06259911993496714,1694008326.4796169,0.04427478184407499
43,0.038048249334569406,0.06259805075056524,1694008326.5268323,5.014504509954629e-05
44,0.038048720022227145,0.0625992016506205,1694008326.5745509,0.0156198576085965
45,0.038048599578552444,0.06259890087448616,1694008326.6321573,5.056219870758012e-05
46,0.03804865610722441,0.0625990419243635,1694008326.6694486,0.00799165397388074
47,0.03797422153618635,0.06270951597851127,1694008326.7126212,796.179945748874
48,0.031600043655834464,0.052779029785988585,1694008326.7567317,11324.087279621348
49,0.03796150739999471,0.06269681813236061,1694008326.7932115,843.7501262050494
50,0.03804933663301868,0.0626017459799948,1694008326.8340275,4.15132850406939
51,0.038051237380917424,0.06260900044529216,1694008326.8874478,14.460518011082804
52,0.038048806579522254,0.06259942264513108,1694008326.9358013,0.041194138236065894
53,0.03804863044845319,0.0625989768734887,1694008326.989895,0.00048772271852269973
54,0.03804845316221084,0.06259860145308493,1694008327.0571766,0.23036120236381216
55,0.03805954587626925,0.06271271808198287,1694008327.1055655,212.93809453194757
56,0.038048575589189504,0.0625988420019421,1694008327.1679683,4.254771471488399e-05
57,0.038048429442197995,0.06259848535830004,1694008327.2254796,1.6118691705001647e-05
58,0.038035295526978596,0.06275835738245839,1694008327.2739637,507.55214106633747
59,0.038048604738749936,0.06259891602300283,1694008327.3322246,0.009988955866157632
60,0.03805024250003597,0.06264808978443359,1694008327.3843997,102.71710021834264
61,0.03805949481758453,0.062714724724665,1694008327.4346235,222.16580214348429
62,0.026262018201787862,0.04403586584577002,1694008327.4760015,21332.72190366512
63,0.03804899725108524,0.0625999138683988,1694008327.5339673,0.10075911150241136
64,0.03804859968900498,0.06259891069911538,1694008327.5810502,0.03840424958678853
65,0.037879327405766494,0.0625881328046991,1694008327.6281176,1163.236200734621
66,0.03804479389447368,0.06276184453379607,1694008327.6777248,441.4799304337084
67,0.038040850895070144,0.06261691770641287,1694008327.7350123,33.585158262600345
68,0.03783132709737158,0.06253155347727457,1694008327.778216,1287.2584149834117
69,0.038052910135143,0.06261612536936123,1694008327.8354986,26.433129729289348
70,0.02043326498445952,0.034404282086909266,1694008327.8649473,37535.35505091751
71,0.03804868500350034,0.06259911662074213,1694008327.929362,0.021814447325924136
72,0.03805922107952042,0.06271859387709622,1694008327.9781556,241.28272468456976
73,0.022289423379603157,0.037479936266636815,1694008328.0131814,31501.63225929611
74,0.038048641817125084,0.06259901020800607,1694008328.064325,0.02206183039896205
75,0.038037506084651396,0.06260589394708904,1694008328.1166966,13.071335667903943
76,0.0380479615347199,0.06259738032772655,1694008328.169741,0.04536299035451808
77,0.03804866281675523,0.06259915889264045,1694008328.2173471,0.41248001728553063
78,0.03804862773713824,0.06259897009482263,1694008328.2701116,5.62367133326582e-05
79,0.038048573820850806,0.06259883765926189,1694008328.3186882,1.5611104215991285e-05
80,0.03804946700338718,0.06273659067989212,1694008328.361955,394.90685773583556
81,0.0380486225930583,0.06259904139650607,1694008328.4140022,0.33697031579184367
82,0.03805134383785669,0.0626098752940949,1694008328.4715643,16.917651585212116
83,0.0380589971463966,0.06272039275662611,1694008328.5277085,250.90838668715978
84,0.038048635717399915,0.06259902789169614,1694008328.5918689,0.153685998053228
85,0.03804867914256538,0.06259910848304961,1694008328.6456964,0.0474434486978184
86,0.038048672715127796,0.06259908102688638,1694008328.704038,0.0004901038407358202
87,0.03795465639162199,0.0626897701291913,1694008328.752919,868.4085013231114
88,0.03743825464278572,0.06201066398913324,1694008328.7949052,2139.8044474809044
89,0.038059512275556595,0.06271422923102254,1694008328.846391,219.85172273426218
90,0.0352751707336072,0.05870944640314624,1694008328.8745227,5661.686270297053
91,0.03805339313892242,0.06261827652894103,1694008328.9297264,30.238790752014246
92,0.038048353991399164,0.06264132080237039,1694008328.9791806,91.34015572715587
93,0.03804864981973144,0.0625990246628284,1694008329.025813,0.000851492452246564
94,0.03804026846291453,0.06276049284403984,1694008329.0619009,474.5941158306564
95,0.03804862549861121,0.06259897001652692,1694008329.0951202,0.021919414182255497
96,0.038048687760220856,0.06259917727892095,1694008329.1289485,0.2396580716924079
97,0.0380486412825769,0.06259900725059797,1694008329.1571155,0.01544195909111716
98,0.03804945380135416,0.06260220028021035,1694008329.178398,4.818331646791782
99,0.03804248801191368,0.06262157661082235,1694008329.1997766,38.629893811754755
100,0.03804956414005767,0.06260269049128997,1694008329.2192335,5.696202375138259
101,0.03804865119784162,0.06259903161152491,1694008329.2416549,0.015200992329757195
102,0.03804860014388811,0.0625989026271393,1694008329.2633107,0.0015136788846807228
103,0.037072650694506604,0.06148299177774974,1694008329.2763329,2814.396673021171
104,0.038048608361889835,0.06259892505428089,1694008329.2942274,0.01051106877853535
105,0.03804870466275745,0.06259921929577728,1694008329.3123333,0.24110527312321484
106,0.03804867263677081,0.06259908073280918,1694008329.3301644,8.20627127311518e-05
107,0.038048640894614905,0.06259900500301874,1694008329.3480804,0.010228023057594928
108,0.038048659582980315,0.06259904853328091,1694008329.3666036,7.193629399564365e-05
109,0.03804865529686985,0.0625990447221062,1694008329.3845422,0.0273610695222747
110,0.03805172439636062,0.06265625332883651,1694008329.4010158,123.88256181346529
111,0.016451673785725762,0.027790763088586967,1694008329.4098272,54913.934030695644
112,0.038037146870898875,0.06260727094629426,1694008329.4266531,17.87509673310837
113,0.038048684793322685,0.06259911193719447,1694008329.4453282,0.004932140069635886
114,0.03804156135321457,0.06261916655802857,1694008329.4627695,36.90524237390551
115,0.03803888687094692,0.06260987975088828,1694008329.4799454,18.61993634350016
116,0.03760393483535618,0.062239025913398915,1694008329.4943688,1805.1873883168246
117,0.03804897286871756,0.06260035889296123,1694008329.5130246,2.1724001242677873
118,0.03063894365630171,0.05121370653080659,1694008329.523509,12918.63559645422
119,0.03804861737495446,0.06259898015526677,1694008329.541454,0.1429014686609463
120,0.038048603032030615,0.0625989111493872,1694008329.5615838,0.007251814642841598
121,0.038048855977443785,0.06259991645876672,1694008329.5800157,1.549092730372825
122,0.0284939325015503,0.04770419032914075,1694008329.5902042,16768.81535748658
123,0.038055786171215744,0.06267718703697789,1694008329.606311,173.42536858793483
124,0.038048707827225914,0.06259938334473403,1694008329.6247866,0.8692206021001334
125,0.038048762018936255,0.06259953491248038,1694008329.6427698,0.9439815963678959
126,0.03805345680995087,0.06261855159761831,1694008329.660445,30.705910720587877
127,0.03804862306889112,0.06259903342412398,1694008329.678218,0.3004080758907032
128,0.03804901309791697,0.06260071788601362,1694008329.6962876,3.2091846742546695
129,0.017110142687368324,0.028886301377709533,1694008329.7056227,51493.45548891615
130,0.026371465589094423,0.044216066446836955,1694008329.7160528,21092.94350194713
131,0.03722027896677638,0.061699300028270176,1694008329.7281756,2551.8450719327457
132,0.038048639788837546,0.06259899979098149,1694008329.745782,0.00018641575370281205
133,0.03803521999105197,0.06259921049292172,1694008329.763129,3.6746083597049033
134,0.03804860402353849,0.06259892327308691,1694008329.7813911,0.04616067070630812
135,0.030520194958612912,0.051019946311451125,1694008329.7915058,13120.634656818054
136,0.03804863019280247,0.06259897952396731,1694008329.8094628,0.013702238767911986
137,0.02673575778915438,0.04481564157806894,1694008329.819878,20307.6291829232
138,0.038048567475519324,0.06259882270532613,1694008329.837798,0.0024180262564873446
139,0.038048622625481365,0.06259899728645757,1694008329.8561125,0.15992182913350547
140,0.019816107062349375,0.0333824439227659,1694008329.8649914,39776.49150282837
141,0.03805030227536266,0.06260533545187208,1694008329.8824759,9.012948813708455
142,0.02643039610627962,0.04431308078340068,1694008329.892419,20964.58243439724
143,0.03804896178231876,0.06260040025272473,1694008329.9102488,2.446261717081889
144,0.03804850473822108,0.062598669141532,1694008329.9291234,0.0019070789035921037
145,0.03805281958031037,0.06266127214522454,1694008329.945055,134.78116388054275
146,0.03804888164512199,0.06260000298112744,1694008329.9624991,1.6433683326496706
147,0.03804879436464004,0.0625996617708553,1694008329.980435,1.1343098051196585
148,0.03804860472851879,0.06259891356959801,1694008329.9980903,0.00023165684248586813
149,0.03804854892427134,0.06259877673348568,1694008330.016094,0.0002813161201217064
150,0.0269894340388932,0.04523295516980819,1694008330.0270495,19772.024662459542
151,0.020772051795420188,0.0349660332390076,1694008330.0370083,36356.54796556508
152,0.018366074634803997,0.03097431483741775,1694008330.0470998,45636.146644023254
153,0.038048604421272114,0.06259892217596041,1694008330.0656245,0.03783488453832774
154,0.03804856410206936,0.06259881384123989,1694008330.0840566,2.875425050142746e-05
155,0.038049194139020526,0.06260122384728539,1694008330.1023304,3.4615668903681054
156,0.03805939988114637,0.06271650438543297,1694008330.117882,230.725033555563
157,0.038041125261187414,0.06261694951584273,1694008330.136769,30.231850531198603
158,0.03804864819558662,0.06259902045905619,1694008330.1553273,3.383206380169175e-05
159,0.038048589203660166,0.06259887592187618,1694008330.1747472,0.002132201901373023
160,0.03805058270558637,0.06265146745722638,1694008330.1939485,114.50978157266631
161,0.0380485735796261,0.06259883707278568,1694008330.2169476,3.5550713471251524e-05
162,0.037013507228297104,0.06139543824123417,1694008330.232758,2917.2239571949335
163,0.01307346478869098,0.022161532869113265,1694008330.2449703,77769.9134793196
164,0.038048598312085735,0.06259889850012101,1694008330.266305,0.0030060515563237102
165,0.03804862826085842,0.06259897137839043,1694008330.2875302,3.47658654269607e-05
166,0.01513134235368796,0.02559236243408536,1694008330.2971199,62651.73224126351
167,0.03804091497227435,0.06276072506660957,1694008330.3115325,470.070336473448
168,0.03804861743430843,0.0625990315985322,1694008330.330278,0.3483196708235564
169,0.03804877155191111,0.06259947451726822,1694008330.348948,0.606130869040935
170,0.029846331372812007,0.04991912948937194,1694008330.359866,14289.928012795444
171,0.03804863709754103,0.0625990020890117,1694008330.378527,0.03616602670332789
172,0.03804860084998263,0.06259890399315793,1694008330.3974435,3.40250120585107e-05
173,0.038050966688121024,0.06260816399816305,1694008330.416535,13.794415152185922
174,0.03804830519520663,0.06259818838119924,1694008330.435536,0.01334896495199865
175,0.03804468602979061,0.06262741957514228,1694008330.4525638,65.40190974690795
176,0.022745231024246304,0.038234417315698654,1694008330.4637895,30164.789396566932
177,0.038048575221708236,0.06259885116749564,1694008330.4836981,0.04034584204974003
178,0.038048644082000815,0.06259901104862142,1694008330.5032778,0.002951083699104892
179,0.03804829076359051,0.06259815022794513,1694008330.5229325,3.384688307177177e-05
180,0.037472327394305505,0.0620583514284625,1694008330.5376217,2073.000444919916
181,0.038048634887990596,0.06259898769428529,1694008330.557276,6.078523179580126e-05
182,0.021719959562755298,0.036536881938485144,1694008330.5685222,33247.179101404276
183,0.03805094755936578,0.06265251334405608,1694008330.5861506,115.20631309386022
184,0.030566617745271474,0.05109570211865966,1694008330.598365,13041.527686337946
185,0.03778763960271003,0.06247807200582012,1694008330.6134346,1394.4685026490372
186,0.03804869169057934,0.06259912795541134,1694008330.6338096,0.0008076368542323691
187,0.038048603594640795,0.0625989108693864,1694008330.6540637,0.0005741624907985438
188,0.01946859138913315,0.032805563912424285,1694008330.664789,41103.397174229984
189,0.03804885178428996,0.06259952722534257,1694008330.6847477,0.008135415864832839
190,0.03797174976491158,0.06270708956882809,1694008330.7000933,805.6293129937931
191,0.03804860672966115,0.06259891855565924,1694008330.7200348,0.0005103892026824876
192,0.03804865570934024,0.06259904138977046,1694008330.7401137,0.009792696681976434
193,0.03804432722704709,0.0626285166369861,1694008330.759628,54.312705523752975
194,0.03804859767844171,0.06259889695497911,1694008330.7788336,0.0030492766098979772
195,0.038055133876521374,0.06273170913101012,1694008330.7942233,330.11988992661963
196,0.03492218503030986,0.05813762585217386,1694008330.8061264,6202.412275900745
197,0.038048596519174804,0.06259889733120383,1694008330.8251324,0.015985436398104076
198,0.03804863406868486,0.06259898807025077,1694008330.8504162,0.009706859949209574
199,0.038048442159513085,0.06259851625371604,1694008330.8731318,1.8937672753150163e-05
200,0.038048625108443535,0.06259900551958797,1694008330.8937547,0.1684999384096856
201,0.03804854395738844,0.06259876451847135,1694008330.9130163,4.5130051290910514e-05
202,0.038049521752024584,0.0626025572011526,1694008330.9321902,5.5790395224647495
203,0.03804618307769014,0.06263300383991266,1694008330.9491217,75.74648228233967
204,0.038049420110025545,0.06260211793020054,1694008330.9680254,4.820125092813995
205,0.03803632823016734,0.0626027753344125,1694008330.9862962,10.89595933986474
206,0.038050304425211845,0.06260556530248962,1694008331.0054996,9.919757203321776
207,0.03203202353870849,0.05348066358117154,1694008331.0159829,10628.556613947223
208,0.03804897884990288,0.06260034140341442,1694008331.033724,2.04312086578701
209,0.036283100782852906,0.060291773083350986,1694008331.045237,4110.804981467653
210,0.03804883701482742,0.06259949644800811,1694008331.0629268,0.03309146078649716
211,0.03804860142458022,0.06259890545932445,1694008331.0806682,0.00025483486922625825
212,0.0380486083552084,0.06259892283467205,1694008331.098282,0.0016548967777851378
213,0.03795793570737038,0.06269316043310258,1694008331.1117198,856.6839342620735
214,0.038048628483376534,0.06259897240876755,1694008331.1292133,0.0019807845429049673
215,0.038031424724681795,0.06275634006216169,1694008331.1425982,531.3460717534746
216,0.03200294088569178,0.05343346934262072,1694008331.1524951,10675.01085729129
217,0.03803501982113844,0.06259861359338659,1694008331.1692314,2.778893563054253
218,0.03804844665705076,0.06259852724998427,1694008331.186594,0.00027053696252211587
219,0.03805155782222458,0.06261046752480381,1694008331.2039993,17.17774037740415
220,0.0380486513784255,0.0625990437423386,1694008331.2214038,0.06236944563256726
221,0.031098658805200463,0.05196310868805143,1694008331.2312112,12147.290805665458
222,0.0380487490186604,0.06259927006397925,1694008331.2487996,0.0017233949043786432
223,0.03804860665988408,0.06259891880531188,1694008331.2678406,0.0022023438167126748
224,0.03804871281329247,0.06259934487183882,1694008331.2860332,0.666209706294719
225,0.0380487481400833,0.06259948042157393,1694008331.3043134,0.8620721667864731
226,0.03804863103355749,0.06259897837958184,1694008331.322552,0.0007544963500728127
227,0.03804861188257114,0.0625989448697124,1694008331.3406277,0.05538034841483634
228,0.0380433658515702,0.06262521751688666,1694008331.358048,48.051862168461334
229,0.03804867052381733,0.06259920143589948,1694008331.3761208,0.507224814690601
230,0.038048567936394884,0.06259882324019761,1694008331.3942835,3.955462552649953e-05
231,0.03804864906603189,0.06259905787092246,1694008331.4124742,0.14225749472273583
232,0.038048599007145745,0.06259893534484895,1694008331.4306676,0.14391151950992218
233,0.038048657997509006,0.06259911885754577,1694008331.4488087,0.2992593796178364
234,0.03804884247116758,0.06259950202762354,1694008331.4669933,1.731402499290593e-05
235,0.03804856256996225,0.06259881145411805,1694008331.4852228,0.005494446109165089
236,0.022149136699402328,0.0372476615062558,1694008331.494983,31923.658462033392
237,0.034549247722848064,0.05754410006546162,1694008331.5061872,6761.883481967983
238,0.0244711200100729,0.041088313170374424,1694008331.5165274,25532.299120081094
239,0.03805016482032564,0.06273624856026372,1694008331.531177,388.06192727018475
240,0.03804866355577652,0.06259911250599803,1694008331.549799,0.2187361812743018
241,0.025216515220207736,0.0423194403382362,1694008331.5607083,23716.021955457865
242,0.03804857126447969,0.0625988339244894,1694008331.5791936,0.010153382398876141
243,0.038050104852914934,0.06260473329025984,1694008331.597269,8.553790236257456
244,0.038049915719671645,0.0626040019098627,1694008331.6161351,7.487593144241449
245,0.0380483885893218,0.06259845164840705,1694008331.636121,0.2555876331000298
246,0.03804866968702603,0.06259907422260613,1694008331.6568635,0.0031892028411065845
247,0.03804860286804368,0.06259891396411799,1694008331.6777182,0.020175350515854045
248,0.038039251155739695,0.06261178186791627,1694008331.6973965,26.865363328645337
249,0.038048768837904645,0.0625993205042572,1694008331.718466,0.006921749369319475
250,0.03804869374586339,0.06259913997478794,1694008331.7411258,0.028970576634869696
251,0.03804858569142,0.06259887544132381,1694008331.763483,0.03475572272268612
252,0.03804840812126831,0.06259843812465216,1694008331.7843692,0.01770348241449372
253,0.037544192841240887,0.0621577663947801,1694008331.802075,1928.8645544680812
254,0.03804907211760655,0.06260077659508911,1694008331.8250895,2.869811361801897
255,0.03804890281964224,0.06259965279997182,1694008331.8477342,1.5265075066557737e-05
256,0.03805872077392858,0.06272209159015951,1694008331.8652546,260.4871508351848
257,0.038048782156169136,0.06259961108759182,1694008331.8852224,1.051230203492874
258,0.03801602996211595,0.06274621069566177,1694008331.9010148,615.081006013082
259,0.03804875550692377,0.06259950356350652,1694008331.921549,0.8823407860350919
260,0.038048641033311625,0.06259900599045365,1694008331.942615,0.012834457903981118
261,0.037264634981963085,0.06176357807601873,1694008331.95779,2471.064639207565
262,0.038048602392323216,0.06259890790775191,1694008331.9785674,0.000541315205733766
263,0.03804858308195247,0.06259886188169528,1694008331.9995615,0.006064090830161575
264,0.038048802091259715,0.06259957163418162,1694008332.0203602,0.6941907549867083
265,0.03637224792069127,0.060429714496925135,1694008332.03485,3969.2811313800803
266,0.03804851387800168,0.06259869101111248,1694008332.0554368,0.00014194503902240375
267,0.03804866685162667,0.06259907246460772,1694008332.0762885,0.024371637157079656
268,0.03804896399800173,0.06260031927657661,1694008332.096866,2.1008826334422124
269,0.03804400804152641,0.06262491987690766,1694008332.1152585,60.7429093465797
270,0.03804857262643724,0.06259883475500372,1694008332.1361582,0.00011270435356815766
271,0.0380530314541655,0.06273420269072338,1694008332.1531792,357.1382179423636
272,0.03804922903156627,0.06260137119125986,1694008332.1735795,3.7086082103886673
273,0.03804884644427908,0.06259987682942347,1694008332.1943033,1.4840344839299484
274,0.03804861542910032,0.062598955820108,1694008332.2149298,0.06437312858861027
275,0.03804860857972314,0.06259892646011711,1694008332.2361674,0.014011066724456055
276,0.033703781096159235,0.05618928643452881,1694008332.2515986,8036.116199816655
277,0.012103367722294922,0.020542400169064168,1694008332.2648325,86649.22723413997
278,0.038048750300850864,0.0625992729595306,1694008332.2861526,0.0005651303709387704
279,0.03804859347345291,0.06259888619589837,1694008332.3078308,0.0013032021307016555
280,0.038043710616505466,0.06262586974936313,1694008332.328254,46.810247966996336
281,0.03804469928207521,0.06276182346806292,1694008332.3441842,442.21043286058034
282,0.03765466510839088,0.06230686331209423,1694008332.3594499,1696.9070706668783
283,0.03804862630245898,0.06259896917773555,1694008332.3803647,0.010579262231075576
284,0.03804851312811586,0.0625986894543058,1694008332.4009871,0.0012331135113229966
285,0.03804856764670084,0.0625988225336922,1694008332.420948,5.317315645949507e-05
286,0.03804857950962148,0.06259886608458198,1694008332.441424,0.05798593565626318
287,0.038049366641291105,0.06260183579314227,1694008332.4621215,4.215483151642889
288,0.03550383364866816,0.059071334470987336,1694008332.476489,5315.12509400983
289,0.038048550621254895,0.06259878082248793,1694008332.4978967,2.140149788152387e-05
290,0.03804863177187434,0.06259898002898634,1694008332.518257,7.880488507130649e-05
291,0.03804150469123957,0.06261855552636186,1694008332.5385373,33.99783396816877
292,0.038042976524737426,0.06262624186581167,1694008332.557632,51.666683895515774
293,0.038048638151982006,0.06259899575743211,1694008332.5788198,0.00017430703668206145
294,0.03804859993554999,0.0625989017615497,1694008332.6000645,9.197229760156322e-05
295,0.03804859244619985,0.06259888335379094,1694008332.6217556,1.904421737666723e-05
296,0.038040920567407266,0.06261665013695616,1694008332.6414642,30.714308695197662
297,0.038048725949761386,0.06259921402965896,1694008332.6618176,0.006288800458596395
298,0.03804858802075517,0.06259887312794554,1694008332.6809912,0.0025699786693045737
299,0.038043208403745754,0.06262426203327442,1694008332.7003846,44.206886424626035
300,0.03804860615575889,0.06259891705893295,1694008332.7217963,0.00016218275281513792
301,0.038048979045433584,0.06260040909515086,1694008332.7421188,2.3127705810820833
302,0.03804858177162085,0.06259885717465108,1694008332.7633555,8.114250606507535e-05
303,0.03804863200946995,0.06259898060516067,1694008332.784626,4.5445835042229065e-05
304,0.03805568944476179,0.06262857751367423,1694008332.808081,48.45423373478861
305,0.03796675671148497,0.06270212445072076,1694008332.8228967,824.4129169198574
306,0.03804870429461671,0.0625992629531944,1694008332.8410273,0.42099571986177226
307,0.03804862139561771,0.06259898060530589,1694008332.859021,0.10506560904744894
308,0.038049670681977066,0.06264700323094308,1694008332.875009,103.63059347362032
309,0.03804858388328214,0.06259886234915568,1694008332.8946948,5.759884558892008e-05
310,0.03804857583286392,0.06259884410313454,1694008332.914383,0.006064971324332449
311,0.03162135731281546,0.0528136786486626,1694008332.9249864,11289.48386945339
312,0.022502070069588487,0.03783196162715796,1694008332.9344118,30871.52398048993
313,0.03804860867411364,0.0625989232127474,1694008332.952021,2.420811214035944e-05
314,0.038048591741734916,0.06259888162258997,1694008332.969665,1.0731025459092372e-05
315,0.038039869562147,0.06276034373413775,1694008332.9830997,477.3547217638647
316,0.038048690670978935,0.06259920689460474,1694008333.002952,0.3302043285324106
317,0.038046592219835085,0.06273751811664208,1694008333.0177624,421.0217786747513
318,0.03803969334508939,0.06261466057328502,1694008333.034197,26.904851289564515
319,0.03804865698166782,0.06259911698426812,1694008333.0520039,0.30176155031289215
320,0.038051634532537015,0.06265644621895872,1694008333.0678873,125.83737648174778
321,0.038050430816688685,0.06260617120816869,1694008333.0855267,11.098707162124468
322,0.038048607024634196,0.06259891915717575,1694008333.1035616,1.4360203048913768e-05
323,0.038048955082333524,0.0625998940724597,1694008333.1221461,0.4583583748910561
324,0.034652053506345926,0.057708006842955184,1694008333.134726,6607.641842831126
325,0.03801195878201524,0.06274311684381406,1694008333.1497602,635.1034062018045
326,0.03804095377680905,0.06261728000753819,1694008333.1682813,35.422662896232026
327,0.03805116163215094,0.06260930847940638,1694008333.187353,16.435663241215778
328,0.037757450349200083,0.06244020426954133,1694008333.201408,1465.96495672279
329,0.03804860296143753,0.0625989112102795,1694008333.2211714,0.00819265365586007
330,0.038048612080853195,0.0625989533066943,1694008333.240873,0.08730747295508254
331,0.03805174442998838,0.06261170260074023,1694008333.2599056,20.25641833984849
332,0.03768967300108306,0.06235295538061025,1694008333.2743235,1620.1596847114458
333,0.038048606787618455,0.06259892264294042,1694008333.2944179,0.01636389831283625
334,0.03804860042413605,0.06259890305901539,1694008333.3156824,0.0004839284280098781
335,0.038048638165876336,0.0625989970576053,1694008333.3354657,0.005279135305040488
336,0.03804863705062278,0.06259905398401322,1694008333.3555977,0.24533727473690167
337,0.038048606289938336,0.062598917372226,1694008333.3758082,9.652277042502736e-05
338,0.03805177172195373,0.06261150150039696,1694008333.396058,19.202381848227354
339,0.032929510174810495,0.05494030001960459,1694008333.4086964,9221.472475013888
340,0.03804863865607366,0.06259900350759728,1694008333.4287899,0.026422756465534453
341,0.02069365925336608,0.034836063528927985,1694008333.4414973,36625.99369929534
342,0.03804862771217765,0.06259900908366312,1694008333.4641774,0.15713794573469586
343,0.03804893816116406,0.06260030008310036,1694008333.4855525,2.277392775129257
344,0.015809192900187785,0.02672128683923014,1694008333.4991746,58520.60945693231
345,0.03805176915810349,0.06265681785095989,1694008333.5212777,125.9896685370735
346,0.03804884725013691,0.06259979209208666,1694008333.544029,1.1352532482361664
347,0.0380535248826096,0.06273371453822008,1694008333.5611124,351.2207502226919
348,0.03804869486586937,0.06259926956820805,1694008333.5859478,0.5408455686006225
349,0.038054810065466405,0.0626728371927252,1694008333.6049385,164.3386877043198
350,0.038048599984026654,0.06259890227428377,1694008333.624933,0.0016729801099666845
351,0.03804860435034152,0.06259891259746142,1694008333.6455417,5.874291508288691e-05
352,0.038036881104304254,0.06260392693162065,1694008333.6673014,9.807814886164756
353,0.03801710743191655,0.0626151734967314,1694008333.691234,1.7252037514001393
354,0.03804859914177672,0.06259900090834503,1694008333.7127547,0.4044467549267341
355,0.038048626869484514,0.06259896798354259,1694008333.7339091,0.00014954582417235672
356,0.025893605811559084,0.04342907571186916,1694008333.7456505,22153.361304903618
357,0.03804859577088959,0.06259889154432297,1694008333.7644851,0.0001310341308735194
358,0.017996443396260275,0.030360009309074676,1694008333.7749841,47276.96114959541
359,0.038048587783441334,0.0625988756893805,1694008333.7954257,0.015177179605570109
360,0.0380486298048589,0.06259897680207394,1694008333.8158355,0.006581116416071035
361,0.024639682258709605,0.04136679487189321,1694008333.8280368,25112.63107595905
362,0.01966216651244579,0.03312692063602496,1694008333.838947,40358.65565401379
363,0.03804943375191383,0.06264599833973616,1694008333.857853,101.53459427462924
364,0.020973258655616722,0.03529957960746066,1694008333.8697574,35673.88511285144
365,0.03804860128269372,0.06259890518748057,1694008333.8908014,0.0005620574659262175
366,0.03655296130831864,0.060700722433679744,1694008333.9055302,3684.8227873904107
367,0.038038143213672715,0.06260763960322191,1694008333.925183,15.205036516049457
368,0.038048644895942174,0.06259901455885009,1694008333.9456177,0.009028019500170983
369,0.03803646290936846,0.0626029226280832,1694008333.9650097,9.211409908848482
370,0.03804859358972146,0.06259888618730103,1694008333.9845586,0.00012385525070803368
371,0.03796482702917625,0.06270018373066444,1694008333.9995391,831.5684584053621
372,0.03805281800929439,0.0626158466105744,1694008334.0184648,26.228487223125015
373,0.038048652550855766,0.06259903121099586,1694008334.0371258,0.00011760009232173256
374,0.038048551129038266,0.06259878245386319,1694008334.0557935,0.0015724898149357743
375,0.0380486070343371,0.0625989212346213,1694008334.074735,0.00826824730200548
376,0.03804858069812789,0.06259899149916082,1694008334.0940385,0.5459520735595389
377,0.03804860456540815,0.06259891361504832,1694008334.1128802,0.002024237723875756
378,0.03804860102001639,0.06259890675585023,1694008334.1319394,0.009453599249238836
379,0.03804919814506824,0.06260118651073054,1694008334.150682,3.27211129730607
380,0.03804870076223188,0.06259915024712648,1694008334.1695218,0.00029502328093344735
381,0.03805430708667301,0.0627328269583971,1694008334.1847577,341.34490467325253
382,0.038048699638660644,0.06259922654154793,1694008334.2036333,0.3203934238450329
383,0.038048624552061816,0.06259899152002524,1694008334.2227495,0.11776486999448167
384,0.038035675060759555,0.06260052237331981,1694008334.2412276,5.429975142200173
385,0.038048865231265605,0.06259955891284108,1694008334.2608023,0.0003774363127936091
386,0.03357786169600219,0.05598662728143711,1694008334.2730882,8227.381689820775
387,0.038048774164483046,0.0625993320727376,1694008334.292158,0.000141772978020122
388,0.0380350797605532,0.06259877828103921,1694008334.3107097,2.9592793906844763
389,0.01860438359541039,0.03137027520030389,1694008334.3206975,44612.044090597905
390,0.038048588755649315,0.06259887435228462,1694008334.3396957,0.00024655423044097035
391,0.03804868522653937,0.06264328465594915,1694008334.3567758,97.29782050967725
392,0.016165083215013643,0.02731376871330371,1694008334.366643,56487.98641442248
393,0.011693044998515312,0.019857209671964582,1694008334.3764367,90841.21610314064
394,0.03804860065805493,0.06259891098850967,1694008334.3956409,0.030017333922990157
395,0.03803857596705529,0.06260914876610146,1694008334.4142885,18.098116867552992
396,0.024078391924559184,0.0404393135956026,1694008334.4251018,26531.3667503522
397,0.03803819212907167,0.06260823138037386,1694008334.443639,17.59458291525506
398,0.035482148953153714,0.05903707584817497,1694008334.4563587,5348.074601269841
399,0.03804875751762271,0.06264294499111,1694008334.4737039,94.57040720232555
