trial,score,test_score,time,alpha
0,0,0,1694008864.698588,0
0,-0.013717154158583655,-0.0005576339893746951,1694008864.7192996,1
1,-0.013721925646117628,-0.0005603188891685207,1694008864.7382934,1.2698181749580063e-05
2,-0.013716943787088542,-0.0005575156828485639,1694008864.7571144,1.0441091975773076
3,-0.013717596463860948,-0.0005578827995582625,1694008864.7767022,0.9072624390917645
4,-0.01372192467799871,-0.0005603181579305616,1694008864.7965524,0.00021791909647795351
5,-0.01372192446219378,-0.0005603179457494001,1694008864.8157804,0.0002637004400637284
6,-0.013721918400940947,-0.0005603146006563087,1694008864.834888,0.0015331574449364295
7,-0.013721194704744422,-0.0005599073746309635,1694008864.8541932,0.15313758894012813
8,-0.013721911267668085,-0.0005603105777245432,1694008864.8737018,0.003026994864417319
9,-0.013721925382137234,-0.0005603185670959299,1694008864.893108,6.927818666795117e-05
10,-0.013721789615811053,-0.0005602421699122395,1694008864.9125626,0.028509289921249112
11,-0.013721923493476007,-0.0005603175136754679,1694008864.932248,0.00046533258518643294
12,-0.004137197764570111,0.003671846786966526,1694008864.9440765,6103.667333040502
13,0.0004438242058576458,0.003475681859618107,1694008864.9536796,32332.576683479827
14,-0.013721925589386563,-0.0005603188551797089,1694008864.9726937,2.440527795860225e-05
15,-0.013256027145122085,-0.0003059885112706162,1694008864.990792,97.96567021754035
16,-0.013696496357860966,-0.0005460139944839515,1694008865.0103283,5.340699660693535
17,-0.00248353903478149,0.003976595209824407,1694008865.0213478,9551.491251821202
18,-0.013489734374849016,-0.00043792097006445374,1694008865.0398545,46.66483442307463
19,-0.013707583697527559,-0.0005522499392209834,1694008865.058868,3.008692687264195
20,-0.013222763265411608,-0.00028742077619603457,1694008865.076422,105.74850605878194
21,-0.013721576061572982,-0.000560122066261437,1694008865.0953143,0.07324393965466242
22,-0.013298991651153447,-0.0003301588247373033,1694008865.112864,87.9805712822629
23,-0.00871584106398604,0.002028813683841668,1694008865.1255522,1772.9833002908024
24,-0.013719760696509153,-0.0005591005456044851,1694008865.1444082,0.45361222839422266
25,0.00010645890166993688,0.0037200600893321223,1694008865.153623,25424.01260990862
26,-0.010126548590248863,0.001355532135720372,1694008865.1669447,1089.9277251228543
27,0.0008150468457406301,0.0024842169267764724,1694008865.1754453,68169.87258116827
28,-0.013721923344997666,-0.0005603174276433975,1694008865.1942546,0.0004970070804785425
29,-0.013714174420874636,-0.0005559576256670695,1694008865.214173,1.6249766118559599
30,0.0002831914670428093,0.0036102950755850793,1694008865.2233195,28521.618711620173
31,-0.013559329718385138,-0.0004774819852160217,1694008865.2413964,31.289932884479686
32,-0.005723557484770048,0.003213206852505701,1694008865.2532783,4058.0671790126853
33,0.0007719483471105848,0.0028894177281966194,1694008865.2617052,51104.61500618927
34,-0.013721922297691425,-0.0005603167834258294,1694008865.2804859,0.000716831149920344
35,-0.013721912839171235,-0.0005603113384933245,1694008865.2992399,0.002698713323328264
36,-0.004593775333675998,0.0035540948696722863,1694008865.3104265,5420.114124325253
37,-0.0018456840417957476,0.004029796900248406,1694008865.3209028,11555.075014775963
38,-0.012164822725703406,0.00031114275047949835,1694008865.336225,382.63074906002925
39,-0.013721785148070653,-0.0005602396989476954,1694008865.3549564,0.029445540984868845
40,-0.013719864472554688,-0.0005591589548947784,1694008865.3736942,0.43186413612212665
41,-0.013661454045209354,-0.0005263154952779292,1694008865.3924541,12.746102554847319
42,-0.013717545507688556,-0.0005578541292348138,1694008865.4112384,0.9179460908789998
43,-0.013719051753691147,-0.0005587010350376342,1694008865.4300053,0.602199146131345
44,-0.013720843337379662,-0.0005597097078329227,1694008865.4487503,0.22675383855795478
45,-0.004868925501337884,0.0034773028323537014,1694008865.4606283,5059.2130007205915
46,-0.013721922146516352,-0.0005603167412611132,1694008865.4793942,0.000747457442598622
47,-0.013362497049645095,-0.0003658647213058419,1694008865.4974623,75.29063013508367
48,-0.013211197434123356,-0.0002809853975480614,1694008865.5148444,108.46552882778515
49,-0.0006121796030682525,0.003961175452772525,1694008865.5248795,17864.90753432527
50,-0.01372192558592511,-0.0005603188426515082,1694008865.5440083,2.48055109256711e-05
51,-0.013567072988053486,-0.00048188976199559086,1694008865.5623863,29.591510577885487
52,-0.013592561370642908,-0.0004963919949194651,1694008865.5806992,24.018166280751288
53,-0.013719949832246447,-0.000559206820372582,1694008865.5998743,0.41397739246596826
54,-0.01372192555565066,-0.00056031854857852,1694008865.619723,3.393081137192115e-05
55,-0.01372192560415142,-0.0005603186389473436,1694008865.6391609,2.4305761474533197e-05
56,-0.013721923363782862,-0.0005603170293657644,1694008865.6598594,0.0004958086988305497
57,-0.010651250949647473,0.001091045524890033,1694008865.674354,882.0208871451011
58,-0.013721923699150151,-0.0005603175256447823,1694008865.6945302,0.00042272746532625514
59,-0.01372192455013943,-0.00056031809062973,1694008865.71456,0.00024399841084258596
60,-0.013721764268526782,-0.0005602278635039593,1694008865.7347395,0.033819682983830306
61,-0.013718586004668909,-0.0005584394973514595,1694008865.7553146,0.6998171020705576
62,-0.0132691018949318,-0.0003131506995506239,1694008865.7754157,94.92133797496658
63,-0.010279882556796682,0.0012790000421796233,1694008865.7943602,1026.9855120992995
64,-0.013721903499450683,-0.0005603062420851401,1694008865.8142462,0.004653114835296381
65,-0.0016131843817508429,0.004036967148875914,1694008865.826016,12438.330507844306
66,-0.013721925635157728,-0.0005603186964830975,1694008865.8464732,1.6930488912838456e-05
67,-0.013721656506787916,-0.00056016722677521,1694008865.866574,0.05639331503140433
68,-0.01372192098035474,-0.000560316092070412,1694008865.8863716,0.000991592621467243
69,-0.013721797797570101,-0.0005602467746999018,1694008865.9077642,0.026794909318901553
70,-0.01372060764333205,-0.0005595771596444976,1694008865.9271379,0.27613594970810573
71,-0.013717354146468574,-0.0005577465595507647,1694008865.9463496,0.9580674901532314
72,-0.013721261496444148,-0.0005599450623090529,1694008865.9654627,0.1391436040121614
73,-0.013721919088087065,-0.0005603149810218255,1694008865.9843912,0.0013885439446190526
74,-0.013721918720178472,-0.0005603146945805104,1694008866.0034494,0.001466888579133917
75,-0.013721915675140695,-0.0005603130044948834,1694008866.0230222,0.002104123721103504
76,-0.012870917846694363,-6.67113886323456e-05,1694008866.0389545,195.36924863443332
77,-0.013721237015267507,-0.0005599311941593133,1694008866.0585258,0.14427353404028584
78,-0.01368908683895298,-0.0005418475623837349,1694008866.078155,6.90210846967191
79,-0.013717737274314246,-0.0005579620236981775,1694008866.09782,0.8777403254593839
80,-0.013720972295191869,-0.0005597815502775827,1694008866.117484,0.1997414241751461
81,-0.012761969716569066,-8.40459808038041e-06,1694008866.13351,222.6681856263554
82,-0.013704537245888382,-0.000550536388075118,1694008866.1535554,3.6489244208391054
83,-0.01372187499691191,-0.0005602902112857855,1694008866.1736722,0.010624449011317278
84,0.0007715716425076291,0.0028909423771479315,1694008866.1828034,51048.378078790534
85,-0.013721917258141314,-0.0005603139157437376,1694008866.202785,0.001771846606865375
86,-0.01372192454864063,-0.0005603180971183175,1694008866.222708,0.00024416958752367205
87,-0.013655058308665202,-0.0005227218652210652,1694008866.2427716,14.103430204323951
88,-0.013717963063768046,-0.0005580890632024271,1694008866.263171,0.8304039242260521
89,-0.013721922483597604,-0.0005603168619605636,1694008866.2834287,0.0006784648249133691
90,-0.013721925130547374,-0.0005603182745810287,1694008866.303748,0.00012390965610351495
91,-0.01371006533932273,-0.0005536459059165555,1694008866.325447,2.487455094339684
92,-0.013721888393701143,-0.0005602979029790678,1694008866.3454602,0.007816148742554018
93,-0.01372192520246518,-0.0005603184562803509,1694008866.3652294,0.00010728537374213091
94,-0.013718082299400525,-0.0005581562172995991,1694008866.385318,0.8054071518664471
95,-0.013622983884648887,-0.0005047081022087063,1694008866.4056358,20.937115426649903
96,-0.013721925605725493,-0.0005603185928011456,1694008866.4257336,2.3971332132233833e-05
97,-0.013717142331655552,-0.0005576263940698656,1694008866.4454029,1.0024880500763902
98,-0.013721925390678402,-0.0005603185049518622,1694008866.4651275,6.845959085847642e-05
99,-0.01082184449078194,0.0010035203337667165,1694008866.4789264,818.8085095135041
100,-0.012172359169173586,0.0003068267717415418,1694008866.494504,380.50489597232956
101,-0.013721905689255909,-0.0005603075377325073,1694008866.5139065,0.004195002345915416
102,-0.013721925228298737,-0.000560318475983923,1694008866.5332353,0.00010199665059132336
103,-0.0010930031231961568,0.004021719005060542,1694008866.5433123,14856.861050129979
104,-0.0137147946035312,-0.0005563064959417385,1694008866.5623796,1.4948665283625453
105,-0.013721924681427078,-0.0005603181659661338,1694008866.5813932,0.00021646952253867021
106,-0.01372192508477843,-0.0005603183253064525,1694008866.6002939,0.00013348459262719126
107,-0.007389296458750749,0.0025977758607920176,1694008866.6129794,2608.623991352405
108,-0.013708153451743366,-0.0005525704698430278,1694008866.6318717,2.888998825626555
109,-0.013721906285834917,-0.0005603073008275672,1694008866.6506288,0.004075358620328875
110,-0.013694641620011438,-0.0005449709891971466,1694008866.6696064,5.7313268736749
111,-0.013721860003174546,-0.0005602826158497276,1694008866.688634,0.013757073822663559
112,-0.010806041054047588,0.001011658885853084,1694008866.7020683,824.5782080186053
113,-0.013717855671947277,-0.0005580286879824925,1694008866.721048,0.8529178117833697
114,0.0007166306917051335,0.0030683842937836436,1694008866.7302349,44831.351826148944
115,-0.013714311046457706,-0.0005560337728771625,1694008866.749097,1.5963181257707566
116,-0.0020908250820836916,0.004014760814070151,1694008866.7597578,10720.52255744315
117,-0.01372191068317763,-0.0005603103741007587,1694008866.778763,0.0031480788820139605
118,-0.0137141022868712,-0.0005559171157654141,1694008866.7978387,1.640110208691403
119,-0.013716479610241583,-0.0005572543310481404,1694008866.8168213,1.1414498461501168
120,-0.009534765382626542,0.0016446664983943426,1694008866.8302872,1351.1849749707874
121,-0.013721925456933404,-0.0005603186061058363,1694008866.8494194,5.394388394262653e-05
122,-0.007834924711807023,0.0024138208972722675,1694008866.8623815,2301.812835370924
123,-0.010096592586033681,0.0013704083203192052,1694008866.8761582,1102.4435319337813
124,-0.013721373600953157,-0.0005600070942313184,1694008866.8955452,0.11566786209476257
125,-0.013721925562645287,-0.0005603195959749119,1694008866.9149406,2.3147947207780415e-05
126,-0.011841805210807133,0.00047133840973867525,1694008866.929929,470.47989506070655
127,-0.013423168696947707,-0.0004001798437993642,1694008866.9483583,61.55675112035366
128,-0.0009829800265581667,0.004012613491305994,1694008866.9585063,15462.826487334496
129,-0.013702876442599043,-0.0005496021947397622,1694008866.9776042,3.9981236647488134
130,0.0007434260247646263,0.0029883615704214828,1694008866.9861505,47554.27854073093
131,-0.013721867812067412,-0.0005602861308950935,1694008867.005228,0.012129517090672124
132,-0.01372180881559193,-0.0005602532790112136,1694008867.0242877,0.024484974787375137
133,-0.012837749546899202,-4.930140580561293e-05,1694008867.0400112,203.61891290289012
134,-0.013233612509218506,-0.0002935075677841237,1694008867.0578234,103.20460104464708
135,-0.012936249504118313,-0.00010233679780324856,1694008867.0738297,179.26240500161725
136,-0.0028169618522750905,0.00393333080496483,1694008867.0856318,8698.160972402655
137,-0.013067235271397193,-0.00018542763998374845,1694008867.1042836,146.7205255404794
138,-0.013402128081623443,-0.00038826951058945625,1694008867.1241548,66.30216375242239
139,-0.007265990464804917,0.0026473112349242323,1694008867.1382167,2698.785825644334
140,-0.013573145887959548,-0.0004853488321134858,1694008867.1579812,28.26116007408091
141,-0.013721874917517196,-0.0005602901291446027,1694008867.178612,0.010641157746160668
142,-0.008419979857893445,0.002161142065201349,1694008867.1924462,1940.04597759021
143,-0.013721912340000086,-0.0005603112499157348,1694008867.214056,0.002800241429960753
144,-0.013208539392116636,-0.00027910685897780674,1694008867.2342753,109.09552332672077
145,-0.013711029665984142,-0.000554188449543247,1694008867.2600594,2.2849800279470345
146,-0.01372161885033174,-0.0005601459419473098,1694008867.281453,0.06428285953036174
147,-0.013721922803443087,-0.0005603170274652847,1694008867.302428,0.0006111943791392505
148,-0.0035024550276481214,0.0038134040248785084,1694008867.314653,7216.3243375731045
149,-0.013721925415918657,-0.0005603184906413095,1694008867.3349962,6.34358750265559e-05
150,-0.010135644650200781,0.0013510100733955532,1694008867.3500361,1086.1416574009688
151,-0.013393097550272959,-0.00038316560072226835,1694008867.371191,68.34449186773904
152,-0.013719935550190243,-0.0005591988951911819,1694008867.3926997,0.416969619161034
153,-0.01350308020483637,-0.00044549525065362694,1694008867.4125123,43.70117302232011
154,-0.013721893682732356,-0.00056030077832947,1694008867.432378,0.0067090746311608595
155,-0.005657580922009853,0.003234913555632324,1694008867.4448707,4128.076618674864
156,-0.013721922805764564,-0.0005603171188712786,1694008867.4638104,0.0006092500295588965
157,-0.013692096031117318,-0.00054353962113729,1694008867.4828987,6.2676944424321945
158,-0.013719859742320484,-0.0005591561931852507,1694008867.502311,0.4328563815839955
159,-0.013456941804492306,-0.00041931864826239007,1694008867.520855,53.97818372564816
160,-0.01371917153543789,-0.000558768644822516,1694008867.5403078,0.5770913225978318
161,0.00048351552555958577,0.00343491052636713,1694008867.5498378,33505.147570762085
162,-0.006389903248320117,0.0029824351558853657,1694008867.5621073,3408.6020759623093
163,-0.0024436218189418657,0.0039812048811335154,1694008867.5731113,9662.089581639155
164,-0.013721925631330123,-0.0005603186609655086,1694008867.5927472,1.8017354904227968e-05
165,-0.013721923964146399,-0.0005603178007578258,1694008867.612392,0.00036663086358526526
166,-0.013719122027229025,-0.000558741152657527,1694008867.631993,0.5874643296432512
167,-0.01276285108731301,-8.573808441214581e-06,1694008867.648524,222.44282920005264
168,-0.013721751138158877,-0.0005602207152861638,1694008867.6686113,0.03656745816835
169,-0.01370091355664016,-0.0005484981264529676,1694008867.6885664,4.410992575419948
170,-0.013721925570855165,-0.0005603187509986007,1694008867.7086947,2.8490166120290155e-05
171,-0.013586342749976499,-0.0004928632498129026,1694008867.728006,25.375409296504237
172,-0.013408456172594452,-0.0003918544687118164,1694008867.7476304,64.87297402100673
173,-0.013721493969573784,-0.0005600757325152639,1694008867.7678783,0.09044295660374639
174,-0.013721924608415259,-0.0005603180689113252,1694008867.7881641,0.00023266448917138414
175,-0.013721228413908326,-0.0005599264539986049,1694008867.808259,0.14607554711267137
176,-0.01268435737180984,3.299560639358212e-05,1694008867.824442,242.45343507164984
177,-0.013688776813114423,-0.0005416734809688961,1694008867.8440058,6.967490056131611
178,-0.003710167616210569,0.0037700861998238855,1694008867.855565,6828.609231609399
179,-0.013692747010977335,-0.0005439056114027174,1694008867.8755305,6.130503055247563
180,-0.013721922845653545,-0.0005603170914370015,1694008867.8959968,0.0006021498783068629
181,-0.013682603846779218,-0.0005382024672508923,1694008867.9160066,8.270217488225986
182,-0.013721925551340997,-0.0005603186528635451,1694008867.9355607,3.457621394184031e-05
183,-0.012571601630695373,9.400797247216541e-05,1694008867.951095,271.7260832528745
184,-0.013721920825267242,-0.0005603159949505443,1694008867.9701061,0.001024180764146278
185,-0.001965273523828248,0.004023368260219873,1694008867.980908,11136.620606638051
186,-0.013719328928272878,-0.000558857626366871,1694008867.9996634,0.5441000958491504
187,-0.013720680193496815,-0.0005596179415676694,1694008868.0184278,0.26093470281451375
188,-0.013721924619412462,-0.0005603180842113087,1694008868.0374248,0.0002295075733426675
189,-0.009882892167287327,0.0014758025843811806,1694008868.0508204,1193.867075858525
190,-0.0011035525243847655,0.004022462446274133,1694008868.0606225,14800.881270327463
191,-0.013297673202478988,-0.0003295500850870603,1694008868.0780888,88.28459327480563
192,-0.01348659258564533,-0.00043613821190824353,1694008868.0961423,47.36358740878736
193,-0.013177321882090975,-0.00026174002726642165,1694008868.1136265,116.46023137477955
194,-0.012537771103555473,0.00011206944589658985,1694008868.129119,280.6312382731847
195,-0.013078973504646596,-0.00020669621316748987,1694008868.1466765,139.9431323192489
196,-0.013721924435943,-0.0005603179399551461,1694008868.1658313,0.0002689213239819206
197,-0.013492333237666632,-0.00043939874179210747,1694008868.1841505,46.08711032284302
198,-0.001550683991137225,0.004037608507908685,1694008868.1949024,12693.282099361413
199,-0.01372192561414387,-0.0005603186268987592,1694008868.2138865,2.1098403248079907e-05
200,-0.013721922353194804,-0.000560316773916103,1694008868.2329412,0.0007049263558379439
201,-0.012009673333944315,0.0003813193079769128,1694008868.247721,420.2626976241824
202,-0.013721925588017214,-0.0005603187464009451,1694008868.2667274,2.6222101703610053e-05
203,-0.013721896295667335,-0.0005603019900399797,1694008868.2857907,0.006164029809283241
204,-0.0059776844336278945,0.0031276392835644096,1694008868.297903,3798.4300917480728
205,-0.013721691692706983,-0.0005601870080715887,1694008868.3169053,0.04902300902673233
206,-0.002405073172741634,0.00398550573187606,1694008868.3275402,9770.544195354685
207,-0.013721888573124286,-0.0005602978488719046,1694008868.3466017,0.007779976989989257
208,-0.013721622254252441,-0.0005601480432955164,1694008868.3656182,0.06356745282399962
209,-0.013721925123541201,-0.0005603184212736867,1694008868.384875,0.00012408918348060893
210,-0.009430593530305842,0.0016944923712569615,1694008868.3988109,1400.38068450245
211,-0.00018932053511688807,0.003850258109339366,1694008868.4090064,21619.93689021147
212,-0.013721922479073223,-0.0005603169660097773,1694008868.4284084,0.00067775369273358
213,-0.013721863937673051,-0.0005602839140093074,1694008868.4476619,0.012941531342234278
214,-0.013448569019958168,-0.00041479326816085127,1694008868.466781,55.85221906277369
215,-0.013721925417564007,-0.000560318629585721,1694008868.4874327,6.180312308534848e-05
216,-0.013721925617238284,-0.0005603186462928011,1694008868.5080638,2.124417855750855e-05
217,-0.013721837688402294,-0.0005602691615049782,1694008868.5284877,0.018439799222698776
218,-0.013721574980417595,-0.000560121354681753,1694008868.548786,0.07347201372374396
219,-0.013707206355394241,-0.0005520375728618188,1694008868.5692408,3.0879726915011285
220,-0.013705802016033664,-0.000551247709468683,1694008868.5909822,3.3830757679577412
221,-0.013721830195516649,-0.0005602648007343447,1694008868.6169538,0.020011135703353698
222,-0.013721064035357111,-0.0005598339043124678,1694008868.6380901,0.18051405086360425
223,-0.013721909961891487,-0.0005603098464654899,1694008868.6588595,0.0033004152898666902
224,-0.013721920640959562,-0.0005603159104978772,1694008868.679043,0.0010625547646067467
225,-0.011443573607035962,0.000682868101782641,1694008868.6951263,596.0121740474702
226,-0.013721924549345399,-0.0005603176036999002,1694008868.7163532,0.0002488447574684934
227,-0.01372037389742542,-0.0005594455306363599,1694008868.7365656,0.325115039241697
228,-0.013721924918795203,-0.0005603182183473443,1694008868.7562606,0.000167967880499171
229,-0.0093174098242792,0.0017482506694289635,1694008868.7704732,1454.9866720256498
230,-0.007234670950045707,0.002659796488882149,1694008868.784239,2722.06999096274
231,-0.01372192504230485,-0.000560318379181135,1694008868.8036234,0.00014052402267479954
232,-0.013003131634832021,-0.00015102922332088653,1694008868.820459,162.1127195887835
233,-0.0007191352839235332,0.003979655075598942,1694008868.8304915,17106.25020063959
234,-0.013721579645476378,-0.0005601239863111118,1694008868.8498392,0.07249521155091078
235,-0.011460840054470234,0.0006737135499509384,1694008868.864878,590.3751347513697
236,-0.0006863615717920268,0.003974334853749761,1694008868.8750427,17332.333866662113
237,-0.013721925661531298,-0.000560318741004151,1694008868.8945165,1.1207638073873563e-05
238,-0.01372190032332643,-0.0005603044929709533,1694008868.913987,0.005319099781575854
239,-0.013721925611749786,-0.0005603185986702286,1694008868.9335809,2.3184152632788583e-05
240,-0.01372192102670211,-0.0005603161106411125,1694008868.9531314,0.000981561574908896
241,-0.013721925657212752,-0.0005603186752378697,1694008868.97282,1.2944296829440969e-05
242,-0.01372192554957885,-0.0005603190249654499,1694008868.9925148,3.0831548207814305e-05
243,-0.01355997799877584,-0.0004778447229618621,1694008869.012006,31.147705886296205
244,-0.013721888903698742,-0.0005602978197705166,1694008869.0320284,0.007713213371345919
245,-0.0071571704604103115,0.002690521443098004,1694008869.0455484,2780.3683496518242
246,-0.013721822953261853,-0.0005602609221622146,1694008869.0655453,0.021526265017421713
247,-0.0008373885736472353,0.003996504616087693,1694008869.0765128,16333.149942011385
248,-0.013721924731005197,-0.0005603182509554827,1694008869.0973587,0.0002059998814337734
249,-0.013707193604771684,-0.0005520305417316962,1694008869.117966,3.0906504014340346
250,-0.01372188372239469,-0.0005602950674434837,1694008869.1383426,0.008797211103993919
251,-0.009979165610144891,0.0014284815416603092,1694008869.1533706,1152.2110035322528
252,-0.013721812051481042,-0.0005602547500338506,1694008869.174234,0.023810364224648335
253,-0.013721924942568853,-0.0005603183167213199,1694008869.1952336,0.0001622908394137023
254,-0.013720208708950299,-0.0005593526179303865,1694008869.2152834,0.359728928254727
255,-0.013721910664617587,-0.0005603102347997435,1694008869.2360034,0.0031536730329408433
256,-0.012527468650974205,0.0001175264057510228,1694008869.2532587,283.3551076570852
257,-0.012738308911772966,4.022771784017998e-06,1694008869.2699525,228.6654076907149
258,-0.013721925651124955,-0.0005603187367442253,1694008869.2899678,1.2648777894114422e-05
259,-0.013721925682766534,-0.000560318324815956,1694008869.309464,1.071321191194299e-05
260,-0.0010410508213134495,0.00401773161622998,1694008869.3195887,15137.849290382901
261,-0.013721844875119515,-0.0005602732672160826,1694008869.3385699,0.016933651135301913
262,-0.013721881795027757,-0.000560293984111615,1694008869.3575778,0.009200055684038541
263,-0.013721901273928694,-0.0005603049944151728,1694008869.3766484,0.005119899089385839
264,-0.013721912033490158,-0.0005603110891596597,1694008869.395707,0.0028657575394824466
265,-0.011532593951088188,0.0006358539001114494,1694008869.410686,567.1436958274119
266,-0.01372190523901673,-0.000560307251061376,1694008869.4298208,0.004289283970061332
267,-0.013017493976227756,-0.00017247178775292582,1694008869.4473915,154.83571339913482
268,-0.013456569323990974,-0.000419112785496667,1694008869.4657576,54.06145873413966
269,-0.01370666659522568,-0.000551734120755043,1694008869.484846,3.201385314253814
270,-0.013397909131567687,-0.0003858857362308843,1694008869.503126,67.25588036111343
271,-0.013721923090910249,-0.0005603172337755868,1694008869.522064,0.0005499576543924517
272,-0.013719817280682722,-0.0005591324174967216,1694008869.5410845,0.4417542092147946
273,-0.013717773531709776,-0.000557982399235879,1694008869.5600882,0.8701399515405028
274,-0.013721925621531073,-0.0005603187489051642,1694008869.5791707,1.8798044887969462e-05
275,-0.013721918449384862,-0.0005603146549997273,1694008869.5983853,0.0015218904170624485
276,-0.0001928714064836079,0.0038514979447614728,1694008869.6084688,21581.826548471487
277,-0.013526186697182307,-0.00045862805272411933,1694008869.627077,38.58716518148019
278,0.0008108865640568119,0.0026370506866282284,1694008869.635749,61182.1736671372
279,-0.013721690207248116,-0.0005601862456254825,1694008869.6551096,0.049333328555307976
280,-0.012008416112913256,0.0003820448388287545,1694008869.6701455,420.63344024647154
281,-0.013674782398190866,-0.0005338060017405777,1694008869.6895046,9.923196653586407
282,-0.013672086355416724,-0.0005322910731824226,1694008869.7087984,10.493586076542428
283,-0.013721925071589203,-0.0005603183799753886,1694008869.728185,0.00013585524531896056
284,-0.013721917755416424,-0.0005603142354519974,1694008869.7474995,0.0016672773558417781
285,-0.0137219254668135,-0.0005603185719118553,1694008869.7667933,5.279894397470363e-05
286,-0.013716534827757254,-0.0005572855368387586,1694008869.7860055,1.12986889326694
287,-0.01372179086536307,-0.0005602428637134782,1694008869.805332,0.028248262299377967
288,-0.013721921279979732,-0.000560316433194652,1694008869.82536,0.0009272684146197367
289,-0.013721659135454312,-0.0005601687461387339,1694008869.8446782,0.05584337645272063
290,-0.01371316480976792,-0.0005553895661150055,1694008869.8652246,1.83682265757299
291,-0.013144791066877604,-0.00022779172389331137,1694008869.8825781,128.31260783729087
292,-0.013684177117133656,-0.0005390871469230785,1694008869.9020278,7.9380410373891905
293,-0.013589900696107549,-0.0004948926015977406,1694008869.920768,24.598573876288253
294,-0.013670143470406515,-0.0005311987345311131,1694008869.9402332,10.904835313012983
295,-0.013721665920122028,-0.0005601728580235665,1694008869.9597409,0.05441880985942596
296,-0.013721839733357166,-0.0005602703105243023,1694008869.9791906,0.018011217981745556
297,-0.013702453110515211,-0.0005493640748235329,1694008869.9984767,4.087153074400244
298,-0.01241366173787517,0.00017823422140139655,1694008870.0143843,313.7870282409864
299,-0.0009666518079576303,0.004011044648617457,1694008870.0245264,15556.370467280285
300,-0.00850500647643515,0.002123415928688921,1694008870.0374486,1891.0005538184778
301,-0.013705504200267171,-0.0005510802625614541,1694008870.0568416,3.445669513767508
302,-0.008719457516167317,0.002027178031689947,1694008870.0698092,1771.0026185895874
303,-0.013721925629045284,-0.0005603186609628441,1694008870.0891995,1.915669278080493e-05
304,-0.010487882953982952,0.0011741720875060313,1694008870.1028514,944.5208353297522
305,-0.013721921002472381,-0.0005603160543909969,1694008870.122042,0.0009882960316533274
306,-0.013376184652293066,-0.0003735984209809473,1694008870.140438,72.17878948163066
307,-0.008692019599517486,0.0020395768700930406,1694008870.1532245,1786.0662553500365
308,-0.013721858349834637,-0.0005602806835474095,1694008870.1723387,0.01411337259600986
309,-0.01372145110955758,-0.0005600518589734538,1694008870.1913497,0.09942006318864388
310,0.000812704897526384,0.0024118781953973434,1694008870.1999636,71761.08221001088
311,-0.013721909328340942,-0.0005603094771682304,1694008870.2189896,0.003432787390608442
312,-0.012253929875228886,0.0002638745037257806,1694008870.2345405,357.59648376110357
313,-0.013721376881239866,-0.0005600097937674686,1694008870.2537785,0.11497297161838081
314,-0.013721857922913916,-0.000560280630036214,1694008870.2729254,0.01420036016714155
315,-0.011722333358053172,0.0005351636605814836,1694008870.288005,507.17661531873273
316,-0.013720421148418316,-0.0005594721090604882,1694008870.3072503,0.3152141958575424
317,-0.013136551843966338,-0.00023909793955523284,1694008870.3250432,126.1419850543293
318,-0.013721917763956482,-0.0005603141619798802,1694008870.3441584,0.001667264081155732
319,-0.008792535658333156,0.001994033986978172,1694008870.3570359,1731.28722107679
320,-0.013065411199026267,-0.00018309144181882786,1694008870.3742092,147.14353256686888
321,-0.013717236749226647,-0.0005576804816211922,1694008870.3934658,0.9826825109566503
322,-0.010809787108201352,0.0010097302502722894,1694008870.4070034,823.2089822123097
323,-0.0009347897470191047,0.0040078147748831006,1694008870.4171019,15741.755593877462
324,-0.011019831343471065,0.0009010439988510477,1694008870.430696,747.9786688658901
325,-0.013721880296722944,-0.0005602931873414096,1694008870.4499102,0.009514113740507885
326,-0.01304126763515212,-0.00018575659249742138,1694008870.467874,149.0564079721714
327,-0.013654867924019598,-0.0005226149056918317,1694008870.4871087,14.143860939622948
328,-0.0074157558468408435,0.0025870679182368184,1694008870.5001113,2589.5853142841793
329,-0.013721395408816894,-0.0005600203649414048,1694008870.5193982,0.11109121723278886
330,-0.013720294867949123,-0.0005594011290597223,1694008870.53869,0.34167523280405065
331,-0.01372192529974181,-0.0005603185435896219,1694008870.5578558,8.66255180792516e-05
332,-0.013721918381676801,-0.0005603146345816157,1694008870.5771592,0.0015361603609014129
333,-0.013712552696354185,-0.0005550452067342171,1694008870.5963545,1.9652821558829963
334,-0.013712654802506385,-0.0005551026548908933,1694008870.6156526,1.9438523392593927
335,-0.013115866740514237,-0.00021230148861262066,1694008870.6326847,135.1339580119989
336,-0.013721890807897985,-0.0005602992650808325,1694008870.6521332,0.007310132762273155
337,-0.013721925027509574,-0.0005603182743030288,1694008870.6715453,0.00014478324665654507
338,-0.013721922158467237,-0.0005603166680041571,1694008870.6909268,0.0007456176071691422
339,-0.01372088814406891,-0.0005597349362453929,1694008870.7101736,0.21736573554509622
340,-0.013721922298062017,-0.0005603167747063598,1694008870.7295325,0.0007168424687773032
341,-0.013721924896884952,-0.0005603182496562997,1694008870.7488563,0.00017165548393063045
342,-0.012938288493619776,-0.0001141351690310266,1694008870.766067,177.93210156545962
343,-0.001564076602153408,0.004037519264176281,1694008870.776992,12637.976868509817
344,-0.01372192552123419,-0.0005603186826457218,1694008870.7964294,4.065555693011441e-05
345,-0.013721925597917517,-0.0005603185695215451,1694008870.81602,2.6196558507207094e-05
346,-0.013721891361954563,-0.0005602993593516459,1694008870.8355427,0.00719679576568106
347,-0.013692142011896058,-0.0005435657640555647,1694008870.8549218,6.258000777202643
348,1.6863586181359302e-05,0.0037650707605169087,1694008870.8645322,24133.15660617773
349,-0.013690713003105204,-0.0005427619487876623,1694008870.8839734,6.559223109099932
350,-0.013416440607069369,-0.00039637305196582595,1694008870.9037762,63.07214266314654
351,-0.013557884025325428,-0.0004766592557194915,1694008870.9237795,31.607302948295537
352,0.0002827739564055243,0.003610594569242731,1694008870.934095,28513.195341886014
353,-0.006087936972690944,0.0030895669956727545,1694008870.9473083,3690.513506311437
354,-0.013721731203080845,-0.0005602093077590187,1694008870.967967,0.040745463009752604
355,-0.008914668448473106,0.0019382531292889693,1694008870.9820158,1666.2044824375419
356,-0.013721906175704124,-0.0005603076449471889,1694008871.0031443,0.0040941977614123055
357,0.0008119294007228328,0.002397418568664822,1694008871.0160303,72503.13227925933
358,-0.013721450615893138,-0.0005600513867842771,1694008871.0381625,0.09952523174107601
359,-0.01370522906969307,-0.0005509254023718935,1694008871.059169,3.5035000733275745
360,-0.013564992848976942,-0.00048070593962856734,1694008871.0793114,30.047528935062385
361,-0.01372185980760876,-0.0005602817847056851,1694008871.0998862,0.013804123098888066
362,-0.00488877275360089,0.0034716056234033177,1694008871.1131358,5033.426980578095
363,0.0008016806482359362,0.0022765173348396894,1694008871.1223876,79053.74688782671
364,-0.0136983261482444,-0.0005470431237790674,1694008871.142293,4.95547193876924
365,-0.013721917650179716,-0.0005603141386496535,1694008871.162674,0.0016893087607823434
366,-0.013721891290912724,-0.0005602993251521138,1694008871.1826324,0.007211510669653772
367,-0.009190171124154434,0.0018082069550733326,1694008871.19716,1517.846552735957
368,-0.01370250532631423,-0.0005493935457669963,1694008871.2170765,4.0761695822317145
369,-0.013709271573445259,-0.000553199362401724,1694008871.2363162,2.6541468086864053
370,-0.013721924223702553,-0.0005603179084610055,1694008871.2559261,0.00031304373333944173
371,-0.012644913426819171,5.384746455061595e-05,1694008871.271815,252.60884847341634
372,-0.013721923962833893,-0.0005603177313100449,1694008871.2910779,0.00036741345141111067
373,-0.013721922096345152,-0.0005603188970446649,1694008871.3102603,0.0007370176892430391
374,-0.013687373709386552,-0.0005408846256980127,1694008871.3292537,7.263450579553522
375,-0.013648294448800113,-0.0005189220609607137,1694008871.348187,15.54080798933071
376,-0.013721921946969085,-0.0005603165922953846,1694008871.3671362,0.0007904030629808682
377,-0.00011603794039394266,0.003821782516184924,1694008871.3763137,22465.17606074105
378,-0.013160028140842162,-0.0002522324479374838,1694008871.3943129,120.55713536986488
379,-0.010247029390204165,0.0012954516062533283,1694008871.408112,1040.315153061314
380,-0.011294292046517773,0.0007533074039615117,1694008871.422772,642.0264135560004
381,-0.01371376811208247,-0.0005557289989288616,1694008871.4422512,1.710226320989419
382,-0.013623702478201105,-0.0005051115369931747,1694008871.461657,20.783525506520018
383,-0.013721925633693566,-0.0005603189109131268,1694008871.481562,1.5395663925878045e-05
384,-0.013689746958421178,-0.0005422190881596567,1694008871.5025587,6.762901558098098
385,-0.01366255470351696,-0.0005269337640847471,1694008871.522904,12.512697051770784
386,-0.013485356394549397,-0.0004354495876366382,1694008871.5426044,47.63851693086131
387,-0.013721920524413456,-0.0005603158244036344,1694008871.5632255,0.0010869268329957282
388,-0.013721848660305902,-0.0005602753981894804,1694008871.5839913,0.0161411616198293
389,0.0007899924433099059,0.0028049007374468804,1694008871.5944307,54303.09672479334
390,-0.013721899596514708,-0.0005603040033734796,1694008871.6175034,0.0054712851804580714
391,-0.013247499195153889,-0.0003011829268992905,1694008871.6368911,99.95697181355929
392,-0.013721904247467664,-0.000560306540079436,1694008871.6588368,0.004498340690422155
393,-0.01369653274956062,-0.0005460344934871131,1694008871.6802104,5.3330365285396155
394,-0.004713908422934843,0.003521050226069633,1694008871.6934218,5265.295367412238
395,-0.00926248761172288,0.0017741931672748956,1694008871.7083569,1481.9262834067968
396,-0.013721925622265818,-0.0005603186593363674,1694008871.7298229,1.960205187433407e-05
397,-0.013721089253078578,-0.0005598480860482535,1694008871.7512279,0.1752308334848475
398,-0.013721513666346663,-0.0005600868131778736,1694008871.7718904,0.08631798413154147
399,-0.0022998149713195915,0.003996477762885475,1694008871.78329,10075.261234290945
