trial,score,test_score,time,alpha
0,0,0,1694008596.662341,0
0,0.8199273778841558,0.8115007235140796,1694008597.1617482,1
1,0.8196354190067353,0.8111928886829426,1694008598.0202813,3.2209132335058994
2,0.8194132231067398,0.8109886492061826,1694008599.664548,120.63636043495595
3,0.8392404494565594,0.8311235539318802,1694008599.9314654,0.00811049552727607
4,0.8198296770398932,0.8114131821506075,1694008600.4797153,1.2831459336090951
5,0.8193999893803431,0.810975813124861,1694008601.872066,8500.990747226393
6,0.8194057076571812,0.8109386738258577,1694008602.9325078,9181.86470916494
7,0.8639933994747354,0.8578923659379756,1694008603.0312784,0.00018024079929419208
8,0.8596739765305581,0.8525354176284838,1694008603.1625297,0.0011814865483077482
9,0.8537718979369273,0.848127379297456,1694008603.2588096,3.2709358969753595e-05
10,0.8210479967650892,0.8125768564813748,1694008603.6475298,0.25591658776987436
11,0.8507800954952232,0.845241145521765,1694008603.72155,1.9895832168682116e-05
12,0.8206415089715678,0.8121580304373711,1694008604.2961009,0.3701112139691128
13,0.8194217188323278,0.8110139302416938,1694008606.3820388,31.00562400247852
14,0.8422678685939982,0.8342654781806529,1694008606.7527812,0.006093584339906497
15,0.8194191047629161,0.8110042231774257,1694008609.2401202,57.882731821182155
16,0.819508473260929,0.8110868043377278,1694008610.8149762,8.102670420619168
17,0.8500375364029588,0.8445278540831255,1694008611.0369048,1.7370760151751154e-05
18,0.8195903263093832,0.8111529403799935,1694008613.139725,3.8774024457587526
19,0.8472042119193396,0.8394025419281173,1694008613.5755384,0.003913131739221264
20,0.8220893766669798,0.8136053786096412,1694008614.5768127,0.14158328028513864
21,0.8410263490027732,0.8329682872699355,1694008614.8570602,0.006843067402562015
22,0.8194102822786515,0.8109939827579782,1694008615.8815625,85.38452821970931
23,0.8210592699394271,0.8125885902953252,1694008616.276668,0.25382662586833776
24,0.8652729864517683,0.8587639394154029,1694008616.3774416,0.0003704054642045913
25,0.8196470189397498,0.8112011023527079,1694008617.0211844,2.7956975143215823
26,0.8194029302084312,0.8109725774367719,1694008618.6629562,635.5469591289559
27,0.8356652193980287,0.827514890565473,1694008618.8579955,0.011578047414542637
28,0.8564933075738577,0.8492137349056927,1694008619.1865184,0.0016579782893720123
29,0.8237857443358425,0.8153584104138238,1694008619.4574218,0.07580756998893902
30,0.8194065245538722,0.8109390649529894,1694008620.8646321,23111.945173860244
31,0.8194001527596813,0.8109701951169698,1694008622.6417594,57537.92883263092
32,0.8194169808315191,0.8110009697108305,1694008623.6977062,52.946439352748826
33,0.8194137132447545,0.8110055921223867,1694008624.6727185,10674.341315217815
34,0.8193962316555636,0.8109668883148564,1694008628.9559155,2867.5349042547264
35,0.8246315591698695,0.8162386598021723,1694008629.6291857,0.06024769184778868
36,0.8599409383692291,0.8540921925050938,1694008629.8841786,8.359303410192588e-05
37,0.8194217188323278,0.8110107478891224,1694008634.0967689,34.20653037693516
38,0.8195975150002655,0.8111604606880254,1694008635.568985,3.7879795338956446
39,0.8263694251906433,0.8180073366916221,1694008635.775524,0.0412712507494538
40,0.8557729680715929,0.8484514814615696,1694008635.8988905,0.001780512587876359
41,0.8225769006122641,0.8140709443458805,1694008636.260331,0.11619813664631858
42,0.8203872907212788,0.8119127581687968,1694008636.772318,0.4891054329837233
43,0.8446198775471859,0.8367135251193223,1694008636.9407008,0.00492442789220482
44,0.8390241352127403,0.8309072606280621,1694008637.1094608,0.00827804422478638
45,0.8206263146931123,0.8121385274163051,1694008637.8422124,0.3774539662270768
46,0.8193981922076223,0.8109667816438205,1694008639.988376,4030.3162858570754
47,0.8195203999526199,0.8110962802814181,1694008641.0777342,7.286669045546345
48,0.8410364785217437,0.8329772831939641,1694008641.4256363,0.006837205358476159
49,0.8423935073050988,0.8343984258484116,1694008641.6482,0.006022475837155741
50,0.8206872551862728,0.8122070635568789,1694008642.1117334,0.3517391868245492
51,0.8600191970722422,0.8529108463393772,1694008642.3334432,0.0011326701255781754
52,0.8607459083686981,0.8537005320182359,1694008642.5421667,0.0010322552739533818
53,0.8198086011052612,0.8113924879696406,1694008643.5003307,1.3814990740746365
54,0.8592413480429196,0.8533856035632108,1694008643.6448576,7.452357626486133e-05
55,0.8201365034370929,0.8116905446224856,1694008644.2531092,0.6852599078495769
56,0.8262949242124095,0.8179330225366032,1694008644.6204243,0.04185642421228613
57,0.8194079949679164,0.8109847734918778,1694008647.081091,119.36203601430448
58,0.8194073414505635,0.8109813244617167,1694008649.5622466,293.4014332518523
59,0.819415510417475,0.8110034409231623,1694008651.3813274,81.45715140968153
60,0.8194114259340192,0.8109876891668595,1694008653.4934006,77.94784942668598
61,0.8250499736550818,0.8166743576483559,1694008653.9573097,0.05445042093788323
62,0.8194164906935044,0.8110037787147761,1694008655.043314,48.01180652671277
63,0.8293725008066855,0.8210824848719136,1694008655.2297008,0.025031486415074772
64,0.8195463772673989,0.8111162811006517,1694008655.9266424,5.3448891016857685
65,0.8317745038373722,0.8235450924069849,1694008656.1172426,0.018116386632668874
66,0.8209184369498711,0.8124522824899352,1694008656.9093697,0.28278117365008854
67,0.8553285762716019,0.849580967725327,1694008656.9832191,4.1237213219263045e-05
68,0.8514881815471206,0.8438928769633516,1694008657.129216,0.0026714941151545655
69,0.8193996626216665,0.810971155156293,1694008658.176044,52002.720209888874
70,0.854489950128457,0.8470589622017585,1694008658.3078377,0.0020222835238741478
71,0.8194279272471805,0.8110220727974351,1694008658.8779743,82.18169786077691
72,0.8194262934537984,0.8110032809166086,1694008659.9277873,31.97191002681277
73,0.8194094653819602,0.8110022497632615,1694008660.884242,173.53672389096235
74,0.8202822378067958,0.8118095894985637,1694008661.3225172,0.5634898613247956
75,0.8194849466362236,0.8110777195211694,1694008662.165763,9.260570578494969
76,0.8561668756560701,0.8503862629324409,1694008662.2838662,4.6740595294927776e-05
77,0.857032949528038,0.8512182081200268,1694008662.3799262,5.316445647271555e-05
78,0.8611695509927335,0.8541534750152255,1694008662.6464508,0.0009766979203042114
79,0.8653014144566207,0.858868548144621,1694008662.8522391,0.0003300729769169732
80,0.8610599234567802,0.8551543693451906,1694008662.9405637,0.00010024055113887486
81,0.8643092117355378,0.8581729996549547,1694008663.044238,0.00019630829274126294
82,0.8196081346572507,0.8111880173723027,1694008663.7055268,3.410180118204769
83,0.8628716369384346,0.8560142979011975,1694008664.0038152,0.0007553500272941175
84,0.8194034203464459,0.8109373582164148,1694008665.1503088,33190.395712236925
85,0.8194184512455631,0.8110000096715073,1694008666.1737034,65.48137466476211
86,0.8196592723901172,0.8112303479950539,1694008667.0304637,2.5715604251588964
87,0.8194117526926956,0.81099437388511,1694008669.706189,117.9793524335334
88,0.8460208553725252,0.8381497972823633,1694008670.311005,0.004353782300872568
89,0.8193967217935784,0.8109726129937838,1694008674.6277442,18503.626032237953
90,0.8194076682092398,0.8109409316961178,1694008676.728417,2465.6451721954136
91,0.8194086484852693,0.8109924715849695,1694008679.27563,183.31372574241516
92,0.8201899284806946,0.8117365020604577,1694008679.8469572,0.634453154234885
93,0.8194117526926956,0.8109926849270414,1694008680.4585109,2636.5247876533704
94,0.8194073414505634,0.8109820533804621,1694008681.4252667,280.2355540379352
95,0.8194207385562984,0.8110056454579047,1694008682.3909767,40.11059127321231
96,0.8193990091043136,0.8109700528889218,1694008683.748869,13795.983620078132
97,0.8194444285603422,0.8110229795012405,1694008684.4611359,21.709790767603803
98,0.8258634393801387,0.8174935556471503,1694008684.6709652,0.045646328198733196
99,0.8196171205208532,0.8111817771167018,1694008685.2248595,3.3763365603733075
100,0.8616154132067688,0.854626063261329,1694008685.3392172,0.0009200380037622417
101,0.8622594545580793,0.8553578976817112,1694008685.451322,0.0008331495497157547
102,0.8194097921406369,0.8109913159820803,1694008686.691638,180.5910567487015
103,0.81940489076049,0.8109885247566407,1694008687.7373574,706.9147351284804
104,0.819406361174534,0.8109825156216176,1694008688.8940294,52599.744770975536
105,0.8193968851729165,0.8109669949858923,1694008690.805244,3233.807548221459
106,0.8196497963884997,0.8112214942990732,1694008691.825085,2.7286213061923412
107,0.8596037234151184,0.8537531919529647,1694008691.906538,7.905124155690676e-05
108,0.8200660869423149,0.8116211195566125,1694008693.4992998,0.773984825560723
109,0.819397865448946,0.8109687372794789,1694008698.3284616,19026.70022109874
110,0.819399989380343,0.8109729685639036,1694008699.9200797,751.9379344028245
111,0.8201302950222401,0.8116691215227732,1694008700.4123645,0.7094834358573426
112,0.8206738580805378,0.8121930540941623,1694008700.7899537,0.3571030954807974
113,0.8574039840051626,0.8501689562537814,1694008700.8986607,0.0015130653440198177
114,0.8640834214901013,0.8573599707977373,1694008700.9977655,0.0005917439249679911
115,0.8571893035547259,0.851374836757758,1694008701.071726,5.447994898021005e-05
116,0.8194026034497548,0.8109760975809568,1694008702.881974,8393.283178065036
117,0.8194269469711513,0.8110295753269611,1694008703.9778464,25.22122456272648
118,0.8650953931111102,0.8588168660277216,1694008704.1249254,0.0002712209137069466
119,0.8221452524006552,0.8136530783411999,1694008704.5104527,0.1384424247570741
120,0.8534137704275229,0.8477897654687936,1694008704.615758,3.098055859056022e-05
121,0.8592498437685078,0.8520846258307184,1694008704.8350303,0.0012408906014810019
122,0.8194104456579899,0.8109899292586136,1694008706.4890869,202.8062063436987
123,0.819424659660416,0.8110121346125894,1694008707.7737172,32.450971605115406
124,0.8202054495178266,0.8117578362676402,1694008708.2817721,0.6162869531427146
125,0.8431922688897148,0.8352384602562211,1694008708.4489877,0.005595063952582319
126,0.819422535729019,0.8110120279415534,1694008709.9846303,33.28367331333418
127,0.8194130597274016,0.8109903559427571,1694008711.6612465,36685.55664370657
128,0.821232452037953,0.8127546237627227,1694008712.5199118,0.22657164705145716
129,0.856642963047678,0.8508579800317508,1694008712.5830402,5.027187122405425e-05
130,0.8547402472746284,0.8490271494853763,1694008712.6396296,3.7784604283420445e-05
131,0.8585826025511684,0.8527444928588718,1694008712.6982675,6.740780539353561e-05
132,0.819398518966299,0.8109678127971677,1694008714.0999053,39543.20557408551
133,0.8196679314950435,0.8112320191746165,1694008714.7554376,2.55627964500559
134,0.8193967217935784,0.8109665327447368,1694008716.6449635,2369.3233075244916
135,0.8646774687639128,0.8580411364760612,1694008716.7138975,0.0005015744924672883
136,0.8469349627699334,0.839107436507266,1694008716.8369603,0.004012829682775354
137,0.8194089752439457,0.8109864624499463,1694008717.8230307,83.13331884378687
138,0.8194047273811517,0.8109890225548082,1694008718.694876,9030.322933870339
139,0.8292388565080117,0.8209489149564454,1694008718.9577453,0.02552024530611259
140,0.8558156100788712,0.8500501602767871,1694008719.0775466,4.433349601600382e-05
141,0.8193996626216666,0.8109685594944192,1694008720.596687,4377.203059508021
142,0.8392468212507505,0.8311319453867052,1694008720.745663,0.008104467001286645
143,0.8194066879332106,0.8109904448352871,1694008721.720738,257.52776810420465
144,0.8652398204461074,0.8587262489827139,1694008721.8060908,0.000380484129966131
145,0.8194153470381368,0.8109952094748912,1694008722.773764,89.05008767931896
146,0.8193985189662989,0.810968701722467,1694008724.1838746,2595.3515341220154
147,0.819411262554681,0.8109910315259846,1694008725.4628997,186.8619116404625
148,0.8266680826209314,0.8183112246944301,1694008726.0697,0.039000955636855184
149,0.8194158371761515,0.8110007563687587,1694008727.4520333,184.88322788367245
150,0.8649488418447162,0.8587000079078795,1694008727.540418,0.0002481254100530576
151,0.8340940003022519,0.8259258477004996,1694008727.7274933,0.013746468851594106
152,0.8218774736652928,0.8133884630581134,1694008728.0834873,0.15697394280310176
153,0.8193991724836518,0.810971101820775,1694008729.3756018,5917.25641895236
154,0.8653028848706648,0.8588393913948048,1694008729.69907,0.0003446688901498266
155,0.8193991724836518,0.8109680794747576,1694008733.7878687,6327.7294559917955
156,0.8194057076571811,0.8109897692520598,1694008736.2777567,976.4346718282998
157,0.8194081583472546,0.8109826934066775,1694008738.2983005,52028.69953530933
158,0.8256616658974222,0.8172980987523473,1694008738.5176013,0.04753678793148925
159,0.8601085655702552,0.8530050190855817,1694008738.710509,0.0011204634367095203
160,0.8520263530872567,0.8444515131784243,1694008738.862108,0.002545090344527419
161,0.8194006428976959,0.8109723640947,1694008739.9511938,1899.4506485437244
162,0.8193916570340931,0.8109762575875109,1694008741.8723922,44903.63364384258
163,0.8194137132447544,0.8109965428628401,1694008744.1048932,97.29711966074832
164,0.820154148405622,0.8117056563525731,1694008744.8447132,0.6682983944221024
165,0.8401668103043347,0.8320740106403647,1694008745.257934,0.007421601763945588
166,0.819397865448946,0.8109683639308533,1694008751.264245,2172.0951377664555
167,0.8194037471051223,0.8109373759949208,1694008752.7384357,5269.811537884433
168,0.8599254173320972,0.85407976532941,1694008752.8202457,8.342878483576618e-05
169,0.8578366124928012,0.8506390732875528,1694008752.954611,0.001443759018881499
170,0.8193980288282843,0.8109702306739818,1694008754.5008469,2077.8342686087276
171,0.8193890429646813,0.8109793510475523,1694008756.6360712,3041.1579073934113
172,0.8339229421351229,0.8257506049670017,1694008756.8758426,0.014012963398405255
173,0.8420587430410612,0.8340550162267979,1694008757.283296,0.0062079179535315335
174,0.8213999158596407,0.8129179726757163,1694008757.718298,0.2033060114164984
175,0.8196664610809994,0.8112450508195037,1694008758.2663245,2.4800760742372243
176,0.8604178426575283,0.8545520513409117,1694008758.423409,9.029592474122297e-05
177,0.81940211331174,0.8109720618600982,1694008759.5965428,2339.491044881036
178,0.8196810018421021,0.811256962418514,1694008760.1710336,2.2250957463957457
179,0.8194032569671077,0.8109720440815923,1694008762.6582994,561.9247362509291
180,0.8544268857038995,0.8469939639838759,1694008762.9333837,0.00203405483080959
181,0.8194017865530636,0.8109765598221125,1694008767.231903,44971.100047238375
182,0.8194089752439457,0.8109890758903262,1694008771.034129,323.79718826700184
183,0.8288673318928721,0.8205719928510494,1694008771.2678978,0.026973583292244144
184,0.8194117526926956,0.8109941427645322,1694008771.8573148,30568.664791843883
185,0.8194151836587985,0.8109956006020228,1694008773.364018,101.18538527789427
186,0.8193955781382107,0.8109669772073864,1694008775.8987954,2544.549213436458
187,0.8528720045419456,0.8472863137362994,1694008776.0620842,2.8508414101821788e-05
188,0.8543894718354443,0.8487223725572688,1694008776.1941485,3.600936065178426e-05
189,0.8194137132447545,0.810977306519364,1694008776.8210511,267.5301515058801
190,0.8360338031850801,0.8278899103707288,1694008776.9931326,0.01113946490248109
191,0.8197832773078353,0.8113760784086159,1694008777.5179098,1.4717825803931042
192,0.865288997626915,0.8587813979082805,1694008777.6430712,0.00036527860595482686
193,0.8194052175191664,0.8109381760276901,1694008778.5772836,60189.965801601495
194,0.8199072822255533,0.8114751046869546,1694008780.0099125,1.0653945645045593
195,0.8193991724836518,0.8109370026462951,1694008784.7748108,1949.893020456836
196,0.8572476299784748,0.8514335058275099,1694008785.043022,5.5001934278746175e-05
197,0.8202129649673854,0.8117585829648917,1694008786.7823305,0.6153957918703751
198,0.8554413080149819,0.8496928478634929,1694008787.0765402,4.195607026428522e-05
199,0.819397865448946,0.8109684350448773,1694008790.9186366,6956.876774599797
200,0.8209017722573714,0.8124334194950847,1694008791.320411,0.2871453495849166
201,0.8564014883857713,0.8506227703975644,1694008791.3897476,4.8472920031915784e-05
202,0.8576219320423643,0.8517923827493307,1694008791.4729772,5.820533902158053e-05
203,0.8196671145983523,0.8112469175626322,1694008792.9193497,2.443017511685991
204,0.8574806089147936,0.8516582617001769,1694008793.018806,5.6972338378834104e-05
205,0.8633884057852622,0.856573343021908,1694008793.153454,0.0006882134883255582
206,0.8212020634810419,0.8127236358267902,1694008794.050817,0.23097811973034613
207,0.8199530284402583,0.8115249022822197,1694008794.6732724,0.9502290649472058
208,0.8195215436079876,0.8110974358843072,1694008795.5323653,6.8095615923263475
209,0.8194547214586506,0.8110486872208952,1694008796.4908063,16.03713606923217
210,0.8251295393928008,0.8167504852109854,1694008796.783337,0.053470592493172216
211,0.8194494933198273,0.8110475849535241,1694008797.6883333,15.394508572731375
212,0.8652610597600774,0.8587522411584645,1694008797.8025632,0.0003736341673364208
213,0.8430060164441304,0.8350457056943275,1694008797.9692752,0.005689639556432357
214,0.8194110991753427,0.8109934138457866,1694008798.5312169,970.9183428278873
215,0.8652991271458855,0.8588497029282764,1694008798.638762,0.00033954161285588936
216,0.8561894220047461,0.8488793567651198,1694008798.782837,0.0017109201015874974
217,0.8514135171895485,0.8438108824937469,1694008798.9372346,0.0026901828327610035
218,0.8202012016550326,0.811749551483851,1694008799.4404495,0.6238397563600089
219,0.8474551625828639,0.8420577262400224,1694008799.5178025,1.0173144667031286e-05
220,0.8508364613669133,0.8452944277042033,1694008799.6786964,2.009618431296219e-05
221,0.8205384166091434,0.8120555195718593,1694008800.6527896,0.41255467846460186
222,0.865073336900449,0.8585378501547868,1694008800.8550537,0.00042189739968307734
223,0.819416163934828,0.8109995829873636,1694008805.5733345,62.37607418580377
224,0.8194055442778428,0.810983280097375,1694008809.9012501,895.4593422348332
225,0.8195284055401933,0.811107462961683,1694008810.618135,6.048303663192318
226,0.8194079949679163,0.8109868180200661,1694008811.6507764,88.64408708646933
227,0.8235661625052588,0.8151267031453163,1694008811.9072015,0.0812045113535455
228,0.8529871869753991,0.8473960782322532,1694008811.9671624,2.90376876884198e-05
229,0.8210997880153086,0.8126232050464787,1694008812.3275352,0.24786506856858823
230,0.825214169890005,0.8168351286779818,1694008812.5502756,0.052456960418239926
231,0.8194882142229882,0.8110789640165883,1694008813.337851,9.333239749576252
232,0.8646403816541341,0.8584739008687575,1694008813.4464898,0.00021987795899117718
233,0.8551637265193257,0.8477824940598455,1694008813.5839565,0.0018929056486563555
234,0.8193986823456372,0.8109673861130241,1694008815.1287239,1405.478366678138
235,0.8459126982506158,0.8380328858270035,1694008815.285826,0.004398000419018994
236,0.8223529075395479,0.8138520553801885,1694008815.6158118,0.1268241759311289
237,0.819407014691887,0.8109818222598842,1694008816.7214277,22894.0045585424
238,0.8429932728557483,0.835035234154302,1694008816.849235,0.005695405236497562
239,0.8651507787067707,0.8588492406871208,1694008816.9359663,0.00028372629605484133
240,0.8194205751769603,0.8109866046779942,1694008817.4898984,104.7613999375364
241,0.8195663095466631,0.8111433399867614,1694008818.0903034,4.684524389617693
242,0.819457008769386,0.8110583231711392,1694008818.7789576,13.059855010617012
243,0.8523813763892348,0.84681144984143,1694008818.8370056,2.6321371201739134e-05
244,0.8219849772698495,0.813498458674645,1694008819.1580071,0.14882262055305812
245,0.8478144337476361,0.8423956423032866,1694008819.2046576,1.1032256272348058e-05
246,0.850492547859935,0.842855998937272,1694008819.317967,0.002919810651922795
247,0.8194125695893868,0.8109952272533972,1694008820.2876449,114.96399201243074
248,0.8553305368236607,0.8495825322338536,1694008820.5661829,4.1248404939754365e-05
249,0.838320460402975,0.8302044940649659,1694008821.487873,0.008849831177716453
250,0.8193962316555636,0.8109678127971678,1694008827.4609249,76054.9575240737
251,0.8193913302754167,0.8109731285704573,1694008830.784948,51549.24421219098
252,0.8201677088906951,0.8117126433054254,1694008831.2384565,0.6583606825255077
253,0.8194071780712253,0.8109766664931485,1694008832.5362544,227.4751003459486
254,0.8194416511115922,0.8110366511723431,1694008833.5314362,21.21083384149941
255,0.8204514988012042,0.8119725650629317,1694008833.9952192,0.45386920244066076
256,0.8193991724836518,0.8109673327775062,1694008835.6718285,3721.0398958010824
257,0.8644763487985492,0.8578269410359493,1694008835.7844176,0.0005311076068075204
258,0.8193896964820344,0.8109783554512171,1694008837.326817,1924.505791797013
259,0.8523867679073964,0.8468171567418512,1694008837.4038172,2.634481993722084e-05
260,0.8193980288282843,0.8109679194682036,1694008839.2974834,4672.366679324652
261,0.8194166540728427,0.8109971295535376,1694008843.2155871,57.53947230875878
262,0.8208947469458275,0.8124285304059388,1694008845.8179615,0.28783334123666954
263,0.8194150202794603,0.8110025342193571,1694008851.7547183,51.963988303234615
264,0.8205647206825989,0.812080480594263,1694008852.2741852,0.4014995278437009
265,0.8194132231067398,0.8109981429283788,1694008852.8505392,631.0041619957428
266,0.8627723023007895,0.8567548260110065,1694008852.9351444,0.0001362827343684453
267,0.819855654354672,0.81143695201311,1694008853.4419785,1.2066304713966842
268,0.8193993358629901,0.8109690039570687,1694008855.3137126,5186.751001076712
269,0.8193983555869606,0.8109709062572092,1694008857.1916478,18849.192863237884
270,0.8568782292947322,0.8496168625289113,1694008857.3555007,0.0015972147621674388
271,0.8491284937650361,0.841400134860635,1694008857.5492427,0.00330600134213884
272,0.8193980288282843,0.8109677594616498,1694008860.0666606,10967.93116354787
273,0.8285183536264087,0.8202010087666525,1694008860.4750223,0.028521567314890892
274,0.8545812791785288,0.8489017754611673,1694008860.634241,3.704467086305151e-05
275,0.8194106090373281,0.8110011474958904,1694008864.4939828,140.88563738297898
276,0.8221298947428614,0.8136376999335226,1694008866.2881906,0.13937619099494952
277,0.8194106090373281,0.8109849334984316,1694008869.779047,225.54950325331853
278,0.8202446605590024,0.8117833484237293,1694008870.3121843,0.5900873906050619
279,0.8199216596073177,0.8114962611090772,1694008870.913347,1.0131075324959542
280,0.8219748477508793,0.8134826713613301,1694008871.2401068,0.14983701206516814
281,0.8393535079586161,0.8312241980542634,1694008871.4159045,0.008032467191390487
282,0.8193975386902694,0.8109677594616498,1694008873.5286813,10165.030214550206
283,0.819417634348872,0.8110012897239383,1694008875.374006,48.738906350700724
284,0.8194040738637987,0.8109890936688322,1694008876.4228513,773.2562401490941
285,0.8193996626216665,0.8109754219977295,1694008877.499688,9065.574076033328
286,0.8495751728757622,0.8418662339520537,1694008877.6126845,0.0031760653068661714
287,0.8193983555869606,0.8109672616634822,1694008880.3297782,15783.602673463387
288,0.8193998260010048,0.8109761153594628,1694008888.2922606,4227.181279149055
289,0.8198744429785687,0.811445485695983,1694008890.1704717,1.1504099286562148
290,0.8195584673384281,0.8111285838267935,1694008891.2356434,4.775531800956234
291,0.8629453210199772,0.8569108857365464,1694008891.5324647,0.0001410335313464482
292,0.8194039104844605,0.8109693595271885,1694008893.1147902,417.98279486150295
293,0.8644199829268591,0.8577624939517522,1694008893.200375,0.000539821368499991
294,0.8196888440503372,0.8112616381655882,1694008894.051451,2.1795177489724376
295,0.8640745990058367,0.8579633732908811,1694008894.1649024,0.00018381165793107768
296,0.8570853942956105,0.851271436966947,1694008894.2368107,5.360075855173993e-05
297,0.8194707326337974,0.8110628211331536,1694008895.1019437,12.310464429446222
298,0.8200340645920213,0.8115943095695867,1694008895.5858045,0.8166412180900758
299,0.8194142033827692,0.8110037787147762,1694008896.6428962,55.988566395428904
300,0.8194061977951959,0.8109888269912425,1694008897.7418206,810.1059660205268
301,0.8193965584142402,0.810967635012108,1694008908.054503,67123.5514307683
302,0.8587682014794,0.8529234513001207,1694008908.31099,6.931174147885519e-05
303,0.8194400173182098,0.8110220727974351,1694008909.291379,20.517343258726626
304,0.8195364111277668,0.8110985203731723,1694008909.9783432,5.885033695774706
305,0.8194261300744601,0.811009787849799,1694008910.9706736,32.09384626337881
306,0.8196499597678379,0.8112336725756731,1694008911.469696,2.7026795040134526
307,0.8196006192076919,0.8111733856618767,1694008912.0423079,3.74691529514758
308,0.8193990091043136,0.8109713151628468,1694008913.142265,4847.818329430454
309,0.8207419872645806,0.8122709772858963,1694008913.6159081,0.3312197032349254
310,0.8196827990148225,0.8112604114486751,1694008914.2765713,2.2374626084749165
311,0.8194089752439457,0.8109868180200661,1694008915.2942324,81.21514754804916
312,0.8595591208557809,0.8537110213367672,1694008915.3638332,7.85145080655895e-05
313,0.8213625019911857,0.8128812778393625,1694008915.6970124,0.20857064724993535
314,0.8613384852284655,0.855417917917918,1694008915.7680688,0.00010503697528930426
315,0.864870583141703,0.8586436856009179,1694008915.8518996,0.0002388355270835669
316,0.8475919110889641,0.8421896605329399,1694008915.9111998,1.050160271850626e-05
317,0.8591841652745384,0.8520144896246061,1694008916.0113716,0.0012504443299582648
318,0.8576952893652305,0.8504860181295248,1694008916.101438,0.0014668058196432873
319,0.8197914462747469,0.8113633667768365,1694008916.5775712,1.4535996587509759
320,0.8195532391996047,0.8111084763365242,1694008917.2207375,5.0359613103128735
321,0.8193983555869606,0.8109316157589814,1694008919.2760534,1736.248186117563
322,0.82010350081077,0.8116494229381414,1694008920.5955427,0.7363967925645764
323,0.8193991724836518,0.8109824445075937,1694008923.1444566,8213.835278886692
324,0.8232992006665876,0.8148293576327109,1694008923.9306157,0.08924993279296102
325,0.81940489076049,0.8109829600842673,1694008928.293452,279.32799937722456
326,0.8196078078985741,0.8111772791546874,1694008928.816586,3.369555578643302
327,0.8194491665611507,0.811045309304758,1694008929.918786,17.308158265387704
328,0.8443235074276332,0.836404819141392,1694008930.1278334,0.005057314579448284
329,0.8193991724836518,0.8109682572598174,1694008931.6779175,23765.67093010759
330,0.8194022766910782,0.8109779998810974,1694008933.918555,497.21835634130815
331,0.8651694039513294,0.8588522096976203,1694008934.0450861,0.00028572634825785315
332,0.8196814919801167,0.8112481087225332,1694008934.6049585,2.367792820852162
333,0.8193977020696077,0.8109685772729252,1694008936.692297,90753.43156755935
334,0.8534057648399495,0.8477828674084713,1694008936.82141,3.0943064674672686e-05
335,0.8364384938058806,0.8283133766047946,1694008937.0629854,0.010670834375597139
336,0.8194086484852692,0.810990675955865,1694008939.2061944,255.93737629110012
337,0.852019491155051,0.8464539952000878,1694008939.5129983,2.4752238244074692e-05
338,0.8194061977951959,0.8109882225220388,1694008947.831191,292.8942932153779
339,0.819546540646737,0.8111083696654882,1694008948.621158,5.422665303487793
340,0.8194094653819604,0.8109918315587539,1694008949.773701,207.51846945125519
341,0.8196212050043091,0.811199591179699,1694008950.4217513,3.223487264842891
342,0.8194065245538724,0.8109811822336688,1694008951.5187976,24776.204844027314
343,0.828385526224426,0.820065269873454,1694008951.92342,0.029108312516407744
344,0.8195403322318844,0.8111131165265864,1694008953.458371,5.555134767229969
345,0.8536712562645766,0.8480285130256714,1694008953.5667825,3.2195842191514985e-05
346,0.8196282303158531,0.811186488420788,1694008954.2190144,3.4223808847736064
347,0.8218897271156602,0.8133974056466242,1694008954.5692272,0.15628936853718164
348,0.8193986823456371,0.8109719018535444,1694008955.9961922,67860.62854682897
349,0.8193963950349019,0.810966319402665,1694008957.7223847,28580.721521164167
350,0.8648977041118493,0.8586597573703285,1694008958.060288,0.00024143162004708888
351,0.8523212527927655,0.846754274166181,1694008958.2822034,2.6070923501641915e-05
352,0.8635251542913625,0.8574745177118012,1694008958.5872324,0.0001609721225748982
353,0.862167635369993,0.8552514755448828,1694008958.874289,0.0008461934848120146
354,0.8194169808315193,0.8109912982035744,1694008960.3413389,182.67534789411238
355,0.8196452217670293,0.8112106316319161,1694008966.5534415,2.752830905543515
356,0.8196775708759991,0.8112629359965251,1694008968.1815162,2.2348755555851794
357,0.8204707775631155,0.8119951615440391,1694008968.597508,0.44194659746397447
358,0.8480557450302048,0.8426261584118929,1694008968.6630292,1.1666542939032776e-05
359,0.8234625800048196,0.8150083694094776,1694008968.8783348,0.08408511750891697
360,0.8194003161390195,0.8109683817093591,1694008970.3459485,97585.30247466675
361,0.819405544277843,0.8109875469388115,1694008971.4972484,1595.5560098429037
362,0.8195467040260753,0.8111171700259509,1694008972.21487,5.353121607280339
363,0.8616039766530925,0.854611324879867,1694008972.3093133,0.0009217849369264841
364,0.8194030935877694,0.8109362381705378,1694008973.238515,16021.170603787448
365,0.8216593622487531,0.8131890771134875,1694008973.6513155,0.17437028365876514
366,0.8194555383553419,0.8110512117687452,1694008974.6882918,15.605321873324801
367,0.8604330369359838,0.8533617448081785,1694008974.9049213,0.0010741787765683548
368,0.8313742244587038,0.823120577241066,1694008975.1164825,0.019083474021015852
369,0.8286042911583187,0.820285474448589,1694008975.3470829,0.0281536449494667
370,0.8233160287384256,0.8148455005161456,1694008975.665614,0.08861733881957815
371,0.8498176278136986,0.8443250546653502,1694008975.765311,1.6684717801437715e-05
372,0.8194182878662251,0.8110062677056141,1694008976.8889756,40.13012587288623
373,0.8646812264886921,0.8580451544184138,1694008977.0462625,0.0005010720519390161
374,0.8194705692544593,0.8110690613887546,1694008978.2099547,10.789532624263533
375,0.8194583158040918,0.8110425003008124,1694008979.3130183,15.696523166413959
376,0.8194135498654163,0.8109988718471242,1694008984.9480836,95.29003014201487
377,0.8389930931384761,0.8308754726593601,1694008985.4245157,0.008304468851196341
378,0.8389669524443591,0.8308504938584507,1694008985.9156115,0.008323766056314666
379,0.8194086484852693,0.8109931649467029,1694008988.4152777,359.1656286982556
380,0.8237793725416516,0.8153490055841576,1694008988.634208,0.07625036952146859
381,0.8653019045946355,0.8588625212310919,1694008988.7213993,0.0003346821957355524
382,0.8193980288282843,0.8109671194354342,1694008990.1288915,11288.832074593533
383,0.8487349129392351,0.8432993948765475,1694008990.1879966,1.3515374978462078e-05
384,0.8194153470381369,0.8109575545992141,1694008990.8516426,7325.614765749595
385,0.8389120569867132,0.8307958427310517,1694008991.0063996,0.008366961286283333
386,0.824291076628994,0.8158834274740782,1694008991.4112818,0.06580371323952905
387,0.8193970485522548,0.8109661593961112,1694008992.8969965,60820.71536635104
388,0.8211909536860421,0.8127130753942347,1694008993.3159041,0.2326791209579679
389,0.8194030935877693,0.8109846845993478,1694008994.439449,144.15170629726995
390,0.8222328237259476,0.8137437842787374,1694008994.7857873,0.13299265903456559
391,0.819397865448946,0.8109679728037216,1694008996.3874192,13657.088436516822
392,0.8194019499324018,0.8109816266963183,1694008998.4966028,156.64083592306363
393,0.8201843735831948,0.811727595028959,1694008999.0560043,0.6410883492535069
394,0.8587900943107231,0.8529454610905308,1694008999.1800785,6.953708640433194e-05
395,0.8261191280444717,0.8177608199276287,1694008999.4553578,0.0432851252256651
396,0.820050729284521,0.8116043366469624,1694009000.0272532,0.8055027426295138
397,0.8409454762303485,0.8328812970401491,1694009000.266384,0.006896707932466834
398,0.8196811652214402,0.8112662427986383,1694009002.6786466,2.220266438519975
399,0.8591998496910088,0.8520262589955684,1694009002.921246,0.0012488511606955643
