trial,score,test_score,time,alpha
0,0,0,1694007962.8309445,0
0,0.8032735473100867,0.8046936181652751,1694007962.9235017,1
1,0.8029954151108766,0.804550070968057,1694007963.07297,3.2209132335058994
2,0.8029347525324481,0.8045460669061096,1694007963.201679,120.63636043495595
3,0.8038192243717059,0.8053597112106577,1694007963.2856944,0.00811049552727607
4,0.8030329000060377,0.8045745367323973,1694007963.423388,1.2831459336090951
5,0.8029430507153463,0.8045392253199475,1694007963.5579784,8500.990747226393
6,0.8029430507153463,0.8045392253199474,1694007963.6996348,9181.86470916494
7,0.7970218680010909,0.8009468250799685,1694007963.76802,0.00018024079929419208
8,0.8027393160179823,0.804223944851645,1694007963.8316143,0.0011814865483077482
9,0.7894484884573706,0.7945974232568718,1694007963.8775258,3.2709358969753595e-05
10,0.803343652648365,0.8047315148775651,1694007963.976212,0.25591658776987436
11,0.7852106922945077,0.790060947182608,1694007964.0349905,1.9895832168682116e-05
12,0.8033167550900052,0.8047176110089129,1694007964.12476,0.3701112139691128
13,0.8029419061383948,0.8045509537533682,1694007964.2417529,31.00562400247852
14,0.803624360145716,0.8053049469933137,1694007964.3021653,0.006093584339906497
15,0.8029453398692493,0.8045359779311239,1694007964.4084222,57.882731821182155
16,0.8029633669562352,0.8045316901167548,1694007964.5201342,8.102670420619168
17,0.7836454833133557,0.7885320576076689,1694007964.5480852,1.7370760151751154e-05
18,0.8029905506588328,0.8045516788984454,1694007964.6533666,3.8774024457587526
19,0.8037960466884384,0.8051959230073746,1694007964.7103205,0.003913131739221264
20,0.8033402189175106,0.8047373790942756,1694007964.783029,0.14158328028513864
21,0.8037047666765577,0.8053467847114575,1694007964.8418796,0.006843067402562015
22,0.8029453398692493,0.8045367976603415,1694007964.9490764,85.38452821970931
23,0.803339646629035,0.8047323346067826,1694007965.0199218,0.25382662586833776
24,0.7998979037359277,0.8024339084648108,1694007965.0561028,0.0003704054642045913
25,0.8029962735435902,0.8045505123607125,1694007965.1674457,2.7956975143215823
26,0.8029287435034529,0.8045455309293135,1694007965.2767854,635.5469591289559
27,0.8038861821233677,0.8051831856764551,1694007965.3374705,0.011578047414542637
28,0.8033067400416798,0.8047698214544639,1694007965.3808794,0.0016579782893720123
29,0.8034266344773475,0.8047706411836815,1694007965.4494693,0.07580756998893902
30,0.8029284573592149,0.8045455309293135,1694007965.5541625,23111.945173860244
31,0.8029430507153463,0.8045392253199474,1694007965.6553848,57537.92883263092
32,0.8029453398692493,0.804536135571358,1694007965.7531576,52.946439352748826
33,0.8029430507153463,0.8045392253199474,1694007965.8508537,10674.341315217815
34,0.8029430507153463,0.8045392568479942,1694007965.949528,2867.5349042547264
35,0.8034827187479702,0.8048278961167252,1694007966.0107815,0.06024769184778868
36,0.7946391449323427,0.7990046973952252,1694007966.037302,8.359303410192588e-05
37,0.8029441952922978,0.8045358202908898,1694007966.134544,34.20653037693516
38,0.8029942705339251,0.8045540435019576,1694007966.2298844,3.7879795338956446
39,0.8036020408951623,0.804923772907136,1694007966.292257,0.0412712507494538
40,0.8033499478215982,0.8048410748403003,1694007966.32915,0.001780512587876359
41,0.8033965893323711,0.8047436531755947,1694007966.3918254,0.11619813664631858
42,0.8033027340223495,0.8047053781267428,1694007966.4553015,0.4891054329837233
43,0.8035199174988933,0.8052728829696874,1694007966.498132,0.00492442789220482
44,0.8038180797947545,0.8053449245566944,1694007966.5484428,0.00827804422478638
45,0.8033138936476266,0.8047146158444641,1694007966.6119528,0.3774539662270768
46,0.8029430507153463,0.8045392568479942,1694007966.7091076,4030.3162858570754
47,0.8029630808119973,0.8045316585887081,1694007966.8076823,7.286669045546345
48,0.8037039082438441,0.8053437580189616,1694007966.8587103,0.006837205358476159
49,0.8036352336267552,0.8053060820029996,1694007966.909723,0.006022475837155741
50,0.8032970111375922,0.8047238220341384,1694007966.973937,0.3517391868245492
51,0.8026743612759857,0.8041667214466481,1694007967.0105784,0.0011326701255781754
52,0.8024234127793735,0.8040522431086075,1694007967.047501,0.0010322552739533818
53,0.803025746400091,0.8045668754170175,1694007967.1446133,1.3814990740746365
54,0.7940991907554809,0.7986466333673742,1694007967.1705577,7.452357626486133e-05
55,0.8032718304446596,0.8047308527885816,1694007967.2362156,0.6852599078495769
56,0.8036212125590996,0.8049107833518419,1694007967.2989447,0.04185642421228613
57,0.8029456260134873,0.8045388469833854,1694007967.398723,119.36203601430448
58,0.8029313188015936,0.8045345906970635,1694007967.5019555,293.4014332518523
59,0.8029453398692493,0.8045369237725288,1694007967.5996583,81.45715140968153
60,0.8029453398692493,0.8045368607164352,1694007967.6967812,77.94784942668598
61,0.8035496764996319,0.8048419576256115,1694007967.7565832,0.05445042093788323
62,0.8029450537250115,0.8045362616835454,1694007967.854014,48.01180652671277
63,0.8037067696862228,0.8049814377047884,1694007967.9119198,0.025031486415074772
64,0.802969948273706,0.8045354419543278,1694007968.009136,5.3448891016857685
65,0.8039534260192673,0.8050926371259588,1694007968.0666084,0.018116386632668874
66,0.8033073123301555,0.8047298754191299,1694007968.1286361,0.28278117365008854
67,0.7912574923291884,0.7959369869105953,1694007968.1509378,4.1237213219263045e-05
68,0.8036495408386486,0.805072364591847,1694007968.192025,0.0026714941151545655
69,0.8029284573592149,0.8045455309293135,1694007968.2880874,52002.720209888874
70,0.8034240591792066,0.804869513138541,1694007968.3291283,0.0020222835238741478
71,0.8029353248209238,0.8045458146817349,1694007968.4267042,82.18169786077691
72,0.8029450537250115,0.8045359779311239,1694007968.522702,31.97191002681277
73,0.8029453398692494,0.8045387523992449,1694007968.6193345,173.53672389096235
74,0.8032981557145437,0.8047271324790557,1694007968.6828315,0.5634898613247956
75,0.8029562133502884,0.8045316585887083,1694007968.7802684,9.260570578494969
76,0.791866121123139,0.7966387697049899,1694007968.8032687,4.6740595294927776e-05
77,0.7924881986962696,0.7972061799637938,1694007968.8263288,5.316445647271555e-05
78,0.8023787742782655,0.8040035953323483,1694007968.8625383,0.0009766979203042114
79,0.7995928739783578,0.8022021142645148,1694007968.895699,0.0003300729769169732
80,0.7951928340326222,0.7994831039778274,1694007968.9243813,0.00010024055113887486
81,0.7973457832783601,0.8010956059329605,1694007968.9537487,0.00019630829274126294
82,0.802994556678163,0.8045495980473545,1694007969.050629,3.410180118204769
83,0.8015810041430824,0.8035628962937551,1694007969.0863874,0.0007553500272941175
84,0.8029430507153463,0.8045392253199474,1694007969.184792,33190.395712236925
85,0.8029453398692493,0.8045359779311239,1694007969.2840312,65.48137466476211
86,0.8029957012551144,0.8045509852814151,1694007969.3817785,2.5715604251588964
87,0.8029456260134873,0.8045388469833854,1694007969.4804156,117.9793524335334
88,0.8036581251657848,0.8051766278427144,1694007969.523315,0.004353782300872568
89,0.8029430507153463,0.8045392253199474,1694007969.6245449,18503.626032237953
90,0.8029421922826327,0.8045391937919005,1694007969.7247603,2465.6451721954136
91,0.8029453398692494,0.8045387523992449,1694007969.8247206,183.31372574241516
92,0.8032824177814607,0.804730789732488,1694007969.890053,0.634453154234885
93,0.8029430507153463,0.8045392568479942,1694007969.9894514,2636.5247876533704
94,0.8029310326573558,0.8045459407939223,1694007970.0908668,280.2355540379352
95,0.8029450537250115,0.8045363247396391,1694007970.1919594,40.11059127321231
96,0.8029430507153463,0.8045392253199474,1694007970.2934682,13795.983620078132
97,0.8029361832536374,0.804543733830644,1694007970.397323,21.709790767603803
98,0.803628938453522,0.804908923197079,1694007970.4610078,0.045646328198733196
99,0.8029951289666387,0.8045498502717292,1694007970.5592647,3.3763365603733075
100,0.8021993618411207,0.8039429038422001,1694007970.5969357,0.0009200380037622417
101,0.8018413953995447,0.8036454051923099,1694007970.634045,0.0008331495497157547
102,0.8029453398692494,0.8045387523992449,1694007970.7348728,180.5910567487015
103,0.8029421922826327,0.8045387523992449,1694007970.8385596,706.9147351284804
104,0.8029430507153463,0.8045392253199474,1694007970.9721067,52599.744770975536
105,0.8029430507153463,0.8045392568479942,1694007971.0909827,3233.807548221459
106,0.8029959873993523,0.8045522148752415,1694007971.2038493,2.7286213061923412
107,0.7943083621933642,0.7988673927512796,1694007971.2383168,7.905124155690676e-05
108,0.8032855653680774,0.8047051259023681,1694007971.3118534,0.773984825560723
109,0.8029430507153463,0.8045392253199474,1694007971.4274952,19026.70022109874
110,0.8029421922826327,0.8045387523992449,1694007971.5400147,751.9379344028245
111,0.8032795563390821,0.8047324291909231,1694007971.6138468,0.7094834358573426
112,0.803301875589636,0.8047195972758633,1694007971.6919124,0.3571030954807974
113,0.8030846921130922,0.8046829301573997,1694007971.7352114,0.0015130653440198177
114,0.8010344686487497,0.80314817636575,1694007971.7758176,0.0005917439249679911
115,0.7926733340181719,0.7973714184572311,1694007971.809507,5.447994898021005e-05
116,0.8029430507153463,0.8045392253199474,1694007971.9167454,8393.283178065036
117,0.8029450537250113,0.8045362616835454,1694007972.0239947,25.22122456272648
118,0.7984792006045656,0.8017170552640314,1694007972.0563495,0.0002712209137069466
119,0.803345941802268,0.8047364017248237,1694007972.1277342,0.1384424247570741
120,0.7890496033897791,0.7942264012017735,1694007972.155245,3.098055859056022e-05
121,0.8028626441845046,0.8042835013321074,1694007972.1942992,0.0012408906014810019
122,0.8029318910900693,0.8045458146817349,1694007972.3068733,202.8062063436987
123,0.8029450537250115,0.8045361040433112,1694007972.4327283,32.450971605115406
124,0.8032910021085968,0.8047328705835789,1694007972.4992883,0.6162869531427146
125,0.8035997517412592,0.8052628570507953,1694007972.5566883,0.005595063952582319
126,0.8029341802439722,0.8045504177765721,1694007972.6681232,33.28367331333418
127,0.8029430507153463,0.8045392253199474,1694007972.7847853,36685.55664370657
128,0.8033333514558019,0.804723916618279,1694007972.8722124,0.22657164705145716
129,0.7922386809208466,0.7969865240615275,1694007972.9019353,5.027187122405425e-05
130,0.790601363591751,0.7954501623394896,1694007972.9316642,3.7784604283420445e-05
131,0.793669974398675,0.7983449099592087,1694007972.9747663,6.740780539353561e-05
132,0.80293046036888,0.804533770967846,1694007973.0903268,39543.20557408551
133,0.802994556678163,0.8045509222253214,1694007973.2099516,2.55627964500559
134,0.8029421922826327,0.8045392568479942,1694007973.3323956,2369.3233075244916
135,0.8005626168005011,0.8028507723000002,1694007973.3703997,0.0005015744924672883
136,0.8037588479375153,0.805188986837072,1694007973.4194431,0.004012829682775354
137,0.8029453398692493,0.8045369237725287,1694007973.5488102,83.13331884378687
138,0.8029430507153463,0.8045392253199474,1694007973.6791124,9030.322933870339
139,0.8036941793397565,0.8049759202965932,1694007973.7503421,0.02552024530611259
140,0.7916060160109148,0.7963457165097025,1694007973.7779653,4.433349601600382e-05
141,0.8029350386766859,0.8045380272541679,1694007973.9002252,4377.203059508021
142,0.8038172213620408,0.8053604363557347,1694007973.9613745,0.008104467001286645
143,0.8029453398692492,0.8045390046236196,1694007974.0757103,257.52776810420465
144,0.7999954789210415,0.802501126260653,1694007974.114686,0.000380484129966131
145,0.8029353248209238,0.8045458462097818,1694007974.2400463,89.05008767931896
146,0.8029421922826327,0.8045392568479942,1694007974.361105,2595.3515341220154
147,0.8029318910900693,0.8045458146817349,1694007974.4639046,186.8619116404625
148,0.8036120559434876,0.8049419961182038,1694007974.5271761,0.039000955636855184
149,0.8029453398692494,0.804538720871198,1694007974.6268578,184.88322788367245
150,0.798080315536974,0.8015498935597374,1694007974.6619081,0.0002481254100530576
151,0.8038999170467853,0.805120791671778,1694007974.7254786,0.013746468851594106
152,0.8033528092639769,0.8047280467924137,1694007974.8249586,0.15697394280310176
153,0.8029430507153463,0.8045392253199474,1694007974.9446795,5917.25641895236
154,0.7997319400779629,0.8023223937631722,1694007974.9962015,0.0003446688901498266
155,0.8029430507153463,0.8045392253199475,1694007975.1081085,6327.7294559917955
156,0.8029421922826327,0.804538720871198,1694007975.2612991,976.4346718282998
157,0.8029430507153463,0.8045392253199474,1694007975.3882189,52028.69953530933
158,0.8036275077323326,0.804913368651682,1694007975.4595327,0.04753678793148925
159,0.8026820871704082,0.8041532589706515,1694007975.4985948,0.0011204634367095203
160,0.8035422367494472,0.804998273681796,1694007975.5434177,0.002545090344527419
161,0.8029421922826327,0.8045391937919005,1694007975.6494725,1899.4506485437244
162,0.8029430507153463,0.8045392253199474,1694007975.7867012,44903.63364384258
163,0.8029450537250115,0.8045369237725288,1694007975.8931985,97.29711966074832
164,0.8032724027331353,0.804731546405612,1694007975.967739,0.6682983944221024
165,0.8037951882557248,0.8053486133381735,1694007976.0207534,0.007421601763945588
166,0.8029284573592149,0.8045454678732198,1694007976.122358,2172.0951377664555
167,0.8029430507153463,0.8045392253199474,1694007976.223416,5269.811537884433
168,0.794645153961338,0.7989976035846884,1694007976.2518709,8.342878483576618e-05
169,0.8030486379391206,0.8046162798664006,1694007976.2909276,0.001443759018881499
170,0.8029421922826327,0.8045391937919005,1694007976.3945842,2077.8342686087276
171,0.8029284573592149,0.8045455309293135,1694007976.4996848,3041.1579073934113
172,0.8039053537873051,0.805110418944371,1694007976.556839,0.014012963398405255
173,0.8036240740014783,0.8053115048270543,1694007976.6115646,0.0062079179535315335
174,0.8033385020520836,0.8047201332526593,1694007976.6787057,0.2033060114164984
175,0.8029979904090175,0.8045501340241508,1694007976.7808204,2.4800760742372243
176,0.7948852289769113,0.799198657939325,1694007976.809391,9.029592474122297e-05
177,0.8029421922826327,0.8045392568479942,1694007976.9116864,2339.491044881036
178,0.8030034271495371,0.8045518365386795,1694007977.0125346,2.2250957463957457
179,0.8029421922826327,0.804538720871198,1694007977.1122324,561.9247362509291
180,0.8033974477650847,0.8048838583998488,1694007977.1520805,0.00203405483080959
181,0.8029350386766859,0.8045380272541679,1694007977.2572756,44971.100047238375
182,0.8029444814365356,0.8045390361516663,1694007977.3581626,323.79718826700184
183,0.8036432456654156,0.8049868290007964,1694007977.4203553,0.026973583292244144
184,0.8029284573592149,0.8045455309293135,1694007977.5251474,30568.664791843883
185,0.8029450537250115,0.8045369237725288,1694007977.624509,101.18538527789427
186,0.8029430507153463,0.8045392568479942,1694007977.7258258,2544.549213436458
187,0.788536832915515,0.7935737075762938,1694007977.7502341,2.8508414101821788e-05
188,0.7902056261107762,0.7951971812917236,1694007977.774534,3.600936065178426e-05
189,0.8029453398692492,0.8045389730955728,1694007977.8780158,267.5301515058801
190,0.8038930495850766,0.8051879148834797,1694007977.933496,0.01113946490248109
191,0.8030271771212802,0.8045679158425629,1694007978.0326874,1.4717825803931042
192,0.7998592742638153,0.8024307556601278,1694007978.0664952,0.00036527860595482686
193,0.8029430507153463,0.8045392253199474,1694007978.167638,60189.965801601495
194,0.8032689690022808,0.804694185670118,1694007978.2391992,1.0653945645045593
195,0.8029421922826327,0.8045391937919005,1694007978.3430028,1949.893020456836
196,0.7927142526441874,0.7974096619780362,1694007978.371041,5.5001934278746175e-05
197,0.8032910021085968,0.8047336272567027,1694007978.43982,0.6153957918703751
198,0.7913622211202489,0.7960363948422512,1694007978.4644566,4.195607026428522e-05
199,0.8029284573592149,0.8045455309293135,1694007978.5759273,6956.876774599797
200,0.8033104599167722,0.8047323030787359,1694007978.6482744,0.2871453495849166
201,0.7920152022710696,0.7968228304423849,1694007978.672962,4.8472920031915784e-05
202,0.7930250052865148,0.7977239335488402,1694007978.700127,5.820533902158053e-05
203,0.8029997072744447,0.8045505438887595,1694007978.8009682,2.443017511685991
204,0.7928885144850505,0.7975671445719533,1694007978.8295207,5.6972338378834104e-05
205,0.8014759892077838,0.8033886407789244,1694007978.8708608,0.0006882134883255582
206,0.8033299177249473,0.8047244841231219,1694007978.9336946,0.23097811973034613
207,0.8032729750216111,0.8046952576237103,1694007978.9982612,0.9502290649472058
208,0.8029645115331866,0.804533707911752,1694007979.0935478,6.8095615923263475
209,0.8029499181770552,0.8045354419543278,1694007979.1894574,16.03713606923217
210,0.8035688481635692,0.8048506908945834,1694007979.25005,0.053470592493172216
211,0.8029493458885795,0.8045363877957326,1694007979.3485043,15.394508572731375
212,0.7999213675634331,0.8024476546932288,1694007979.3826146,0.0003736341673364208
213,0.8036698570795375,0.8053233593726625,1694007979.435753,0.005689639556432357
214,0.8029287435034529,0.8045454678732198,1694007979.5413358,970.9183428278873
215,0.7996930244616125,0.8022725794491804,1694007979.5742538,0.00033954161285588936
216,0.803310459916772,0.8048045023059771,1694007979.612862,0.0017109201015874974
217,0.8036435318096535,0.8050785125609787,1694007979.6567645,0.0026901828327610035
218,0.8032881406662182,0.8047301906995983,1694007979.723842,0.6238397563600089
219,0.7758440468120528,0.7799618832219432,1694007979.7456408,1.0173144667031286e-05
220,0.7853234331242287,0.7901672282284729,1694007979.7667356,2.009618431296219e-05
221,0.8033013033011602,0.8047104856703293,1694007979.83246,0.41255467846460186
222,0.8002407045328966,0.8026160775193959,1694007979.8697646,0.00042189739968307734
223,0.8029453398692493,0.8045360409872175,1694007979.9722528,62.37607418580377
224,0.8029356109651616,0.8045437023025973,1694007980.0858042,895.4593422348332
225,0.8029527796194339,0.8045511113936024,1694007980.2428591,6.048303663192318
226,0.8029450537250115,0.8045367346042478,1694007980.408035,88.64408708646933
227,0.8034349326602458,0.804753616038393,1694007980.4995344,0.0812045113535455
228,0.7886467123028573,0.7937285733423238,1694007980.5550914,2.90376876884198e-05
229,0.8033376436193698,0.8047303483398323,1694007980.651693,0.24786506856858823
230,0.8035699927405207,0.8048526456334869,1694007980.7371538,0.052456960418239926
231,0.8029562133502884,0.8045316585887081,1694007980.837614,9.333239749576252
232,0.7976834334790476,0.801255043265781,1694007980.868545,0.00021987795899117718
233,0.8033757008030066,0.8048457409912311,1694007980.9165008,0.0018929056486563555
234,0.8029421922826327,0.8045391937919005,1694007981.0207076,1405.478366678138
235,0.8036426733769397,0.8052048769726744,1694007981.0772793,0.004398000419018994
236,0.8033442249368409,0.8047400905063029,1694007981.1575775,0.1268241759311289
237,0.8029430507153463,0.8045392253199474,1694007981.270677,22894.0045585424
238,0.8036890287434748,0.8053234854848499,1694007981.3308165,0.005695405236497562
239,0.7991974226416205,0.8019475252863606,1694007981.3631349,0.00028372629605484133
240,0.8029450537250115,0.8045369553005756,1694007981.4725816,104.7613999375364
241,0.8029713789948956,0.8045409278344764,1694007981.587974,4.684524389617693
242,0.8029387585517782,0.8045549578153157,1694007981.7211585,13.059855010617012
243,0.7879791377959053,0.7929095377417679,1694007981.7757201,2.6321371201739134e-05
244,0.8033296315807095,0.8047253353803863,1694007981.8609614,0.14882262055305812
245,0.7772933673768672,0.7814774994891667,1694007981.8948562,1.1032256272348058e-05
246,0.8036807305605767,0.8050895473773694,1694007981.951901,0.002919810651922795
247,0.8029456260134873,0.8045388469833855,1694007982.0775952,114.96399201243074
248,0.791258064617664,0.7959380273361408,1694007982.1190994,4.1248404939754365e-05
249,0.8038893297099843,0.8052839808421715,1694007982.1906126,0.008849831177716453
250,0.8029284573592149,0.8045455309293135,1694007982.3152688,76054.9575240737
251,0.8029430507153463,0.8045392253199474,1694007982.433205,51549.24421219098
252,0.8032726888773732,0.8047317355738929,1694007982.5118585,0.6583606825255077
253,0.8029450537250116,0.804538720871198,1694007982.632023,227.4751003459486
254,0.8029407615614433,0.8045498187436824,1694007982.7794287,21.21083384149941
255,0.8032898575316454,0.8047052835426023,1694007982.8973713,0.45386920244066076
256,0.8029430507153463,0.8045392568479942,1694007983.0256486,3721.0398958010824
257,0.8006636257164694,0.8029325560534779,1694007983.0738938,0.0005311076068075204
258,0.8029421922826327,0.8045391937919005,1694007983.1890593,1924.505791797013
259,0.7879840022479492,0.7929173566973816,1694007983.236023,2.634481993722084e-05
260,0.8029430507153463,0.8045392253199474,1694007983.3683977,4672.366679324652
261,0.8029453398692493,0.8045359779311239,1694007983.4905133,57.53947230875878
262,0.8033110322052479,0.8047316725177991,1694007983.5909874,0.28783334123666954
263,0.8029453398692493,0.8045361355713581,1694007983.7214904,51.963988303234615
264,0.8032970111375921,0.8047169173918827,1694007983.8060942,0.4014995278437009
265,0.8029287435034529,0.8045455309293135,1694007983.928344,631.0041619957428
266,0.7962647303476853,0.8002118432522617,1694007983.973553,0.0001362827343684453
267,0.8030303247078968,0.8045747889567719,1694007984.0882554,1.2066304713966842
268,0.8029430507153463,0.8045392253199474,1694007984.2003407,5186.751001076712
269,0.8029430507153463,0.8045392253199474,1694007984.317077,18849.192863237884
270,0.803282131637223,0.8047329966957661,1694007984.362131,0.0015972147621674388
271,0.803761709379894,0.8051474013433029,1694007984.411072,0.00330600134213884
272,0.8029430507153463,0.8045392253199474,1694007984.518733,10967.93116354787
273,0.8037013329457033,0.8050429489241543,1694007984.5891914,0.028521567314890892
274,0.7904153698371352,0.79532881088724,1694007984.6175969,3.704467086305151e-05
275,0.8029453398692494,0.8045387523992449,1694007984.726151,140.88563738297898
276,0.8033407912059862,0.8047351090749038,1694007984.8049312,0.13937619099494952
277,0.8029450537250116,0.804538720871198,1694007984.9136684,225.54950325331853
278,0.8032972972818302,0.8047349199066227,1694007984.9856296,0.5900873906050619
279,0.8030263186885667,0.8045713208716205,1694007985.0934093,1.0131075324959542
280,0.8033267701383309,0.8047251777401523,1694007985.154708,0.14983701206516814
281,0.8037969051211521,0.8053551081158206,1694007985.2037342,0.008032467191390487
282,0.8029284573592149,0.8045455309293135,1694007985.2978053,10165.030214550206
283,0.8029450537250115,0.8045362301554986,1694007985.3917434,48.738906350700724
284,0.8029421922826327,0.8045387523992449,1694007985.4861186,773.2562401490941
285,0.8029430507153463,0.8045392253199474,1694007985.581199,9065.574076033328
286,0.8037848870631615,0.8051379429292538,1694007985.6236668,0.0031760653068661714
287,0.8029430507153463,0.8045392253199474,1694007985.7244992,15783.602673463387
288,0.8029430507153463,0.8045392253199474,1694007985.8265026,4227.181279149055
289,0.8030240295346636,0.8045735908909923,1694007985.9248133,1.1504099286562148
290,0.8029713789948955,0.8045385632309638,1694007986.024877,4.775531800956234
291,0.7963105134257445,0.8002858711062193,1694007986.0552194,0.0001410335313464482
292,0.8029441952922978,0.8045389100394791,1694007986.1553752,417.98279486150295
293,0.8006922401402563,0.8029434017015876,1694007986.1914024,0.000539821368499991
294,0.8030045717264885,0.8045508906972746,1694007986.28781,2.1795177489724376
295,0.7971669431296912,0.8009809699546857,1694007986.316731,0.00018381165793107768
296,0.7925199607066733,0.7972472610088136,1694007986.3393085,5.360075855173993e-05
297,0.8029559272060505,0.8045367661322946,1694007986.4350374,12.310464429446222
298,0.8032804147717956,0.8047022568501067,1694007986.5000107,0.8166412180900758
299,0.8029453398692493,0.8045359148750302,1694007986.5953894,55.988566395428904
300,0.8029421922826327,0.804538720871198,1694007986.6909297,810.1059660205268
301,0.8029430507153463,0.8045392253199474,1694007986.7852707,67123.5514307683
302,0.7938119019406588,0.7984289322040113,1694007986.8107479,6.931174147885519e-05
303,0.8029453398692492,0.8045367346042479,1694007986.9047246,20.517343258726626
304,0.8029650838216623,0.8045342123605014,1694007986.999642,5.885033695774706
305,0.8029450537250115,0.8045361040433112,1694007987.0950139,32.09384626337881
306,0.8029962735435902,0.8045518365386793,1694007987.187957,2.7026795040134526
307,0.8029942705339251,0.8045542957263323,1694007987.281189,3.74691529514758
308,0.8029350386766859,0.8045380272541679,1694007987.3794231,4847.818329430454
309,0.8033047370320148,0.8047205115892213,1694007987.4407237,0.3312197032349254
310,0.8030031410052991,0.8045516473703984,1694007987.534665,2.2374626084749165
311,0.8029453398692493,0.8045369237725288,1694007987.630214,81.21514754804916
312,0.7942768863271985,0.798850052325523,1694007987.65639,7.85145080655895e-05
313,0.8033353544654669,0.8047266910863999,1694007987.7185795,0.20857064724993535
314,0.7954612373277448,0.7996500134577469,1694007987.7467535,0.00010503697528930426
315,0.7980474089496188,0.8014971156093437,1694007987.7752273,0.0002388355270835669
316,0.7764483834424354,0.7806066002515749,1694007987.7947743,1.050160271850626e-05
317,0.8028617857517911,0.8043471249306107,1694007987.8310623,0.0012504443299582648
318,0.8030640897279655,0.8046220179709236,1694007987.867327,0.0014668058196432873
319,0.8030268909770424,0.8045679788986566,1694007987.9605825,1.4535996587509759
320,0.8029690898409925,0.8045530976605528,1694007988.0569606,5.0359613103128735
321,0.8029421922826327,0.8045391937919005,1694007988.1517143,1736.248186117563
322,0.8032947219836892,0.8047023829622939,1694007988.2175074,0.7363967925645764
323,0.8029284573592149,0.8045455309293135,1694007988.3159783,8213.835278886692
324,0.8034566796223239,0.8047733841237557,1694007988.3778837,0.08924993279296102
325,0.8029447675807736,0.8045390046236196,1694007988.4754493,279.32799937722456
326,0.8029954151108767,0.8045497872156355,1694007988.5717263,3.369555578643302
327,0.8029487736001036,0.8045361670994049,1694007988.669878,17.308158265387704
328,0.8035347969992627,0.8052964344206694,1694007988.7132068,0.005057314579448284
329,0.8029284573592149,0.8045455309293135,1694007988.8111424,23765.67093010759
330,0.8029421922826327,0.8045387839272917,1694007988.9076178,497.21835634130815
331,0.7991954196319556,0.8019646134877427,1694007988.9370115,0.00028572634825785315
332,0.8029705205621819,0.804552876964225,1694007989.0397031,2.367792820852162
333,0.8029430507153463,0.8045392253199474,1694007989.1375496,90753.43156755935
334,0.7890464558031625,0.794220347816782,1694007989.1604269,3.0943064674672686e-05
335,0.8039457001248448,0.8052093854833711,1694007989.2126226,0.010670834375597139
336,0.8029453398692492,0.8045390046236196,1694007989.309312,255.93737629110012
337,0.787400840291169,0.7923559682955222,1694007989.3320646,2.4752238244074692e-05
338,0.8029444814365356,0.8045389730955729,1694007989.4283059,292.8942932153779
339,0.802968231408279,0.8045352527860468,1694007989.5239954,5.422665303487793
340,0.8029453398692494,0.8045386893431512,1694007989.6197846,207.51846945125519
341,0.8029954151108766,0.804550070968057,1694007989.7147193,3.223487264842891
342,0.8029350386766859,0.8045380272541679,1694007989.816382,24776.204844027314
343,0.8036638480505423,0.805013627840602,1694007989.8759427,0.029108312516407744
344,0.8029673729755653,0.8045352843140936,1694007989.9723983,5.555134767229969
345,0.7893546331473491,0.794476828477746,1694007989.995437,3.2195842191514985e-05
346,0.802994556678163,0.8045495349912608,1694007990.0914094,3.4223808847736064
347,0.8033510923985498,0.8047296862508488,1694007990.153897,0.15628936853718164
348,0.8029284573592149,0.8045455309293135,1694007990.249409,67860.62854682897
349,0.8029284573592149,0.8045455309293135,1694007990.3512752,28580.721521164167
350,0.7980537041228519,0.8015198158030614,1694007990.3892674,0.00024143162004708888
351,0.787875839726034,0.7928211015704089,1694007990.424213,2.6070923501641915e-05
352,0.7966607539728982,0.8005980302978855,1694007990.4592907,0.0001609721225748982
353,0.8018522688805836,0.8036925711503681,1694007990.4978318,0.0008461934848120146
354,0.8029453398692494,0.8045387523992449,1694007990.6117492,182.67534789411238
355,0.8029968458320659,0.8045522148752415,1694007990.7230506,2.752830905543515
356,0.8030037132937748,0.8045516473703984,1694007990.8323953,2.2348755555851794
357,0.8032944358394514,0.8047043061731505,1694007990.9051037,0.44194659746397447
358,0.7782765589781904,0.7826358084016632,1694007990.9292185,1.1666542939032776e-05
359,0.8034357910929595,0.8047776719381246,1694007990.9976773,0.08408511750891697
360,0.8029430507153463,0.8045392253199474,1694007991.105991,97585.30247466675
361,0.8029421922826327,0.8045391937919005,1694007991.2154963,1595.5560098429037
362,0.8029544964848612,0.8045545794787538,1694007991.3320997,5.353121607280339
363,0.8022079461682569,0.8039438496836051,1694007991.3772676,0.0009217849369264841
364,0.8029430507153463,0.8045392253199474,1694007991.4918454,16021.170603787448
365,0.8033479448119332,0.804725209268199,1694007991.5672507,0.17437028365876514
366,0.8029490597443416,0.8045353473701873,1694007991.6863759,15.605321873324801
367,0.8025003855793604,0.8041070388539985,1694007991.7359424,0.0010741787765683548
368,0.8038761670750423,0.8050708197175522,1694007991.8217907,0.019083474021015852
369,0.803640098078799,0.805013659368649,1694007991.9181325,0.0281536449494667
370,0.8034546766126589,0.8047792168124193,1694007992.0244706,0.08861733881957815
371,0.7831573212435485,0.7879992020881909,1694007992.0499954,1.6684717801437715e-05
372,0.8029450537250115,0.8045363247396391,1694007992.18741,40.13012587288623
373,0.8005657643871177,0.8028506146597663,1694007992.2299278,0.0005010720519390161
374,0.802956785638764,0.8045523725154755,1694007992.3736138,10.789532624263533
375,0.8029490597443416,0.804535410426281,1694007992.5227776,15.696523166413959
376,0.8029450537250115,0.8045369553005757,1694007992.6649199,95.29003014201487
377,0.8038137876311864,0.8053375785217829,1694007992.7234201,0.008304468851196341
378,0.8038109261888078,0.8053300433185906,1694007992.8157601,0.008323766056314666
379,0.8029441952922978,0.8045390361516663,1694007992.9436927,359.1656286982556
380,0.8034397971122895,0.8047804779342924,1694007993.0162299,0.07625036952146859
381,0.799629786585043,0.8022401055609453,1694007993.0588324,0.0003346821957355524
382,0.8029430507153463,0.8045392253199474,1694007993.2186477,11288.832074593533
383,0.7804109088484669,0.7850394436359076,1694007993.2827067,1.3515374978462078e-05
384,0.8029430507153463,0.8045392253199474,1694007993.4088156,7325.614765749595
385,0.8038303839969829,0.8053281201077338,1694007993.4736145,0.008366961286283333
386,0.8034661223821735,0.8048279276447718,1694007993.5532117,0.06580371323952905
387,0.8029430507153463,0.8045392253199474,1694007993.6765168,60820.71536635104
388,0.8033407912059864,0.8047199125563316,1694007993.7569788,0.2326791209579679
389,0.8029358971093996,0.8045454994012665,1694007993.8849778,144.15170629726995
390,0.8033536676966906,0.8047353297712316,1694007994.0009692,0.13299265903456559
391,0.8029430507153463,0.8045392253199474,1694007994.1264522,13657.088436516822
392,0.8029453398692494,0.804538720871198,1694007994.225623,156.64083592306363
393,0.8032741195985625,0.804731546405612,1694007994.295603,0.6410883492535069
394,0.7938310736045961,0.7984495515466382,1694007994.327372,6.953708640433194e-05
395,0.8036292245977599,0.8049196112049544,1694007994.4169927,0.0432851252256651
396,0.8032729750216111,0.8046684903119514,1694007994.5387046,0.8055027426295138
397,0.8037162124460726,0.8053335114037419,1694007994.637946,0.006896707932466834
398,0.8030034271495371,0.8045514897301643,1694007994.792738,2.220266438519975
399,0.8028583520209366,0.8042868433050713,1694007994.8639574,0.0012488511606955643
