trial,score,test_score,time,alpha
0,0,0,1694011720.220667,0
0,0.5755647834543689,0.5774714719354381,1694011720.2432177,1
1,0.5754688567352325,0.5770887371245328,1694011720.2661314,598.4448111249799
2,0.5746317322607812,0.5766990343625845,1694011720.2805874,0.0023736255074538783
3,0.5754688567352325,0.5770887371245328,1694011720.3025122,1748.9819466036743
4,0.5754688567352325,0.5770887371245328,1694011720.3245046,45445.614526194404
5,0.5754688567352325,0.5770887371245328,1694011720.3472762,53212.190727798756
6,0.5753428412004663,0.57725951892462,1694011720.366541,0.34236745473845726
7,0.5754688567352325,0.5770887371245328,1694011720.389621,12.314722435370946
8,0.5754688567352325,0.5770887371245328,1694011720.4120383,569.2003337343318
9,0.5754688567352325,0.5770887371245328,1694011720.4336832,26.069544773992966
10,0.5744538805485936,0.5765661742960594,1694011720.4505565,1.0006179869389687e-05
11,0.5753428412004663,0.57725951892462,1694011720.4750464,0.35564502091974887
12,0.5754688567352325,0.5770887371245328,1694011720.5024374,4.755688930853328
13,0.5754688567352325,0.5770887371245328,1694011720.5292523,468.42655185018225
14,0.5747943906106212,0.5767532704815216,1694011720.5484934,0.03700054384420349
15,0.5754688567352325,0.5770887371245328,1694011720.5750701,82.05764607512536
16,0.5754688567352325,0.5774132493445101,1694011720.5995586,1.2776823736260188
17,0.5754688567352325,0.5770887371245328,1694011720.626803,4769.7625993700885
18,0.5754688567352325,0.5770887371245328,1694011720.6561747,48.478845265402626
19,0.5754688567352325,0.5770887371245328,1694011720.6823673,180.9760113741958
20,0.5754688567352325,0.5770887371245328,1694011720.7087293,2634.4793255091367
21,0.5754688567352325,0.5770887371245328,1694011720.7359936,4084.3201339567267
22,0.5754688567352325,0.5770887371245328,1694011720.7626684,8.078195155996081
23,0.5754688567352325,0.5770887371245328,1694011720.7906058,706.7867987672671
24,0.5754688567352325,0.5770887371245328,1694011720.818548,17267.41671629019
25,0.5754688567352325,0.5770887371245328,1694011720.8450844,96.27571563671412
26,0.5754688567352325,0.5770887371245328,1694011720.873479,2202.259709307265
27,0.5754688567352325,0.5770887371245328,1694011720.9009614,13881.685857092465
28,0.5754688567352325,0.5770887371245328,1694011720.927389,67653.40310804012
29,0.5754688567352325,0.5771328898143161,1694011720.9547288,3.119469479623414
30,0.5754688567352325,0.5770887371245328,1694011720.98035,24.32567284462056
31,0.5754688567352325,0.5770887371245328,1694011721.0082617,99272.0911154928
32,0.5754688567352325,0.5770887371245328,1694011721.03782,19295.101364624617
33,0.5754688567352325,0.5770887371245328,1694011721.0655804,916.0031087794812
34,0.5754688567352325,0.5770887371245328,1694011721.0926468,13484.152900052373
35,0.5754688567352325,0.5770887371245328,1694011721.1185832,260.60341659442935
36,0.5754688567352325,0.5770887371245328,1694011721.1462197,34249.68504065996
37,0.5754688567352325,0.5770887371245328,1694011721.173734,97226.09157741535
38,0.5754688567352325,0.5770887371245328,1694011721.2013278,21.533851433915423
39,0.5754688567352325,0.5770887371245328,1694011721.2281766,975.0298538891102
40,0.5754688567352325,0.5770887371245328,1694011721.2541633,222.4180082611845
41,0.5754688567352325,0.5770887371245328,1694011721.2818847,6489.549903718174
42,0.5754688567352325,0.5770887371245328,1694011721.3111627,30608.893647730838
43,0.5754688567352325,0.5770887371245328,1694011721.3382795,7080.901747058798
44,0.5753434370185976,0.5772587484300334,1694011721.3627234,0.31586066849147365
45,0.5754688567352325,0.5770887371245328,1694011721.3909585,2467.395219191507
46,0.5754688567352325,0.5770887371245328,1694011721.4201083,38243.62027317296
47,0.5754688567352325,0.5770887371245328,1694011721.447484,1740.43295689023
48,0.5754688567352325,0.5770887371245328,1694011721.4742527,7458.0542352387465
49,0.5754688567352325,0.5770887371245328,1694011721.5005493,410.22594482068286
50,0.5754688567352325,0.5770887371245328,1694011721.5270052,80.88236873825919
51,0.5754688567352325,0.5770887371245328,1694011721.5549068,959.3190193540873
52,0.5754688567352325,0.5770887371245328,1694011721.582532,5603.842543561268
53,0.5754253620116488,0.5772835717556248,1694011721.6076534,0.5444912245620436
54,0.5754688567352325,0.5770887371245328,1694011721.6338131,10.525147836165358
55,0.5754688567352325,0.5770887371245328,1694011721.660362,48.72079663977547
56,0.5754688567352325,0.5770887371245328,1694011721.6881506,125.05167410917156
57,0.5754688567352325,0.5770887371245328,1694011721.71801,287.6793329003156
58,0.5754688567352325,0.5770887371245328,1694011721.745267,40915.08174955834
59,0.5754688567352325,0.5771329233140807,1694011721.7712893,2.4847824872115485
60,0.5754688567352325,0.5770887371245328,1694011721.7993197,12703.798395018579
61,0.5754688567352325,0.5770887371245328,1694011721.8268209,1933.3757676366783
62,0.5754688567352325,0.5770887371245328,1694011721.85385,515.2705104671721
63,0.5754688567352325,0.5770887371245328,1694011721.8808339,2728.9328634528415
64,0.5754688567352325,0.5770887371245328,1694011721.9071832,152.76686996083998
65,0.5754688567352325,0.5770887371245328,1694011721.9335318,559.3760602944992
66,0.5754688567352325,0.5770887371245328,1694011721.9608438,60941.70632430643
67,0.5754688567352325,0.5770887371245328,1694011721.9877396,20148.354345259042
68,0.5754688567352325,0.5770887371245328,1694011722.0148416,13.624779845497056
69,0.5754688567352325,0.5770887371245328,1694011722.0411193,71.26278938039327
70,0.5754688567352325,0.5770887371245328,1694011722.0690668,44.02924455193242
71,0.5754688567352325,0.5770887371245328,1694011722.0966,7.193880880668027
72,0.5754688567352325,0.5770887371245328,1694011722.1231356,27.29244303821278
73,0.5754688567352325,0.5770887371245328,1694011722.154341,255.12408947199853
74,0.5754688567352325,0.5770887371245328,1694011722.1842134,977.1086741544073
75,0.5754688567352325,0.5770887371245328,1694011722.2100856,4.596763667213686
76,0.5754688567352325,0.5770887371245328,1694011722.23673,12146.77070331658
77,0.5754688567352325,0.5770887371245328,1694011722.2638166,3395.753079852291
78,0.5754688567352325,0.5770887371245328,1694011722.2905521,92930.47648986898
79,0.5754688567352325,0.5770887371245328,1694011722.317642,1367.3725245696826
80,0.5754688567352325,0.5770887371245328,1694011722.3446376,3333.983361963872
81,0.5754688567352325,0.5770887371245328,1694011722.3726165,17.191989699893668
82,0.5754688567352325,0.5770887371245328,1694011722.4001672,35.31842670230996
83,0.5754688567352325,0.5770887371245328,1694011722.426788,85.498553494029
84,0.5754688567352325,0.5770887371245328,1694011722.4550774,7.929503210366043
85,0.5754688567352325,0.5774132493445101,1694011722.4815385,1.5781480320049952
86,0.5754688567352325,0.5770887371245328,1694011722.5092046,486.53315303851366
87,0.5754688567352325,0.5770887371245328,1694011722.5386772,21.32338000595872
88,0.5754688567352325,0.5770887371245328,1694011722.5662932,6654.29315975579
89,0.5754688567352325,0.5770887371245328,1694011722.5946388,182.33641204583358
90,0.5755647834543689,0.5774736494201391,1694011722.6197252,0.853329227330801
91,0.5755612085455812,0.5774737834191976,1694011722.6454809,0.6618360802066584
92,0.5755647834543689,0.5774714719354381,1694011722.669861,0.997533497303962
93,0.5755647834543689,0.5774714719354381,1694011722.6945171,0.9531588891419132
94,0.5755612085455812,0.5774737834191976,1694011722.719789,0.5920922015845964
95,0.5755612085455812,0.5774737834191976,1694011722.744417,0.635583277854021
96,0.5755612085455812,0.5774737834191976,1694011722.7694597,0.7154255969616262
97,0.5755612085455812,0.5774737834191976,1694011722.7969434,0.5946062084937355
98,0.5755612085455812,0.5774737834191976,1694011722.8218238,0.6450983655765997
99,0.5755612085455812,0.5774737834191976,1694011722.848122,0.6687632532473136
100,0.575164691579213,0.5770846166534833,1694011722.8721237,0.19275066487969283
101,0.5755612085455812,0.5774737834191976,1694011722.8977096,0.7109786108068058
102,0.5754688567352325,0.5774714719354381,1694011722.9242804,1.1044779753793443
103,0.575164691579213,0.5770846166534833,1694011722.947235,0.18696052379875086
104,0.5755612085455812,0.5774737834191976,1694011722.97129,0.6552028968075809
105,0.5754688567352325,0.5774132493445101,1694011722.9967148,1.707346607488419
106,0.5753428412004663,0.57725951892462,1694011723.021282,0.38579437998309457
107,0.5755647834543689,0.5774714719354381,1694011723.0455956,0.922164868190337
108,0.5754688567352325,0.5774132493445101,1694011723.0699587,2.1097043383930485
109,0.5755647834543689,0.5774714719354381,1694011723.0948007,1.0526436770016245
110,0.5755647834543689,0.5774714719354381,1694011723.1193666,1.065010016602996
111,0.5754688567352325,0.5774132493445101,1694011723.1448977,1.2271386461184832
112,0.5755647834543689,0.5774714719354381,1694011723.1711483,1.07375884496959
113,0.5754688567352325,0.5771329233140807,1694011723.1998742,2.990727543198157
114,0.5754688567352325,0.5774132493445101,1694011723.2259228,1.4771181184914268
115,0.5755647834543689,0.5774714719354381,1694011723.2518215,1.0434982455178334
116,0.5754688567352325,0.5771328898143161,1694011723.2801132,3.176154538740174
117,0.5755647834543689,0.5774714719354381,1694011723.3058317,1.046498204422675
118,0.5751810765778232,0.5770974470633369,1694011723.3294263,0.25751108709289494
119,0.5754688567352325,0.5774714719354381,1694011723.3544834,1.0819459179072393
120,0.575164691579213,0.5770845161541894,1694011723.3774128,0.12016775070268584
121,0.5755647834543689,0.5774714719354381,1694011723.4026468,1.0211905524678633
122,0.5753428412004663,0.57725951892462,1694011723.4271894,0.38789973051308985
123,0.5754688567352325,0.5774132493445101,1694011723.4534056,2.1278507102450397
124,0.5755647834543689,0.5774714719354381,1694011723.4787083,1.05328797069869
125,0.5754688567352325,0.5771313823249077,1694011723.5049362,4.287708655090315
126,0.5754688567352325,0.5774132493445101,1694011723.5307548,1.1447106798426288
127,0.5754688567352325,0.5774132493445101,1694011723.5564964,2.1123093852278867
128,0.5754688567352325,0.5770887371245328,1694011723.5871274,3.8503515170154254
129,0.5755647834543689,0.5774714719354381,1694011723.6138453,1.05223242634205
130,0.5754688567352325,0.5770887371245328,1694011723.6438296,6.129508950208665
131,0.5754688567352325,0.5774132493445101,1694011723.669958,1.1596787122610221
132,0.5753428412004663,0.57725951892462,1694011723.6934388,0.35073531040746175
133,0.5754688567352325,0.5771329233140807,1694011723.7191417,2.491895595770234
134,0.5755647834543689,0.5774714719354381,1694011723.7439015,0.9336120592306592
135,0.5755647834543689,0.5774714719354381,1694011723.7696626,0.9560088653631108
136,0.5754688567352325,0.5774132493445101,1694011723.7961931,1.8632611476101875
137,0.5753440328367289,0.5772597199232078,1694011723.8213668,0.43012566154056003
138,0.5754688567352325,0.5771313823249077,1694011723.8506184,3.4393869764124965
139,0.5751649894882787,0.5770848176520711,1694011723.8750675,0.21998336798392867
140,0.5748423539701895,0.5768047596197589,1694011723.8982608,0.11235239539130186
141,0.5755647834543689,0.5774714719354381,1694011723.9235156,0.9279833850844451
142,0.5755647834543689,0.5774714719354381,1694011723.9506383,0.9753899199368802
143,0.5754688567352325,0.5774132493445101,1694011723.9759634,1.444426769137669
144,0.5753440328367289,0.5772597199232078,1694011724.0036008,0.41871801756142185
145,0.5754688567352325,0.5774132493445101,1694011724.0293438,1.5009118425696915
146,0.5755647834543689,0.5774714719354381,1694011724.0545247,0.9380879190777556
147,0.5754688567352325,0.5770887371245328,1694011724.0800345,5.591421073489182
148,0.5754688567352325,0.5771329233140807,1694011724.1058755,2.820220214135349
149,0.5751810765778232,0.5770974470633369,1694011724.1297011,0.283886769484238
150,0.5754253620116488,0.5772835717556248,1694011724.1551962,0.5020498055692515
151,0.5755647834543689,0.5774714719354381,1694011724.1806471,0.9046998279203444
152,0.5755647834543689,0.5774714719354381,1694011724.2070203,0.9187160749432023
153,0.5754688567352325,0.5774132493445101,1694011724.2334392,1.727586092879713
154,0.5755647834543689,0.5774714719354381,1694011724.2576702,0.9377877655781783
155,0.5754688567352325,0.5771329233140807,1694011724.2853398,2.3803131811012377
156,0.5754688567352325,0.5770887371245328,1694011724.3122165,4.876324847390344
157,0.5753428412004663,0.57725951892462,1694011724.3379445,0.37366844201528265
158,0.5754688567352325,0.5774132493445101,1694011724.367762,1.4158457869048668
159,0.5754253620116488,0.5772835717556248,1694011724.3957953,0.5398782091434982
160,0.57556061272745,0.5774736494201391,1694011724.4201066,0.7813986864986104
161,0.5755647834543689,0.5774714719354381,1694011724.445016,0.9380038529849519
162,0.5754688567352325,0.5774132493445101,1694011724.470117,1.618008296244014
163,0.5754688567352325,0.5771329233140807,1694011724.4958987,2.699714758427215
164,0.5751810765778232,0.5770974470633369,1694011724.5196614,0.26342800336885736
165,0.5755647834543689,0.5774714719354381,1694011724.5452385,1.007040921360626
166,0.5754253620116488,0.5772835717556248,1694011724.569828,0.47671631330139197
167,0.5754688567352325,0.5774132493445101,1694011724.597127,1.4156628393399355
168,0.5754688567352325,0.5771313823249077,1694011724.6239805,3.744147783856625
169,0.5755612085455812,0.5774737834191976,1694011724.6490853,0.754489981741132
170,0.575164691579213,0.5770845161541894,1694011724.6720402,0.15552090584467193
171,0.5755647834543689,0.5774714719354381,1694011724.6976469,0.9603028707691946
172,0.5753428412004663,0.57725951892462,1694011724.7254915,0.46472183695770275
173,0.5754688567352325,0.5774132493445101,1694011724.7577126,2.0083252307292185
174,0.5751810765778232,0.5770974470633369,1694011724.784097,0.2951618085873699
175,0.5755647834543689,0.5774714719354381,1694011724.808313,0.9525247440359169
176,0.5755612085455812,0.5774737834191976,1694011724.8323777,0.5830532260614563
177,0.5754688567352325,0.5774132493445101,1694011724.8578138,1.2225289898651879
178,0.5754688567352325,0.5771329233140807,1694011724.8838856,2.3349398560603545
179,0.5754688567352325,0.5770887371245328,1694011724.9123228,8.560455890157918
180,0.57556061272745,0.5774736494201391,1694011724.9367683,0.8153353094647914
181,0.5754688567352325,0.5774132493445101,1694011724.9618046,1.1099272798192081
182,0.5755612085455812,0.5774737834191976,1694011724.9879432,0.6501788884051704
183,0.5754688567352325,0.5774132493445101,1694011725.0145414,1.8226493722230697
184,0.5753434370185976,0.5772587484300334,1694011725.0387962,0.3116362198781615
185,0.5755647834543689,0.5774714719354381,1694011725.064635,0.865615561871874
186,0.5754253620116488,0.5772835717556248,1694011725.0903234,0.4914038938451421
187,0.5754688567352325,0.5771313823249077,1694011725.1214335,3.640738400159634
188,0.5754688567352325,0.5774132493445101,1694011725.1519887,1.4204146613549895
189,0.5754688567352325,0.5771329233140807,1694011725.1818116,2.364383003741974
190,0.5751649894882787,0.5770848176520711,1694011725.2059364,0.21983689587474975
191,0.5755647834543689,0.5774714719354381,1694011725.2299967,0.876638353363507
192,0.5754688567352325,0.5774714719354381,1694011725.254493,1.105573706881291
193,0.5755612085455812,0.5774737834191976,1694011725.2804062,0.6456320058076666
194,0.5754688567352325,0.5774132493445101,1694011725.3053317,1.5334684826765126
195,0.5753428412004663,0.57725951892462,1694011725.3297718,0.3929815414951355
196,0.57556061272745,0.5774736494201391,1694011725.3555894,0.8168820667927732
197,0.5754688567352325,0.5774132493445101,1694011725.3817623,1.9039507846940662
198,0.5754253620116488,0.5772835717556248,1694011725.407105,0.4656597298723327
199,0.5754688567352325,0.5774132493445101,1694011725.434812,1.18115538281962
200,0.5754688567352325,0.5774132493445101,1694011725.4634542,2.7504834776166023
201,0.5755647834543689,0.5774714719354381,1694011725.490034,0.8652959936152282
202,0.5755647834543689,0.5774714719354381,1694011725.5199108,0.9947894473273208
203,0.5754688567352325,0.5774132493445101,1694011725.5478947,1.4704140869108586
204,0.5755612085455812,0.5774737834191976,1694011725.5738904,0.667263866538605
205,0.5753434370185976,0.5772587484300334,1694011725.5976596,0.3343255564993143
206,0.5755612085455812,0.5774737834191976,1694011725.6233442,0.5668767701576164
207,0.5754688567352325,0.5774132493445101,1694011725.6492352,1.1640542711355033
208,0.5754688567352325,0.5770887371245328,1694011725.6779158,5.196657452122676
209,0.5754688567352325,0.5774132493445101,1694011725.7032702,2.303149805297052
210,0.57556061272745,0.5774736494201391,1694011725.7284794,0.8376374064357944
211,0.5755647834543689,0.5774714719354381,1694011725.754423,0.968710089646208
212,0.5754253620116488,0.5772835717556248,1694011725.7799935,0.470782774630021
213,0.5754688567352325,0.5774132493445101,1694011725.8059382,1.3300907755908973
214,0.5754688567352325,0.5774132493445101,1694011725.835024,1.809538709041422
215,0.5755612085455812,0.5774737834191976,1694011725.8657508,0.7656129816648858
216,0.5751810765778232,0.5770974470633369,1694011725.8912904,0.2924740951025609
217,0.5754688567352325,0.5771329233140807,1694011725.919375,2.8436006868603587
218,0.5755647834543689,0.5774714719354381,1694011725.9495866,1.0140386117444466
219,0.5755612085455812,0.5772835717556248,1694011725.9751537,0.5488498123652357
220,0.5754688567352325,0.5774132493445101,1694011726.0011294,1.644788381747765
221,0.5755647834543689,0.5774714719354381,1694011726.0262625,1.0080398740808358
222,0.5755647834543689,0.5774714719354381,1694011726.0512428,0.9058033113973869
223,0.5755612085455812,0.5774737834191976,1694011726.077453,0.6387530003421444
224,0.5754688567352325,0.5774132493445101,1694011726.1031444,1.4129201341606044
225,0.5753440328367289,0.5772597199232078,1694011726.1288805,0.43787663034620394
226,0.5754688567352325,0.5771313823249077,1694011726.156807,3.5443507720081064
227,0.5754688567352325,0.5774132493445101,1694011726.1830366,2.079137843035423
228,0.5755647834543689,0.5774736494201391,1694011726.2094083,0.8419402658006881
229,0.5754688567352325,0.5774132493445101,1694011726.2387269,1.2590345014364428
230,0.5753428412004663,0.57725951892462,1694011726.265835,0.3660262080845633
231,0.57556061272745,0.5774736494201391,1694011726.2943218,0.8161286339057925
232,0.5754688567352325,0.5774132493445101,1694011726.321787,1.2049839619432638
233,0.5755612085455812,0.5774737834191976,1694011726.3471491,0.6146953425910505
234,0.5754688567352325,0.5774132493445101,1694011726.3726628,1.7769049029610557
235,0.5755647834543689,0.5774714719354381,1694011726.3990614,0.9732967119924416
236,0.5753428412004663,0.57725951892462,1694011726.424466,0.5207920857365481
237,0.5754688567352325,0.5774132493445101,1694011726.4502487,1.2473499965910926
238,0.5754688567352325,0.5771329233140807,1694011726.477289,2.286390641287869
239,0.5751649894882787,0.5770846166534833,1694011726.5029702,0.21406707847881415
240,0.5755647834543689,0.5774736494201391,1694011726.5297353,0.8401436467982167
241,0.5755647834543689,0.5774714719354381,1694011726.5564609,0.9368400629870725
242,0.5754688567352325,0.5774132493445101,1694011726.583022,1.4453009277027693
243,0.5755612085455812,0.5774737834191976,1694011726.610911,0.6343003038993935
244,0.5754089770130386,0.5754494596420966,1694011726.6297731,2.239061270675046e-05
245,0.5755647834543689,0.5774714719354381,1694011726.65615,0.9781725551213528
246,0.5754688567352325,0.5774132493445101,1694011726.6854124,1.9355305650903978
247,0.5753440328367289,0.5772597199232078,1694011726.7126887,0.4234275795340061
248,0.5755612085455812,0.5774737834191976,1694011726.738758,0.6968466744854901
249,0.5754688567352325,0.5774132493445101,1694011726.7655108,1.2459520410912728
250,0.5754688567352325,0.5771328898143161,1694011726.796029,3.1027118593090437
251,0.5754688567352325,0.5774132493445101,1694011726.8222172,1.6071084148247374
252,0.5755612085455812,0.5774737834191976,1694011726.8486972,0.5787431541793104
253,0.5755647834543689,0.5774714719354381,1694011726.8742442,0.9319117999793436
254,0.5753428412004663,0.57725951892462,1694011726.8995066,0.3840335871455088
255,0.5754688567352325,0.5771329233140807,1694011726.9274466,2.249887198175664
256,0.5755647834543689,0.5774714719354381,1694011726.9532468,1.0264743929498708
257,0.5755612085455812,0.5774737834191976,1694011726.9800065,0.6905719569798991
258,0.5754688567352325,0.5774132493445101,1694011727.0119019,1.51228315163338
259,0.5753434370185976,0.5770974470633369,1694011727.0382562,0.3093248303122835
260,0.5755612085455812,0.5772835717556248,1694011727.0660849,0.5619087402060048
261,0.5754688567352325,0.5774128808470991,1694011727.1007411,4.101503753242168
262,0.5754688567352325,0.5774132493445101,1694011727.1320577,1.1069245527309355
263,0.5754688567352325,0.5771329233140807,1694011727.163445,2.329527672836714
264,0.57556061272745,0.5774736494201391,1694011727.191048,0.7768894931656113
265,0.5754688567352325,0.5774132493445101,1694011727.219173,1.549479074963192
266,0.5753428412004663,0.57725951892462,1694011727.244757,0.4393371646008027
267,0.5755647834543689,0.5774714719354381,1694011727.271466,0.9085246568160472
268,0.5751649894882787,0.5770848176520711,1694011727.297131,0.2226574136293601
269,0.5754688567352325,0.5771328898143161,1694011727.3250225,3.2273181093545382
270,0.5754688567352325,0.5774132493445101,1694011727.3521507,1.551659049254401
271,0.575164691579213,0.5770845161541894,1694011727.3767316,0.1457415697158931
272,0.5755612085455812,0.5772835717556248,1694011727.4033873,0.5529634210706356
273,0.5754688567352325,0.5774132493445101,1694011727.431081,1.1923044751673244
274,0.5753428412004663,0.57725951892462,1694011727.4579523,0.3699113039586266
275,0.5754688567352325,0.5774132493445101,1694011727.4874399,2.029038676793672
276,0.5755612085455812,0.5774736494201391,1694011727.5182717,0.7682450299424501
277,0.5748423539701895,0.5768047596197589,1694011727.547333,0.08407902016720854
278,0.5755647834543689,0.5774714719354381,1694011727.5795856,1.0492340964600313
279,0.5754688567352325,0.5770887371245328,1694011727.6118078,6.148970863005928
280,0.5754253620116488,0.5772835717556248,1694011727.6389396,0.5461867049737408
281,0.5754688567352325,0.5771329233140807,1694011727.6663861,2.4086329552589363
282,0.5754688567352325,0.5774132493445101,1694011727.6929753,1.402370802399901
283,0.5754688567352325,0.5770887371245328,1694011727.7218716,10.350982022671076
284,0.5751810765778232,0.5770974470633369,1694011727.7471523,0.28193675833845966
285,0.57556061272745,0.5774736494201391,1694011727.774194,0.8097921115628793
286,0.5754253620116488,0.5772835717556248,1694011727.7998705,0.5031913395527626
287,0.5754688567352325,0.5771313823249077,1694011727.8281257,3.7104612687828613
288,0.5754688567352325,0.5774132493445101,1694011727.8555884,1.6565146199204233
289,0.57556061272745,0.5774736494201391,1694011727.886636,0.8360636150656948
290,0.5754688567352325,0.5774132493445101,1694011727.919562,1.1517532413670672
291,0.5753428412004663,0.57725951892462,1694011727.9525886,0.344834937513191
292,0.5754688567352325,0.5771329233140807,1694011727.9845412,2.429286462545722
293,0.5755612085455812,0.5774737834191976,1694011728.0127566,0.6165726551025221
294,0.5754688567352325,0.5774132493445101,1694011728.039299,1.353994711299463
295,0.57556061272745,0.5774736494201391,1694011728.065115,0.7786916048274184
296,0.5747940927015556,0.5767526674857583,1694011728.088362,0.010513272082784927
297,0.5754688567352325,0.5774132493445101,1694011728.1148355,2.1448871196018655
298,0.5753428412004663,0.57725951892462,1694011728.1400197,0.4179427258611309
299,0.5755647834543689,0.5774714719354381,1694011728.1661704,1.069190568697401
300,0.5754688567352325,0.5770887371245328,1694011728.1940155,15.898251360852155
301,0.5755612085455812,0.5774737834191976,1694011728.2211,0.5952099749005251
302,0.5754688567352325,0.5774132493445101,1694011728.2487803,1.6500247589178008
303,0.5754688567352325,0.5771313823249077,1694011728.2783084,3.801302270976716
304,0.5751810765778232,0.5770974470633369,1694011728.3104103,0.25808118719750217
305,0.5755647834543689,0.5774714719354381,1694011728.340861,0.98830819818247
306,0.5755612085455812,0.5774737834191976,1694011728.3705986,0.6802954014650587
307,0.5754688567352325,0.5774132493445101,1694011728.400364,1.7432175715246343
308,0.5753428412004663,0.57725951892462,1694011728.42846,0.4355620250270252
309,0.5755647834543689,0.5774714719354381,1694011728.4578729,1.0341916076019633
310,0.5754688567352325,0.5771329233140807,1694011728.486592,2.68295428480288
311,0.5754688567352325,0.5770887371245328,1694011728.514693,1691.1235092823808
312,0.5755612085455812,0.5774737834191976,1694011728.5410764,0.7327986534563053
313,0.5754688567352325,0.5770887371245328,1694011728.5692277,5.508677838602141
314,0.5754688567352325,0.5774132493445101,1694011728.5958695,1.7635867993847818
315,0.5754688567352325,0.5770887371245328,1694011728.6244035,856.8932481633151
316,0.5754688567352325,0.5774132493445101,1694011728.6512222,1.2316562507627824
317,0.575164691579213,0.5770846166534833,1694011728.6779137,0.19573499306214365
318,0.5754253620116488,0.5772835717556248,1694011728.7089088,0.5343911730199146
319,0.5753428412004663,0.57725951892462,1694011728.7353685,0.36971671921065324
320,0.5754688567352325,0.5770887371245328,1694011728.7638197,19110.913626216163
321,0.5754688567352325,0.5771328898143161,1694011728.7938573,3.2076689787087944
322,0.5754688567352325,0.5774132493445101,1694011728.8227897,1.1600479812438864
323,0.5755612085455812,0.5774737834191976,1694011728.8516202,0.6965913776360442
324,0.5754688567352325,0.5774132493445101,1694011728.8780882,1.602824140862308
325,0.5755647834543689,0.5774714719354381,1694011728.904948,0.8818144278425766
326,0.5751810765778232,0.5770974470633369,1694011728.9331212,0.2916010736290681
327,0.5754688567352325,0.5771329233140807,1694011728.9613948,2.768268363623074
328,0.5754253620116488,0.5772835717556248,1694011728.988164,0.47931974125503696
329,0.5754688567352325,0.5774132493445101,1694011729.0144906,1.2377908358012168
330,0.5754688567352325,0.5774132493445101,1694011729.0413966,1.9752304763924482
331,0.57556061272745,0.5774736494201391,1694011729.0698078,0.7831083610045694
332,0.5754253620116488,0.5772835717556248,1694011729.0986314,0.4688968934468049
333,0.5754688567352325,0.5774132493445101,1694011729.1286833,1.1717283974348003
334,0.5754688567352325,0.5770887371245328,1694011729.1571832,4.691944399666923
335,0.5754688567352325,0.5770887371245328,1694011729.1859436,101.94150601068641
336,0.5754688567352325,0.5770887371245328,1694011729.2163358,271.88630657034867
337,0.5755612085455812,0.5774737834191976,1694011729.2446318,0.7225681434648017
338,0.5754688567352325,0.5773934844833779,1694011729.272529,2.185427702218106
339,0.5754688567352325,0.5774132493445101,1694011729.2991266,1.5056912165564
340,0.5754688567352325,0.5770887371245328,1694011729.3277955,7.479913327263659
341,0.5751810765778232,0.5770974470633369,1694011729.3535244,0.28312996843132393
342,0.5755647834543689,0.5774714719354381,1694011729.379786,0.9048650597329293
343,0.5754253620116488,0.5772835717556248,1694011729.4069269,0.5341755993997181
344,0.575164691579213,0.5770845161541894,1694011729.434913,0.15618359627218537
345,0.5754688567352325,0.5774132493445101,1694011729.4644036,1.2255968995548034
346,0.5754688567352325,0.5771329233140807,1694011729.4923203,2.382658890209356
347,0.57556061272745,0.5774736494201391,1694011729.5198853,0.8286150061077776
348,0.5753428412004663,0.57725951892462,1694011729.5464265,0.38516615752294675
349,0.5754688567352325,0.5774132493445101,1694011729.5744572,1.6644557604029175
350,0.5755612085455812,0.5774737834191976,1694011729.6026263,0.6827311664441857
351,0.5748423539701895,0.5768047596197589,1694011729.6279302,0.09025778883493625
352,0.5754688567352325,0.5771328898143161,1694011729.6569164,3.1281565052875666
353,0.5754688567352325,0.5774132493445101,1694011729.6830654,1.1492880776283603
354,0.5746317322607812,0.5766990343625845,1694011729.7043433,0.0013908931959081515
355,0.5754253620116488,0.5772835717556248,1694011729.7312233,0.5406216549787382
356,0.5754688567352325,0.5770887371245328,1694011729.759598,39.72716141084456
357,0.5754688567352325,0.5774132493445101,1694011729.786769,1.8069165325461973
358,0.5755647834543689,0.5774714719354381,1694011729.8157015,0.9614189087224546
359,0.5753434370185976,0.5772587484300334,1694011729.8445432,0.3358154014085435
360,0.5754688567352325,0.5770887371245328,1694011729.8733943,1164.7002960855484
361,0.5755612085455812,0.5774737834191976,1694011729.903285,0.6611598594647174
362,0.5754688567352325,0.5774132493445101,1694011729.9368258,1.3164520895395972
363,0.5754688567352325,0.5771329233140807,1694011729.9664993,2.4041570465145083
364,0.5754688567352325,0.5774128808470991,1694011729.9951448,4.166354200342151
365,0.5755647834543689,0.5774714719354381,1694011730.0230784,0.9260079046976022
366,0.5754688567352325,0.5770887371245328,1694011730.0540931,10758.408291242336
367,0.5754253620116488,0.5772835717556248,1694011730.0819893,0.5274497645565185
368,0.5754688567352325,0.5774132493445101,1694011730.1086986,1.4654204649010398
369,0.5754688567352325,0.5770887371245328,1694011730.1374214,415.01155525508386
370,0.5754688567352325,0.5770887371245328,1694011730.1663153,213.3427983708486
371,0.5754688567352325,0.5770887371245328,1694011730.1973588,3049.772557288994
372,0.5751810765778232,0.5770974470633369,1694011730.2263563,0.2435032791272186
373,0.57556061272745,0.5774736494201391,1694011730.2551086,0.8227837245039885
374,0.5753428412004663,0.57725951892462,1694011730.2821918,0.4120800007268704
375,0.5754688567352325,0.5770887371245328,1694011730.3130639,13.893240863357653
376,0.5754688567352325,0.5774132493445101,1694011730.341997,2.0092068464128925
377,0.5754688567352325,0.5774132493445101,1694011730.3711672,1.171562587464754
378,0.5755612085455812,0.5774737834191976,1694011730.4005368,0.5958796877201966
379,0.5754688567352325,0.5774128808470991,1694011730.4314792,3.1170289509515485
380,0.5754688567352325,0.5770887371245328,1694011730.4673247,47155.516923137664
381,0.5754688567352325,0.5774132493445101,1694011730.4957685,1.5143449818592432
382,0.5755647834543689,0.5774714719354381,1694011730.5233815,0.867267268476163
383,0.5753428412004663,0.57725951892462,1694011730.54911,0.436867211118164
384,0.5754688567352325,0.5774132493445101,1694011730.5758862,2.1265118928346483
385,0.575164691579213,0.5770846166534833,1694011730.6021295,0.1887583025910216
386,0.5754688567352325,0.5770887371245328,1694011730.6339102,5.103700755493083
387,0.5755647834543689,0.5774714719354381,1694011730.6607249,0.9364778235909526
388,0.5754688567352325,0.5774132493445101,1694011730.6887226,1.4589237010575133
389,0.5755612085455812,0.5774737834191976,1694011730.7159288,0.5833977903372325
390,0.5753434370185976,0.5770974470633369,1694011730.7437801,0.30123650884154685
391,0.5754688567352325,0.5774714719354381,1694011730.7714453,1.0896202957301602
392,0.5755612085455812,0.5774737834191976,1694011730.7994123,0.6918942699355644
393,0.5754688567352325,0.5774132493445101,1694011730.8276758,1.7031172388478923
394,0.5754688567352325,0.5770887371245328,1694011730.8595185,35.7090610335318
395,0.5754688567352325,0.5771329233140807,1694011730.8903568,2.5547275903243998
396,0.5753428412004663,0.57725951892462,1694011730.9180567,0.39079949905652245
397,0.5755647834543689,0.5774714719354381,1694011730.9487073,1.0193187242159152
398,0.5754688567352325,0.5771313823249077,1694011730.9794772,3.430544167419515
399,0.5755612085455812,0.5772835717556248,1694011731.010882,0.54945588211011
