trial,score,test_score,time,alpha
0,0,0,1694011705.465535,0
0,0.5948885140240739,0.6060043952733638,1694011705.48963,1
1,0.596518876440291,0.6064696232179893,1694011705.5153844,0.001659325972068654
2,0.5948885140240739,0.6060043952733638,1694011705.5396311,5097.098916467665
3,0.596518876440291,0.6064579605180629,1694011705.5568295,0.001167324372946468
4,0.5948885140240739,0.6060043952733638,1694011705.577849,15350.024725957519
5,0.5948885140240739,0.6060043952733638,1694011705.601185,0.7657938741402333
6,0.5948885140240739,0.6060043952733638,1694011705.622671,13.105048393665314
7,0.5948885140240739,0.6060043952733638,1694011705.6446815,456.11942146988633
8,0.5948885140240739,0.6060043952733638,1694011705.6677349,1.5281988858822617
9,0.5968524970489607,0.6063744370969435,1694011705.6865902,0.009289771156784298
10,0.596623112458083,0.606020964840942,1694011705.709652,1.0380032766545932e-05
11,0.5963125283361039,0.6060352232027424,1694011705.728047,1.330255062263604e-05
12,0.5962623708792667,0.6061301070891862,1694011705.7459168,1.7203422932902287e-05
13,0.5965419129269817,0.6063747393315453,1694011705.7703054,0.003133959979466379
14,0.5968531505663136,0.6063744370969435,1694011705.7924657,0.029970647546576624
15,0.5968531505663136,0.6063744370969435,1694011705.81685,0.02568419468216169
16,0.5948885140240739,0.6063744370969435,1694011705.837443,0.09479892523331244
17,0.5948885140240739,0.6063744370969435,1694011705.8554504,0.04329606243846009
18,0.5948885140240739,0.6060043952733638,1694011705.876839,25.69778794109825
19,0.5964608767752188,0.6063904555308364,1694011705.8940363,0.00021676560886962258
20,0.5948885140240739,0.6063744370969435,1694011705.9141657,0.052338034410743646
21,0.5968524970489607,0.6063747393315453,1694011705.9319403,0.008462358850926064
22,0.5968531505663136,0.6063744370969435,1694011705.951488,0.015046775436370934
23,0.5948885140240739,0.6063744370969435,1694011705.970467,0.10685660239962405
24,0.5964608767752188,0.6063904555308364,1694011705.9872978,0.00022861937579570676
25,0.5968531505663136,0.6063744370969435,1694011706.006498,0.014595699890443473
26,0.5948885140240739,0.6060043952733638,1694011706.0266914,0.3657444059593127
27,0.5968531505663136,0.6063744370969435,1694011706.0456238,0.026147374383056154
28,0.5948885140240739,0.6060043952733638,1694011706.0650086,0.18868493636216832
29,0.5948885140240739,0.6060043952733638,1694011706.0863018,2.8643522639128265
30,0.5948885140240739,0.6060043952733638,1694011706.1055,0.2217458855544584
31,0.5968531505663136,0.6063744370969435,1694011706.12587,0.013657403543050657
32,0.5968531505663136,0.6063744370969435,1694011706.144448,0.02169091676586864
33,0.5965419129269817,0.6063747393315453,1694011706.1639645,0.002411047325049093
34,0.596518876440291,0.6064579605180629,1694011706.1824331,0.0007635518558538143
35,0.5968524970489607,0.6063747393315453,1694011706.2011764,0.0070590063259603885
36,0.5948885140240739,0.6060043952733638,1694011706.223065,0.46301211636609985
37,0.5968531505663136,0.6063744370969435,1694011706.2432504,0.03751537867847581
38,0.5965419129269817,0.6063747393315453,1694011706.2677264,0.0028571288031082544
39,0.5948885140240739,0.6063744370969435,1694011706.2934263,0.09347793757497372
40,0.5948885140240739,0.6060043952733638,1694011706.3225183,74253.24015898614
41,0.5968531505663136,0.6063744370969435,1694011706.346839,0.01848085386134205
42,0.5968531505663136,0.6063744370969435,1694011706.3729982,0.03997091280091609
43,0.5968524970489607,0.6063747393315453,1694011706.3981192,0.005302009741162983
44,0.5948885140240739,0.6060043952733638,1694011706.4275625,0.883528716751978
45,0.596518876440291,0.6064579605180629,1694011706.452757,0.0009746338547102263
46,0.5968531505663136,0.6063744370969435,1694011706.478653,0.01271351349553872
47,0.5948885140240739,0.6060045019443996,1694011706.50106,0.15724537860120433
48,0.5968531505663136,0.6063744370969435,1694011706.5270388,0.023581904279382126
49,0.5965419129269817,0.6063747393315453,1694011706.5535183,0.0038424277065045517
50,0.5948885140240739,0.6063744370969435,1694011706.5794113,0.08428933747945476
51,0.5968531505663136,0.6063744370969435,1694011706.610396,0.012999824188250086
52,0.5968531505663136,0.6063744370969435,1694011706.6383975,0.01890406276199344
53,0.5968524970489607,0.6063747393315453,1694011706.6655633,0.006298130284367009
54,0.5968531505663136,0.6063744370969435,1694011706.6921477,0.04153116876302361
55,0.596518876440291,0.6064696232179893,1694011706.7191079,0.001372881532066617
56,0.5948885140240739,0.6060043952733638,1694011706.745829,0.22877925004698627
57,0.5948885140240739,0.6063744370969435,1694011706.771462,0.06785140752519199
58,0.5968524970489607,0.6063744370969435,1694011706.7948828,0.009816460593423849
59,0.5948885140240739,0.6060043952733638,1694011706.8214695,1.5717367944863843
60,0.5965419129269817,0.6063747393315453,1694011706.846542,0.0024713107125144936
61,0.5968531505663136,0.6063744370969435,1694011706.8713224,0.023985342858057746
62,0.5968531505663136,0.6063744370969435,1694011706.8964925,0.02492827435730571
63,0.5968524970489607,0.6063747393315453,1694011706.9216166,0.006012545819012226
64,0.5948885140240739,0.6063744370969435,1694011706.9478643,0.06217808385639406
65,0.5948885140240739,0.6060043952733638,1694011706.9741328,0.40477774564021246
66,0.5968531505663136,0.6063744370969435,1694011707.0001428,0.012820484380956574
67,0.5948885140240739,0.6060045019443996,1694011707.0261452,0.1349362455949304
68,0.596518876440291,0.6064579605180629,1694011707.051105,0.0004284988638791388
69,0.596518876440291,0.6064696232179893,1694011707.075407,0.001649932461756002
70,0.5965419129269817,0.6063747393315453,1694011707.1009948,0.0035188929660687433
71,0.5968531505663136,0.6063744370969435,1694011707.1260931,0.03916069145339671
72,0.5968531505663136,0.6063744370969435,1694011707.150867,0.0342092569494988
73,0.5968524970489607,0.6063744370969435,1694011707.175844,0.009374181000034303
74,0.5948885140240739,0.6063744370969435,1694011707.2007122,0.0707479900445697
75,0.5968531505663136,0.6063744370969435,1694011707.2260551,0.016833302694585914
76,0.5948885140240739,0.6060045019443996,1694011707.2508295,0.11590553096940767
77,0.5968531505663136,0.6063744370969435,1694011707.2763932,0.03811899768798854
78,0.5968524970489607,0.6063747393315453,1694011707.302463,0.004516452656202842
79,0.5948885140240739,0.6060043952733638,1694011707.3298576,0.20173790661303334
80,0.5968524970489607,0.6063747393315453,1694011707.356823,0.008847351846598258
81,0.5968531505663136,0.6063744370969435,1694011707.3837416,0.02120078617632812
82,0.5968531505663136,0.6063744370969435,1694011707.4092696,0.014102804849232507
83,0.5948885140240739,0.6063744370969435,1694011707.4352663,0.06296935834127798
84,0.5965419129269817,0.6063747393315453,1694011707.4625669,0.0021730571880314944
85,0.5968524970489607,0.6063747393315453,1694011707.489458,0.0050303473683078765
86,0.5968531505663136,0.6063744370969435,1694011707.5166667,0.0202931159186043
87,0.5968531505663136,0.6063744370969435,1694011707.543512,0.032267145326188025
88,0.5948885140240739,0.6063744370969435,1694011707.5705082,0.11009114850865306
89,0.5968524970489607,0.6063747393315453,1694011707.5955036,0.008370243134235084
90,0.5948885140240739,0.6060043952733638,1694011707.6209574,0.301967175406576
91,0.5948885140240739,0.6063744370969435,1694011707.6460996,0.04565178517064016
92,0.5968531505663136,0.6063744370969435,1694011707.6725852,0.015320905440070162
93,0.5948885140240739,0.6063744370969435,1694011707.6992848,0.05612805532917964
94,0.5965419129269817,0.6063747393315453,1694011707.7313986,0.0037148349035639175
95,0.5968531505663136,0.6063744370969435,1694011707.7581441,0.024518843890412537
96,0.5948885140240739,0.6060043952733638,1694011707.7844489,0.16782699817393654
97,0.5968531505663136,0.6063744370969435,1694011707.8112042,0.01045313510527656
98,0.5968524970489607,0.6063747393315453,1694011707.8388958,0.006163650857703772
99,0.5948885140240739,0.6063744370969435,1694011707.8651266,0.09271293286273255
100,0.5968531505663136,0.6063744370969435,1694011707.8918827,0.0290281588394324
101,0.5968531505663136,0.6063744370969435,1694011707.9191422,0.015374705553638715
102,0.5948885140240739,0.6063744370969435,1694011707.9456043,0.04836436716927284
103,0.5968531505663136,0.6063744370969435,1694011707.9714859,0.01328275337887046
104,0.5968524970489607,0.6063747393315453,1694011707.9971209,0.006621337837937908
105,0.5965419129269817,0.6063747393315453,1694011708.025145,0.0029998647225915795
106,0.5968531505663136,0.6063744370969435,1694011708.0496461,0.030008096836384474
107,0.5948885140240739,0.6063744370969435,1694011708.0755663,0.0739221181656951
108,0.596518876440291,0.6064696232179893,1694011708.1014695,0.0017874346353254217
109,0.5968531505663136,0.6063744370969435,1694011708.1252291,0.020014471928773803
110,0.5968531505663136,0.6063744370969435,1694011708.1523068,0.010517952805042023
111,0.5968531505663136,0.6063744370969435,1694011708.1805203,0.04162239455626128
112,0.5968531505663136,0.6063744370969435,1694011708.2086864,0.025177685085208623
113,0.5948885140240739,0.6060045019443996,1694011708.2368057,0.11854680545060944
114,0.5968524970489607,0.6063747393315453,1694011708.2654645,0.0064659136104765575
115,0.5968531505663136,0.6063744370969435,1694011708.2963262,0.014970174352260068
116,0.5968524970489607,0.6063747393315453,1694011708.3243701,0.004642204214403002
117,0.5948885140240739,0.6063744370969435,1694011708.3503375,0.05930840285977156
118,0.5968524970489607,0.6063747393315453,1694011708.3765469,0.008953784885856084
119,0.5948885140240739,0.6060043952733638,1694011708.4035661,0.2764119295672209
120,0.5968531505663136,0.6063744370969435,1694011708.4277534,0.03217846688612098
121,0.5968531505663136,0.6063744370969435,1694011708.4517343,0.01857929181324336
122,0.5968531505663136,0.6063744370969435,1694011708.4748762,0.011952733754863372
123,0.5968531505663136,0.6063744370969435,1694011708.5011704,0.04036975249913873
124,0.5965419129269817,0.6063747393315453,1694011708.5278218,0.0035959547019688357
125,0.5968531505663136,0.6063744370969435,1694011708.5523732,0.02082283873718096
126,0.5948885140240739,0.6063744370969435,1694011708.5758345,0.08626746297938724
127,0.5968524970489607,0.6063747393315453,1694011708.601831,0.007929686649390859
128,0.596518876440291,0.6064696232179893,1694011708.6278734,0.0012375558104940295
129,0.5948885140240739,0.6060043952733638,1694011708.6517434,0.1733351727944271
130,0.5968531505663136,0.6063744370969435,1694011708.6786482,0.028208142836835367
131,0.5968531505663136,0.6063744370969435,1694011708.699789,0.013988821292960772
132,0.5948885140240739,0.6063744370969435,1694011708.7210696,0.05685393736099828
133,0.5968531505663136,0.6063744370969435,1694011708.7455535,0.0189988238923517
134,0.5968524970489607,0.6063747393315453,1694011708.7702127,0.005439484170255532
135,0.5968531505663136,0.6063744370969435,1694011708.7898757,0.011049175432101538
136,0.5948885140240739,0.6063744370969435,1694011708.8115084,0.04223016403839322
137,0.5965419129269817,0.6063747393315453,1694011708.8315494,0.002102675948363514
138,0.5968531505663136,0.6063744370969435,1694011708.8503337,0.024916002895418014
139,0.5948885140240739,0.6063744370969435,1694011708.8693755,0.07824735439581612
140,0.5968524970489607,0.6063747393315453,1694011708.8880982,0.007591892066106164
141,0.5968531505663136,0.6063744370969435,1694011708.907009,0.03373897956350938
142,0.5968531505663136,0.6063744370969435,1694011708.9261713,0.018162791966898465
143,0.5948885140240739,0.6063744370969435,1694011708.9451902,0.04829824560887616
144,0.5968531505663136,0.6063744370969435,1694011708.964298,0.013108747726719732
145,0.5948885140240739,0.6060045019443996,1694011708.9832911,0.15105860210658972
146,0.5948885140240739,0.6063744370969435,1694011709.0020094,0.09741343857522224
147,0.5968524970489607,0.6063747393315453,1694011709.0205853,0.004732657580225318
148,0.5968531505663136,0.6063744370969435,1694011709.0393462,0.02813321748667731
149,0.5968524970489607,0.6063744370969435,1694011709.058476,0.009740790435479268
150,0.5948885140240739,0.6063744370969435,1694011709.0774326,0.05677818897113519
151,0.5968531505663136,0.6063744370969435,1694011709.0965521,0.022843996570582333
152,0.5968531505663136,0.6063744370969435,1694011709.1160185,0.018166179134671043
153,0.5968531505663136,0.6063744370969435,1694011709.134967,0.03555134328711781
154,0.5968531505663136,0.6063744370969435,1694011709.1534264,0.014774570514080616
155,0.5965419129269817,0.6063747393315453,1694011709.172738,0.0027633649145769154
156,0.5968524970489607,0.6063747393315453,1694011709.1908693,0.007764219469726073
157,0.5948885140240739,0.6060043952733638,1694011709.213688,0.4944055392400923
158,0.5948885140240739,0.6063744370969435,1694011709.233605,0.07087111028969248
159,0.5968531505663136,0.6063744370969435,1694011709.2536483,0.04080381327611794
160,0.5968531505663136,0.6063744370969435,1694011709.2729125,0.01212895397379525
161,0.5968531505663136,0.6063744370969435,1694011709.296464,0.02896117042305456
162,0.5968531505663136,0.6063744370969435,1694011709.3199303,0.01947056742835847
163,0.5968524970489607,0.6063747393315453,1694011709.341645,0.006724098929250802
164,0.5968531505663136,0.6063744370969435,1694011709.3622217,0.022187423931534247
165,0.5948885140240739,0.6063744370969435,1694011709.385687,0.050035097265507415
166,0.5968531505663136,0.6063744370969435,1694011709.4082808,0.013082282761694868
167,0.5948885140240739,0.6060045019443996,1694011709.4265046,0.11538275514455566
168,0.5965419129269817,0.6063747393315453,1694011709.4465246,0.004172944689795
169,0.5968531505663136,0.6063744370969435,1694011709.464381,0.02765425839009399
170,0.5968524970489607,0.6063744370969435,1694011709.481252,0.009024921131082575
171,0.5968531505663136,0.6063744370969435,1694011709.4980419,0.011960669690220735
172,0.5968531505663136,0.6063744370969435,1694011709.5148354,0.03354292605195792
173,0.5968531505663136,0.6063744370969435,1694011709.5317621,0.020053482695457973
174,0.5948885140240739,0.6063744370969435,1694011709.548876,0.04641790376411639
175,0.5968531505663136,0.6063744370969435,1694011709.5659087,0.015276245585164227
176,0.5968524970489607,0.6063747393315453,1694011709.5827534,0.005808359678188009
177,0.5948885140240739,0.6063744370969435,1694011709.5999694,0.0833734942990463
178,0.5968524970489607,0.6063744370969435,1694011709.616951,0.009370408328055182
179,0.5968531505663136,0.6063744370969435,1694011709.633943,0.025259989844241465
180,0.5948885140240739,0.6063744370969435,1694011709.6511343,0.05718689678056002
181,0.5968531505663136,0.6063744370969435,1694011709.6684132,0.035465663732562776
182,0.5968531505663136,0.6063744370969435,1694011709.6855776,0.012605975218931519
183,0.5968531505663136,0.6063744370969435,1694011709.7028165,0.019488584502041457
184,0.5968531505663136,0.6063744370969435,1694011709.7196894,0.03793810363887905
185,0.5948885140240739,0.6063744370969435,1694011709.7373116,0.07673962291886233
186,0.5968531505663136,0.6063744370969435,1694011709.7545316,0.02449274131156657
187,0.5968524970489607,0.6063747393315453,1694011709.7718797,0.007164583211135164
188,0.5948885140240739,0.6060045019443996,1694011709.7893703,0.1416697389818274
189,0.5968531505663136,0.6063744370969435,1694011709.8065605,0.01526994007989018
190,0.5948885140240739,0.6063744370969435,1694011709.82403,0.051573903311678035
191,0.5968531505663136,0.6063744370969435,1694011709.8416035,0.030286425526655794
192,0.5968524970489607,0.6063744370969435,1694011709.8590078,0.009930472803557406
193,0.5968531505663136,0.6063744370969435,1694011709.8774617,0.018199983415572964
194,0.5968531505663136,0.6063744370969435,1694011709.8952577,0.038621803122825836
195,0.5948885140240739,0.6063744370969435,1694011709.9131348,0.07382962712192445
196,0.5965419129269817,0.6063747393315453,1694011709.9305236,0.004225425874973858
197,0.5968531505663136,0.6063744370969435,1694011709.9478261,0.026127918057417182
198,0.5968531505663136,0.6063744370969435,1694011709.9651403,0.013724171316322016
199,0.5948885140240739,0.6060043952733638,1694011709.9826624,0.24880326319064894
200,0.5948885140240739,0.6063744370969435,1694011710.0001643,0.04346527291079016
201,0.5968531505663136,0.6063744370969435,1694011710.0175216,0.01696559676100563
202,0.5968524970489607,0.6063744370969435,1694011710.0359552,0.00944713264519711
203,0.5968531505663136,0.6063744370969435,1694011710.0550265,0.026660637515130446
204,0.5968531505663136,0.6063744370969435,1694011710.0738773,0.01796058188437744
205,0.5968524970489607,0.6063747393315453,1694011710.094332,0.006572853342797212
206,0.5968531505663136,0.6063744370969435,1694011710.116017,0.03751804626276994
207,0.5968531505663136,0.6063744370969435,1694011710.1349864,0.012529875725442776
208,0.5968531505663136,0.6063744370969435,1694011710.154062,0.024060928457449178
209,0.5948885140240739,0.6063744370969435,1694011710.1774168,0.0604502519837212
210,0.5948885140240739,0.6060045019443996,1694011710.1973906,0.11667748326059203
211,0.5948885140240739,0.6063744370969435,1694011710.2155359,0.044762086556700574
212,0.5968531505663136,0.6063744370969435,1694011710.2336295,0.028201161624413395
213,0.5948885140240739,0.6060043952733638,1694011710.2562733,4.5998976891460295
214,0.5968531505663136,0.6063744370969435,1694011710.274094,0.016103015091872522
215,0.5968524970489607,0.6063744370969435,1694011710.2914145,0.009877899323043005
216,0.5948885140240739,0.6063744370969435,1694011710.3090696,0.06093210702046252
217,0.5968531505663136,0.6063744370969435,1694011710.3265996,0.020949509484688204
218,0.5968531505663136,0.6063744370969435,1694011710.3438246,0.0363562221392518
219,0.5968531505663136,0.6063744370969435,1694011710.3608222,0.012538286384234947
220,0.5948885140240739,0.6063744370969435,1694011710.3781185,0.0802953739656932
221,0.5968531505663136,0.6063744370969435,1694011710.3952913,0.02170048420031791
222,0.5968531505663136,0.6063744370969435,1694011710.4125218,0.031341128656203546
223,0.5968531505663136,0.6063744370969435,1694011710.4296913,0.01606993359368739
224,0.5968524970489607,0.6063747393315453,1694011710.4466717,0.0055285189971653785
225,0.5968524970489607,0.6063747393315453,1694011710.4638803,0.008646852683532357
226,0.5948885140240739,0.6060043952733638,1694011710.48329,310.4077657191046
227,0.5948885140240739,0.6063744370969435,1694011710.5002055,0.04454522098917062
228,0.5968531505663136,0.6063744370969435,1694011710.5171845,0.022958260526539608
229,0.5968531505663136,0.6063744370969435,1694011710.5340145,0.013258247945078776
230,0.5968531505663136,0.6063744370969435,1694011710.5511143,0.030143411932658473
231,0.5964608767752188,0.6063904555308364,1694011710.5664783,3.887133131589834e-05
232,0.5968531505663136,0.6063744370969435,1694011710.5837858,0.01662527893215843
233,0.5968524970489607,0.6063744370969435,1694011710.6008844,0.009186226553384219
234,0.5968531505663136,0.6063744370969435,1694011710.6178563,0.02333201536282607
235,0.5948885140240739,0.6063744370969435,1694011710.6348937,0.0442824267956389
236,0.5968531505663136,0.6063744370969435,1694011710.6518545,0.01308996922778542
237,0.5968524970489607,0.6063747393315453,1694011710.6686845,0.006478348014875104
238,0.5968531505663136,0.6063744370969435,1694011710.6856344,0.020414092872831958
239,0.5965419129269817,0.6063747393315453,1694011710.703823,0.0035158835956822718
240,0.5948885140240739,0.6063744370969435,1694011710.7208123,0.05798259224082803
241,0.5968531505663136,0.6063744370969435,1694011710.738167,0.03004967044272671
242,0.5968531505663136,0.6063744370969435,1694011710.7551618,0.01592486360823673
243,0.5968531505663136,0.6063744370969435,1694011710.7724307,0.010493141719602757
244,0.5968531505663136,0.6063744370969435,1694011710.7896516,0.035248750690598525
245,0.5968531505663136,0.6063744370969435,1694011710.8069935,0.022874892002333353
246,0.5968531505663136,0.6063744370969435,1694011710.824245,0.018135958143997932
247,0.5968531505663136,0.6063744370969435,1694011710.841385,0.010769469481943968
248,0.5968531505663136,0.6063744370969435,1694011710.859078,0.02929601780045339
249,0.5948885140240739,0.6063744370969435,1694011710.8778033,0.09602018689026866
250,0.5948885140240739,0.6060043952733638,1694011710.8985534,1.133044948347728
251,0.5968531505663136,0.6063744370969435,1694011710.9167402,0.039961908699926545
252,0.5968524970489607,0.6063747393315453,1694011710.9349344,0.0062279372111782
253,0.5948885140240739,0.6063744370969435,1694011710.9519506,0.05913646233988729
254,0.5968531505663136,0.6063744370969435,1694011710.9686337,0.01580143034236103
255,0.5968531505663136,0.6063744370969435,1694011710.9854765,0.022218279475958197
256,0.5968531505663136,0.6063744370969435,1694011711.002385,0.010792417514832306
257,0.596518876440291,0.6064579605180629,1694011711.0183403,0.0009055959976884838
258,0.5968531505663136,0.6063744370969435,1694011711.035378,0.04091367021476935
259,0.5948885140240739,0.6060043952733638,1694011711.0525625,0.19059859027832354
260,0.5968531505663136,0.6063744370969435,1694011711.069713,0.01522774473742835
261,0.5968531505663136,0.6063744370969435,1694011711.0865085,0.027415593388738148
262,0.5968524970489607,0.6063747393315453,1694011711.1033614,0.008060404932841334
263,0.5948885140240739,0.6063744370969435,1694011711.120319,0.09917027645806718
264,0.5948885140240739,0.6060043952733638,1694011711.1390982,0.48573823117783904
265,0.5948885140240739,0.6063744370969435,1694011711.1557486,0.05505081820494922
266,0.596518876440291,0.6064579605180629,1694011711.1715531,0.00046867971458283605
267,0.5965419129269817,0.6063747393315453,1694011711.1889887,0.0026297406585767662
268,0.5968524970489607,0.6063747393315453,1694011711.205464,0.004642915343365677
269,0.5968531505663136,0.6063744370969435,1694011711.2220664,0.019613233713988185
270,0.5968531505663136,0.6063744370969435,1694011711.2387326,0.034829053502708894
271,0.5968531505663136,0.6063744370969435,1694011711.2552044,0.01163472995664565
272,0.5948885140240739,0.6063744370969435,1694011711.2722368,0.06787619757671914
273,0.5968531505663136,0.6063744370969435,1694011711.2892249,0.022775224236088718
274,0.5968524970489607,0.6063747393315453,1694011711.3059976,0.00731748493298531
275,0.5968531505663136,0.6063744370969435,1694011711.3224616,0.014706905418256484
276,0.5968531505663136,0.6063744370969435,1694011711.3390107,0.03400269688409474
277,0.5948885140240739,0.6060043952733638,1694011711.3579423,36267.16173789694
278,0.5948885140240739,0.6063744370969435,1694011711.3750093,0.04811085083664783
279,0.5968531505663136,0.6063744370969435,1694011711.3921106,0.02131844797491003
280,0.5968531505663136,0.6063744370969435,1694011711.4087868,0.011736907257317077
281,0.5948885140240739,0.6060045019443996,1694011711.4255292,0.12231256052396382
282,0.5968524970489607,0.6063747393315453,1694011711.4423888,0.006991792524413023
283,0.5968531505663136,0.6063744370969435,1694011711.459231,0.0286868180035132
284,0.5968531505663136,0.6063744370969435,1694011711.4761252,0.016555448406583986
285,0.5948885140240739,0.6063744370969435,1694011711.4929326,0.0773533607505301
286,0.5968531505663136,0.6063744370969435,1694011711.509521,0.03957504940578971
287,0.5968524970489607,0.6063744370969435,1694011711.526091,0.00990018005367469
288,0.5968524970489607,0.6063747393315453,1694011711.5428822,0.004630641981690461
289,0.5968531505663136,0.6063744370969435,1694011711.559616,0.022135615262759544
290,0.5948885140240739,0.6060043952733638,1694011711.5795999,0.6842782876619259
291,0.5948885140240739,0.6060043952733638,1694011711.5987053,2.198642805733439
292,0.5948885140240739,0.6060043952733638,1694011711.6152635,0.3200298914344809
293,0.5948885140240739,0.6063744370969435,1694011711.6319213,0.04861437436381939
294,0.5968531505663136,0.6063744370969435,1694011711.6488328,0.013817376947917733
295,0.5968531505663136,0.6063744370969435,1694011711.6652946,0.02885352450565895
296,0.5968524970489607,0.6063744370969435,1694011711.6821008,0.009116560893149052
297,0.5948885140240739,0.6060043952733638,1694011711.7005117,5432.610871677033
298,0.5968531505663136,0.6063744370969435,1694011711.7172823,0.01833561057319813
299,0.5948885140240739,0.6063744370969435,1694011711.7340298,0.05994072303905301
300,0.5948885140240739,0.6060043952733638,1694011711.7527196,59.499775935846465
301,0.5968531505663136,0.6063744370969435,1694011711.769599,0.034110343846666134
302,0.5948885140240739,0.6060043952733638,1694011711.7866066,0.1739887343629696
303,0.5968531505663136,0.6063744370969435,1694011711.803716,0.014006147897476527
304,0.5965419129269817,0.6063747393315453,1694011711.8214602,0.002197982990946142
305,0.5968524970489607,0.6063747393315453,1694011711.8381326,0.005747196900763962
306,0.5968531505663136,0.6063744370969435,1694011711.85526,0.023418951715587426
307,0.5948885140240739,0.6063744370969435,1694011711.8724165,0.0695972334151982
308,0.5968524970489607,0.6063747393315453,1694011711.8892338,0.00862561979864682
309,0.596518876440291,0.6064696232179893,1694011711.907948,0.0013089635564593278
310,0.5968531505663136,0.6063744370969435,1694011711.9252722,0.03631087149122842
311,0.5968531505663136,0.6063744370969435,1694011711.9425898,0.01685657751038153
312,0.5948885140240739,0.6063744370969435,1694011711.959915,0.09316047344236913
313,0.5968531505663136,0.6063744370969435,1694011711.9772446,0.026358808504567607
314,0.5968531505663136,0.6063744370969435,1694011711.9945872,0.01191626470504431
315,0.5965419129269817,0.6063747393315453,1694011712.0126307,0.003263131854471152
316,0.5948885140240739,0.6060043952733638,1694011712.0317512,6.377995638503554
317,0.5948885140240739,0.6063744370969435,1694011712.0490055,0.0464418776317201
318,0.5968531505663136,0.6063744370969435,1694011712.0665424,0.02067679648769857
319,0.5968524970489607,0.6063747393315453,1694011712.0836484,0.006319946915840812
320,0.5968531505663136,0.6063744370969435,1694011712.1008396,0.011477747079374349
321,0.5968531505663136,0.6063744370969435,1694011712.1179607,0.03261785221168706
322,0.5948885140240739,0.6060045019443996,1694011712.135383,0.13419376752528903
323,0.5948885140240739,0.6063744370969435,1694011712.1524723,0.05413862660751304
324,0.5948885140240739,0.6060043952733638,1694011712.172208,1.3358409670626306
325,0.5968531505663136,0.6063744370969435,1694011712.189711,0.01738858810723717
326,0.596459733119851,0.6063883754456361,1694011712.205369,3.6669212618955615e-05
327,0.5968531505663136,0.6063744370969435,1694011712.223139,0.024351178760667756
328,0.5968524970489607,0.6063747393315453,1694011712.240491,0.007939575251564088
329,0.5948885140240739,0.6063744370969435,1694011712.2577932,0.042635353913645264
330,0.5968531505663136,0.6063744370969435,1694011712.2750635,0.0139715056183924
331,0.5968524970489607,0.6063747393315453,1694011712.2924984,0.005020848373986154
332,0.5964608767752188,0.6063904555308364,1694011712.308341,0.00012345965755152137
333,0.5948885140240739,0.6063744370969435,1694011712.3253677,0.08129135174975342
334,0.5948885140240739,0.6060043952733638,1694011712.342811,0.24140883041113492
335,0.5968531505663136,0.6063744370969435,1694011712.3602414,0.02762484072749721
336,0.5968531505663136,0.6063744370969435,1694011712.3776834,0.016812998124410884
337,0.5968531505663136,0.6063744370969435,1694011712.395012,0.01104151876605586
338,0.5948885140240739,0.6060043952733638,1694011712.4150236,0.6150748587191687
339,0.5968531505663136,0.6063744370969435,1694011712.4325001,0.038736309902303104
340,0.5968531505663136,0.6063744370969435,1694011712.4498866,0.019286964484664958
341,0.5965419129269817,0.6063747393315453,1694011712.4681163,0.003529210785603225
342,0.5968524970489607,0.6063747393315453,1694011712.4854846,0.00857639747896527
343,0.5948885140240739,0.6063744370969435,1694011712.5028224,0.05632765518102307
344,0.5948885140240739,0.6060043952733638,1694011712.5223947,79496.83679527008
345,0.5968531505663136,0.6063744370969435,1694011712.5400865,0.03259676996467742
346,0.5948885140240739,0.6063744370969435,1694011712.5576663,0.0934191556415296
347,0.5968531505663136,0.6063744370969435,1694011712.5749254,0.019309673452378367
348,0.5968531505663136,0.6063744370969435,1694011712.5922723,0.011856011309960855
349,0.5948885140240739,0.6060043952733638,1694011712.6116755,31.263389999613505
350,0.5948885140240739,0.6060043952733638,1694011712.6289732,0.3740181315860635
351,0.5968531505663136,0.6063744370969435,1694011712.6464627,0.02526670111807705
352,0.596623112458083,0.60603580989344,1694011712.6612158,1.1466265267826978e-05
353,0.5968524970489607,0.6063747393315453,1694011712.6783674,0.006473243277657362
354,0.5948885140240739,0.6063744370969435,1694011712.6956484,0.058467084048072715
355,0.5965419129269817,0.6063747393315453,1694011712.7133834,0.0021474850405343417
356,0.5968531505663136,0.6063744370969435,1694011712.7307642,0.031034562589642507
357,0.5968531505663136,0.6063744370969435,1694011712.7481277,0.013732753008615031
358,0.5948885140240739,0.6063744370969435,1694011712.7653723,0.04422601203640451
359,0.5968524970489607,0.6063747393315453,1694011712.7826188,0.008308179460974209
360,0.5968531505663136,0.6063744370969435,1694011712.7998586,0.020521619632684323
361,0.5968524970489607,0.6063747393315453,1694011712.8165808,0.00439975087528828
362,0.5968531505663136,0.6063744370969435,1694011712.8334198,0.01338176477780035
363,0.5948885140240739,0.6060043952733638,1694011712.8502991,0.16891763776821195
364,0.5968531505663136,0.6063744370969435,1694011712.8675954,0.02682085735652814
365,0.5948885140240739,0.6060043952733638,1694011712.8871303,1.5204072456527264
366,0.5948885140240739,0.6060043952733638,1694011712.9072194,10995.371156589159
367,0.5948885140240739,0.6063744370969435,1694011712.9247952,0.04684347723203969
368,0.5948885140240739,0.6063744370969435,1694011712.942243,0.08539598778078797
369,0.5968531505663136,0.6063744370969435,1694011712.9594612,0.017984225878315687
370,0.5948885140240739,0.6060043952733638,1694011712.9790823,654.8349970807301
371,0.5968524970489607,0.6063744370969435,1694011712.9961748,0.009808912080739047
372,0.5968531505663136,0.6063744370969435,1694011713.0135162,0.03137596751341749
373,0.5948885140240739,0.6063744370969435,1694011713.0312176,0.06330002916270934
374,0.5968524970489607,0.6063747393315453,1694011713.0483947,0.006595868507689016
375,0.5968531505663136,0.6063744370969435,1694011713.0657303,0.01810425411537431
376,0.596518876440291,0.6064579605180629,1694011713.082849,0.0009024352146315013
377,0.596518876440291,0.6064579605180629,1694011713.0999236,0.000625357711437965
378,0.5948885140240739,0.6063744370969435,1694011713.117529,0.10988119252933441
379,0.5948885140240739,0.6060043952733638,1694011713.1377296,2.2547229369522865
380,0.596518876440291,0.6064696232179893,1694011713.156469,0.0013881735100489735
381,0.5968531505663136,0.6063744370969435,1694011713.1742284,0.03067406128332564
382,0.5968531505663136,0.6063744370969435,1694011713.19197,0.012873542944195822
383,0.5948885140240739,0.6063744370969435,1694011713.2099612,0.04441364570046191
384,0.5968531505663136,0.6063744370969435,1694011713.2277927,0.020159168898891574
385,0.5968524970489607,0.6063747393315453,1694011713.2455444,0.007953505809638396
386,0.5968524970489607,0.6063747393315453,1694011713.263556,0.004449350785783116
387,0.5968531505663136,0.6063744370969435,1694011713.2813234,0.025675046085887002
388,0.5968531505663136,0.6063744370969435,1694011713.2990615,0.013320000511005391
389,0.5948885140240739,0.6063744370969435,1694011713.3168113,0.044925337044320744
390,0.5948885140240739,0.6063744370969435,1694011713.3345692,0.07186691084676522
391,0.5968531505663136,0.6063744370969435,1694011713.3521817,0.024251962669682697
392,0.5948885140240739,0.6060043952733638,1694011713.3697696,0.2639221858643276
393,0.5968531505663136,0.6063744370969435,1694011713.3872504,0.010636605358939163
394,0.5948885140240739,0.6060045019443996,1694011713.405242,0.135705987906419
395,0.5968531505663136,0.6063744370969435,1694011713.422915,0.016315858989032084
396,0.5965419129269817,0.6063747393315453,1694011713.4414792,0.0031738294682539707
397,0.5968531505663136,0.6063744370969435,1694011713.4592562,0.032030468111665295
398,0.5968524970489607,0.6063747393315453,1694011713.4769073,0.006669325308116405
399,0.5948885140240739,0.6063744370969435,1694011713.494738,0.05916956935754488
