trial,score,test_score,time,alpha
0,0,0,1694007723.6900306,0
0,0.044710955149453446,0.044201152405498156,1694007723.7194483,1
1,0.017678393107350088,0.01848073408537132,1694007723.7294002,46805.661787929566
2,0.0447144952104741,0.044205715204245655,1694007723.7581995,2.9670337863034555
3,0.01613760850128476,0.01688522062152098,1694007723.768061,53314.28627759007
4,0.04483339405152942,0.044468057760805424,1694007723.792327,140.6565421742432
5,0.04479017284651021,0.044359448745857954,1694007723.8186598,94.90481478948041
6,0.04470811067655234,0.04419863385754863,1694007723.8474722,0.0014484214768350312
7,0.015200578139101695,0.015914526195978773,1694007723.8574092,57908.79763853592
8,0.04470834946249547,0.04419845115177934,1694007723.8860471,1.1542570931089796e-05
9,0.044708358135109094,0.04419845782414078,1694007723.914813,0.0033870657230750177
10,0.044708711826028424,0.044199330638898915,1694007723.943571,0.22280007056164564
11,0.04528565579686572,0.04533336404654187,1694007723.9625125,622.0556197704323
12,0.04470835087848657,0.044198474117308484,1694007723.991147,0.0009480925763015061
13,0.04344130398393764,0.04457019335097445,1694007724.004655,4265.130816203875
14,0.013442485025075723,0.014092541934141778,1694007724.0143838,68234.93336165012
15,0.044707860644195074,0.044198731205972064,1694007724.0432394,0.000434933053657051
16,0.04472252287831757,0.044213448452082305,1694007724.0721333,9.40458074072968
17,0.044708126974684737,0.044198637318145884,1694007724.1015847,1.2298750087705017e-05
18,0.04470884888294702,0.0441985015319728,1694007724.1309829,0.07340283376002159
19,0.04470817249678427,0.04419858341153704,1694007724.1601887,2.764398058709467e-05
20,0.02068623491168553,0.021587221265150558,1694007724.170893,36857.82274702113
21,0.04470851991619007,0.04419942166427793,1694007724.200337,0.22986162298257523
22,0.023024223693411616,0.024000515293013613,1694007724.2128408,30886.81080197668
23,0.04535850737624303,0.045483649904411894,1694007724.2300873,729.5580592230899
24,0.04309605067817179,0.04425464317212757,1694007724.2436907,4601.43176070148
25,0.04470789500569283,0.04419875196334344,1694007724.272748,0.000539081235399783
26,0.04470812923806233,0.044198620920505416,1694007724.302047,5.6167600380288067e-05
27,0.044723216368919294,0.04421380633244254,1694007724.3309035,10.172488645739893
28,0.04470797391181369,0.04419870159712913,1694007724.3597405,0.0004783236309877458
29,0.04494761177256157,0.044644453742619716,1694007724.382632,215.6759278660995
30,0.044707792690239945,0.044199418768045784,1694007724.4114323,0.12146148918794752
31,0.044712137917080175,0.04420382279092128,1694007724.4404757,1.9014645549725449
32,0.026586603486672078,0.027667311156576946,1694007724.4520144,23752.85619875721
33,0.044712628597295856,0.04420258983763292,1694007724.480676,1.6480152435564184
34,0.04470744691210349,0.044199042535182365,1694007724.5094275,0.0001207629820990836
35,0.04470853026969024,0.04419835987394538,1694007724.5381355,0.0003821501829618518
36,0.04471509575565036,0.04420492673860954,1694007724.5675683,2.831564879425135
37,0.04471240645032715,0.04420311006516742,1694007724.5966797,1.7540452814784062
38,0.04474147655062133,0.044236098388499845,1694007724.624949,23.774010011694994
39,0.044708642416415034,0.044198779141312206,1694007724.6540606,0.10350335702171634
40,0.044742813716615926,0.04424281763053395,1694007724.682247,31.48118635476846
41,0.04470872890808508,0.04419866824676055,1694007724.711175,0.09311079376796777
42,0.04472684933062543,0.04422023670538422,1694007724.7407215,17.34447407214209
43,0.04517689422699467,0.04510801027888389,1694007724.7604017,472.1170348983452
44,0.04470858567260183,0.04419832853686079,1694007724.789362,0.0006162246976597649
45,0.044708236240589616,0.04419881913330115,1694007724.818234,0.05698462384888514
46,0.04471066699092863,0.04420157890244891,1694007724.8478558,1.060060356353072
47,0.044770605347941084,0.04431537731263291,1694007724.8753943,73.56492544420182
48,0.04470801425548887,0.044198728488576866,1694007724.9042778,0.0034418860381589316
49,0.04471578872221771,0.04420645738498874,1694007724.9330297,3.5270257423892493
50,0.044727049475036695,0.044220590326838116,1694007724.9615562,17.754499770157615
51,0.03831201413540075,0.03960444255511775,1694007724.9735355,9015.9534460658
52,0.04470860047020664,0.0441985776696141,1694007725.0028806,0.04251438335965415
53,0.04474142354969346,0.044236167129932724,1694007725.0312831,23.744921064325638
54,0.04470794074715412,0.04419872770282163,1694007725.0603533,0.0008212285159374713
55,0.04471038522329451,0.044201359900314485,1694007725.0895383,0.950475980278073
56,0.044707870829142626,0.044198770908501994,1694007725.1181734,0.0006675042661589419
57,0.03243179636508953,0.033654936875158414,1694007725.129307,15269.6960175613
58,0.04470889844373871,0.044199007726568595,1694007725.157717,0.20807538813118442
59,0.04526614678720353,0.04597511693375711,1694007725.1723733,2003.92295880657
60,0.04470870832075069,0.044198916721500336,1694007725.2009473,0.14715094205552748
61,0.03615551897777747,0.03743764859266796,1694007725.2128818,11134.632494184472
62,0.0447085680069893,0.044198850582097604,1694007725.2410836,0.1117511942786209
63,0.04470835401252393,0.044198604125148866,1694007725.270062,0.02049958319497457
64,0.04471808572246083,0.044209184429018555,1694007725.2988744,5.2648706141284425
65,0.04473558660377375,0.04565798507455454,1694007725.3132336,2847.3213916492386
66,0.04363162470287685,0.04474152385568886,1694007725.3271375,4075.145481426618
67,0.04472193406745972,0.04421332002099476,1694007725.3562372,9.054848131237197
68,0.04470889112585985,0.04419813186172361,1694007725.3857236,7.024511214869067e-05
69,0.04472271046765097,0.04421329583828226,1694007725.4148734,9.390010398230771
70,0.04470762167892117,0.04419895272894092,1694007725.4439316,0.0028479809882330062
71,0.04494396733188999,0.04463656587184395,1694007725.4670513,211.80416007795029
72,0.03849662569351919,0.039788747377187184,1694007725.479992,8841.234773995931
73,0.044711880709379925,0.04420221077416242,1694007725.5091672,1.4039114275908937
74,0.04472386505942061,0.04421454904524136,1694007725.538187,10.85513186739742
75,0.04470780604217128,0.04419882396936836,1694007725.5673263,4.473816056147972e-05
76,0.04471421203311754,0.04420451691281713,1694007725.5961866,2.516212389492403
77,0.04470801943019964,0.044198660084448504,1694007725.6250365,0.00019582486540065415
78,0.04472525339260425,0.044217399620586906,1694007725.6538804,13.983904954700176
79,0.044708664650461194,0.04419845573897119,1694007725.6831064,0.04330155279524335
80,0.0451801174310551,0.04511452180807174,1694007725.7030377,475.9708361650613
81,0.04470801110748446,0.044198680112711775,1694007725.7322838,3.0573232865931535e-05
82,0.04473304580099935,0.04420247788415499,1694007725.7620926,0.00012536640758091332
83,0.044766866946217565,0.044307830527072545,1694007725.7889829,69.22008866241924
84,0.04471192685076042,0.044202152964998964,1694007725.817842,1.401318872032174
85,0.044718532156565516,0.044208696966784866,1694007725.846746,5.204915893869181
86,0.04482014900980191,0.04572010214678768,1694007725.861269,2735.7092565275625
87,0.04471023096841997,0.044200629288727256,1694007725.889753,0.7540087600119111
88,0.04546949358015162,0.04589969275552219,1694007725.9059927,1263.1188643489068
89,0.04471146852034458,0.044201894831540356,1694007725.934912,1.2660075420970387
90,0.029950368968704066,0.031119035280268603,1694007725.9464765,18501.499674563634
91,0.04474972536306043,0.04426331937997796,1694007725.9744473,46.69578873082774
92,0.04470762102697001,0.04419895783932737,1694007726.0034828,0.00030709192326475025
93,0.04470839571826457,0.04419865475859275,1694007726.0325558,0.04421114404851374
94,0.04315230810763615,0.04430643072293594,1694007726.0458698,4547.253432358273
95,0.04470772740542661,0.04419897378617921,1694007726.0747468,0.03183113383152383
96,0.04470855527629214,0.04419826149360151,1694007726.103697,0.0007767076712899181
97,0.044709729873926185,0.04420000561673032,1694007726.13262,0.5323694084590286
98,0.04470841611252352,0.04419882029237421,1694007726.161347,0.08468602496654738
99,0.04472616095619164,0.04421853251584895,1694007726.1904404,15.463196203866032
100,0.04470911129668753,0.044199072343917956,1694007726.2193265,0.23316476356729948
101,0.044708452810628185,0.04419841061619745,1694007726.2480736,0.004066507456214141
102,0.04470777659966285,0.044199486043614455,1694007726.2783084,0.13326684512460657
103,0.044708320001799584,0.04419921455169695,1694007726.3069506,0.15500308627687037
104,0.03671098361442826,0.03799788094369583,1694007726.3188958,10573.494866270543
105,0.014358870075353192,0.015042344087243809,1694007726.329129,62540.683084850505
106,0.04472660429121755,0.04422024591329099,1694007726.3580844,17.206335788177306
107,0.04470813956910746,0.044198605591633244,1694007726.3867106,6.78955367051596e-05
108,0.04494583435322963,0.04464061185188761,1694007726.409506,213.78989597416376
109,0.04476025187087418,0.04429489151657795,1694007726.4359293,61.214460288800026
110,0.04534272404378503,0.04599247615541524,1694007726.4508877,1820.6592429297884
111,0.044708339731519664,0.0441986891193491,1694007726.4802196,0.029820393304317985
112,0.04470813544183394,0.04419859690690886,1694007726.5096972,3.8797249844466555e-05
113,0.04472526912330954,0.044216421325648625,1694007726.5387206,13.128592383211155
114,0.04470738437109223,0.04419911402724552,1694007726.5673845,0.00017383858694047745
115,0.045099355798932206,0.04496875526565525,1694007726.5875466,393.8177545690031
116,0.045419233019131866,0.0456401594808713,1694007726.6049104,879.4945969320643
117,0.044709186262479994,0.04419853279730168,1694007726.6334982,0.12197416886441645
118,0.024635208749673287,0.025661313363807836,1694007726.644323,27414.167301327867
119,0.04470797006886973,0.04419870977515683,1694007726.6730857,0.0005467615141742933
120,0.02501419889702594,0.02605175399955051,1694007726.6840456,26659.898846334065
121,0.04473298771747514,0.04420377774474504,1694007726.71392,0.4517485301500142
122,0.045137196860621565,0.04502832177045846,1694007726.7336428,426.51706571407567
123,0.04504192855112121,0.04485871152794352,1694007726.7540002,337.44418984299904
124,0.013968143695557433,0.014637399030163145,1694007726.7643256,64878.2596261547
125,0.015980384491744215,0.01672236783310521,1694007726.774473,54048.03900248137
126,0.04470926108509132,0.044197913570865444,1694007726.803109,2.5171624611015254e-05
127,0.04470810076613729,0.044198655224726435,1694007726.8316705,1.4444841317899212e-05
128,0.04471428721172588,0.04420505173903355,1694007726.8603718,2.709587313467448
129,0.04470807256116982,0.0441986643496971,1694007726.8889499,2.1816052948390917e-05
130,0.0447452508118058,0.04424968373587479,1694007726.9167647,37.57044666911908
131,0.04471370835841526,0.044203645413132264,1694007726.94558,2.2337060301837375
132,0.044749489408620335,0.04426278904273451,1694007726.973863,46.3003166302247
133,0.04470877076461688,0.044199399555340135,1694007727.0025473,0.2590639862153379
134,0.04470870969246832,0.044198268294054155,1694007727.0313263,0.005305356684021587
135,0.022810711221631585,0.023780268476564004,1694007727.0425591,31382.634548710113
136,0.04489791270702481,0.04457870242208195,1694007727.0667195,191.73191144649377
137,0.04470815465009881,0.044198606454069034,1694007727.0959752,1.156749639048166e-05
138,0.044707724449457475,0.0441988757616264,1694007727.1249564,9.846403953447067e-05
139,0.04472815571167088,0.04422338839502038,1694007727.1535447,20.745430485872657
140,0.04470847829616553,0.044198436371655436,1694007727.1823394,0.007592211011082306
141,0.04470886292349385,0.044198708045128376,1694007727.2110724,0.11918367507005621
142,0.04531807763030149,0.045390409386362185,1694007727.2284307,653.5987891819375
143,0.04470783754317598,0.04419896525436451,1694007727.2577078,0.034790076345683284
144,0.030227592518789703,0.03140285168531898,1694007727.2693684,18116.987004014878
145,0.04485630592026302,0.044509885084084155,1694007727.2937226,160.14788748444087
146,0.04471546807670623,0.044206039884473136,1694007727.3227952,3.3057073797299976
147,0.044708720295329685,0.044198237588636835,1694007727.3518496,0.0006451316670144307
148,0.04470871665409859,0.044198805941271235,1694007727.38089,0.12471362322154626
149,0.0451362062089522,0.04502634359042401,1694007727.4001791,425.41999527477395
150,0.01176773895434391,0.012356139308329572,1694007727.4101043,80903.66299353584
151,0.04470800089427518,0.044198703291157826,1694007727.4386857,5.4515969665481484e-05
152,0.04470844335182822,0.04419829443274148,1694007727.4676368,0.0002226004664357218
153,0.044956785053001824,0.04468904709271426,1694007727.488803,251.44748725363985
154,0.04517899866997255,0.045938754961246,1694007727.5036826,2176.775793100353
155,0.04470757838764172,0.044199031143950296,1694007727.5324142,7.721978247539846e-05
156,0.04528219328563465,0.045980230368683705,1694007727.547658,1968.699800169982
157,0.045361992974206844,0.04549196895353036,1694007727.5650804,736.7550890159883
158,0.04477284343831889,0.044321096390183445,1694007727.5919228,76.24523933913584
159,0.04470802468141288,0.04419880051956626,1694007727.6208448,0.025076340877114175
160,0.04470862474896542,0.04419959307731858,1694007727.6494715,0.2788731134512191
161,0.044708494391819786,0.04419859529176362,1694007727.6781433,0.04606397295112705
162,0.04496034360200374,0.04581762941185563,1694007727.6926212,2538.9879938381378
163,0.04470830663081715,0.04419857603532518,1694007727.7212195,0.019196469747900173
164,0.04470852146404802,0.044198439689480784,1694007727.7498999,0.01681704795219409
165,0.027300368737467884,0.028400839891176033,1694007727.761193,22537.64699720567
166,0.031964586591057165,0.03317831722804865,1694007727.7731228,15844.315327432209
167,0.017222509992966484,0.018008740735678153,1694007727.7828789,48611.74977837184
168,0.045468301387642684,0.04586390592611089,1694007727.799294,1189.842649888815
169,0.04470788849278984,0.04419875293454412,1694007727.8284018,7.398712919801347e-05
170,0.04470820945459053,0.04419852449610395,1694007727.8574758,8.111581129304106e-05
171,0.0447158703973527,0.04420693400227005,1694007727.8864782,3.722380398935209
172,0.04404717653600676,0.04509928213593739,1694007727.9008782,3646.1766814537673
173,0.04055019593431464,0.04181501063328519,1694007727.9140012,6949.901345013947
174,0.04474135861607531,0.044235877733354356,1694007727.942307,23.36074714479137
175,0.020940731859342976,0.02185007658838889,1694007727.9529073,36144.80947374719
176,0.044707821806563186,0.04419880000236498,1694007727.9818597,0.0003302600271961427
177,0.04470791437076249,0.04419877854636334,1694007728.0108478,0.0016436498324632163
178,0.0447085256848353,0.044198490945486335,1694007728.0397835,0.021132538549322816
179,0.04470790068136654,0.04419877018324392,1694007728.0692565,0.003698700864553906
180,0.044707855643843164,0.044198847205290326,1694007728.0985868,0.013244949988902877
181,0.0447083502039155,0.04419845920974852,1694007728.127869,0.00015291678666200118
182,0.04470824512405869,0.04419879297330764,1694007728.156886,0.05667629255064158
183,0.04470834501629073,0.04419849424257838,1694007728.1859753,1.9849061042124334e-05
184,0.04471403184523126,0.044204219709407355,1694007728.2148964,2.3868034765608064
185,0.02400149026746823,0.025008215328756633,1694007728.2255702,28726.515307540132
186,0.044709196267279205,0.04419921493988965,1694007728.2548048,0.28265191395888833
187,0.04472691016566954,0.04422031694109363,1694007728.2837617,17.439436312343098
188,0.04472492347680279,0.04421663219050176,1694007728.3129244,13.12573059133154
189,0.027896836827574933,0.029013403060827225,1694007728.3248365,21567.09646344694
190,0.04495303677098106,0.044656114689598736,1694007728.3483388,221.4065833235764
191,0.045360392143399264,0.045993045111978104,1694007728.3635151,1770.9621612429846
192,0.04470865061482776,0.04419838352280114,1694007728.3921707,0.0228293790505407
193,0.03544054496858595,0.036714797517060416,1694007728.404433,11875.35125547611
194,0.04470809322515801,0.044198652542721484,1694007728.4336996,0.0007113647512898565
195,0.044708743517779204,0.0441987703887301,1694007728.4634342,0.12017736817300144
196,0.044940055580187765,0.04465661752116579,1694007728.4847224,236.87527644035205
197,0.04470810803242398,0.04419873121306417,1694007728.5134187,0.021605474942716748
198,0.04020191275572449,0.041473929628168205,1694007728.5264587,7266.7850416186975
199,0.043664773476598806,0.04477114506921276,1694007728.5400898,4041.649252829224
200,0.04470813840449572,0.04419861333077402,1694007728.5686083,0.0004479001459887988
201,0.04470834558802983,0.04419848198355503,1694007728.5971248,0.0020298288332942166
202,0.04470852328863073,0.04419836367576069,1694007728.6254845,3.344635436886071e-05
203,0.043836857941914165,0.04492374297417201,1694007728.6390424,3865.524986732679
204,0.044708634196023556,0.04419840690816246,1694007728.6677468,0.02467454097977628
205,0.04470801728246465,0.044199089969712335,1694007728.696675,0.08559872259382427
206,0.044708570206770326,0.044198362353347065,1694007728.7252393,0.005054227918637614
207,0.044707796817028855,0.04419814957372992,1694007728.7534623,0.00017071783216601906
208,0.04470934695172368,0.04419949235102805,1694007728.7826264,0.3710158109685475
209,0.04470819760681133,0.04419858156861722,1694007728.8113205,0.002224183070810204
210,0.04471697088630855,0.044207713444085917,1694007728.8401139,4.280873053438604
211,0.04470808027308748,0.04419861672968595,1694007728.8690205,0.0010657380640928873
212,0.04471140847836286,0.04420206228140766,1694007728.897951,1.2997888925764185
213,0.023225729290968,0.02420834891543555,1694007728.9104571,30426.97932767412
214,0.04470813176545951,0.04419886435890419,1694007728.9394238,0.05228017872964639
215,0.021419244510417323,0.022344201425993693,1694007728.9502716,34849.04597057341
216,0.04470818777744101,0.044198506976582896,1694007728.97938,3.733010079414992e-05
217,0.044715372556993316,0.04420544931683157,1694007729.0082493,3.0764593627273786
218,0.04472272878307182,0.04421412894002208,1694007729.0371585,9.953479169264408
219,0.019181846559869542,0.0200326748771672,1694007729.0481186,41450.82487390805
220,0.030416385686402703,0.03159606823289074,1694007729.0594463,17858.76046725689
221,0.04471146068635723,0.04420199287595239,1694007729.0882707,1.2854680747231289
222,0.04509897202254032,0.04496801660951544,1694007729.108523,393.42450009266327
223,0.015295389992011521,0.01601275699715443,1694007729.1184914,57418.628676962544
224,0.044934100937117916,0.04464504950573289,1694007729.1394534,231.74087350870175
225,0.021499000540042723,0.022426546283540127,1694007729.150312,34638.55285246365
226,0.026172149910808074,0.02724114426897306,1694007729.1619165,24487.237485636422
227,0.04471062626434652,0.04419998441911965,1694007729.1909993,0.6571607460801834
228,0.044746179520338214,0.044253187613570666,1694007729.2191796,39.71387904883595
229,0.04470809495287209,0.044198661552723784,1694007729.2485,0.0006287765394387512
230,0.04473257265108743,0.044203808447604076,1694007729.2784653,0.234549614860075
231,0.0431142056771866,0.044271370254279185,1694007729.2922485,4583.971284491506
232,0.04471920933308915,0.044209810485045575,1694007729.321232,5.919986311480372
233,0.04470819794602188,0.04419860092762162,1694007729.3502004,0.006230688534907847
234,0.044708206188239674,0.04419855538990802,1694007729.3792427,0.00016900226597733694
235,0.04470795554228124,0.04419872839003425,1694007729.4080238,0.0020823418054679997
236,0.04470750844044402,0.044199059036674426,1694007729.4367023,0.00017779749909066034
237,0.04470844046128708,0.04419840757002791,1694007729.4655302,0.002176728694174709
238,0.04470866656183037,0.04419859503971901,1694007729.4947743,0.06851727785379438
239,0.0447078758007009,0.044198714252735916,1694007729.5238595,2.6852536082872263e-05
240,0.04502722959138483,0.04586105510166405,1694007729.5382936,2438.411336317359
241,0.044708584412683994,0.044198836609691594,1694007729.5670075,0.10916982573970803
242,0.044717943855411724,0.044208052915397644,1694007729.5956252,4.717258166089898
243,0.0447412989264756,0.04423561510781249,1694007729.6236324,22.979477395537874
244,0.04470802327283474,0.04419869718543423,1694007729.6524162,0.0002130198451561144
245,0.044707981555872855,0.04419871597563907,1694007729.681195,6.715465435458953e-05
246,0.04470806306592057,0.04419866269271466,1694007729.7101376,0.0003675548242242903
247,0.012784710021782497,0.013410635906401458,1694007729.7201056,72819.42298533786
248,0.04470865449556871,0.04419827175797342,1694007729.7495542,0.00011095641591683184
249,0.044708363851679644,0.04419925070093733,1694007729.7784834,0.16848421339207806
250,0.04199449511940123,0.043218997165803796,1694007729.7921755,5631.491997946113
251,0.04472071051225668,0.04421079309245446,1694007729.8205054,6.962360828274878
252,0.044708370318660484,0.044198464047896735,1694007729.8490298,1.4973961553509686e-05
253,0.03971779825766686,0.04099748722430019,1694007729.8620913,7709.492856504802
254,0.04470817819326467,0.04419870300430517,1694007729.8910306,0.06941872489554493
255,0.04470766572427243,0.04419891841932011,1694007729.9201734,0.00047566596476156725
256,0.0447081127197867,0.044198728534515674,1694007729.9494102,0.02353955814542344
257,0.04472190634937134,0.04421289751927804,1694007729.9783616,8.739393991193996
258,0.04470848042755193,0.04419838497360029,1694007730.0071177,2.384799106784654e-05
259,0.04474196251032192,0.04423900512761603,1694007730.0353153,27.107234521660192
260,0.04472444617576543,0.04421632827180255,1694007730.0641267,12.620135073258863
261,0.044708146119531667,0.044198598138045386,1694007730.0930696,0.0019406142726722474
262,0.044708556692573564,0.04419920170000968,1694007730.1220849,0.18204451670860847
263,0.04470840841867929,0.04419846793618609,1694007730.1511059,0.0008612904556831908
264,0.04470792928321021,0.044198735058370464,1694007730.1800199,1.634174370640158e-05
265,0.04472065819033977,0.04421072747223187,1694007730.2088995,6.905557398887261
266,0.044709539573058676,0.0441990380996814,1694007730.2381053,0.284164908080587
267,0.04489432510537961,0.04577266701917826,1694007730.2528853,2633.7010714167377
268,0.04470788727559538,0.04419874371624222,1694007730.2813752,0.0009784903335334544
269,0.04470918282965841,0.0441991164237473,1694007730.3100328,0.2546774375947766
270,0.04475010631198362,0.04426382366736459,1694007730.3380926,47.26561632343792
271,0.04470757563577521,0.04419897999823463,1694007730.367124,4.8233224912168104e-05
272,0.04470804927135896,0.04419882328529412,1694007730.396209,0.035757429317342576
273,0.04476934913003272,0.04431489628732099,1694007730.422869,72.50417770785523
274,0.04470822202847857,0.04419854661122902,1694007730.4516172,0.0028230526020050282
275,0.04470823460320683,0.044198743488318204,1694007730.4807262,0.0436287956479236
276,0.04471930931540191,0.04420977301514184,1694007730.5097966,5.937956174208428
277,0.04470815363353631,0.04419919452330123,1694007730.5385706,0.12426703114776802
278,0.04175204291208223,0.04297803964870628,1694007730.5514984,5858.885716245688
279,0.04373504014506502,0.044833700008419575,1694007730.565386,3970.203616209342
280,0.04517364890620079,0.0459361544707666,1694007730.580414,2186.5979008698514
281,0.04473209792180466,0.044203795651388544,1694007730.6103413,0.1831098331478721
282,0.04470792490967046,0.04419875642327731,1694007730.639352,0.0007967094269512695
283,0.044741537742487014,0.044236696462019,1694007730.6675587,24.469834465874303
284,0.04470855614748037,0.044199228846459326,1694007730.6963615,0.1912272653419286
285,0.044711390337455414,0.04420144602969944,1694007730.7251725,1.1430644227437454
286,0.04474333952582299,0.0442442705017404,1694007730.7532687,32.39780474475172
287,0.02584258582813237,0.026904790949722868,1694007730.763832,25085.071622328443
288,0.04546905165892634,0.045873940223997156,1694007730.780569,1209.1975716419067
289,0.04470779347030829,0.04419883660915014,1694007730.8094006,0.00017067359346776181
290,0.03544117883290965,0.036715439159215824,1694007730.8214502,11874.684789059687
291,0.04475846571706232,0.04429160399338394,1694007730.8480196,58.975730246061076
292,0.044708382451002504,0.04419852253398515,1694007730.8770094,0.015640547505521154
293,0.04490662770639642,0.04459537303068195,1694007730.900817,199.4940216696162
294,0.04471009491810163,0.0441999033214564,1694007730.9296942,0.5618743306727529
295,0.04471683050306541,0.044207234115589356,1694007730.9586053,4.076858499772283
296,0.044718414248281824,0.04420889812098938,1694007730.9876084,5.226933038327326
297,0.044707875045069234,0.04419880363953754,1694007731.0164204,0.00032725967326150757
298,0.04470822415196518,0.0441987492161936,1694007731.0452583,0.041669777625393416
299,0.04470816440783154,0.04419965624839961,1694007731.0741751,0.22769181155947357
300,0.04470767124997321,0.04419902894404415,1694007731.103113,3.777904641845292e-05
301,0.044876587700891535,0.044537614387893054,1694007731.127003,172.71303166192092
302,0.04470855482246916,0.044198429647095416,1694007731.1558993,0.01853735187547409
303,0.04470994986316923,0.04420005236878233,1694007731.1847503,0.5868520936549055
304,0.023308762759011947,0.02429398206498934,1694007731.1953974,30239.74002902691
305,0.0429061656154901,0.04407890446476992,1694007731.2092667,4782.81179155129
306,0.04470745658575681,0.044199084947333156,1694007731.2380693,0.00538222397396763
307,0.04470860461687631,0.044198764919254674,1694007731.2668505,0.10062757987174274
308,0.044718686679946607,0.04420856625422376,1694007731.2957146,5.156345848730751
309,0.04470832382733492,0.04419850352248489,1694007731.3244464,0.00015660988752068885
310,0.045430371743207854,0.045673032767415966,1694007731.341699,915.8909874856253
311,0.0447080405546747,0.0441987512509997,1694007731.370984,0.017279039634867696
312,0.04470907047079009,0.04419802398295691,1694007731.400161,0.0001433133139520651
313,0.044811247733534953,0.04441324657098478,1694007731.4263444,118.03165184536927
314,0.044711462217748243,0.04420245141965706,1694007731.4554,1.4095561502385292
315,0.04470877965885556,0.04419820876343972,1694007731.4843013,1.8663969221813177e-05
316,0.04471661852165909,0.04420777565610856,1694007731.5130663,4.244593760846424
317,0.04514801366850618,0.04504996134632033,1694007731.5324197,438.620014054641
318,0.04470780509813266,0.0441988313238898,1694007731.5613701,2.043744870622664e-05
319,0.04474510357998207,0.04425086799183886,1694007731.589698,37.65964372009885
320,0.044708076482372405,0.044198689329111085,1694007731.619019,0.0031726276975471814
321,0.04470855388849737,0.044199389990579596,1694007731.6480808,0.22530098057488054
322,0.04470800257974816,0.044198698413178694,1694007731.6772594,5.268344920914782e-05
323,0.044713435955254455,0.04420364339826177,1694007731.7062936,2.100318845371373
324,0.02619254899953294,0.027262123815892103,1694007731.7179918,24450.575548767745
325,0.044708153954900576,0.044198640345502804,1694007731.7469463,0.011172672712938488
326,0.04470813133703666,0.044198602502092954,1694007731.7759547,4.318906383748432e-05
327,0.04458547413578018,0.04554310700307507,1694007731.7901227,3035.7309147235005
328,0.023452696372743387,0.024442411087051474,1694007731.801067,29918.213201037936
329,0.04471036391956251,0.04420079099658092,1694007731.8299918,0.8141557715253053
330,0.035167135801713933,0.03643791041894151,1694007731.8420618,12164.516292826978
331,0.035132639082489425,0.03640295777862057,1694007731.8543558,12201.244378517062
332,0.044953037581375144,0.04465611534880187,1694007731.8774395,221.4072307159465
333,0.045240749679202885,0.04596586691429927,1694007731.8926103,2057.1848697942223
334,0.04470761263098033,0.04419895578012567,1694007731.9210808,0.0004169100257322409
335,0.044730739845694756,0.04565436240795384,1694007731.9351838,2853.586253096066
336,0.044708833809842585,0.04419883974673411,1694007731.9641914,0.14335843179549104
337,0.044708475741334186,0.04419841847338579,1694007731.9931345,0.007359873738653692
338,0.044716757502479054,0.04420748669099639,1694007732.0218086,4.155494358292867
339,0.0439401429000319,0.045014292783471466,1694007732.0352848,3757.788631733258
340,0.04470929918752653,0.04419863535100277,1694007732.0635214,0.2146280788004229
341,0.044708482413727935,0.04419840760121185,1694007732.092264,5.993598945114525e-05
342,0.04470791761306059,0.04419879491172907,1694007732.12094,0.007460755408492914
343,0.04470801038412919,0.0441987200027979,1694007732.149926,0.007130324899773248
344,0.044788889666904086,0.044355827212277155,1694007732.1769457,93.43603029661892
345,0.021163206596628514,0.022079826845103345,1694007732.1880357,35535.250128010404
346,0.04471512573015202,0.04420588604663589,1694007732.2170446,3.1730307133969706
347,0.04470790220157894,0.04419864077229485,1694007732.2463868,0.0034365704995163366
348,0.04480309004721861,0.04438568158199485,1694007732.273407,107.47285859323314
349,0.044707921871596557,0.04419874126619949,1694007732.3020303,0.0003001028478576983
350,0.044708290879748924,0.04419850522699942,1694007732.3308847,4.1332430034564677e-05
351,0.044742863311537984,0.044242719006240105,1694007732.36034,30.90845811831723
352,0.0447078719625138,0.044199068481418746,1694007732.3890188,0.05721675258619436
353,0.04470883062945252,0.04419966113838647,1694007732.4176843,0.32216420731656664
354,0.044707928493459836,0.04419874266414314,1694007732.446326,5.4931880645373295e-05
355,0.044709651425048125,0.04420050155150923,1694007732.4751296,0.626438146159666
356,0.044724202781946,0.044215159915564795,1694007732.5040417,11.519725495787265
357,0.013654139071155424,0.014311935549031873,1694007732.5139258,66852.65806339573
358,0.04470831112188878,0.04419849779223484,1694007732.543009,1.6394527037707797e-05
359,0.04471132073573625,0.044202783211669816,1694007732.5720973,1.4705088372657675
360,0.044709949273491256,0.04420075321471684,1694007732.6009028,0.7373456718290995
361,0.044727048468316655,0.04422070614905571,1694007732.6297083,17.84070235772126
362,0.04427085890715843,0.04528846095038819,1694007732.6440654,3402.0001718795043
363,0.04471054366769933,0.0442012890785316,1694007732.6731548,0.9557165157595743
364,0.044718680741186345,0.04420893101500423,1694007732.7024224,5.318775679497077
365,0.04471088952479174,0.044201412699578,1694007732.7316096,1.0605842607573706
366,0.045431924336836293,0.04567778131941058,1694007732.7487547,921.3408762303937
367,0.035577816810041685,0.03685372210999005,1694007732.7612278,11731.43504883993
368,0.04470828547267758,0.04419858303371671,1694007732.7900434,0.01685039697373422
369,0.04487956902095935,0.0445433775778884,1694007732.8137736,175.37595920236222
370,0.044744377678243574,0.0442475295382746,1694007732.8416102,35.28251088034057
371,0.04470846863583655,0.04419869481719807,1694007732.8705351,0.054060283827622534
372,0.04545838246195333,0.045801176819449285,1694007732.8869627,1083.8270692734523
373,0.04478448401508872,0.04434822535499139,1694007732.9133856,89.23531728663254
374,0.044710398829089115,0.0442008531241046,1694007732.9422224,0.8293401588827942
375,0.04471841518226294,0.0442088949182996,1694007732.9715133,5.238718987613771
376,0.02303592926783038,0.024012589202828227,1694007732.982552,30859.885627922613
377,0.04474145884310954,0.044237625681017745,1694007733.0105252,25.217436141790806
378,0.04474120741564502,0.04423480758967424,1694007733.0382295,22.331158091828893
379,0.04470822864427615,0.04419886347248292,1694007733.0663319,0.0640322726740822
380,0.04532133193622112,0.04539764534607571,1694007733.0831075,659.2420272362941
381,0.04235992107075026,0.04356645920981839,1694007733.096557,5294.681520623387
382,0.04470872693120753,0.04419827679753763,1694007733.1249592,0.012442560992912379
383,0.04470799885308807,0.044198790968940305,1694007733.1535327,0.018370361870222285
384,0.04475587950633908,0.04427531010828023,1694007733.1804097,53.94668035069537
385,0.04470801304446903,0.044198737631816254,1694007733.208805,0.00773658396951938
386,0.044707975245101284,0.04419871514947671,1694007733.237409,6.563572025315512e-05
387,0.04470775373523128,0.04419890372457769,1694007733.2659113,0.007603100238439877
388,0.04478887698325751,0.04435621354115782,1694007733.2920592,93.49439472669627
389,0.04471110671919776,0.04420134469172732,1694007733.3199832,1.063297668623837
390,0.04471950051782536,0.04421036370746212,1694007733.3479023,6.318804877614796
391,0.0447270632416209,0.044221213828705586,1694007733.3755453,18.296808555911223
392,0.04471338360309762,0.04420415495762975,1694007733.4029844,2.2441026769412074
393,0.019312532136627092,0.02016776705436074,1694007733.4131021,41023.996884996544
394,0.045469190894244726,0.04590637314935064,1694007733.428962,1278.3038226126987
395,0.01871164413273685,0.01954654266878597,1694007733.4391265,43034.98784962797
396,0.044780965946373597,0.04434187337195894,1694007733.4640558,85.79162760592553
397,0.04545132912048444,0.04577141352151959,1694007733.480071,1040.2575959434246
398,0.04503017087955585,0.04483628573381837,1694007733.4993813,326.4634183682206
399,0.025480315280193233,0.026531805530302655,1694007733.509442,25761.736831739716
