trial,score,test_score,time,alpha
0,0,0,1694011709.9345658,0
0,0.04484675846991948,0.05219617260616838,1694011709.9391847,1
1,0.04484693204508872,0.05219656417567897,1694011709.9436734,1.3785846475898387
2,0.04500572784891277,0.05256637124676122,1694011709.947708,539.0766499227351
3,0.04337980657087581,0.05033684117544823,1694011709.95153,5061.472216407257
4,0.044846299494544994,0.05219513725520786,1694011709.9556596,1.2035648211092523e-05
5,0.04484630523666755,0.05219515020772525,1694011709.959637,0.01251293691535603
6,0.024884726743998886,0.0279225174729969,1694011709.9631689,37673.62353615388
7,0.044846920131603296,0.05219653729959339,1694011709.9670975,1.3525929600228663
8,0.04484630648702492,0.052195153028160024,1694011709.971129,0.015235062798814838
9,0.044847430050907744,0.05219768769424471,1694011709.9752512,2.466035784099114
10,0.04502718166691755,0.05266535792960414,1694011709.9850605,1173.7972120670834
11,0.045017964180056325,0.05259837310804094,1694011709.9942553,628.26506334486
12,0.04495447821272813,0.05244262821062384,1694011710.003108,298.8128193267922
13,0.014133720364881586,0.015719530547785743,1694011710.0121357,89353.21902644221
14,0.044996912632557784,0.05254426584565952,1694011710.0208926,486.7111409598324
15,0.04487972895292558,0.0522707787456167,1694011710.0293834,77.34121598250893
16,0.0431708287196052,0.05005454447258584,1694011710.0377355,5386.663974488238
17,0.04486275951252394,0.052232319884948475,1694011710.047087,36.887365509210824
18,0.04295676657702119,0.04976702235031938,1694011710.056399,5711.391377961927
19,0.021928450585836923,0.024537059257104588,1694011710.0663724,46960.51652041732
20,0.04485739728822591,0.052220194588464386,1694011710.075641,24.632063657853717
21,0.045035576253812826,0.0526645078414697,1694011710.084308,987.2766135349885
22,0.044942891592505974,0.052562321020848346,1694011710.0933254,1734.2957184592126
23,0.039639695833617816,0.04548077087480573,1694011710.1027265,10326.756500403424
24,0.04503591149111219,0.05266068015308889,1694011710.1126325,937.1221938393925
25,0.032142125080784734,0.03637549947354213,1694011710.1222966,21691.633577702767
26,0.04501799454721811,0.052657491014577396,1694011710.132563,1276.936660663737
27,0.04490503082737329,0.05232841533569488,1694011710.1431491,143.14174578632714
28,0.013235597233572372,0.01471175324746643,1694011710.1524014,97387.38354069788
29,0.044594631694836795,0.0520623903221078,1694011710.161664,2805.285528475072
30,0.04485239575296229,0.052208895733165006,1694011710.1705472,13.412214982473436
31,0.045032433589418885,0.052641931976093015,1694011710.1799464,801.4788214119972
32,0.04489511757892317,0.05230578590676449,1694011710.189227,116.49269396851818
33,0.04499672017380463,0.05263337679238289,1694011710.1977382,1444.3628301609917
34,0.03880578837751214,0.04443647507215631,1694011710.2053297,11469.799241382421
35,0.04497875680922658,0.0525000870966551,1694011710.2136827,396.6270906250552
36,0.04473757738792483,0.052269081983879584,1694011710.2231712,2436.320198486659
37,0.03295298919231182,0.03733669487554703,1694011710.232358,20292.19089461504
38,0.044919344945242634,0.052361219675971515,1694011710.2420528,183.90359450697576
39,0.04503518466708234,0.052665642278173164,1694011710.2511172,1008.3531824904218
40,0.04485084410931073,0.052205392497818526,1694011710.2605374,9.97151504964309
41,0.0450345458111141,0.05265062772554896,1694011710.2696397,853.5360041596496
42,0.042054115592858654,0.04857145358417703,1694011710.2779396,7018.5504698483155
43,0.04493573510556248,0.05239901145640413,1694011710.286748,234.49264217624818
44,0.04503493193405994,0.05265256532993212,1694011710.2953947,866.9883279409138
45,0.04487598690340733,0.05226228582182246,1694011710.3043823,68.18997573969234
46,0.04501575193037388,0.05259242370571349,1694011710.313246,610.1351345838528
47,0.04489408215063262,0.052494023400416534,1694011710.3218708,1935.6310894186443
48,0.04356894482339624,0.05059372627611891,1694011710.3302429,4758.515348333379
49,0.04494593199142005,0.05242267839774217,1694011710.339154,268.5073535610811
50,0.04501839390505691,0.052599540071288975,1694011710.3477163,631.9232302189479
51,0.04503587662763331,0.0526624445683469,1694011710.3565242,957.690968574252
52,0.04487376887088246,0.052257255152018955,1694011710.3652093,62.82936575471095
53,0.04426431053096058,0.051588767091234944,1694011710.3739548,3519.009224880673
54,0.04503586136105964,0.052662656456569645,1694011710.3828957,960.3975777454154
55,0.033390128957953014,0.037856675319031585,1694011710.3909426,19560.355187075274
56,0.04494835854110102,0.052428331319258614,1694011710.3998942,276.9336480547125
57,0.044433925382124984,0.051831071117037775,1694011710.4089468,3169.8657652121974
58,0.022774893377425776,0.02550366807777882,1694011710.417718,44066.45228498377
59,0.04502122376565487,0.05266057255092693,1694011710.4266145,1244.4280665063443
60,0.04489568885525619,0.052307088211116404,1694011710.4356356,117.99632511475718
61,0.045023668594092014,0.05261424965115402,1694011710.4444952,681.4307589267082
62,0.04110181456504913,0.04734263120122395,1694011710.4530644,8332.4528540888
63,0.04503418059159192,0.05266694772109126,1694011710.4619508,1044.3255073456003
64,0.04497317109826904,0.05248674029434108,1694011710.4709117,372.27746250500115
65,0.04486322318288838,0.05223336894120334,1694011710.4797664,37.95841746576748
66,0.04477215932235201,0.05231907426838944,1694011710.4889452,2337.3417159285577
67,0.044987392774582524,0.052520924691650483,1694011710.497955,437.0929047260457
68,0.04390739190244586,0.05108537168999838,1694011710.5065181,4181.016190154092
69,0.04502466713481901,0.05266352175576172,1694011710.5153532,1205.7618220797985
70,0.04491368364170256,0.05234822554241436,1694011710.5243237,167.43588858742214
71,0.045028946730415687,0.05263009634859683,1694011710.533283,744.2231605388723
72,0.045025774322042245,0.05266437059597784,1694011710.5441675,1192.1585711318717
73,0.03970538206524343,0.04556351995423302,1694011710.5529044,10237.14668326318
74,0.044898551099386674,0.05250034847003304,1694011710.5620081,1918.5894662240241
75,0.044953927194778975,0.052441338404847326,1694011710.5711074,296.8041881799394
76,0.04340532983382395,0.050371429418109126,1694011710.58008,5021.110117900837
77,0.044891488346813224,0.052297517340793354,1694011710.5890946,107.02766700410095
78,0.04503575994947118,0.05265817500534953,1694011710.598286,912.2217490277518
79,0.04476368610084713,0.0523068308340201,1694011710.6071339,2362.0463485844098
80,0.0450047074449077,0.052563781420468136,1694011710.616181,532.6185526367071
81,0.04499244244426859,0.052628078216904406,1694011710.6250176,1472.2939368031296
82,0.04503086739611939,0.05263639366379591,1694011710.6337948,773.2169638010936
83,0.04491722873855586,0.05235635921310977,1694011710.6428354,177.69224447769767
84,0.04503576958311628,0.05265827727000638,1694011710.6515443,913.1642119375725
85,0.04498088189552463,0.052505190084225606,1694011710.660581,406.2449925128931
86,0.03718080191361872,0.042430044513919296,1694011710.6689298,13748.999415480508
87,0.044214252690237155,0.05151764086401389,1694011710.678132,3616.9454521240227
88,0.04078787534250927,0.04693904554637296,1694011710.6863987,8762.056332975897
89,0.044947920953584464,0.05242731126707789,1694011710.6954508,275.404041268719
90,0.04235319584567776,0.04896474993292499,1694011710.7041714,6593.996920547817
91,0.04503591354101821,0.052660799034224715,1694011710.7129247,938.4140388680756
92,0.045034603917027294,0.05265090722981125,1694011710.7219672,855.4240536172023
93,0.04474654623401131,0.052282052562534154,1694011710.730898,2411.106205681189
94,0.04501040796052347,0.052578380578099604,1694011710.7400959,570.343513327102
95,0.04499402001857389,0.05263004377078484,1694011710.7487245,1462.1458766029614
96,0.04503571403846185,0.052657719361824395,1694011710.75808,908.0868641653706
97,0.044884214525847344,0.052280968914654724,1694011710.7671895,88.4943203060195
98,0.044272241601993945,0.05160005231530207,1694011710.7761738,3503.303148952573
99,0.044914864850073344,0.05235093446566441,1694011710.785132,170.8329111386135
100,0.04496947804176832,0.052477963183995446,1694011710.7941554,356.8523739402135
101,0.04503549720620614,0.052655968802641784,1694011710.802748,893.0723478184657
102,0.04495803563058476,0.052582996120033254,1694011710.812382,1662.8497726464295
103,0.0450355093245568,0.052656055624018316,1694011710.821494,893.7875737440111
104,0.04499927978213736,0.05255014723090168,1694011710.830323,500.0702282647232
105,0.0431138288122942,0.04997782336724366,1694011710.8392496,5473.886060012988
106,0.04492920724920191,0.052383926441878614,1694011710.8484569,213.7884432045196
107,0.04503260181222335,0.05266748655546183,1694011710.8577292,1083.767242114076
108,0.044703096801441355,0.05221920129217095,1694011710.8665147,2530.611323689661
109,0.04493124605906729,0.052546216146585945,1694011710.875848,1785.8230591460351
110,0.04497173418501477,0.05248332106321796,1694011710.8849661,366.2155535172517
111,0.04503378153917692,0.052647219427251146,1694011710.8938663,831.7323387911403
112,0.04501019904784065,0.05257783940985805,1694011710.9026759,568.884276527776
113,0.045033976263954556,0.052667086907763894,1694011710.9121718,1050.2172503371223
114,0.04398747664217706,0.05119758107405348,1694011710.9214075,4038.9165173856222
115,0.04493491331284116,0.052397109750405124,1694011710.930336,231.84268937371132
116,0.04489725513690712,0.05231065984457106,1694011710.9397843,122.13843391748061
117,0.04492619687851396,0.052539188948917626,1694011710.9490206,1807.3848974084297
118,0.04461142678207275,0.05208664635957272,1694011710.9583247,2764.5802390766326
119,0.045035204474039636,0.05265408539452632,1694011710.9673097,878.202722490465
120,0.044998670216884085,0.0525486292869074,1694011710.9761674,496.5855795068404
121,0.045034307295913845,0.05266684618352313,1694011710.9853697,1040.4997618651369
122,0.04502923225728106,0.05263100732026238,1694011710.9944136,748.2435125631462
123,0.04496142953429483,0.052458946537032536,1694011711.003229,324.8637974209848
124,0.04485924679236131,0.05244441242335385,1694011711.0127482,2061.44836122238
125,0.045026170015388,0.05266465937476672,1694011711.0217502,1187.1263512465976
126,0.04289439094295322,0.04968354642046924,1694011711.0303972,5804.660574690463
127,0.04501652175668236,0.05259448351182894,1694011711.0396485,616.3171287829374
128,0.04491014665522508,0.05234012077448735,1694011711.0486438,157.3820442772384
129,0.03715560829451581,0.042399194384631134,1694011711.0572865,13785.079532041698
130,0.044289750745824974,0.05162498193431175,1694011711.0665224,3468.4364682336122
131,0.04503138862488676,0.05266736591942034,1694011711.0756094,1107.9973365365051
132,0.04503405202482924,0.052648377725175166,1694011711.0849915,838.9065830735275
133,0.0449735824043378,0.052487720043629116,1694011711.0939503,374.0272229044553
134,0.04494007511429965,0.05255844044673508,1694011711.102892,1747.0037008065615
135,0.045027990744693436,0.05262709741676419,1694011711.1123683,731.3531469823735
136,0.04494231457421427,0.05241426677082295,1694011711.1219225,256.19088908798363
137,0.0448765912237562,0.052263656895458976,1694011711.1314259,69.65864451680274
138,0.04499236390215977,0.052533056370833386,1694011711.1407852,462.2485290711554
139,0.04498920324206934,0.05262400419024127,1694011711.1501462,1492.618819515319
140,0.04466163215600494,0.05215921851032401,1694011711.1595848,2639.1311749449733
141,0.04503504002753167,0.05265314903807994,1694011711.1685767,871.2200038282783
142,0.045028880273775496,0.05262988539130542,1694011711.1781719,743.299792518829
143,0.04502704109626299,0.05266526452669695,1694011711.187516,1175.6919495846737
144,0.04498484439254835,0.052514746961612735,1694011711.1967762,424.7565246387316
145,0.04494368170340768,0.05241744365216072,1694011711.2059646,260.8120257081363
146,0.04382791625656335,0.0509475556734329,1694011711.2149467,4326.544820151399
147,0.0449398178868311,0.05255808555133956,1694011711.224372,1748.1561430000893
148,0.04503327885859143,0.05264516759944182,1694011711.2338843,819.5416017882893
149,0.04165698562044662,0.04806233777026714,1694011711.242387,7566.255815286945
150,0.04463230362979098,0.052116813595745604,1694011711.2517145,2713.133419061827
151,0.04500886440044072,0.05257439405756181,1694011711.2609253,559.7101179417635
152,0.04503572652926513,0.052657838752318,1694011711.2702935,909.1603918026722
153,0.04502002799549121,0.05265946149749279,1694011711.2796357,1256.8252459215064
154,0.04491885989729605,0.05236010527744228,1694011711.2887576,182.4739126911325
155,0.04503551521177784,0.0526560981475811,1694011711.2988732,894.1389184502615
156,0.0449758678783061,0.05249317272784093,1694011711.3085895,383.872201763392
157,0.04493298048607075,0.05254862421728912,1694011711.3179626,1778.3129535179207
158,0.04500992914771951,0.05257714102380717,1694011711.3274355,567.0085368034946
159,0.04503392942965634,0.052667114967196116,1694011711.337023,1051.5242043384496
160,0.04466690340678947,0.05216684243335212,1694011711.3464017,2625.600710416411
161,0.04503370413908714,0.05264689563851166,1694011711.3560088,829.7661762895605
162,0.04500084631560597,0.05263838440512081,1694011711.365195,1416.0660510111104
163,0.04494792043141671,0.05242731005003354,1694011711.374953,275.4022186838286
164,0.04484771079070515,0.05219832109471445,1694011711.3847563,3.0798822389657996
165,0.04500529834883915,0.05256528002600702,1694011711.39441,536.344031074175
166,0.028433124086044703,0.032026019204341116,1694011711.4033806,28942.171684581397
167,0.04503204961045637,0.05264052829541299,1694011711.4125915,794.026358311596
168,0.044100286017806356,0.051356357423779087,1694011711.4222527,3833.0242118792257
169,0.04488132416491242,0.052475911496099426,1694011711.43175,1983.0729610298065
170,0.04489574915946393,0.05230722569515056,1694011711.4408226,118.15527057076353
171,0.04503469780418401,0.052666441073905945,1694011711.4506466,1027.6670550513732
172,0.045030619159697194,0.052667147516492374,1694011711.4600043,1121.7442117072833
173,0.044991963345881736,0.05253207453734865,1694011711.4698453,460.16395116667326
174,0.04503500398000837,0.052652951895810984,1694011711.4797063,869.7807899581551
175,0.04499530298500232,0.052631632542634144,1694011711.488868,1453.7637507753814
176,0.04495144001731333,0.05243552280580266,1694011711.4986672,287.8344999649743
177,0.045018200455155144,0.05259901425032554,1694011711.508444,630.2705609865578
178,0.04484640839081622,0.05219538289485737,1694011711.5177755,0.23712669836629027
179,0.0447481232193625,0.05228433287959733,1694011711.5276196,2406.6412297529832
180,0.04503583910051845,0.05266291163285164,1694011711.5371943,963.7397381034141
181,0.045035779475530724,0.05266342908922084,1694011711.5466762,970.825632850448
182,0.04502611191446737,0.05262139149549783,1694011711.5567002,708.2392081034534
183,0.04497197682514409,0.05248389805882403,1694011711.5664802,367.2336910458631
184,0.04496580228708402,0.05259344777372976,1694011711.5779173,1623.8283218517545
185,0.045035833012221915,0.05266297366773631,1694011711.587899,964.5666550038824
186,0.04366573787009387,0.050725696315508606,1694011711.596993,4599.657644368848
187,0.045030771880279374,0.05266719794390706,1694011711.6065333,1119.0968755820952
188,0.04500062099134727,0.05255349595981973,1694011711.6161108,507.85176103500737
189,0.04457628453461571,0.05203590760873511,1694011711.6259036,2849.1013519718927
190,0.044922552682497896,0.052368594842340244,1694011711.6358678,193.45033564967372
191,0.04503514476251591,0.05265373775389515,1694011711.6451507,875.5811108104007
192,0.045034556057794495,0.05265067674891155,1694011711.654942,853.865950208219
193,0.04497346956288961,0.052603636664719455,1694011711.6640847,1583.3707899421895
194,0.04501536155432495,0.052591383171891715,1694011711.6740603,607.0486747770155
195,0.04498111528731452,0.052505751444654414,1694011711.6835675,407.3140319183559
196,0.04486425939744043,0.052451579060498355,1694011711.6935537,2044.0300542765706
197,0.0450336686773406,0.05266724817797308,1694011711.703295,1058.5401283020192
198,0.04502731512052949,0.05262501972020772,1694011711.7128386,722.7408827025682
199,0.04499537995858782,0.05263172757516921,1694011711.7229714,1453.2570352861514
200,0.04496899034148438,0.05247680666112853,1694011711.7325938,354.85245697981503
201,0.04503472618196025,0.05266640507171971,1694011711.7426171,1026.6603949392818
202,0.04502086308798414,0.052606328370783384,1694011711.7522695,653.9379594702551
203,0.044837422704578356,0.052413128860761216,1694011711.762034,2135.011154341633
204,0.0450345977594262,0.05265087743408492,1694011711.7721214,855.2219844629627
205,0.04445697416344996,0.05186414957680541,1694011711.7819016,3119.942340550243
206,0.045004415942318965,0.05264261897744049,1694011711.7919471,1390.3243595450124
207,0.044992732822461856,0.05253396137164246,1694011711.8015065,464.17794342543743
208,0.014497035323870033,0.016127630875888976,1694011711.810386,86383.24283853911
209,0.04493215384492766,0.05239072976530479,1694011711.8206522,223.03748087666565
210,0.04503469280229333,0.05265134225445833,1694011711.8304412,858.396506867737
211,0.04503354680013649,0.05266729834575545,1694011711.840382,1061.682352462712
212,0.045001925200317316,0.05263967460637442,1694011711.84987,1408.418606224698
213,0.04500795372457023,0.05257205444197177,1694011711.8599756,553.5907878238045
214,0.04503588507785117,0.05266230687537388,1694011711.8703268,955.9634711710094
215,0.04474576814154607,0.05228092740810697,1694011711.8797565,2413.3057135028207
216,0.04500940766381534,0.05257579403768242,1694011711.8895128,563.4140765250986
217,0.04496671673128827,0.05247142254764903,1694011711.899305,345.6378542921679
218,0.04499423428365601,0.052630309728678104,1694011711.9094949,1460.7542317981568
219,0.045031245992485536,0.05263769115796946,1694011711.91919,779.5769777491336
220,0.044864807251973615,0.05223695362366931,1694011711.9289508,41.631431565924984
221,0.0450298315099219,0.05266683952136364,1694011711.938575,1134.8477617271315
222,0.04503577391752722,0.05265832418346561,1694011711.9486697,913.5983903513703
223,0.04486149398610684,0.05244762625947608,1694011711.9586985,2053.6653585519125
224,0.045033981816809066,0.05264807279195527,1694011711.9683428,836.995935207595
225,0.04499875606208048,0.052548842911560145,1694011711.9787805,497.0744078283688
226,0.044961309535957894,0.05258741626076269,1694011711.988989,1646.6213842916939
227,0.04494842909341579,0.05242849580937747,1694011711.998796,277.1806873267676
228,0.045023074846557765,0.05261255141307697,1694011712.0088108,675.354274821066
229,0.0443979138842544,0.051779460476473416,1694011712.0189075,3246.549841456358
230,0.045034664072343134,0.05266648255008277,1694011712.0285735,1028.8487578286288
231,0.04503271096964678,0.05266748003959498,1694011712.0389233,1081.3891847219725
232,0.04502850173688844,0.05262869110254609,1694011712.0485635,738.1248793033462
233,0.0448462995031772,0.05219513727467995,1694011712.0588539,3.082842027331484e-05
234,0.04502748317466532,0.052665553972639056,1694011712.0684357,1169.6833051347107
235,0.04499062024290246,0.05252878808199468,1694011712.0789046,453.25049887358665
236,0.044927111377786044,0.05254046350411978,1694011712.088582,1803.5119971426404
237,0.04503565534803344,0.05266416082759251,1694011712.0987656,981.6929822126904
238,0.04501389432852221,0.05258749476365043,1694011712.1090322,595.7215520610384
239,0.04497808073752385,0.05249846669210256,1694011712.11931,393.6099149773263
240,0.04494650794134358,0.05256728872231797,1694011712.1297896,1717.7294822181184
241,0.0450358859675517,0.05266229122626376,1694011712.1394472,955.7686449970334
242,0.04503510775586661,0.05265352686161218,1694011712.1501136,874.0077390734627
243,0.04503098890676349,0.05263680767177392,1694011712.1598525,775.2304671729944
244,0.045016976771412365,0.05265647115038119,1694011712.1700652,1286.5983997098851
245,0.04485327655097593,0.05221088478767766,1694011712.1803744,15.373694073156699
246,0.04503591364238002,0.05266150532999192,1694011712.1901107,946.3474569311745
247,0.04480281540401254,0.052363322277714786,1694011712.200701,2245.1789836327735
248,0.04500601319206954,0.05256709714271113,1694011712.210904,540.9038612183897
249,0.045014744763603676,0.052654167031112586,1694011712.2209167,1306.9684866460238
250,0.04315242783611606,0.050029764272725874,1694011712.2311776,5414.885109073613
251,0.04503536777163486,0.05265509217787223,1694011712.2416115,886.0037915056408
252,0.03673562521611473,0.04188595304548404,1694011712.2516103,14390.565875587168
253,0.04498341992832622,0.052511304832469796,1694011712.2618134,418.01150694562506
254,0.044782341915743595,0.052333780989681,1694011712.2720337,2307.230636621341
255,0.04502931984340253,0.05263128831111252,1694011712.2824848,749.4946177082767
256,0.0449991867100803,0.052636383651481045,1694011712.2924337,1427.6218663640786
257,0.04495153248480177,0.05243573883526409,1694011712.3027213,288.16518399965867
258,0.045035916271609744,0.05266117067210141,1694011712.3129268,942.531192184033
259,0.044501761200436474,0.05192852418840632,1694011712.3229923,3020.8723630134646
260,0.024793778662798638,0.027817951786171413,1694011712.3330035,37927.89738359193
261,0.04500120725644019,0.05255496371306734,1694011712.3433573,511.30436119409535
262,0.045009073236585095,0.05264797663882059,1694011712.3535106,1354.6155207090367
263,0.044912136875536635,0.052344679997887056,1694011712.363935,163.01767098220455
264,0.045034114126184965,0.052666996142716416,1694011712.374136,1046.2776179181208
265,0.045016746148576536,0.052595085948747844,1694011712.3842742,618.1437698981088
266,0.041707224336340776,0.04812787596079937,1694011712.393888,7496.337041353485
267,0.04488949323359415,0.05248751766496973,1694011712.4043567,1952.8951702958814
268,0.044959208586416,0.05245372300453055,1694011712.4144506,316.3923711647391
269,0.04419959636462889,0.05149684912678176,1694011712.4244337,3645.2481235076225
270,0.04503585113267361,0.05266277998274049,1694011712.4349976,962.0037879099485
271,0.04495429453674571,0.05257792179238541,1694011712.4454892,1681.0293774566537
272,0.045003559676325744,0.052560879113125125,1694011712.4563074,525.4910320452684
273,0.04503373141362044,0.05266721948667019,1694011712.4670484,1056.8901679888072
274,0.04485912690508742,0.05222410433233715,1694011712.4774745,28.559014012223074
275,0.045023130168869385,0.052612709106826805,1694011712.4878445,675.9140874399155
276,0.04484034920868962,0.05241733060014042,1694011712.4981425,2125.3478847203705
277,0.044940720514373145,0.05241056570438263,1694011712.5086923,250.85284879207083
278,0.04501046616250015,0.05264953526194405,1694011712.5190241,1343.3866346281777
279,0.04484973094263456,0.05220287982085814,1694011712.529272,7.514568358070301
280,0.04484654911608832,0.0521957003385044,1694011712.5398402,0.5436777392422852
281,0.04497824905007586,0.05249886996847297,1694011712.5500855,394.3591803973992
282,0.04411477195965641,0.051376808087893466,1694011712.5607927,3806.0428210650966
283,0.04503224434621511,0.05264123577365121,1694011712.571303,797.7557314521221
284,0.04487377066431364,0.052257259218672636,1694011712.5813463,62.833681396070396
285,0.04503075986068372,0.052667194094270786,1694011712.5918145,1119.3065954303795
286,0.04488323620957069,0.052278745477678856,1694011712.602357,86.04433126421425
287,0.04478315027693247,0.05233494815034834,1694011712.612987,2304.819699704041
288,0.045019304181335706,0.052602025472270664,1694011712.6250634,639.8338835910001
289,0.04497932697485396,0.05250145479343693,1694011712.6355834,399.18741125229633
290,0.04495669505485189,0.05258118056476635,1694011712.6460009,1669.407609297542
291,0.04503498526662786,0.05266602221164374,1694011712.656803,1016.8585557176034
292,0.044924626711493776,0.052373368543663146,1694011712.6671627,199.71013820799078
293,0.04501711111625295,0.05259606783420456,1694011712.6781332,621.1394066220116
294,0.0430902015444905,0.04994605577078115,1694011712.6885078,5509.873165642141
295,0.04457786820530785,0.05203819286758704,1694011712.6990387,2845.345094800064
296,0.045015291558078485,0.05265473946491439,1694011712.7096934,1302.0752266041436
297,0.0450352682419356,0.05265446785289496,1694011712.7202697,881.1286279466118
298,0.04497348334141971,0.05248748402923742,1694011712.7308075,373.6051921270702
299,0.04503350237131076,0.05264606566534957,1694011712.7415721,824.8003817961231
300,0.04489572067879499,0.05230716076345043,1694011712.7521772,118.08019800966527
301,0.04496449214529297,0.05259169322110602,1694011712.7627807,1630.5403443635641
302,0.04501264335771449,0.05258420540848574,1694011712.77368,586.3812572972777
303,0.04503590040010064,0.0526602721418733,1694011712.784009,932.7752747256109
304,0.044946737854306806,0.05242455478965202,1694011712.7946093,271.2907407708438
305,0.04503229301408507,0.052667487502991994,1694011712.8052378,1090.2955466510814
306,0.04073587539150414,0.04687241570030909,1694011712.8152971,8833.0536783071
307,0.04467593074850196,0.05217990017646412,1694011712.8256657,2602.256384242363
308,0.03571989505635087,0.04065222223677012,1694011712.8362384,15889.762475930711
309,0.044995832896060906,0.05254159458138841,1694011712.8468087,480.7667625440271
310,0.044965565031693466,0.052593130312167724,1694011712.8575559,1625.0479162956278
311,0.02221542310122082,0.024864541095340087,1694011712.8680518,45955.601469945155
312,0.04503265813156321,0.05264277013533325,1694011712.8783207,806.0341110348894
313,0.04415429838681295,0.051432682956187636,1694011712.8892102,3731.73074025997
314,0.04502612795019956,0.05266462906760183,1694011712.899359,1187.6658934333122
315,0.04484832749607337,0.052199712601010195,1694011712.910766,4.430411190815098
316,0.016406468240898864,0.01827669157168299,1694011712.9204712,72912.56456867505
317,0.044846308051324835,0.052195156556756994,1694011712.9313648,0.01864068226611505
318,0.04499988611599637,0.05255165959122099,1694011712.9425204,503.5683011154882
319,0.044904279603655506,0.05250843965555674,1694011712.9537363,1896.3963335690114
320,0.04503096010478913,0.05263670933737008,1694011712.9645011,774.7508985794743
321,0.04496130270860155,0.05245864798920585,1694011712.9755187,324.37612945015985
322,0.04491592160193125,0.052353358955065876,1694011712.986197,173.88914814525734
323,0.045034822557474596,0.05266627470797136,1694011712.9967058,1023.150257716924
324,0.045014629658761796,0.05258943921353365,1694011713.0071194,601.3458334342067
325,0.04497996102903312,0.0526121409149799,1694011713.0178502,1547.3441026382536
326,0.04460229729290144,0.052073459700845315,1694011713.0289845,2786.7796898302167
327,0.04486202871025269,0.052230666633320766,1694011713.0403283,35.202966494066644
328,0.04484681003812563,0.05219628893807382,1694011713.0510874,1.1124518717023248
329,0.03931718613662982,0.04507555945142816,1694011713.0614336,10767.464956127704
330,0.04498938972197741,0.05252578456701873,1694011713.072725,447.0164183261132
331,0.04503561385943655,0.052664350933522064,1694011713.0838473,984.7127561876255
332,0.04495891403643648,0.05258418401499687,1694011713.0947037,1658.5257176600003
333,0.044866019117156486,0.05223969678361251,1694011713.1055143,44.456070906804705
334,0.04502656030801944,0.05266493593633348,1694011713.1169584,1182.066244295031
335,0.04280426987158237,0.04956317714589298,1694011713.127564,5938.4600040667965
336,0.044941679317521355,0.05241279143954469,1694011713.139023,254.05719612867387
337,0.04484708780462754,0.05219691556451389,1694011713.1503723,1.7185033542993484
338,0.04503037714921798,0.05263474463720974,1694011713.1615663,765.3377768175563
339,0.044828397841835566,0.052400160158034836,1694011713.1723807,2164.449121887581
340,0.04498513288092232,0.05251544501438954,1694011713.1840072,426.1354140429704
341,0.045021580928727656,0.052608331670008335,1694011713.1954248,660.6938293002098
342,0.04502167203144147,0.05266097878755116,1694011713.2064824,1239.6583386243153
343,0.04485049234228744,0.05220459842516045,1694011713.217811,9.194077279167793
344,0.04469304977418409,0.05220466558135051,1694011713.2289596,2557.361699929526
345,0.04485689746374333,0.052219064984620256,1694011713.240143,23.501802065727013
346,0.045035739981865386,0.05266369708558527,1694011713.2511141,974.6788389429771
347,0.0449810630526547,0.05261357177193826,1694011713.2622817,1541.0451936126221
348,0.04357926846231441,0.05060778558598511,1694011713.2729661,4741.70495349831
349,0.04496522198487718,0.05246788932744317,1694011713.2837827,339.67451600464886
350,0.04488750440495637,0.05228844981407488,1694011713.2948194,96.80644317414055
351,0.045021656503106744,0.05260854344871568,1694011713.3058884,661.4154430321904
352,0.04503388982047685,0.05266713766191378,1694011713.3170524,1052.6178052621538
353,0.04499972435121502,0.05255125586210896,1694011713.3273947,502.63188819369424
354,0.030575329546127517,0.03452939350238726,1694011713.3375123,24568.6069788864
355,0.04448016560942525,0.051897467843772804,1694011713.3482964,3068.996692869416
356,0.04490794554385724,0.05233508203316706,1694011713.3593588,151.21237935660548
357,0.044926208157277325,0.052539204673045625,1694011713.3700142,1807.3372170192304
358,0.04503486971106463,0.0526662060084051,1694011713.3809402,1021.3773775146818
359,0.03099361074628504,0.035020890268689375,1694011713.3909853,23776.508696205703
360,0.025372637821846622,0.028483966699496377,1694011713.4019833,36338.815387608
361,0.04501398170136772,0.0525877253678565,1694011713.4124732,596.3844850865406
362,0.04493721766910552,0.0524024442740596,1694011713.424035,239.30626801492767
363,0.04500755061365136,0.05264624845337018,1694011713.4345913,1366.5847000809367
364,0.04409845178853833,0.051353768952634216,1694011713.4454098,3836.4312636678546
365,0.04497456881416184,0.052490071612409706,1694011713.4567895,378.25061547638086
366,0.01587602715694303,0.017678944378845984,1694011713.4668546,76333.96881307125
367,0.04503427889657807,0.05264938653242757,1694011713.4782677,845.3458927812433
368,0.044846587927841686,0.05219578789015622,1694011713.4904776,0.6282498721499298
369,0.04488609388520992,0.05248269175367004,1694011713.5017958,1965.5369432802174
370,0.0448463274540466,0.05219520032362679,1694011713.5125885,0.06088364243858869
371,0.045010807329995406,0.05257941656960452,1694011713.5235002,573.1512202312321
372,0.0448543038047462,0.052213204968518,1694011713.5349815,17.669030391821778
373,0.044851085270538826,0.05220593691899755,1694011713.5460114,10.505054878412256
374,0.045028349311313165,0.052666081817492216,1694011713.5569108,1157.455565698352
375,0.0448474624851013,0.05219776087019623,1694011713.5692604,2.536923931076047
376,0.04484629962761244,0.052195137555368754,1694011713.5809472,0.00030172795094151515
377,0.04477845786590018,0.052328172204960444,1694011713.5925338,2318.7721960888725
378,0.04484637581975692,0.052195309423152536,1694011713.6039672,0.1661960510687496
379,0.04503040230402644,0.052634828463437144,1694011713.6150107,765.7330439197617
380,0.04487827535335043,0.052267478809183254,1694011713.6262336,73.77018017275134
381,0.044961718546657314,0.05245962699318918,1694011713.6376793,325.97690315221246
382,0.04502194683922067,0.052661224867367795,1694011713.6484544,1236.6990838695754
383,0.04051536474704498,0.04659052483471526,1694011713.661412,9133.779087236238
384,0.013025947820106798,0.014476718901381469,1694011713.672055,99420.78203389265
385,0.04500335959526802,0.0525603742989319,1694011713.683403,524.2628134625961
386,0.04484942332322572,0.05220218553729716,1694011713.6948442,6.837274130197653
387,0.04495072742262296,0.05257306202000955,1694011713.7059147,1698.0246446710933
388,0.04492080182960556,0.052364568144487644,1694011713.717614,188.21955768176701
389,0.0450350460399761,0.05265318217733428,1694011713.7282302,871.4629561391737
390,0.044459284696108936,0.051867467467689665,1694011713.7399044,3114.8995122938054
391,0.04485710000577625,0.05221952271728658,1694011713.7516816,23.959569433626434
392,0.044986458139993024,0.052518655932663694,1694011713.762642,432.5270994307411
393,0.045017768832250726,0.05265726664341519,1694011713.7741053,1279.1011831957583
394,0.04502725060333235,0.05262482293584947,1694011713.7851272,721.9372833717317
395,0.0431997455385148,0.05009351119739314,1694011713.7955482,5342.188115184158
396,0.04482813060106705,0.05239977589145939,1694011713.8066504,2165.312743758707
397,0.04484929003065652,0.05220188471320397,1694011713.8172228,6.544024295934343
398,0.04484630018915492,0.05219513882204052,1694011713.828504,0.0015242249330233014
399,0.044959533494815074,0.052454486570534864,1694011713.8398979,317.6227076648558
