trial,score,test_score,time,alpha
0,0,0,1694009528.0469973,0
0,0.00719701521960292,0.010361212144324616,1694009528.0910218,1
1,0.012441569904890204,0.013816739179693283,1694009528.1192508,5423.679624200623
2,0.008318569447338997,0.008511267214583396,1694009528.1433465,48462.59085520994
3,0.012342359089531296,0.013781108746009019,1694009528.1733751,4919.776822188165
4,0.007209494983732467,0.010361614200609437,1694009528.2241635,2.03496486644523
5,0.0071847002512492875,0.010358816781212088,1694009528.2706172,0.0021246298547225036
6,0.007185399472650067,0.010359919515737448,1694009528.3091743,1.3001337815686142e-05
7,0.007187007609645746,0.010359255910551424,1694009528.3642097,0.20169177263162488
8,0.0071859916727027295,0.010359793219103075,1694009528.4070303,0.1055634560968822
9,0.007205421782317201,0.010361698806021447,1694009528.4483612,1.6855696914008182
10,0.007191830799393006,0.010360758978066431,1694009528.501111,0.6080201301786483
11,0.00722690468524767,0.010363682658290463,1694009528.5457828,3.5773772287163306
12,0.007217315474979391,0.01036316902433132,1694009528.589278,2.7155648303100923
13,0.008693228257729668,0.011163529341463141,1694009528.6256423,406.40192465390766
14,0.007885287416600995,0.010621894745684535,1694009528.6698189,132.96757268874086
15,0.007340528281569503,0.010384357142531275,1694009528.7401013,15.733341199014026
16,0.0071866758685481535,0.010359768410404313,1694009528.81188,0.18235501218044767
17,0.0071844438688286605,0.010359433317771782,1694009528.8784573,0.007775893077365151
18,0.0077976180491251545,0.007967544275900185,1694009528.9084053,54771.21965793845
19,0.007184626112478165,0.010359431455619239,1694009528.9864972,0.021764087090998543
20,0.007184380644587263,0.010359298150092178,1694009529.0579624,0.0015417381114152262
21,0.007185326651877655,0.010361683641140651,1694009529.126659,4.550759431822198e-05
22,0.006923863940098918,0.007060738637352126,1694009529.1563637,67407.07241698996
23,0.007184316068660879,0.010359911276270006,1694009529.2135427,0.00018991406480515274
24,0.007184486292859504,0.010360311100117259,1694009529.2590199,0.016645924942538155
25,0.007184549724340239,0.010358381429879548,1694009529.3105283,5.1218687759726215e-05
26,0.00718443929487389,0.010358937677585778,1694009529.36015,0.0017688841467551745
27,0.007185447876409956,0.01036028371272002,1694009529.4081175,0.0863672615124981
28,0.012647918436027528,0.013654823419362305,1694009529.4336436,9150.61005772141
29,0.0071847354768569405,0.010359266720634142,1694009529.4807885,0.028484993190928367
30,0.006743963016722421,0.00687510463420915,1694009529.5045655,70387.31078037489
31,0.007184246886271062,0.01035936708404317,1694009529.547967,1.9378514829370006e-05
32,0.007184707201937424,0.010360090905391472,1694009529.6062226,0.03287360728687181
33,0.007185166943177168,0.010359546186084478,1694009529.6673985,0.06450433347833773
34,0.008769895051525478,0.011219615370469449,1694009529.7113726,438.12830727669444
35,0.010930749451026345,0.011346671050698753,1694009529.7382898,24436.507335692022
36,0.00718452743331488,0.010359787238505613,1694009529.790524,0.01573613108454068
37,0.007187147797825588,0.010359303821586008,1694009529.8381348,0.21123181363528737
38,0.0071845115867128495,0.010359405214120487,1694009529.8857474,0.005028719550876887
39,0.009861614942044739,0.01204633068382266,1694009529.915916,1024.6106442430832
40,0.007395010642436861,0.010396114354978003,1694009529.9591842,24.120597475838444
41,0.007184338172424587,0.010359598272906334,1694009529.9992123,4.862967135682749e-05
42,0.0073041902148108795,0.010378711719806533,1694009530.036831,10.875388087956594
43,0.009671997418522427,0.011900166703401216,1694009530.0672998,903.1202583964861
44,0.00718439181280317,0.010359035829867191,1694009530.1121085,2.0896885555775947e-05
45,0.007189076142029793,0.010359579716350487,1694009530.171374,0.3584909702693113
46,0.009500113563014723,0.011770540068992918,1694009530.2014499,797.4903073701851
47,0.006379767740918196,0.006500228392594898,1694009530.226049,76906.87789604416
48,0.007270285941454513,0.010374696955287144,1694009530.28127,6.912663795047255
49,0.007184404471326733,0.01035942300318804,1694009530.323378,2.449756825796405e-05
50,0.007188238624803667,0.010359578386278767,1694009530.3705032,0.2912252824720455
51,0.007184356789171842,0.010359394334637284,1694009530.4169,0.0007615968742268912
52,0.007360382478668881,0.010387959459058238,1694009530.4626021,18.64474588278668
53,0.007184417810954247,0.0103588784358567,1694009530.506176,0.0014229118452146563
54,0.007184357022890331,0.01035939964049637,1694009530.554191,0.00032337100514254923
55,0.007212524897227568,0.010362524876461388,1694009530.5909426,2.2984923719940076
56,0.007184430990744284,0.010359496183375838,1694009530.6295831,0.00010089460449492566
57,0.008113070930892974,0.010768654980115033,1694009530.658075,204.91998707252353
58,0.01086833971978074,0.01127548924153876,1694009530.6743743,24917.84008942394
59,0.010587950514863276,0.010959056393012645,1694009530.690208,27113.266612610965
60,0.0071850673423894396,0.010359644613801677,1694009530.7268589,0.055896556000826006
61,0.0072891573360964745,0.010376894125869285,1694009530.757253,9.06781098273079
62,0.007494076424172991,0.010418902274264341,1694009530.7878637,41.67034755529182
63,0.007200408788956225,0.010361456547741676,1694009530.8191764,1.2758644966462203
64,0.007190914169680318,0.010360239275311267,1694009530.8502274,0.5115944406026022
65,0.0071842978345133535,0.010359431400129182,1694009530.8803267,1.2266561931600558e-05
66,0.007184541949775469,0.01035853317555313,1694009530.9109414,4.774897306337602e-05
67,0.007187201788950159,0.0103602724262164,1694009530.941309,0.22292680094487932
68,0.007187017120485639,0.010359880312660774,1694009530.9718623,0.20650772809338216
69,0.0071843578989371215,0.010359699371352615,1694009531.003186,0.0007224983426545531
70,0.007208827966481368,0.010361922079513253,1694009531.0338302,1.981769622334518
71,0.007294920543883143,0.010377596771950048,1694009531.064237,9.791799889169013
72,0.007968960912917211,0.010673812702006624,1694009531.0882988,161.89918662313013
73,0.007184458065421007,0.010359878291118063,1694009531.1194718,0.011586668089616305
74,0.007185835615879044,0.010359365882543159,1694009531.150758,0.11065082281444935
75,0.010681496788897737,0.012674287570461296,1694009531.1665387,1689.7568083560018
76,0.007265276791235009,0.010369136830430836,1694009531.1964803,7.4353858798604024
77,0.007820139759873057,0.010586843673399349,1694009531.2231932,116.18643708536385
78,0.00720043111523172,0.010361268881874164,1694009531.2533185,1.2759171260896762
79,0.010968671183092638,0.0128906343972367,1694009531.2695918,1998.0971940900852
80,0.007965771133045974,0.01067174616650901,1694009531.2919416,160.98303646309463
81,0.012264975636610331,0.01374660580879783,1694009531.3072283,4598.5067553816625
82,0.007184419711660839,0.010359298994002453,1694009531.3380754,0.001081677314417349
83,0.007184524514112667,0.0103592600508432,1694009531.3687038,0.009668264270844669
84,0.0071916771565790905,0.010360800874201659,1694009531.398949,0.5728490809080711
85,0.007194848317773728,0.010361270798720734,1694009531.4288363,0.8630679297626281
86,0.00731221177028385,0.010380015022177225,1694009531.458164,11.933320563265536
87,0.01052419239278779,0.012555562575630175,1694009531.4751058,1546.5208173937338
88,0.007207812102480227,0.010361831240556563,1694009531.5067558,1.893382610999577
89,0.010901381924231401,0.011313140546865275,1694009531.5237224,24662.742028310575
90,0.008001456421620534,0.010694980794849873,1694009531.5503204,171.33028995453068
91,0.007184361017195995,0.010359276613188917,1694009531.5817578,0.0006131548342379685
92,0.007339343434114687,0.010384759403616828,1694009531.6127324,15.749042898286664
93,0.007233556576505373,0.010364579963945575,1694009531.6454835,4.195984155844813
94,0.008751961706103817,0.011206351049434349,1694009531.6647458,430.57235893490844
95,0.010062914474495033,0.012201623920114035,1694009531.681731,1165.3687072430498
96,0.0071844489911953024,0.010359479958337858,1694009531.713134,0.009688399208708889
97,0.007184279181543962,0.010359752571514225,1694009531.7431107,0.00024201766535380176
98,0.007385910139801388,0.01039366260286978,1694009531.771027,22.593272570827367
99,0.007184381095779346,0.010359248278647093,1694009531.800749,1.210831593803349e-05
100,0.009449068585879794,0.011732186526507427,1694009531.8176293,768.8341136028553
101,0.007198451850813026,0.010360428029126068,1694009531.8455946,1.0489962275232814
102,0.005599943936411389,0.005701037583075053,1694009531.8550434,93580.77022377242
103,0.006811691617216065,0.006944954085073229,1694009531.865434,69247.87865597289
104,0.0071844926147978105,0.010358813075891704,1694009531.8957973,0.0018654613946510435
105,0.011728721551979016,0.013433282777042033,1694009531.9103513,3159.1693109915013
106,0.010287504990093344,0.012373928166220627,1694009531.9258137,1343.3072428337462
107,0.007184454796406836,0.010359136838745786,1694009531.955256,0.0022979665492892896
108,0.007467847929512161,0.010409018443230389,1694009531.9815376,37.028229094525116
109,0.007475069379882404,0.007631687398441778,1694009531.9912682,59116.67720166826
110,0.008119346669622884,0.010772840290476093,1694009532.0119376,206.86410951295989
111,0.007184304584463952,0.010360111249716475,1694009532.0407517,9.042397884931479e-05
112,0.0071973152293802745,0.010360888356128028,1694009532.0709565,1.0140539461868696
113,0.007189758667935475,0.010360133318324416,1694009532.1013372,0.4203400633808354
114,0.007184292785630042,0.010359357635636335,1694009532.1323237,1.0172762245675294e-05
115,0.006347665561282079,0.006467239749016529,1694009532.1435623,77515.65204995024
116,0.012536766976981029,0.013837384244632767,1694009532.156506,5973.0948575977745
117,0.007186540057836588,0.010359747189297552,1694009532.185052,0.001486317287565653
118,0.0073070938972435995,0.010379416960218935,1694009532.2134833,11.318138735463595
119,0.0071911636675136,0.010359702762364309,1694009532.2422786,0.5242412679604755
120,0.007184881055819159,0.010359718826508879,1694009532.2690217,0.039002203855742455
121,0.007208519975718475,0.010362085652497743,1694009532.2961714,1.9630190901297762
122,0.007236405071076368,0.01036498436650457,1694009532.3235946,4.448679379219075
123,0.011106539201537258,0.012992766914915466,1694009532.3372722,2165.160086359954
124,0.0071843758988121564,0.01035913287543877,1694009532.3642542,4.247498408842971e-05
125,0.007310378767850567,0.010379101533892099,1694009532.3909464,11.57887142881559
126,0.0071981465412171985,0.010361076761785992,1694009532.4178383,1.0867444962396686
127,0.007184404248870235,0.010359202171390192,1694009532.4441965,0.0004008546522001509
128,0.007183530514150771,0.010360090817421286,1694009532.4712932,0.0002847441337369856
129,0.00739408651511253,0.01039564417838712,1694009532.4981124,23.900589907699413
130,0.01260961064065158,0.013829782395716084,1694009532.5097044,6746.234039641233
131,0.007184371951596269,0.010359544376513874,1694009532.5372055,2.1313663679075903e-05
132,0.007186780375888935,0.01035966280466949,1694009532.563612,0.19064218840267663
133,0.012541242413375397,0.01383777783353457,1694009532.5751445,6010.778614962255
134,0.007191821141960264,0.010360288462193501,1694009532.6021729,0.5821981148341827
135,0.007185001945833269,0.010359521952882922,1694009532.6294112,0.047392036954874796
136,0.007184290272060467,0.010360097695175874,1694009532.657038,0.002549778874611506
137,0.00718472074408294,0.010358935423319338,1694009532.6847277,3.0361118832837186e-05
138,0.007184520007723405,0.010358740459591176,1694009532.7115128,0.000564504998868342
139,0.0072280077406868815,0.010364254334800593,1694009532.7387857,3.696190331450977
140,0.007208986547028617,0.010362768181138682,1694009532.7660542,1.999193493715468
141,0.0072179082257061156,0.010362868825435578,1694009532.793859,2.76831500149263
142,0.007184495508080646,0.01035921619037361,1694009532.8216236,0.009784248765907234
143,0.012241682156876599,0.013735375601281907,1694009532.8340614,4510.662281081237
144,0.01161662452519463,0.013358740887259524,1694009532.84722,2947.5788760098935
145,0.007190307860086231,0.010359409340125691,1694009532.8758588,0.4539454488321913
146,0.008487263530410405,0.011023197010393782,1694009532.8944786,326.273624804322
147,0.009294741506525095,0.011614812277240372,1694009532.910405,685.0254831358653
148,0.007184822957513215,0.010359083797797708,1694009532.936811,0.047969863790282674
149,0.007184623355196762,0.010358965025657807,1694009532.964404,0.0005931042094079408
150,0.007184298317989168,0.01035983695175613,1694009532.9921591,0.0033783530778023637
151,0.0071843728242591,0.010359624533692324,1694009533.0187542,0.00234914917155481
152,0.0071854082254910745,0.010359656584743138,1694009533.0458581,0.0829765967579666
153,0.007184398243620493,0.010359933801176724,1694009533.0723963,1.180494845503455e-05
154,0.007184826950776713,0.010359237658493892,1694009533.099006,0.006440335625628701
155,0.0072131296808357614,0.010362349701947049,1694009533.1268556,2.348016635138432
156,0.007186509868186808,0.010359777634733058,1694009533.1535904,0.17005642181671787
157,0.007209989355765778,0.010362228786269467,1694009533.1803808,2.0809576671975005
158,0.00827872683619335,0.01087776759054171,1694009533.1992297,251.636477788292
159,0.011445375788720957,0.011946501654049424,1694009533.209446,20518.915087096135
160,0.007184753159450885,0.010359483946248194,1694009533.2369516,0.018195773606682206
161,0.007184421004751584,0.01035931331604123,1694009533.2645268,0.005078497232471213
162,0.007191867456214807,0.010359780453795708,1694009533.291915,0.5784144309664597
163,0.007316630310507,0.010380199738601714,1694009533.3177555,12.478491924678389
164,0.007184372810601136,0.010359341940879174,1694009533.3439543,0.0007455973266378565
165,0.007184335817381982,0.010359435955546448,1694009533.370177,1.9052573903414425e-05
166,0.007184493760105215,0.01035881718432241,1694009533.3964286,0.0010963153630795027
167,0.007184425921890059,0.010359164706642887,1694009533.4227016,0.002825176664834836
168,0.007187303717830162,0.010360490804016464,1694009533.4490786,0.23083710752410228
169,0.007371708224777729,0.010390725293484282,1694009533.4747055,20.384141311622734
170,0.007184519744045326,0.010359182346693974,1694009533.502394,0.010333231634946849
171,0.0076369186947982115,0.007800036525864251,1694009533.5113528,56894.086989999254
172,0.01239006657846009,0.013799716743541524,1694009533.5241773,5146.161527096141
173,0.007343500895673261,0.010384922237413718,1694009533.5511937,16.11834005270468
174,0.007185229476478372,0.010359382674884565,1694009533.5780404,0.023926035482443576
175,0.007184439476706661,0.010358923549552923,1694009533.605673,0.0004980994356031108
176,0.007481635541412568,0.010421898440523436,1694009533.6327426,39.564120189372865
177,0.007921334850524486,0.010644971350777799,1694009533.6561494,142.7219260050685
178,0.007184369614779862,0.010359355802195491,1694009533.6840322,4.581494482951619e-05
179,0.00905061663095541,0.01142872841118081,1694009533.7021184,563.8480769835874
180,0.01265263358300972,0.013783001896270464,1694009533.7138925,7696.408510503123
181,0.007375987304624854,0.010391328674678957,1694009533.7409728,21.00089139609343
182,0.007781728680219757,0.010562849246787298,1694009533.7661724,108.02522992698542
183,0.012184661784461537,0.013706531391663779,1694009533.7790527,4309.65227640347
184,0.010145351124198454,0.01046799259199127,1694009533.788659,30707.120897753957
185,0.007184795744163863,0.010359258356736567,1694009533.8162441,0.03301902301925223
186,0.007184422425572379,0.010359257048113801,1694009533.8434937,3.908571383624756e-05
187,0.007184489956991613,0.010359679289487556,1694009533.8704755,0.012869181153115989
188,0.007184488858589355,0.010359059662947256,1694009533.8971462,0.0005111045579203782
189,0.007185137377274664,0.010359577323633573,1694009533.9239545,0.05501579585466826
190,0.007198251747129292,0.01036069921693017,1694009533.9507582,1.0957470732601198
191,0.009509659983957919,0.011778649643550021,1694009533.9669101,803.3763263559815
192,0.009820032093510234,0.010112474198465282,1694009533.9766052,33482.586619651935
193,0.007184530027820379,0.010358888336132965,1694009534.003584,0.007910580256235769
194,0.009861234565251453,0.010157283735807598,1694009534.0129654,33123.860280239256
195,0.007184509071398004,0.010358904863262963,1694009534.0396059,0.000692536472165138
196,0.007188277866800763,0.010359080798169717,1694009534.0661154,0.2515437516995904
197,0.007184325287400761,0.01036027028893427,1694009534.0927613,0.0006683359063640335
198,0.007183463917736277,0.01035945888818679,1694009534.1197548,0.0040411937574636216
199,0.007184400670789293,0.010359098172061265,1694009534.1463985,1.4861716684365875e-05
200,0.007184477306159565,0.01035989186468933,1694009534.1732397,0.0029026599779097906
201,0.0071852159985025255,0.010360212006647385,1694009534.200711,0.07330252186594252
202,0.007196212635923627,0.010360887671437058,1694009534.2283797,0.9368725522437237
203,0.007184537435476868,0.010359465109824884,1694009534.2562408,0.01084962731109967
204,0.007184198995984881,0.010359884872930603,1694009534.284207,1.3502387764990499e-05
205,0.01252375860249455,0.013835831764246742,1694009534.295838,5868.1510027008435
206,0.0071844855572620325,0.010358944729777386,1694009534.3228898,0.002295887830999723
207,0.007184373662694754,0.010359851488735972,1694009534.3501112,0.0015453069420872806
208,0.007184361651438653,0.010359328981624172,1694009534.3770034,1.100656969257678e-05
209,0.007184381897311964,0.010360362980730398,1694009534.404129,0.003983908504347068
210,0.007184420614659515,0.010359665159847875,1694009534.4311502,0.005622442076344977
211,0.007256327663518247,0.010373357747505918,1694009534.4575071,5.42268758110379
212,0.007205214408118388,0.010362357698673219,1694009534.4847286,1.5998008744675627
213,0.00979753785176396,0.011996926626342885,1694009534.4997704,982.4208210604963
214,0.009136536719396626,0.011495428081546133,1694009534.5160255,607.358491411038
215,0.011515195730644523,0.012030095752996295,1694009534.5261176,19988.829090335235
216,0.0072066066407084906,0.01036195881846358,1694009534.5529563,1.8075873179059356
217,0.011201896218711371,0.011659526951443677,1694009534.5628362,22365.190127688657
218,0.010424074094200764,0.012478896224720426,1694009534.5768878,1457.6377656586449
219,0.00718439111003033,0.010359336668291586,1694009534.603679,0.0007789289845007351
220,0.007731023502298817,0.010534166703690784,1694009534.6271331,94.39551497081561
221,0.012251487487740187,0.012968124983248952,1694009534.6378393,14116.142025279052
222,0.012567482028717936,0.013465426727382823,1694009534.648399,10727.89200851074
223,0.012132296450728441,0.013678575742070875,1694009534.6605434,4140.095445751546
224,0.007429365127632481,0.010405159457075541,1694009534.686773,29.947733456745915
225,0.009130735698474335,0.009370624242761694,1694009534.695876,39849.81004218648
226,0.0071845266331188595,0.010359719355853114,1694009534.7220826,0.003163498886690381
227,0.007729453023772925,0.010533050768118613,1694009534.7453823,94.1325813434379
228,0.007184471584316343,0.010359057903933766,1694009534.7727358,0.00017231299529951635
229,0.007495554108970848,0.010419576222045257,1694009534.7973197,42.43020903557061
230,0.007856290971179458,0.01060404748778232,1694009534.819433,124.85565366606288
231,0.007545473302033812,0.010440899850073238,1694009534.8436081,52.461878839538265
232,0.00719751498745802,0.01036072572497393,1694009534.869837,0.9583052325930095
233,0.00718604974496706,0.010359706399745594,1694009534.896061,0.13002006857964016
234,0.012276393808738018,0.013751980285449661,1694009534.9079168,4642.927966917038
235,0.007191039404007449,0.010359538954131997,1694009534.9341283,0.4982954845576791
236,0.007184621357542609,0.01035894260115422,1694009534.9603724,0.015073623232790642
237,0.00718446432031028,0.010358901989035219,1694009534.986557,2.9605437039678612e-05
238,0.0074792831812462435,0.01042165585129784,1694009535.0113637,39.0150064912074
239,0.008574359533870202,0.011085072960243414,1694009535.029315,359.48298494742926
240,0.007198256902123168,0.010360374290306229,1694009535.0554893,1.0932777167032968
241,0.008087606019601234,0.010751717324856691,1694009535.0742123,197.0921178229484
242,0.007400531460855064,0.010397081893587123,1694009535.0990958,24.93946112751837
243,0.0071976245219805834,0.01036100840351517,1694009535.1253278,1.0515679751386868
244,0.0071842727416340235,0.010359212556974362,1694009535.151549,0.0007637024876460726
245,0.007184833969147153,0.010359199706500122,1694009535.177734,0.03733502615446863
246,0.008091408437577718,0.010754241560367306,1694009535.1963675,198.25473779617025
247,0.008471414885718676,0.011012008561564146,1694009535.2143419,320.36318395795666
248,0.007184315269044617,0.010359522871881466,1694009535.240497,3.398387584909443e-05
249,0.007186809208081124,0.01035993314348782,1694009535.2666538,0.19114303174858477
250,0.00731569855602221,0.010380199692950898,1694009535.292184,12.322649430059885
251,0.008130342750970021,0.010780185230083394,1694009535.3108823,210.28510062895793
252,0.007185595924450561,0.010360507675954644,1694009535.337111,0.09810160149073394
253,0.007217984927639143,0.010363472447411093,1694009535.3633118,2.7812461559805777
254,0.007185162796665701,0.01035944404094935,1694009535.3895924,0.06101611330710539
255,0.007184803016571983,0.01035891519866694,1694009535.4158776,0.02516614149188375
256,0.007184575482288902,0.010359564088341044,1694009535.4422045,0.018290894249207462
257,0.01059713861129652,0.012610010449819131,1694009535.4553838,1607.9137002267012
258,0.007184184725978593,0.01035941073230906,1694009535.4815285,5.93824378548449e-05
259,0.007184525033274269,0.010358790279453745,1694009535.5077293,2.3102533045343298e-05
260,0.007628726405113029,0.010480539613059725,1694009535.5318937,70.90588411792363
261,0.007184885495344351,0.010360051788934288,1694009535.558093,0.04265191233251753
262,0.010814611481812175,0.0112144299434076,1694009535.5678563,25333.978453963915
263,0.007184379847318567,0.010359299976958392,1694009535.5942569,0.0005072007579411974
264,0.007186167620761741,0.010358958202273172,1694009535.6207595,0.13081583734924818
265,0.007185719885679065,0.010359127644750443,1694009535.6474025,0.09675771901351593
266,0.007200530554747675,0.010360790753894955,1694009535.6746726,1.2756589109209961
267,0.0071839294666598,0.010359784808909978,1694009535.7026658,0.0003707599394825923
268,0.0069434958281888726,0.00708101584277232,1694009535.7112198,67090.66827369572
269,0.007377654164894776,0.01039175313193308,1694009535.7383533,21.258163590570366
270,0.01153988627991498,0.012059816194832096,1694009535.7484615,19801.067949966666
271,0.007400557716321532,0.01039708976346132,1694009535.7749667,24.949100415044743
272,0.007387678282369525,0.01039402942562706,1694009535.8016796,22.85500417059074
273,0.0072988821454305075,0.010378088433186772,1694009535.828477,10.232700772659937
274,0.0071836143085016735,0.010359822708389088,1694009535.8562307,0.0028983923231861238
275,0.0071846432880534605,0.010359508046038912,1694009535.8834028,0.007358706845699842
276,0.0071843707849380545,0.010359136499125343,1694009535.9102695,0.0004659373098790734
277,0.007822982880929086,0.010586937595045809,1694009535.9342482,118.904443878702
278,0.011953251565133605,0.013574849183128346,1694009535.94657,3642.3542364895798
279,0.007184448884507311,0.010358786713833279,1694009535.9734018,0.0015648020725894888
280,0.007184475854707717,0.010359965350604239,1694009536.0004394,4.17669699847248e-05
281,0.007185717977497452,0.010359925683470883,1694009536.0275776,0.10828904237736336
282,0.008592017106958783,0.008799142122054127,1694009536.0369704,45405.07023249386
283,0.007184311628149809,0.010359588745696646,1694009536.0642123,0.0002794329052371051
284,0.007226901455916757,0.010364453981533517,1694009536.0917532,3.5870641312268425
285,0.009087360040173409,0.011458049578884966,1694009536.1089284,583.3679283873167
286,0.007184559556789316,0.010358552117055608,1694009536.135796,0.0008893940322076741
287,0.007184737534058017,0.010359467201736527,1694009536.1625314,0.030718857599662672
288,0.007184484028487925,0.010358791094419062,1694009536.1901143,0.0016855217289342113
289,0.007190451035025247,0.0103596256416435,1694009536.2176347,0.4669648217530825
290,0.011189625671484182,0.011645229191264983,1694009536.2278268,22458.4078170386
291,0.007373021763086629,0.010390717475224687,1694009536.2541423,20.5206832579681
292,0.0071843972162854985,0.01035926250777186,1694009536.281941,0.00012745155325686035
293,0.007184790011663611,0.010359006693491879,1694009536.3108292,0.02677487909212954
294,0.007788081227182442,0.010567469924835815,1694009536.3356013,109.02549679171007
295,0.005832395623746378,0.005938821632262781,1694009536.3443377,88162.57679314938
296,0.007184894093363203,0.010359420319922541,1694009536.3712323,0.041688381881831556
297,0.007203665135110504,0.0103619436213368,1694009536.3982308,1.5472208008140393
298,0.007184323412854354,0.010359612247190286,1694009536.4255488,0.001731022052773792
299,0.007184751618813934,0.010359401824532544,1694009536.4522302,0.02983322769931857
300,0.007184324776716489,0.010360004864554906,1694009536.4798682,0.00021339819519562887
301,0.007185056503341558,0.010358945893398253,1694009536.507468,0.0006987499435804932
302,0.007184544794276437,0.01035900330465589,1694009536.5348902,0.00975243665045271
303,0.0071843614205538975,0.010359413996673728,1694009536.5623791,3.060663196294619e-05
304,0.007184454871346446,0.010359427854248926,1694009536.589151,0.00599774372663436
305,0.007184951184284194,0.010358005880018784,1694009536.6171663,6.77791569032487e-05
306,0.00718429352427008,0.010360463662523522,1694009536.6439323,1.9564477819923355e-05
307,0.008696467871548874,0.008909470460911617,1694009536.6532383,44281.85641026957
308,0.007185057514772386,0.010359313037149986,1694009536.6811986,0.01836420706163824
309,0.007654101620220177,0.01049387541470137,1694009536.7063236,76.74632566382145
310,0.007184396010559868,0.010359992230616677,1694009536.7331853,0.006268355467729957
311,0.007187827765273602,0.01035964902876474,1694009536.7602935,0.2528093940841543
312,0.010537777120672165,0.012565943687365078,1694009536.7746437,1558.9325947350676
313,0.009606643140225746,0.011852772260889322,1694009536.7903388,860.345007717091
314,0.007206974063889149,0.010361676613799276,1694009536.8171604,1.8208629196107466
315,0.007184925086032079,0.01035868343876678,1694009536.8442445,0.03453945215917297
316,0.007184482741009135,0.010359531821065082,1694009536.8717885,0.017866732273665482
317,0.012611419657372336,0.013829000925006052,1694009536.8833761,6772.268592843719
318,0.007184515318569118,0.010359361063577821,1694009536.9101286,0.00013168935203317962
319,0.0071853128266254895,0.010359036793370135,1694009536.937221,0.06731704859098331
320,0.007183922063466519,0.010360067223023073,1694009536.9642696,2.556216707437968e-05
321,0.007382822297242075,0.01039232660348488,1694009536.990804,21.966029712707982
322,0.01067647921663728,0.011058324222384064,1694009537.0010507,26412.295176648713
323,0.007240631807988063,0.010365534421205691,1694009537.028637,4.8865737805222595
324,0.007184847038105846,0.010359464297548748,1694009537.055982,0.04288021750758882
325,0.007185276182435585,0.010358744813170562,1694009537.0833912,0.013459712868466443
326,0.007781306076322436,0.01056266765733993,1694009537.1067398,107.33936885363892
327,0.007184427907974245,0.010358895508449706,1694009537.134491,0.0002986467364496043
328,0.007971274949504448,0.010675316380113542,1694009537.1535375,162.56582584711097
329,0.007184380534684287,0.010359182293903646,1694009537.1801512,0.0004261102553157481
330,0.00718446351189006,0.010358926074155117,1694009537.2070735,0.006217612933124276
331,0.007964610524880844,0.008140497097258836,1694009537.2166865,52697.63284125384
332,0.007184675967547793,0.010359327038543364,1694009537.2444446,0.02049475843958678
333,0.009028109390124328,0.009261263944090659,1694009537.2539191,40864.56820337614
334,0.012621177651097382,0.013579713805944915,1694009537.2649155,9818.064391720924
335,0.007184383914628278,0.01035929651100942,1694009537.2921798,0.000774454883036621
336,0.007184361215551882,0.01035920428828796,1694009537.3193834,2.2468798164217766e-05
337,0.007185031699173172,0.010359946259269837,1694009537.3471835,0.055030233801626
338,0.007686469364592496,0.010510211731386998,1694009537.3724792,84.53851374976668
339,0.009993923974420671,0.010302005782197976,1694009537.3818035,31983.19146441134
340,0.007184823738614399,0.01035971354991605,1694009537.4094405,0.037889503105401366
341,0.007184958210957437,0.010359905338061082,1694009537.4368238,0.04855356531643832
342,0.007184482539248749,0.010358780842556925,1694009537.463782,0.00024355158716081143
343,0.008594622312083744,0.011099560645225215,1694009537.482686,367.3885926037707
344,0.007190648235143038,0.010359624725698735,1694009537.5105476,0.4821982278462902
345,0.007192687192321134,0.010360910241108523,1694009537.5383892,0.6542774867392442
346,0.007184314122064661,0.010359539423634101,1694009537.5656939,0.0007560399051806841
347,0.007184380879897478,0.010359216773332292,1694009537.592608,3.5012383733925965e-05
348,0.007639389703613775,0.010485857989125713,1694009537.617772,73.33725872562309
349,0.007193054410796984,0.010359711497075041,1694009537.6440322,0.6764347401786003
350,0.010861471743021212,0.01281038078543928,1694009537.6575518,1877.2000272066343
351,0.0071844822908587735,0.010358779762512205,1694009537.684298,1.8956609544084545e-05
352,0.011070141499000541,0.012965933190697498,1694009537.697744,2119.7006581145006
353,0.011325360256937866,0.013157043124665035,1694009537.7105057,2478.4963429692616
354,0.0071844028418563965,0.010359898211494412,1694009537.7374108,0.005930749125906057
355,0.007185455930590834,0.010358745773399236,1694009537.7646556,0.020147518436318852
356,0.008036069107462573,0.010717669426161702,1694009537.7839787,181.54764559568238
357,0.008246016180883053,0.01085533991885923,1694009537.8024974,240.53469562830878
358,0.009646391399442678,0.01188301556952287,1694009537.8180344,884.285160402809
359,0.0071843816447422215,0.010359311812950134,1694009537.844959,6.915501766572199e-05
360,0.007189096576720844,0.010359628549820421,1694009537.871968,0.3648992653335713
361,0.011766561055809421,0.013456932057145599,1694009537.8844304,3219.496046829126
362,0.006323032989523303,0.006441932688778795,1694009537.89311,77986.77417528497
363,0.008004851187071393,0.010697188752227693,1694009537.9119825,172.32135399469993
364,0.010112736515191512,0.012239132423093935,1694009537.926667,1207.5716834246628
365,0.007184357795881557,0.010359702221146572,1694009537.9539533,0.00013284719655605164
366,0.007210936241206722,0.007357657846362553,1694009537.9627118,62941.71375098167
367,0.007184610294575622,0.010359259477985883,1694009537.9897647,0.017956760971443574
368,0.0071843867562421115,0.010359644069349971,1694009538.0161252,0.0006041547923118732
369,0.007535288379161176,0.010437374882674821,1694009538.040355,50.36790456260862
370,0.007184316780663336,0.01035961992599177,1694009538.0669315,1.1639985307756646e-05
371,0.00718646932187772,0.010359699371787379,1694009538.0933428,0.16510945818576725
372,0.007718939969400207,0.010527248511131515,1694009538.1170926,92.10061486264283
373,0.007184382144816426,0.01036092123561727,1694009538.143739,1.1104291243429485e-05
374,0.007184469427615192,0.010359876276648916,1694009538.1708386,0.01741814169472571
375,0.007184318509784959,0.01035978604625376,1694009538.197154,0.00026696202700902526
376,0.007184364732843562,0.010359286478662688,1694009538.2235913,0.0001569050333777719
377,0.010893896862325447,0.011304604520420702,1694009538.2335033,24720.47689748499
378,0.0071843655469563394,0.01035941297133447,1694009538.2598822,5.5560483101588034e-05
379,0.007190444461961487,0.010360747316176089,1694009538.2861803,0.5574984399316133
380,0.007184896019236775,0.010358407894252242,1694009538.3124235,0.023200288925692685
381,0.011341548548390978,0.011823321927834307,1694009538.322269,21305.962784690648
382,0.007268140704294823,0.010374557369560833,1694009538.3478804,6.704667175733775
383,0.007592271416093532,0.010462917481332656,1694009538.3720493,62.68001022226007
384,0.0071896595222527004,0.01036005049005162,1694009538.3983002,0.4200422865257317
385,0.007510796199386882,0.010427027961845026,1694009538.4225621,45.54028545250838
386,0.007184523679371391,0.010358712722432495,1694009538.4489121,4.39254836762383e-05
387,0.007206339142300178,0.010361877465977387,1694009538.4751313,1.7757645746291864
388,0.012334909000873195,0.013777999828175846,1694009538.4869788,4886.595283308324
389,0.007208379816912025,0.01036268162015519,1694009538.5131958,1.9455314858189694
390,0.0071857378672831596,0.010359281436027379,1694009538.5394263,0.10340987119559536
391,0.007184381389594985,0.010358891717379914,1694009538.5656345,7.937073323352569e-05
392,0.007450454964336495,0.01040296481908043,1694009538.5898063,33.71048274776263
393,0.0076232959461173255,0.010478040093552132,1694009538.6139822,69.54079997187334
394,0.0077349697776007975,0.010535769379806048,1694009538.6374855,96.35893079605314
395,0.007184657750354928,0.010364966895881511,1694009538.6643894,0.0029200030808730617
396,0.007185913098090357,0.010359635902976172,1694009538.6906476,0.1196027150407682
397,0.007191964082720381,0.010360190462151975,1694009538.716878,0.5912886624975955
398,0.007184477705898917,0.010359341599815775,1694009538.7431395,0.006670647174206745
399,0.007185508820023556,0.010359089057260018,1694009538.7695017,0.08279947411983668
