trial,score,test_score,time,alpha
0,0,0,1694007270.5201633,0
0,0.7494024528819403,0.7568432083290086,1694007271.0630145,1
1,0.7493698000339589,0.7567196943688173,1694007271.7466192,3.2209132335058994
2,0.7493358773530006,0.7566468394957245,1694007272.3771179,120.63636043495595
3,0.7591605750964711,0.7688406294661035,1694007272.5400074,0.00811049552727607
4,0.7493663533444498,0.7567555828789052,1694007273.0806441,1.2831459336090951
5,0.7493280769504271,0.7566944646264642,1694007273.9026618,8500.990747226393
6,0.7493505711345921,0.756690931664125,1694007274.9019551,9181.86470916494
7,0.7916311113433092,0.7981794665027266,1694007274.9795275,0.00018024079929419208
8,0.7809403875094875,0.78821747079817,1694007275.0847201,0.0011814865483077482
9,0.7732089187263358,0.7847353671486399,1694007275.1481612,3.2709358969753595e-05
10,0.7494198677341971,0.7572506167713914,1694007275.5997736,0.25591658776987436
11,0.7663699611213423,0.7791634863352204,1694007275.6592762,1.9895832168682116e-05
12,0.7494220445907291,0.757058738991928,1694007276.177883,0.3701112139691128
13,0.7492921588176477,0.7567068798952487,1694007277.0393887,31.00562400247852
14,0.7616782910805481,0.771243762425249,1694007277.1834176,0.006093584339906497
15,0.7493093922651933,0.7567043449448698,1694007277.933848,57.882731821182155
16,0.749349301301615,0.7567285567150236,1694007278.7356288,8.102670420619168
17,0.7645760499341864,0.7776568675199005,1694007278.7912798,1.7370760151751154e-05
18,0.7493451289932619,0.7566753427173071,1694007279.4071665,3.8774024457587526
19,0.7662353588257745,0.7754476283243779,1694007279.5509522,0.003913131739221264
20,0.7495414088905723,0.7577091433863744,1694007279.9436474,0.14158328028513864
21,0.7605992958594737,0.7702032551158093,1694007280.0874097,0.006843067402562015
22,0.7493066711945283,0.7566802928566296,1694007281.0489626,85.38452821970931
23,0.7494191421153531,0.7572581417815711,1694007281.5155985,0.25382662586833776
24,0.7917083897501984,0.797429101230349,1694007281.6021266,0.0003704054642045913
25,0.7493032245050191,0.7567017700740126,1694007282.26729,2.7956975143215823
26,0.7492740183465468,0.7567039657003249,1694007283.2563055,635.5469591289559
27,0.7564712502557805,0.7662053988454998,1694007283.4312816,0.011578047414542637
28,0.7767969225053586,0.7846106954945747,1694007283.5527647,0.0016579782893720123
29,0.750001451237688,0.7585942203131363,1694007283.8546994,0.07580756998893902
30,0.7493765120082663,0.756694943672205,1694007284.826352,23111.945173860244
31,0.7494133371646008,0.7567113509888301,1694007285.6384907,57537.92883263092
32,0.74934658023095,0.7567265806513426,1694007286.5137572,52.946439352748826
33,0.7493629066549407,0.7566895344473809,1694007287.4584703,10674.341315217815
34,0.7493632694643626,0.7567273790609107,1694007288.3220477,2867.5349042547264
35,0.7502713814476676,0.7590755016008112,1694007288.5541286,0.06024769184778868
36,0.7854375917000815,0.7940529864509897,1694007288.621201,8.359303410192588e-05
37,0.7493420451131748,0.7567078579469696,1694007289.5520792,34.20653037693516
38,0.7493286211645602,0.7566767000135731,1694007290.242407,3.7879795338956446
39,0.7510523287285561,0.7600926155099043,1694007290.4812055,0.0412712507494538
40,0.7758456362008339,0.7838261183722025,1694007290.599628,0.001780512587876359
41,0.7497072127964334,0.7579679278876479,1694007290.906335,0.11619813664631858
42,0.7493906615757249,0.7569547461456778,1694007291.3794744,0.4891054329837233
43,0.7637802274669953,0.7731974107577705,1694007291.5187535,0.00492442789220482
44,0.7589945897858988,0.7686796900574056,1694007291.6837537,0.00827804422478638
45,0.7493739723423121,0.757014686744006,1694007292.11264,0.3774539662270768
46,0.7493522037769913,0.7567024088016672,1694007293.0003784,4030.3162858570754
47,0.7493418637084637,0.7566962610479924,1694007293.7310364,7.286669045546345
48,0.760605645024359,0.7702114188536435,1694007293.8664343,0.006837205358476159
49,0.7617914876202169,0.7713523660867552,1694007294.0113301,0.006022475837155741
50,0.749418416496509,0.7570777211794106,1694007294.4801412,0.3517391868245492
51,0.7814996582335245,0.7886671151067075,1694007294.5766122,0.0011326701255781754
52,0.7826408752704745,0.7896092783175914,1694007294.6732929,0.0010322552739533818
53,0.7493857636485277,0.7567859224424947,1694007295.243973,1.3814990740746365
54,0.7840683489413947,0.7930981884086898,1694007295.3127356,7.452357626486133e-05
55,0.7493636322737847,0.7568697554471493,1694007295.839638,0.6852599078495769
56,0.7510171362146206,0.7600530942362812,1694007296.069396,0.04185642421228613
57,0.7493799586977754,0.756739375164672,1694007296.9608686,119.36203601430448
58,0.7493607297984086,0.756692288960391,1694007297.9332497,293.4014332518523
59,0.7493990061924312,0.756731331188273,1694007298.7312315,81.45715140968153
60,0.7493425893273077,0.7567194748061861,1694007299.5288317,77.94784942668598
61,0.7504848947925238,0.7593200344912934,1694007299.7514517,0.05445042093788323
62,0.7493663533444498,0.7567081773107969,1694007300.7791138,48.01180652671277
63,0.7525514572603245,0.7619611134619837,1694007300.9545825,0.025031486415074772
64,0.7493398682566428,0.7566951233143577,1694007301.705747,5.3448891016857685
65,0.7539832846443089,0.7635073134316441,1694007301.8978817,0.018116386632668874
66,0.7494138813787339,0.7571963049605186,1694007302.406119,0.28278117365008854
67,0.7764094420426461,0.7872692596348074,1694007302.4739249,4.1237213219263045e-05
68,0.7706630850120526,0.7794037676947521,1694007302.5964217,0.0026714941151545655
69,0.7493093922651933,0.7566975784237799,1694007303.461332,52002.720209888874
70,0.7741963045683511,0.7824468658432402,1694007303.5887263,0.0020222835238741478
71,0.7493413194943308,0.756672089198317,1694007304.4436462,82.18169786077691
72,0.7493737909376011,0.7567344649458279,1694007305.364355,31.97191002681277
73,0.7493438591602849,0.7566796940494535,1694007306.4096556,173.53672389096235
74,0.7493944710746561,0.7569165422478423,1694007306.980723,0.5634898613247956
75,0.7493543806335233,0.7566908917436466,1694007307.7871113,9.260570578494969
76,0.7781485690070777,0.7885975736333224,1694007307.8559685,4.6740595294927776e-05
77,0.7798657460014773,0.7899228736357177,1694007307.9457264,5.316445647271555e-05
78,0.7833102586540932,0.7901629753530967,1694007308.0510387,0.0009766979203042114
79,0.7920965958317551,0.7978771287595111,1694007308.1342254,0.0003300729769169732
80,0.7873466948787273,0.7954178276872471,1694007308.2058985,0.00010024055113887486
81,0.7919701567481826,0.7983282501257494,1694007308.276703,0.00019630829274126294
82,0.7493438591602848,0.7567380777491238,1694007308.9899251,3.410180118204769
83,0.7862871099617308,0.7926026754704627,1694007309.10098,0.0007553500272941175
84,0.7493376914001105,0.7566079569497561,1694007310.0924299,33190.395712236925
85,0.7493950152887892,0.7567451237135625,1694007310.9960575,65.48137466476211
86,0.7493569202994773,0.7567339260193694,1694007311.730307,2.5715604251588964
87,0.7493153786206566,0.7566843647454271,1694007312.771519,117.9793524335334
88,0.7650406273990772,0.774387100895017,1694007312.9201205,0.004353782300872568
89,0.7493863078626607,0.7566742848246293,1694007313.8755665,18503.626032237953
90,0.7493552876570784,0.7567236664564189,1694007314.7446826,2465.6451721954136
91,0.7493378728048214,0.7566933069325903,1694007315.6588645,183.31372574241516
92,0.7493493013016151,0.7568564020471221,1694007316.1201417,0.634453154234885
93,0.7493415008990418,0.7566664404506224,1694007316.8924088,2636.5247876533704
94,0.7493398682566427,0.7566538255794457,1694007317.5879834,280.2355540379352
95,0.7493580087277434,0.7567322293990371,1694007318.4757843,40.11059127321231
96,0.7493200951431428,0.7566450630344354,1694007319.2653947,13795.983620078132
97,0.7493289839739823,0.7567162212871958,1694007320.0615857,21.709790767603803
98,0.7508462529768513,0.7598051880653737,1694007320.3333762,0.045646328198733196
99,0.7493531108005463,0.7567478383060942,1694007321.1060376,3.3763365603733075
100,0.7840344262604362,0.7907689083345975,1694007321.205069,0.0009200380037622417
101,0.7851747362738312,0.7917212113469968,1694007321.3078861,0.0008331495497157547
102,0.7493560132759225,0.7566881372306367,1694007322.2654712,180.5910567487015
103,0.74932680711745,0.7566720093573601,1694007323.2833204,706.9147351284804
104,0.7494274867320595,0.7566672388601905,1694007324.1013944,52599.744770975536
105,0.7493837681967066,0.7566727279259714,1694007325.0706835,3233.807548221459
106,0.749394289669945,0.756722808166133,1694007325.7736564,2.7286213061923412
107,0.7847836277168985,0.7935901484243386,1694007325.8424082,7.905124155690676e-05
108,0.7493558318712115,0.7568255235570742,1694007326.4438822,0.773984825560723
109,0.7493362401624226,0.756640991145638,1694007327.1785116,19026.70022109874
110,0.7493197323337208,0.7566810114252409,1694007328.2055871,751.9379344028245
111,0.7493830425778625,0.756869915129063,1694007328.7479956,0.7094834358573426
112,0.7494088020468257,0.757073150284633,1694007329.282262,0.3571030954807974
113,0.7779292507114692,0.7856075697211156,1694007329.398851,0.0015130653440198177
114,0.78862160718769,0.7946199370853261,1694007329.4953473,0.0005917439249679911
115,0.7801969910037776,0.7901642927288841,1694007329.5552354,5.447994898021005e-05
116,0.749347668659216,0.7567001333343979,1694007330.4274688,8393.283178065036
117,0.7493117505264365,0.7566571190189142,1694007331.2475266,25.22122456272648
118,0.7923757776819962,0.7983415835655375,1694007331.341246,0.0002712209137069466
119,0.7495967373274297,0.757772856469912,1694007331.746447,0.1384424247570741
120,0.7724573590086306,0.784136100887033,1694007331.8101547,3.098055859056022e-05
121,0.7804025225413495,0.7877180855735376,1694007331.938901,0.0012408906014810019
122,0.7493817727448854,0.7567019896366438,1694007332.9642,202.8062063436987
123,0.7493449475885509,0.7567051233941989,1694007333.9003778,32.450971605115406
124,0.7493422265178857,0.7568789571174221,1694007334.4223602,0.6162869531427146
125,0.762494249470661,0.7720005149741714,1694007334.561804,0.005595063952582319
126,0.7493102992887484,0.7566592148440308,1694007335.4141684,33.28367331333418
127,0.7493834053872845,0.7567407723814162,1694007336.297751,36685.55664370657
128,0.749442906132495,0.7573035114052806,1694007336.713382,0.22657164705145716
129,0.7791063858811987,0.7893521904366502,1694007336.7762442,5.027187122405425e-05
130,0.7752350279435817,0.7863201103402023,1694007336.8435855,3.7784604283420445e-05
131,0.7828961116988623,0.7922124328337952,1694007336.9055097,6.740780539353561e-05
132,0.7493522037769913,0.7566927280856534,1694007337.8559484,39543.20557408551
133,0.749347668659216,0.7567407524211771,1694007338.5255053,2.55627964500559
134,0.7493333376870464,0.7566422286804685,1694007339.428827,2369.3233075244916
135,0.7899449545544919,0.7958004854330174,1694007339.5093746,0.0005015744924672883
136,0.7659291476735933,0.7751956103441944,1694007339.6477122,0.004012829682775354
137,0.7493193695242988,0.7566349831136376,1694007340.2681565,83.13331884378687
138,0.7493222719996749,0.7567144847463851,1694007341.358106,9030.322933870339
139,0.7524665598555728,0.7618757035984319,1694007341.5414886,0.02552024530611259
140,0.7774289365185099,0.7880377887248601,1694007341.6146533,4.433349601600382e-05
141,0.7493375099953996,0.7567260217646448,1694007342.498209,4377.203059508021
142,0.7591674684754893,0.7688468770209742,1694007342.6620634,0.008104467001286645
143,0.7493095736699044,0.7566400729746345,1694007343.4447994,257.52776810420465
144,0.791583583309025,0.7973117150635933,1694007343.5352845,0.000380484129966131
145,0.7493376914001106,0.7566796940494535,1694007344.445266,89.05008767931896
146,0.7493376914001106,0.7566811711071546,1694007345.3732214,2595.3515341220154
147,0.7493206393572758,0.7566506718616515,1694007346.2909358,186.8619116404625
148,0.7511809446686606,0.7602805012415269,1694007346.5510068,0.039000955636855184
149,0.7493362401624225,0.7566496738496914,1694007347.345912,184.88322788367245
150,0.7923921041059868,0.7984309056359733,1694007347.428277,0.0002481254100530576
151,0.7554214611931787,0.7650912781738776,1694007347.6014106,0.013746468851594106
152,0.7495232684194715,0.7576279251730553,1694007347.9345956,0.15697394280310176
153,0.7493369657812665,0.7566970394973214,1694007348.9967256,5917.25641895236
154,0.7919908368852375,0.7977239339236242,1694007349.0866845,0.0003446688901498266
155,0.7493264443080281,0.756712987728445,1694007350.1517005,6327.7294559917955
156,0.7492952426977347,0.7566794345663439,1694007351.1092014,976.4346718282998
157,0.7493578273230325,0.7567209319036479,1694007351.9616556,52028.69953530933
158,0.7507383171738017,0.7596809754968104,1694007352.1863446,0.04753678793148925
159,0.7816319022678492,0.788780648947297,1694007352.2904315,0.0011204634367095203
160,0.7712718792221945,0.7799357879104823,1694007352.4180624,0.002545090344527419
161,0.7493474872545051,0.7566950634336402,1694007353.4979274,1899.4506485437244
162,0.7493652649161839,0.7566856422007362,1694007354.402818,44903.63364384258
163,0.7493425893273078,0.7566245638687734,1694007355.375649,97.29711966074832
164,0.7493830425778626,0.7568712125446111,1694007355.9155424,0.6682983944221024
165,0.7598769423002407,0.7695405552140138,1694007356.0603507,0.007421601763945588
166,0.7493157414300786,0.7566306317814914,1694007357.0215726,2172.0951377664555
167,0.7493571017041885,0.7566866402126963,1694007357.7723458,5269.811537884433
168,0.7854134648735174,0.7940375571860854,1694007357.840709,8.342878483576618e-05
169,0.7785249837824189,0.7861091505720604,1694007357.9639099,0.001443759018881499
170,0.7493902987663028,0.7567063010483118,1694007358.894707,2077.8342686087276
171,0.7493382356142435,0.7566515900326549,1694007359.819234,3041.1579073934113
172,0.7553224142209684,0.7649763870370222,1694007359.9888663,0.014012963398405255
173,0.7615072264380677,0.7710779327579462,1694007360.1499126,0.0062079179535315335
174,0.7494222259954403,0.7573966658416434,1694007360.557136,0.2033060114164984
175,0.7493810471260414,0.7567271994187579,1694007361.2298665,2.4800760742372243
176,0.7862727789895614,0.7946552068279986,1694007361.2977283,9.029592474122297e-05
177,0.7493440405649959,0.7567185965556611,1694007362.1669369,2339.491044881036
178,0.749371251271647,0.7567601537736828,1694007362.838392,2.2250957463957457
179,0.7492576919225562,0.7566657418422502,1694007363.7382655,561.9247362509291
180,0.7741148538531085,0.7823847296185997,1694007363.8568683,0.00203405483080959
181,0.7493311608305143,0.7566929875687629,1694007364.854219,44971.100047238375
182,0.7493431335414409,0.7566634264545026,1694007365.6634653,323.79718826700184
183,0.7522568560096479,0.7616365200520564,1694007365.8499908,0.026973583292244144
184,0.7493415008990418,0.7566535860565753,1694007366.5974345,30568.664791843883
185,0.749392657027546,0.7567365208504659,1694007367.449204,101.18538527789427
186,0.7493512967534361,0.756627857308242,1694007368.1267776,2544.549213436458
187,0.7712970944770247,0.7832028199825947,1694007368.1861148,2.8508414101821788e-05
188,0.7745282751894954,0.7857855950945716,1694007368.2488673,3.600936065178426e-05
189,0.7493424079225969,0.7567130076886842,1694007369.5106893,267.5301515058801
190,0.7567393664186502,0.7664738640627871,1694007369.6909919,0.01113946490248109
191,0.7493527479911242,0.7567493952047522,1694007370.2730103,1.4717825803931042
192,0.791766076448299,0.7974871456059529,1694007370.361682,0.00036527860595482686
193,0.7493483942780601,0.7566706720213336,1694007371.2953463,60189.965801601495
194,0.7493745165564452,0.7567969804150132,1694007371.8621116,1.0653945645045593
195,0.7493378728048217,0.7566521489193525,1694007372.6715744,1949.893020456836
196,0.7803283280145472,0.7902550718967817,1694007372.7337582,5.5001934278746175e-05
197,0.7493875776956377,0.7568827894833492,1694007373.2926888,0.6153957918703751
198,0.7766552454260618,0.787454989660596,1694007373.392002,4.195607026428522e-05
199,0.7493333376870464,0.7566670392577984,1694007374.309168,6956.876774599797
200,0.7493986433830092,0.7571651869476004,1694007374.74092,0.2871453495849166
201,0.7786376361079547,0.7889771974227339,1694007374.8080776,4.8472920031915784e-05
202,0.7810412485288079,0.7908075713179348,1694007374.8755243,5.820533902158053e-05
203,0.7493592785607205,0.7567268401344522,1694007375.5073204,2.443017511685991
204,0.7807707741046952,0.7905961923847695,1694007375.5728564,5.6972338378834104e-05
205,0.7872489177394941,0.7934217438861788,1694007375.6811826,0.0006882134883255582
206,0.7494380082052978,0.7573127529960318,1694007376.1468165,0.23097811973034613
207,0.7493805029119084,0.7568002139737642,1694007376.6579823,0.9502290649472058
208,0.7493418637084638,0.7567230676492427,1694007377.4570816,6.8095615923263475
209,0.7493063083851063,0.7566781770712739,1694007378.2666008,16.03713606923217
210,0.7505179104499271,0.7593655438366773,1694007378.4961226,0.053470592493172216
211,0.749348575682771,0.7567536866561809,1694007379.2767982,15.394508572731375
212,0.7916693877373318,0.7973937516467197,1694007379.3597288,0.0003736341673364208
213,0.7623424137275475,0.7718478590647431,1694007379.4995155,0.005689639556432357
214,0.7493500269204592,0.7566874386222644,1694007380.6144497,970.9183428278873
215,0.7920334669923244,0.7977790641043042,1694007380.7083993,0.00033954161285588936
216,0.7763776962182197,0.7842678983464938,1694007380.8300157,0.0017109201015874974
217,0.770582178510943,0.7793335675334732,1694007380.9505987,0.0026901828327610035
218,0.7493837681967066,0.7569100751303404,1694007381.483599,0.6238397563600089
219,0.7579317395841043,0.7720290581162326,1694007381.5375137,1.0173144667031286e-05
220,0.7665043820121991,0.7792715311100287,1694007381.594717,2.009618431296219e-05
221,0.7493629066549407,0.7569628300425552,1694007382.0837293,0.41255467846460186
222,0.7910658542638089,0.796831571509553,1694007382.1833687,0.00042189739968307734
223,0.7493090294557713,0.7567160017245648,1694007383.314995,62.37607418580377
224,0.7493629066549405,0.7566666200927752,1694007384.1102874,895.4593422348332
225,0.7493404124707758,0.7566749834330014,1694007384.7579021,6.048303663192318
226,0.749371251271647,0.756702987648604,1694007385.6466527,88.64408708646933
227,0.7499330616616381,0.7585082715231259,1694007385.871016,0.0812045113535455
228,0.7715673874964264,0.7834135801483444,1694007385.9302845,2.90376876884198e-05
229,0.7494294821838805,0.7572694592371995,1694007386.4076493,0.24786506856858823
230,0.7505632616276792,0.7594262828445737,1694007386.64619,0.052456960418239926
231,0.7493180996913217,0.7567200137326445,1694007387.585633,9.333239749576252
232,0.7922431708382492,0.7984455564515485,1694007387.659553,0.00021987795899117718
233,0.7750614236351472,0.7831665921484404,1694007387.7763028,0.0018929056486563555
234,0.7493019546720421,0.7566909915448428,1694007388.6557722,1405.478366678138
235,0.7649481109964633,0.7742865212496707,1694007388.7976232,0.004398000419018994
236,0.749628301747145,0.757869364226461,1694007389.103825,0.1268241759311289
237,0.7493284397598492,0.7566394142867408,1694007389.8438356,22894.0045585424
238,0.7623357017532403,0.7718377192632276,1694007390.0004022,0.005695405236497562
239,0.7923772289196841,0.7982663135035011,1694007390.0922146,0.00028372629605484133
240,0.7493418637084638,0.7566270588986739,1694007391.028692,104.7613999375364
241,0.749347668659216,0.756719275203794,1694007391.8042738,4.684524389617693
242,0.7493623624408076,0.7566872190596332,1694007392.4851854,13.059855010617012
243,0.770185990622102,0.7822976830154333,1694007392.5390108,2.6321371201739134e-05
244,0.7495381436057742,0.7576841132464132,1694007392.9137452,0.14882262055305812
245,0.7589046130492391,0.7728413001301407,1694007392.9671385,1.1032256272348058e-05
246,0.769554702227795,0.7784698879831377,1694007393.0942209,0.002919810651922795
247,0.7493569202994774,0.7567228880070899,1694007394.1016717,114.96399201243074
248,0.7764147027792652,0.7872720341080567,1694007394.1628373,4.1248404939754365e-05
249,0.7584431194644352,0.7681620611741411,1694007394.3278935,0.008849831177716453
250,0.7493346075200235,0.7566854226381049,1694007395.408338,76054.9575240737
251,0.7493384170189545,0.7567148440306908,1694007396.3324778,51549.24421219098
252,0.7494093462609587,0.75689053405616,1694007396.879438,0.6583606825255077
253,0.7493086666463493,0.7567023888414279,1694007397.8952942,227.4751003459486
254,0.7493485756827711,0.7566679973492803,1694007398.7101038,21.21083384149941
255,0.749396103717055,0.756983409049174,1694007399.213918,0.45386920244066076
256,0.7493411380896198,0.7566491948039505,1694007399.8716893,3721.0398958010824
257,0.7895248212437977,0.7954150532139976,1694007399.9853573,0.0005311076068075204
258,0.749347850063927,0.7567212512674752,1694007400.8670657,1924.505791797013
259,0.7701965120953405,0.7823074236121647,1694007400.9247847,2.634481993722084e-05
260,0.7493331562823353,0.756639035042196,1694007401.6604843,4672.366679324652
261,0.7493405938754868,0.7566657019217718,1694007402.4896662,57.53947230875878
262,0.7494020900725183,0.7571781611030827,1694007402.951708,0.28783334123666954
263,0.7493277141410053,0.7566875583836996,1694007403.877522,51.963988303234615
264,0.7494343801110778,0.757040694935688,1694007404.3730135,0.4014995278437009
265,0.7493355145435785,0.7566701929755927,1694007405.4660292,631.0041619957428
266,0.7899933896123308,0.7972221135498088,1694007405.5388792,0.0001362827343684453
267,0.7493803215071974,0.7567750640723678,1694007406.0908496,1.2066304713966842
268,0.7493449475885509,0.7567504131769515,1694007406.847584,5186.751001076712
269,0.749323541832652,0.756647278620987,1694007407.6571004,18849.192863237884
270,0.7772353776918645,0.785011477137542,1694007407.7820845,0.0015972147621674388
271,0.7680588389808248,0.7771586200289025,1694007407.9045944,0.00330600134213884
272,0.7493643578926288,0.7566661809675127,1694007408.7278993,10967.93116354787
273,0.7520903264849427,0.7614016279571094,1694007408.9428225,0.028521567314890892
274,0.7749513109755656,0.7861057373711567,1694007409.007711,3.704467086305151e-05
275,0.7493619996313856,0.7566649633929212,1694007409.930187,140.88563738297898
276,0.7495873042824572,0.7577510598887017,1694007410.2748759,0.13937619099494952
277,0.7493431335414408,0.756691410709866,1694007411.1857827,225.54950325331853
278,0.7493901173615918,0.7569083385895298,1694007411.759001,0.5900873906050619
279,0.7493581901324545,0.7567860222436906,1694007412.2859888,1.0131075324959542
280,0.7495727919055766,0.7576805204033565,1694007412.6602237,0.14983701206516814
281,0.7592485563813098,0.7689189534447382,1694007412.84208,0.008032467191390487
282,0.7493674417727159,0.7566982969923912,1694007413.8709118,10165.030214550206
283,0.7493375099953995,0.7566380170699966,1694007414.6013188,48.738906350700724
284,0.7493119319311475,0.7566464402909404,1694007415.4173038,773.2562401490941
285,0.7493208207619868,0.7566716500730545,1694007416.4861763,9065.574076033328
286,0.7685279515634909,0.7775798808772925,1694007416.6326137,0.0031760653068661714
287,0.7493736095328902,0.7567488762385328,1694007417.540252,15783.602673463387
288,0.7493322492587804,0.7566583365935058,1694007418.456727,4227.181279149055
289,0.7493839496014176,0.7567901939336841,1694007419.004402,1.1504099286562148
290,0.7492903447705375,0.7566344242269399,1694007419.6364646,4.775531800956234
291,0.7902500772784069,0.7973825739127658,1694007419.7238402,0.0001410335313464482
292,0.7493144715971016,0.7566370988989932,1694007420.6489456,417.98279486150295
293,0.7894196065114133,0.7952972478822186,1694007420.7522848,0.000539821368499991
294,0.7494363755628988,0.7567743455037564,1694007421.3650672,2.1795177489724376
295,0.7917223579129461,0.798224636524044,1694007421.443675,0.00018381165793107768
296,0.7799751330422151,0.7900042315707113,1694007421.5083044,5.360075855173993e-05
297,0.7493424079225968,0.7567262612875152,1694007422.2732165,12.310464429446222
298,0.7493730653187571,0.7568271004159715,1694007422.8564248,0.8166412180900758
299,0.7493326120682023,0.7566696540491341,1694007423.7439463,55.988566395428904
300,0.7493629066549405,0.7566810713059584,1694007424.5960448,810.1059660205268
301,0.749343677755574,0.7566458814042427,1694007425.3759563,67123.5514307683
302,0.7832288079388506,0.7924671654065102,1694007425.4440536,6.931174147885519e-05
303,0.749369618629248,0.7566997141693745,1694007426.3779492,20.517343258726626
304,0.749392838432257,0.7567440259004063,1694007427.1674623,5.885033695774706
305,0.749299233601377,0.7567113110683518,1694007428.1059206,32.09384626337881
306,0.7492805489161432,0.756707897867448,1694007428.7690182,2.7026795040134526
307,0.7493396868519318,0.7567321495580803,1694007429.4883816,3.74691529514758
308,0.7493385984236658,0.756684065341839,1694007430.4069376,4847.818329430454
309,0.7493944710746561,0.7570743478989852,1694007430.831289,0.3312197032349254
310,0.749392475622835,0.7567677785850586,1694007431.4517908,2.2374626084749165
311,0.7493647207020507,0.7567152033149966,1694007432.359532,81.21514754804916
312,0.7847134240937385,0.7935363755399244,1694007432.4290295,7.85145080655895e-05
313,0.749466488744926,0.7573844501752509,1694007432.812149,0.20857064724993535
314,0.7877991182279808,0.7957374110771344,1694007432.8839612,0.00010503697528930426
315,0.7923757776819961,0.7984492091753226,1694007432.9670458,0.0002388355270835669
316,0.7583183130232619,0.7723451484642592,1694007433.023373,1.050160271850626e-05
317,0.780301117307896,0.7876366677578265,1694007433.148813,0.0012504443299582648
318,0.7783276154568424,0.7859402470279204,1694007433.2670825,0.0014668058196432873
319,0.749345310397973,0.7567175785834617,1694007433.8309867,1.4535996587509759
320,0.7494028156913624,0.7567099338118469,1694007434.5776582,5.0359613103128735
321,0.7493413194943307,0.7566509912254789,1694007435.503964,1736.248186117563
322,0.7493639950832067,0.7568497552874673,1694007436.0321424,0.7363967925645764
323,0.7493188253101658,0.7566283762744612,1694007436.825575,8213.835278886692
324,0.749860499777235,0.7583391284561154,1694007437.1163719,0.08924993279296102
325,0.7493734281281791,0.7566777579062507,1694007438.0110502,279.32799937722456
326,0.7493647207020508,0.7567369000950107,1694007438.7589512,3.369555578643302
327,0.7492821815585422,0.7566024678839751,1694007439.3481896,17.308158265387704
328,0.7634870774540067,0.7729408218828094,1694007439.4926145,0.005057314579448284
329,0.7493150158112347,0.7566585561561371,1694007440.3507042,23765.67093010759
330,0.7493373285906886,0.7566756022004167,1694007441.2540228,497.21835634130815
331,0.7923795871809274,0.7982534191889756,1694007441.347761,0.00028572634825785315
332,0.7493672603680049,0.7567535469345065,1694007442.075334,2.367792820852162
333,0.7493289839739822,0.7566757818425697,1694007442.9376755,90753.43156755935
334,0.7724346834197545,0.7841223482822219,1694007443.0098426,3.0943064674672686e-05
335,0.7570457589755423,0.7667762616867202,1694007443.1851635,0.010670834375597139
336,0.7493385984236656,0.7566498135713657,1694007443.947885,255.93737629110012
337,0.7693353839321865,0.7816147833515636,1694007444.0010588,2.4752238244074692e-05
338,0.749301410457909,0.756712009676724,1694007445.1628926,292.8942932153779
339,0.7493347889247344,0.7566893947257064,1694007445.8749733,5.422665303487793
340,0.7493667161538718,0.7566512307483494,1694007446.8273995,207.51846945125519
341,0.7493844938155506,0.7567336864964991,1694007447.5281446,3.223487264842891
342,0.7493110249075924,0.7566854026778658,1694007448.6289098,24776.204844027314
343,0.7520179460052505,0.7613215275171858,1694007448.8597934,0.029108312516407744
344,0.7493327934729133,0.7567197143290565,1694007449.6848726,5.555134767229969
345,0.7729767206962458,0.7845603158508251,1694007449.7544596,3.2195842191514985e-05
346,0.749325537284473,0.7567368002938147,1694007450.4332247,3.4223808847736064
347,0.7495394134387512,0.757642516107913,1694007450.7506034,0.15628936853718164
348,0.7493318864493583,0.7567194149254685,1694007451.7754798,67860.62854682897
349,0.7493329748776244,0.7566648236712469,1694007452.4765155,28580.721521164167
350,0.7923821268468814,0.7984437600300203,1694007452.552907,0.00024143162004708888
351,0.7700642680610158,0.7821982810241999,1694007452.612358,2.6070923501641915e-05
352,0.7910852645678867,0.7978717394949262,1694007452.6927302,0.0001609721225748982
353,0.7849951456099333,0.7915797331715223,1694007452.8087504,0.0008461934848120146
354,0.7493649021067618,0.7566948837914873,1694007453.8531072,182.67534789411238
355,0.7493921128134129,0.7567319100352099,1694007454.4187899,2.752830905543515
356,0.7493571017041885,0.7567221295180001,1694007455.0599403,2.2348755555851794
357,0.7493571017041885,0.7569477800221958,1694007455.5328622,0.44194659746397447
358,0.7595611166983763,0.7734117837268162,1694007455.585632,1.1666542939032776e-05
359,0.7498868034603312,0.7584370733498871,1694007455.8843253,0.08408511750891697
360,0.7493503897298811,0.7566875783439388,1694007456.740765,97585.30247466675
361,0.7493864892673717,0.7567099737323252,1694007457.6074302,1595.5560098429037
362,0.749322997618519,0.7566777379460116,1694007458.3462443,5.353121607280339
363,0.7840119320762713,0.7907483093677394,1694007458.4481845,0.0009217849369264841
364,0.7493378728048216,0.7566964806106236,1694007459.5175838,16021.170603787448
365,0.7495013184494396,0.7575239722472834,1694007459.8408241,0.17437028365876514
366,0.749303043100308,0.7566227874074842,1694007460.5093994,15.605321873324801
367,0.7821554362638177,0.7892128480067706,1694007460.6129198,0.0010741787765683548
368,0.753681608609903,0.7632216225279245,1694007460.787646,0.019083474021015852
369,0.7521262446177223,0.7614542032271714,1694007461.0030134,0.0281536449494667
370,0.7498570530877259,0.7583506055936574,1694007461.3095436,0.08861733881957815
371,0.7640550556041719,0.7772109956965725,1694007461.3665159,1.6684717801437715e-05
372,0.7493598227748536,0.7567082571517537,1694007462.393538,40.13012587288623
373,0.7899518479335101,0.7958070922721937,1694007462.4878356,0.0005010720519390161
374,0.7493322492587803,0.7566904725786234,1694007463.2873683,10.789532624263533
375,0.7493081224322162,0.7566575781044159,1694007464.1148195,15.696523166413959
376,0.7493404124707758,0.7566877180656133,1694007464.9790301,95.29003014201487
377,0.7589681046980918,0.7686552387643814,1694007465.151591,0.008304468851196341
378,0.758951415464679,0.768636076934746,1694007465.321638,0.008323766056314666
379,0.7493576459183214,0.7566947241095738,1694007466.2794015,359.1656286982556
380,0.7500177776616789,0.758616256417217,1694007466.6311674,0.07625036952146859
381,0.7920541471293794,0.7978302221973829,1694007466.7138863,0.0003346821957355524
382,0.7493409566849087,0.7566889156799657,1694007467.6236691,11288.832074593533
383,0.761373349761344,0.7749444306940575,1694007467.6797247,1.3515374978462078e-05
384,0.7493627252502296,0.7567043050243913,1694007468.6520505,7325.614765749595
385,0.7589111436188353,0.768594779199834,1694007468.8266537,0.008366961286283333
386,0.75016199440693,0.7589001309391692,1694007469.049605,0.06580371323952905
387,0.7493424079225969,0.7566654025181838,1694007469.7188168,60820.71536635104
388,0.7494771916228755,0.7573212161374542,1694007470.1497917,0.2326791209579679
389,0.7493095736699044,0.7566960215251219,1694007471.3329024,144.15170629726995
390,0.7496010910404939,0.7578029365503918,1694007471.7103598,0.13299265903456559
391,0.7493208207619869,0.7566365400122955,1694007472.4512665,13657.088436516822
392,0.7493429521367297,0.7566720492778385,1694007473.2902293,156.64083592306363
393,0.7493881219097708,0.7568709331012622,1694007473.8086503,0.6410883492535069
394,0.7832649074763413,0.7924948702185247,1694007473.8754056,6.953708640433194e-05
395,0.7509469325914606,0.7599470454853932,1694007474.105728,0.0432851252256651
396,0.7493543806335233,0.7568428290844638,1694007474.6399574,0.8055027426295138
397,0.7605269153797816,0.7701366677578263,1694007474.778669,0.006896707932466834
398,0.7493777818412433,0.756741830274094,1694007475.369534,2.220266438519975
399,0.7803203462072629,0.7876512387324449,1694007475.4888346,0.0012488511606955643
