trial,score,test_score,time,alpha
0,0,0,1694009045.4684103,0
0,-7.981125862532856e-05,0.0007442506337902444,1694009045.4731894,1
1,2.3097624279433404e-05,0.0009718477178317642,1694009045.477166,598.4448111249799
2,-8.003337290718449e-05,0.0007437520633339911,1694009045.4813097,0.0023736255074538783
3,0.00013514813124260172,0.001188887158018348,1694009045.4851565,1748.9819466036743
4,0.00027785020359116785,0.0006631322915340299,1694009045.4884288,45445.614526194404
5,0.000256114083489134,0.0005899569430146689,1694009045.4916654,53212.190727798756
6,-7.995765064583438e-05,0.0007439220340865749,1694009045.4953701,0.34236745473845726
7,-7.730765288216368e-05,0.0007498701933214003,1694009045.4991202,12.314722435370946
8,1.9122594699161333e-05,0.0009633226754522939,1694009045.5029051,569.2003337343318
9,-7.430203114511258e-05,0.0007566159213738821,1694009045.506705,26.069544773992966
10,-4.588513096570601e-05,0.0008202828817810426,1694009045.5104423,166.02836654958014
11,-8.003389665334204e-05,0.0007437508877016219,1694009045.5141664,2.2406046916431286e-05
12,-8.003175222759396e-05,0.000743755701211879,1694009045.5178447,0.009649275558026338
13,-8.003389307487119e-05,0.0007437508957337524,1694009045.5215266,3.8470242048071144e-05
14,0.00023591339132600364,0.0013132402158688716,1694009045.5252728,3720.5695370908093
15,-8.002197943879352e-05,0.0007437776378140804,1694009045.5289836,0.053522979148749955
16,-6.645723207143739e-05,0.0007742165022392999,1694009045.5327156,62.87521972791785
17,-8.00330876398192e-05,0.0007437527036627811,1694009045.536359,0.0036542604137222642
18,-8.002723919919852e-05,0.0007437658314332074,1694009045.540145,0.029909706510130005
19,-8.003389887778489e-05,0.0007437508827085049,1694009045.5438578,1.2420174591786727e-05
20,-8.002536754925238e-05,0.000743770032653801,1694009045.5475793,0.03831226491682225
21,0.0003244378082001287,0.0008461008665259229,1694009045.5508761,30970.04360141834
22,-8.003356527397365e-05,0.0007437516315361714,1694009045.55469,0.0015100457011935238
23,-8.003042036985875e-05,0.000743758690782137,1694009045.5583365,0.01562836925342187
24,0.0003626372757120633,0.0011528471734684187,1694009045.5617352,15056.494159126658
25,-8.00338970006198e-05,0.0007437508869219123,1694009045.565464,2.0846668692879812e-05
26,-8.003389167487995e-05,0.0007437508988764607,1694009045.5691967,4.4755392523491684e-05
27,-7.565070292669951e-05,0.0007535891119152538,1694009045.572929,19.87421533657134
28,0.0002866945975414925,0.0013319680608857576,1694009045.5766377,5471.853140385622
29,-8.003389892174972e-05,0.000743750882609584,1694009045.5802839,1.2222423368778179e-05
30,-2.318430388403847e-05,0.000870818695961284,1694009045.5838835,292.2620121271565
31,0.00010321539477564645,0.0011329925827594511,1694009045.587535,1344.03850234975
32,-8.00338889093144e-05,0.0007437509050843838,1694009045.5912113,5.717082531645463e-05
33,-7.200911355176309e-05,0.0007617613775439125,1694009045.5949326,36.69047599186182
34,-7.975836519835688e-05,0.0007443693611128843,1694009045.5985558,1.2377188377424546
35,-7.989377389172603e-05,0.0007440654155226323,1694009045.602228,0.629265490026662
36,0.0003077498626405939,0.0007747827706392485,1694009045.6053174,35953.522753778925
37,-8.003389941624306e-05,0.0007437508814998051,1694009045.6089427,1.000277121568208e-05
38,-8.003324457006578e-05,0.0007437523514075561,1694009045.6125946,0.0029497622265155544
39,-5.2349127048323396e-05,0.0008058276890832161,1694009045.616215,132.533839338598
40,-8.00299784062819e-05,0.0007437596828410165,1694009045.6198614,0.017612479388287857
41,-8.003259007782759e-05,0.0007437538205214977,1694009045.6234984,0.005887942549978478
42,-6.084356203306385e-05,0.0007868028444828479,1694009045.627116,90.04394738542773
43,0.00036269078766260066,0.001146604910404414,1694009045.6304593,15329.129087715606
44,-8.003328136907406e-05,0.000743752268806408,1694009045.6340454,0.002784562832304733
45,-7.99490612288789e-05,0.0007439413143953688,1694009045.6377366,0.38094139932326165
46,-8.003314697968555e-05,0.0007437525704655501,1694009045.6414258,0.0033878707104099196
47,-8.002006128560168e-05,0.0007437819434186199,1694009045.6450644,0.062134515299597785
48,-7.757470672808964e-05,0.0007492707867748916,1694009045.6486702,11.101669300729855
49,1.3577618164561933e-05,0.0009513737529629473,1694009045.652268,529.4044613221517
50,-8.003389100275093e-05,0.0007437509003850318,1694009045.6558466,4.777216987327098e-05
51,-6.443399429056917e-05,0.000778753779457797,1694009045.659445,72.58565361198501
52,-7.935818562954111e-05,0.0007452676208935527,1694009045.6631017,3.038092369749938
53,-8.003384822630188e-05,0.0007437509964040023,1694009045.6667538,0.0002398062664451104
54,-8.003387999910849e-05,0.0007437509250844965,1694009045.6704266,9.716999761028682e-05
55,-8.00332657009406e-05,0.000743752303976164,1694009045.6741228,0.002854901003446537
56,-8.003382824450789e-05,0.0007437510412559023,1694009045.677783,0.00032950850281592714
57,0.0003604978815195947,0.0010825515953044595,1694009045.681189,18194.695630637372
58,-6.637910745266318e-05,0.0007743917218385743,1694009045.6849327,63.24848919308983
59,-8.003337147233225e-05,0.0007437520665548591,1694009045.6886427,0.0023800671971557436
60,-7.894844558653524e-05,0.0007461873325760315,1694009045.692265,4.884864546416015
61,-7.921479100003737e-05,0.000745589488653331,1694009045.6959548,3.6840075735463054
62,-8.003388975397208e-05,0.0007437509031884559,1694009045.6996543,5.337920591970459e-05
63,0.00018151066353544465,0.0012574955763486884,1694009045.7033026,2495.0836145570015
64,-8.00087249788195e-05,0.0007438073895846831,1694009045.70691,0.11303031215261634
65,-8.003383904964245e-05,0.0007437510170021921,1694009045.710469,0.00028100231025493625
66,-8.00337209148072e-05,0.0007437512821745207,1694009045.714083,0.000811335701218927
67,-7.985440642199748e-05,0.0007441537819276034,1694009045.7177153,0.8061231080182311
68,-5.247344228509476e-05,0.0008055494802408081,1694009045.72131,131.8996801779015
69,0.00021597260561012632,0.0004659150040600135,1694009045.72443,70694.32905056242
70,0.0002894702849917108,0.0013317387161556615,1694009045.728029,5595.836508083382
71,-7.981611527307919e-05,0.0007442397323014216,1694009045.7316442,0.9781756306369334
72,-8.00338756050678e-05,0.0007437509349476068,1694009045.7352533,0.00011689607789721177
73,0.0003612618964636827,0.0011874490719140374,1694009045.7386496,13555.891055730162
74,-8.00239709897177e-05,0.000743773167457551,1694009045.7422748,0.04458200629572555
75,-8.003349077245758e-05,0.0007437517987667341,1694009045.7459152,0.0018445004647684108
76,0.0002827086883435692,0.0013320270569080472,1694009045.7495177,5300.521780927133
77,-8.003385019139664e-05,0.0007437509919928642,1694009045.7530732,0.0002309848614797592
78,-8.003338685536043e-05,0.0007437520320251467,1694009045.7566547,0.0023110088123080314
79,-7.803930184024921e-05,0.0007482279836179551,1694009045.7602022,8.994819516327977
80,-7.906539853586025e-05,0.0007459248182386524,1694009045.7637458,4.357386572645765
81,0.0002982966244916563,0.0007377065042699638,1694009045.7668297,38846.09069881487
82,-7.995801824911553e-05,0.0007439212089427327,1694009045.771181,0.34071663056474644
83,-8.003385825250398e-05,0.0007437509738985604,1694009045.77474,0.000194796318946561
84,-5.111313525318906e-06,0.0009106747687167571,1694009045.778268,403.3450836064316
85,-8.003367034814524e-05,0.0007437513956803921,1694009045.7818174,0.00103834278887025
86,-8.003377425702674e-05,0.0007437511624401871,1694009045.7853432,0.0005718717353178023
87,-7.998154682264946e-05,0.0007438683953121528,1694009045.7888722,0.23506075487209752
88,-8.002827265340962e-05,0.0007437635116781527,1694009045.7923872,0.02527016214010269
89,0.00027315787198956,0.000646877075053176,1694009045.795461,47046.90794048126
90,-8.003384165311545e-05,0.0007437510111584222,1694009045.798982,0.00026931514135739525
91,0.00019661202743970208,0.0012759685712772084,1694009045.80249,2789.8787442611774
92,-6.928854384136152e-05,0.0007678654629398318,1694009045.8060124,49.43805767216071
93,-8.003387404653672e-05,0.0007437509384463636,1694009045.8095064,0.00012389365941984097
94,-8.00338846476123e-05,0.0007437509146501764,1694009045.8130245,7.630190839805246e-05
95,0.0002756327267473546,0.0006554157309091035,1694009045.8161008,46197.706220433734
96,-8.003370629916517e-05,0.0007437513149822772,1694009045.8195941,0.0008769500397845005
97,-8.003388696087299e-05,0.0007437509094578854,1694009045.8230982,6.591748062057856e-05
98,-8.003280093182852e-05,0.0007437533472255398,1694009045.826615,0.004941365205127706
99,-7.307961931912743e-05,0.0007593591816221767,1694009045.8301315,31.71795511045798
100,-7.938083427072584e-05,0.0007452167830032108,1694009045.8336449,2.9361108873774655
101,-6.0295221786743625e-05,0.0007880317691779659,1694009045.8371632,92.73601688560903
102,0.0002859792849803089,0.0006919940479434006,1694009045.8402247,42754.3961557132
103,-8.003256799371528e-05,0.0007437538700926227,1694009045.8438327,0.0059870832540012235
104,-8.003341848294987e-05,0.0007437519610319354,1694009045.8473547,0.0021690253036319228
105,0.00020010044084928236,0.001279930468372159,1694009045.850895,2862.335551867702
106,-8.003351264185277e-05,0.0007437517496773349,1694009045.8544228,0.001746323532054176
107,-6.342603423337145e-05,0.0007810138130618371,1694009045.857968,77.45741437246413
108,-8.003382530064052e-05,0.0007437510478646159,1694009045.8614833,0.00034272546140460945
109,-8.003365964781572e-05,0.0007437514196987349,1694009045.8650174,0.0010863789989195482
110,-8.003389108068859e-05,0.0007437509002103937,1694009045.8685806,4.742299037585328e-05
111,-1.976728899855118e-05,0.0008783847379946197,1694009045.8720937,312.5049884966268
112,-8.003376083820513e-05,0.0007437511925606488,1694009045.875614,0.0006321118823052427
113,-8.003386270072355e-05,0.0007437509639134365,1694009045.8791354,0.00017482643533092216
114,-8.003350727747716e-05,0.0007437517617184808,1694009045.8826623,0.00177040545504888
115,-8.003251353971841e-05,0.0007437539923238479,1694009045.8861604,0.00623154214370555
116,-8.003389679078765e-05,0.0007437508873926468,1694009045.8896823,2.1787997182363968e-05
117,-8.003312213911151e-05,0.00074375262622417,1694009045.8931804,0.0034993860032838968
118,-6.942087640915418e-05,0.0007675685816042055,1694009045.8966823,48.81429981230439
119,-6.043505444974784e-06,0.0009086296578079134,1694009045.9001763,397.36609293499004
120,-8.003349616214628e-05,0.0007437517866687449,1694009045.9036953,0.0018203049189362023
121,-7.71268146269044e-05,0.0007502760845570222,1694009045.9071918,13.136990723936018
122,0.0003607460112006189,0.0011942797386155224,1694009045.9104786,13260.528802657973
123,-7.945398733544273e-05,0.0007450525810448472,1694009045.9139872,2.6067914194729895
124,-8.002167613629929e-05,0.0007437783186258207,1694009045.917507,0.05488464958439752
125,-8.003389862554222e-05,0.0007437508832742745,1694009045.9210489,1.355208932862337e-05
126,0.00014993648068550858,0.0012125487089871267,1694009045.9245694,1964.1603744638019
127,0.00011333161035131933,0.0011513509829917945,1694009045.9280863,1464.2501498179256
128,-8.003388767985342e-05,0.0007437509078440652,1694009045.93162,6.269041972851987e-05
129,-8.00337856117217e-05,0.0007437511369527972,1694009045.9351237,0.0005208983440148858
130,0.00017669541557319146,0.0012511729234893076,1694009045.938656,2407.0788792632616
131,-7.906009553804161e-05,0.0007459367214422974,1694009045.9421873,4.381297952582358
132,-8.002689285069309e-05,0.0007437666088692119,1694009045.945725,0.031464594272609475
133,-8.003383885912818e-05,0.0007437510174299611,1694009045.9492683,0.0002818575214299892
134,-8.003388011568191e-05,0.0007437509248229279,1694009045.9528084,9.664752996304e-05
135,-7.914517605711602e-05,0.000745745748014337,1694009045.9563348,3.997736663692343
136,-5.361697738548443e-05,0.0008029899946034869,1694009045.9598475,126.08368713085098
137,0.0003200862936754145,0.0008266164029284706,1694009045.962912,32263.41439192801
138,-2.1473844579400492e-05,0.0008746076319460228,1694009045.9664657,302.35233106445264
139,-8.002214518310069e-05,0.0007437772657740149,1694009045.9700127,0.05277887444045979
140,-8.081698523731973e-06,0.0009041537118257281,1694009045.9735305,384.39086306695765
141,-8.003389020094787e-05,0.0007437509021852584,1694009045.977043,5.137302329265098e-05
142,-7.63806648809151e-05,0.0007519507886344368,1694009045.9805691,16.536884362137073
143,-4.682069647432563e-05,0.0008181921090425481,1694009045.9840865,161.11660657537195
144,-8.003389581112685e-05,0.0007437508895919986,1694009045.987601,2.6187026711927153e-05
145,-8.001393860812556e-05,0.0007437956867549778,1694009045.9911182,0.08962273284860725
146,-8.003381018739653e-05,0.0007437510817879245,1694009045.9946432,0.0004105709660636372
147,-8.00326173704402e-05,0.0007437537592587251,1694009045.9982421,0.005765418665261445
148,-8.003349157159612e-05,0.0007437517969729468,1694009046.0018806,0.001840912866621752
149,-8.003142042656286e-05,0.0007437564459931156,1694009046.0054145,0.011138823003832869
150,-8.003385033927835e-05,0.0007437509916611296,1694009046.008993,0.00023032114517368044
151,-6.134272617019931e-05,0.0007856840469815385,1694009046.0126424,87.59928794228729
152,-8.003389411959105e-05,0.0007437508933887393,1694009046.0162148,3.3780184700058015e-05
153,-7.858584554498727e-05,0.0007470012253083524,1694009046.0197601,6.522033243692319
154,-8.003376197240897e-05,0.0007437511900146854,1694009046.0234747,0.0006270198449671406
155,-7.977419316596013e-05,0.0007443338328499971,1694009046.0286057,1.1665772575376467
156,-8.0032446135192e-05,0.0007437541436241535,1694009046.032173,0.006534138996226346
157,-8.002271793627891e-05,0.0007437759801374177,1694009046.035871,0.050207520758478
158,-7.97868008428626e-05,0.0007443055330084158,1694009046.039458,1.1099134896492404
159,-8.003386439314752e-05,0.0007437509601146974,1694009046.0430691,0.00016722920028643142
160,-8.003385651389472e-05,0.0007437509778011053,1694009046.0468764,0.0002026011892941507
161,0.00019616052309168186,0.001275447177348621,1694009046.0505257,2780.62590779692
162,-8.001528955170478e-05,0.0007437926543445439,1694009046.0540926,0.08355750574481158
163,-8.003379112131448e-05,0.0007437511245851347,1694009046.0577185,0.0004961634704293347
164,7.340124928711944e-05,0.0010758973144840978,1694009046.0613885,1027.5209471351209
165,0.00035932220312140384,0.0012089157620346347,1694009046.0648203,12626.59645332749
166,0.00015070925379645495,0.0012137422149468557,1694009046.0685406,1975.9446311861275
167,-5.12415358984164e-05,0.0008083060773603767,1694009046.0722802,138.20038736558172
168,-8.003387969091058e-05,0.0007437509257767205,1694009046.0759387,9.855451836381238e-05
169,0.00036130564756642336,0.001186809972821723,1694009046.0793102,13583.523557307859
170,-7.86963677841257e-05,0.0007467531476659239,1694009046.0829382,6.022730936709937
171,0.00034801247145033187,0.0012663070133407395,1694009046.0863018,10063.626672606497
172,-7.907320927702521e-05,0.000745907286106462,1694009046.0899498,4.3221687469799495
173,-8.003389885002932e-05,0.0007437508827707884,1694009046.0936515,1.254453039134198e-05
174,0.00018641181365741666,0.00038105933520682367,1694009046.0968208,87577.71866772565
175,-8.003385467603152e-05,0.0007437509819266941,1694009046.1003711,0.00021085231025007697
176,-6.199693172015408e-05,0.0007842176296044556,1694009046.1039667,84.40391227131741
177,-8.002899589065748e-05,0.0007437618882556452,1694009046.1076028,0.02202330654383125
178,-8.003376043430599e-05,0.0007437511934670349,1694009046.1112602,0.0006339245574000128
179,-8.003384491539478e-05,0.0007437510038355022,1694009046.1148825,0.0002546693335087419
180,-6.932679966453748e-05,0.0007677796383046553,1694009046.118442,49.257697393637294
181,-8.003146737634026e-05,0.0007437563406061942,1694009046.1220107,0.010928051381570561
182,-7.700429418111554e-05,0.0007505510800881465,1694009046.1256852,13.694473469374678
183,0.0003505429380824543,0.0009897028207811465,1694009046.1291158,22698.327235203793
184,-8.003366347986152e-05,0.000743751411096838,1694009046.1327176,0.00106917532884818
185,-8.003386665533796e-05,0.0007437509550364263,1694009046.136325,0.00015707297214285693
186,-8.00152929298914e-05,0.0007437926467614986,1694009046.1399071,0.08354233875929208
187,-6.122312811052133e-05,0.0007859521143831483,1694009046.1434524,88.18450194754513
188,0.00033380810688099505,0.0008909571582327303,1694009046.1465952,28162.44336361649
189,-8.003380578092134e-05,0.0007437510916792345,1694009046.1501532,0.0004303531082665049
190,-7.994782675813106e-05,0.0007439440853606039,1694009046.1537423,0.38648536862770577
191,-8.003253245902897e-05,0.0007437539498560408,1694009046.1573718,0.006146607946161144
192,-8.003365399988915e-05,0.0007437514323761496,1694009046.1609743,0.0011117336214692488
193,-8.003120275112963e-05,0.0007437569346002704,1694009046.1645005,0.012116028884200603
194,6.025423401079255e-05,0.0010495059601871581,1694009046.168052,903.8486300683595
195,-8.00338827520175e-05,0.0007437509189054392,1694009046.171622,8.481258867300577e-05
196,0.0002726613512518128,0.001330863415645478,1694009046.1752045,4899.951500479316
197,0.00016314248084015048,0.001232323494106513,1694009046.178843,2173.470804662061
198,-6.58550161469762e-05,0.0007755671275491149,1694009046.1824586,65.75602199986791
199,-8.003187877125839e-05,0.0007437554171639826,1694009046.1860478,0.009081186083455296
200,-8.003379954435452e-05,0.0007437511056782586,1694009046.189658,0.00045835077137117933
201,0.0003626974868878863,0.0011434501979652456,1694009046.1930196,15467.24290843923
202,-8.003389010768913e-05,0.0007437509023940914,1694009046.196566,5.1790647079409854e-05
203,-7.991019668684984e-05,0.000744028551987741,1694009046.2001972,0.5554957120318683
204,-8.002498680625969e-05,0.0007437708872937154,1694009046.203796,0.04002157702072086
205,-8.003381351140426e-05,0.0007437510743272258,1694009046.2073925,0.0003956496856937342
206,0.00027107410234317175,0.0006397457035700604,1694009046.210538,47770.258672557866
207,-8.003355702279613e-05,0.000743751650057134,1694009046.2141118,0.001547087172614613
208,-5.2618377897273305e-05,0.000805225115338315,1694009046.2177377,131.16080208191585
209,0.0003013533841177418,0.0013288319571025387,1694009046.2213016,6176.677651514877
210,-6.94091613864245e-05,0.000767594863792409,1694009046.2249038,48.869503975244385
211,-8.003384096588739e-05,0.000743751012700633,1694009046.2284498,0.00027239898417755817
212,5.409936060196685e-05,0.0010369332942421483,1694009046.231995,848.9454974419218
213,-8.003358325758825e-05,0.0007437515911686843,1694009046.2355418,0.0014293117749144331
214,0.00030671698824757954,0.0007706333051618053,1694009046.2386053,36266.05425063683
215,-8.00338866333572e-05,0.000743750910192853,1694009046.2421386,6.738761736254417e-05
216,-7.437751927996672e-05,0.0007564465095412087,1694009046.2456787,25.72176976203578
217,-7.701869063758693e-05,0.0007505187674929914,1694009046.2492247,13.628951751177091
218,-7.989316480183639e-05,0.0007440667827200986,1694009046.2527835,0.6320015747268458
219,-8.00338016997415e-05,0.0007437511008399067,1694009046.2563522,0.0004486740650482571
220,-8.003316428562002e-05,0.0007437525316196236,1694009046.2599368,0.003310179555940897
221,-3.925891447642549e-05,0.0008350753711522385,1694009046.263495,201.45280814411637
222,0.0002989702751357015,0.0007402857242186922,1694009046.2666,38637.303915134864
223,0.00036061617301064164,0.0010843024609147323,1694009046.2699132,18114.273752119287
224,-3.28887191012317e-05,0.0008492668476188792,1694009046.2734802,236.5914186352898
225,-8.003341786610996e-05,0.0007437519624162725,1694009046.2770796,0.002171793846187961
226,7.508918156151623e-07,0.0009235051785277948,1694009046.2806828,441.59868550130835
227,-8.003180778182184e-05,0.0007437555765115178,1694009046.2842767,0.00939987753815255
228,-8.003245151733118e-05,0.0007437541315428176,1694009046.2878962,0.006509976524864299
229,5.299845402206849e-06,0.0009334226439603466,1694009046.2914808,472.0794016651173
230,-6.453677585627204e-05,0.0007785233085907395,1694009046.2950165,72.09016011323298
231,-8.00327027898895e-05,0.0007437535675208773,1694009046.2985413,0.00538194928698471
232,-8.003380544785443e-05,0.0007437510924267476,1694009046.302067,0.00043184787641333076
233,-8.003387782151705e-05,0.0007437509299721423,1694009046.3055916,0.00010694578231648948
234,-7.98595314830397e-05,0.0007441422779351781,1694009046.3090959,0.783097082867476
235,0.00016123293553449436,0.0012295474697330278,1694009046.3126178,2142.134090490656
236,-8.003009632551183e-05,0.000743759418151968,1694009046.3161147,0.01708310321394872
237,-7.801442225563449e-05,0.0007482838272585557,1694009046.3196306,9.107530997881021
238,-8.003375568166327e-05,0.0007437512041349459,1694009046.32313,0.0006552602172969626
239,-8.003022697256057e-05,0.0007437591248931064,1694009046.3266406,0.016496587630845102
240,-6.0899188569329965e-05,0.0007866781703621539,1694009046.330127,89.77123423341567
241,-7.980310537969437e-05,0.0007442689349945741,1694009046.3336399,1.0366394041326985
242,0.00027747014824053284,0.0013316457234838763,1694009046.3371408,5086.413562960731
243,0.0001465063812776668,0.0012071983950832088,1694009046.3406725,1912.5199283204831
244,-8.003178638626984e-05,0.0007437556245373234,1694009046.3441782,0.009495927778529771
245,-8.003389729149823e-05,0.0007437508862687681,1694009046.3477077,1.95407381258069e-05
246,-7.409427196991558e-05,0.0007570821747514556,1694009046.3512955,27.027314139304707
247,0.00027316724773795986,0.0013309644566978918,1694009046.3548107,4919.140556242439
248,0.00021539693533334514,0.0012958609531587006,1694009046.3583362,3201.655224656152
249,-8.003389851318765e-05,0.0007437508835265172,1694009046.361883,1.4056181395076896e-05
250,-8.003382875965137e-05,0.0007437510401001601,1694009046.3654048,0.0003271968698089773
251,-8.003375327381157e-05,0.0007437512095397336,1694009046.368958,0.0006660693261973487
252,-8.0032432570043e-05,0.0007437541740736853,1694009046.3724947,0.006595036786335688
253,-8.00305736934348e-05,0.0007437583466222142,1694009046.3760307,0.014940052862312793
254,-8.00338870425854e-05,0.0007437509092744765,1694009046.3795516,6.55510063908324e-05
255,-8.002368041060137e-05,0.000743773819709026,1694009046.383058,0.04588654178889529
256,0.00035312962122657776,0.0012468157232660149,1694009046.3863292,10958.148787894388
257,-8.003386405674995e-05,0.000743750960869427,1694009046.3898451,0.00016873911321517733
258,3.203251445949018e-05,0.0009908746348297193,1694009046.3933575,666.4503389803807
259,-8.003389339616973e-05,0.0007437508950126626,1694009046.3968875,3.702785513730362e-05
260,-8.00338920867727e-05,0.0007437508979515339,1694009046.4004047,4.290558299571277e-05
261,-7.999052128138118e-05,0.0007438482507043931,1694009046.4039173,0.19476360167408913
262,0.00027532875748448316,0.0006543628658041145,1694009046.4069853,46301.4419157498
263,-8.003357404962053e-05,0.0007437516118379284,1694009046.410501,0.001470649828870193
264,0.00032685510887242586,0.0008572590697208948,1694009046.4135582,30250.28817646984
265,-8.00338956381541e-05,0.0007437508899800216,1694009046.4170794,2.6962880129425853e-05
266,0.00032417076220625507,0.0013119916363373285,1694009046.4206202,7615.701264625765
267,-7.90337734362101e-05,0.000745995804480426,1694009046.424133,4.4999936287980065
268,0.0001292872769459441,0.0011790969606012558,1694009046.4276395,1668.8530585559918
269,-7.988740325881594e-05,0.0007440797154026901,1694009046.4311235,0.657883300307113
270,-8.003317395144371e-05,0.0007437525099226461,1694009046.4346507,0.0032667868840982176
271,0.00019519052538874426,0.0012743204209728631,1694009046.4381628,2760.8429259779605
272,-8.002818181607196e-05,0.0007437637155777166,1694009046.4416978,0.02567796350632187
273,-3.931027995274228e-05,0.0008349608149701426,1694009046.4452245,201.17384498975724
274,0.00030897889037795334,0.0007797546633048213,1694009046.4482846,35582.57851004744
275,0.0003619939819904383,0.001174755276281636,1694009046.451564,14104.98564311898
276,-7.975618809363816e-05,0.000744374247952484,1694009046.4550545,1.2475046165352464
277,-8.003333681516622e-05,0.0007437521443486306,1694009046.4585667,0.0025356514963749016
278,5.0616999649477634e-05,0.001029763169298814,1694009046.462079,818.6864776107521
279,-8.00338952886559e-05,0.0007437508907645052,1694009046.465605,2.853162166439328e-05
280,0.00034754388268676273,0.0012678105575109067,1694009046.4689028,9992.809623363379
281,-7.902476152854554e-05,0.0007460160327534826,1694009046.4724116,4.540634767143947
282,-8.003389841260145e-05,0.0007437508837522255,1694009046.4759269,1.4507425911597012e-05
283,-7.968187480944522e-05,0.0007445410551866205,1694009046.4794168,1.5815902201670184
284,-7.984106901637311e-05,0.0007441837197926793,1694009046.4829109,0.8660483036412595
285,-8.003360183361785e-05,0.0007437515494722602,1694009046.4865081,0.0013459214195471801
286,-7.667892014295852e-05,0.0007512813719221523,1694009046.4901612,15.176473910816362
287,-8.003389933453064e-05,0.0007437508816831029,1694009046.49369,1.0368873735938184e-05
288,-8.003341497753169e-05,0.0007437519689008631,1694009046.4972413,0.002184762395268907
289,-7.961986851712233e-05,0.0007446802373612949,1694009046.5008495,1.8604341392020465
290,-8.00336832420534e-05,0.0007437513667372109,1694009046.5043824,0.000980458447475553
291,-8.003329231431877e-05,0.0007437522442386157,1694009046.5079484,0.0027354279487164248
292,-7.998240134221568e-05,0.0007438664772061454,1694009046.511558,0.23122371623142113
293,-8.003389362287727e-05,0.0007437508945037363,1694009046.515145,3.6009914186576897e-05
294,-8.003363260766783e-05,0.0007437514803948497,1694009046.518711,0.0012077687971929645
295,-8.00338895037278e-05,0.0007437509037497847,1694009046.5223129,5.4501853885754807e-05
296,6.68103037327894e-05,0.0010627491612217321,1694009046.52595,964.4007207581079
297,-7.979811746716692e-05,0.0007442801311241531,1694009046.529569,1.0590549663237958
298,-8.003298276504367e-05,0.0007437529390719178,1694009046.5332,0.004125070761488126
299,6.295313135085134e-05,0.001054976897430504,1694009046.5368369,928.512082399588
300,-8.003382246446478e-05,0.0007437510542308567,1694009046.5404327,0.0003554576699212634
301,0.00026350289536469784,0.0013283104663532885,1694009046.5440476,4568.5375444563715
302,-7.994312564219008e-05,0.0007439546377597805,1694009046.5476992,0.4075982173227981
303,-7.911265930538036e-05,0.0007458187358073687,1694009046.551287,4.144311708303713
304,-8.003094847897074e-05,0.0007437575053561574,1694009046.5549328,0.013257531212031095
305,-8.003330098937944e-05,0.000743752224765637,1694009046.5586555,0.002696482962795075
306,-8.003259946121055e-05,0.0007437537994586796,1694009046.5623415,0.005845817767718528
307,-8.002504939086386e-05,0.000743770746811534,1694009046.5659745,0.03974060750258556
308,-7.892100184148099e-05,0.0007462489331115929,1694009046.5695612,5.008681108244848
309,-8.003389712274434e-05,0.0007437508866476872,1694009046.573246,2.0298670030826955e-05
310,-8.001785595390665e-05,0.0007437868936411851,1694009046.5768952,0.0720354287636638
311,-8.002814865037955e-05,0.0007437637900234995,1694009046.5805583,0.02582685594878085
312,-7.564963318240636e-05,0.0007535915128065174,1694009046.584246,19.879114278120138
313,0.0002714058681999587,0.001330594061153656,1694009046.5879285,4852.747983210766
314,1.4027641920821843e-05,0.0009523458804603369,1694009046.5914998,532.5917053951904
315,0.00019538539896590823,0.00040634476999712454,1694009046.5946658,81980.35794829224
316,-8.000175608113835e-05,0.0007438230323949524,1694009046.5983193,0.14431936374994744
317,-8.00335895505544e-05,0.0007437515770433167,1694009046.6019878,0.0014010623277818184
318,0.0003623141942848962,0.0011188693274176709,1694009046.6053522,16552.58700454997
319,0.00010765819248803599,0.0011411245130714676,1694009046.6089625,1395.9691037440334
320,0.00036158337279612596,0.001182463779974885,1694009046.612277,13771.45664460088
321,-8.003361665354092e-05,0.0007437515162065367,1694009046.615936,0.0012793909039145123
322,-7.992432044012787e-05,0.0007439968490036142,1694009046.6198027,0.4920574198330889
323,-8.00300734582482e-05,0.0007437594694807981,1694009046.6237655,0.017185760287436604
324,-7.996137237742396e-05,0.0007439136800689861,1694009046.6276615,0.32565411318101395
325,-4.174307699544855e-05,0.000829533044417019,1694009046.6314802,188.04011491782185
326,-4.374495349779295e-05,0.000825063731355602,1694009046.6353624,177.34723034224427
327,-7.484116811240504e-05,0.0007554059660286327,1694009046.6391532,23.588360361783305
328,-8.002840828713609e-05,0.0007437632072270217,1694009046.642983,0.02466125725038846
329,-8.003351308438766e-05,0.0007437517486836853,1694009046.6468234,0.00174433645331292
330,-7.992801734935107e-05,0.0007439885507087851,1694009046.6505432,0.47545304223419044
331,-2.068140895028492e-05,0.0008763619257575739,1694009046.654158,307.0560362813848
332,-8.003374956522258e-05,0.000743751217865074,1694009046.6577399,0.0006827196784912837
333,-8.003389775890213e-05,0.0007437508852193853,1694009046.6613307,1.744173047688843e-05
334,-8.003387663380046e-05,0.0007437509326383429,1694009046.664957,0.00011227806442380635
335,-8.003385825516851e-05,0.0007437509738920101,1694009046.6686459,0.00019478336986692376
336,-7.99355483480646e-05,0.0007439716461938861,1694009046.6722643,0.4416290104610169
337,-8.002575697663161e-05,0.0007437691585209238,1694009046.6758306,0.03656396886978653
338,0.0003626856461963479,0.001139217010930671,1694009046.6791933,15652.951120885145
339,-8.00336329813689e-05,0.0007437514795562983,1694009046.682768,0.0012060916301613962
340,-8.001960130132879e-05,0.0007437829759278092,1694009046.6863537,0.0641996232125337
341,-8.003389799826621e-05,0.0007437508846821483,1694009046.690084,1.636728836827633e-05
342,-8.003389280797357e-05,0.0007437508963329398,1694009046.6936605,3.966816433101391e-05
343,0.00017554186413981654,0.00124962842322629,1694009046.6972208,2386.3999153946183
344,-5.779029451602469e-05,0.000793644425125084,1694009046.7007868,105.12204943397992
345,-8.003388256705435e-05,0.0007437509193201075,1694009046.7043307,8.564198635814263e-05
346,5.068471486746606e-05,0.0010299029706795082,1694009046.707943,819.2694422134516
347,-8.001340638830179e-05,0.0007437968814080209,1694009046.7115602,0.09201220946989021
348,-8.003383843591116e-05,0.000743751018380201,1694009046.715126,0.00028375777086564127
349,0.00021600882639216668,0.0004660219038481461,1694009046.7182324,70676.12334840608
350,-8.003386714472427e-05,0.0007437509539381937,1694009046.7218122,0.0001548762812182996
351,-8.003384438159955e-05,0.0007437510050334328,1694009046.7253752,0.00025706478190272577
352,0.0002260456046232484,0.0013054822888173279,1694009046.7289302,3460.941467123397
353,-4.164988347632459e-05,0.0008297410410472716,1694009046.7325501,188.54040692168692
354,-8.003389070165845e-05,0.0007437509010606025,1694009046.7361786,4.912394660498249e-05
355,-7.6415151867959e-05,0.0007518733849811721,1694009046.7397983,16.3794868498857
356,-7.998629358474396e-05,0.0007438577404457192,1694009046.743389,0.21374661876010453
357,0.0003223408748451728,0.0013140472210758647,1694009046.7470117,7478.413089454289
358,-7.668712683428502e-05,0.0007512629523692693,1694009046.7506223,15.139067422440728
359,-7.117954845448082e-05,0.0007636227881753221,1694009046.7542198,40.56064149378027
360,-7.991024816211834e-05,0.000744028436443056,1694009046.7578838,0.5552644974761882
361,-8.003389913802117e-05,0.0007437508821243055,1694009046.7615154,1.125164175312935e-05
362,-8.001837079141261e-05,0.0007437857380058199,1694009046.7650845,0.06972403975481052
363,-8.003185387472911e-05,0.0007437554730481688,1694009046.7686732,0.009192953492556633
364,-7.93379656178761e-05,0.0007453130073810099,1694009046.7722714,3.1291471534328332
365,-7.989185517875974e-05,0.0007440697223731751,1694009046.7758381,0.6378845403305677
366,0.0003269640030925114,0.0013085507320429457,1694009046.779388,7835.23094089452
367,-8.00338350759322e-05,0.000743751025921946,1694009046.7829912,0.0002988409388915563
368,-8.003389047450682e-05,0.0007437509015704169,1694009046.7866657,5.0143247148165734e-05
369,-7.989608642722246e-05,0.0007440602246753247,1694009046.7903671,0.6188774481092096
370,-8.00338622439778e-05,0.0007437509649387275,1694009046.7940629,0.0001768769868520046
371,-4.655744401826922e-05,0.0008187804684035571,1694009046.7977488,162.49647928285663
372,-8.003358283059647e-05,0.0007437515921272508,1694009046.8014193,0.0014312294641419133
373,-8.003330270733855e-05,0.0007437522209092773,1694009046.8051045,0.002688770005517987
374,-7.709947989043009e-05,0.0007503374371176097,1694009046.8088086,13.26134013194912
375,4.5101682920711816e-05,0.0010183279985789273,1694009046.8124738,771.9136047874872
376,-6.585248096557805e-05,0.0007755728131656481,1694009046.8161278,65.76816645042425
377,-7.957011051940022e-05,0.0007447919263284808,1694009046.8197713,2.0842538211650687
378,-7.997926355307605e-05,0.0007438735204747804,1694009046.8233588,0.24531336181796437
379,0.00020233397202606973,0.00042619637938912103,1694009046.8264813,77947.60532895781
380,-7.629741241688137e-05,0.0007521376425839721,1694009046.8300507,16.91694784511865
381,0.0003626947328926322,0.001145474550725889,1694009046.8333995,15378.589734049998
382,-8.003383221399929e-05,0.0007437510323461405,1694009046.8369577,0.00031168919204793336
383,5.901842158417825e-05,0.0010469921186065934,1694009046.8405058,892.6764112341427
384,-3.317468369146148e-05,0.0008486304706949443,1694009046.8442028,234.9906410462723
385,-8.003382436294615e-05,0.0007437510499690436,1694009046.8477452,0.0003469341779257721
386,0.0003613781055088472,0.0010968849408862225,1694009046.851028,17540.28246977002
387,0.00018674574054000637,0.0003819934712561146,1694009046.8541112,87360.93031455566
388,-8.003357397412536e-05,0.0007437516120071264,1694009046.8576548,0.0014709883346406267
389,-8.003370291942424e-05,0.0007437513225683201,1694009046.8611758,0.0008921220563664286
390,-8.003389492050594e-05,0.0007437508915913993,1694009046.8646827,3.0185769819027524e-05
391,-7.98580365470869e-05,0.0007441456335500751,1694009046.8681858,0.7898135194701722
392,7.11072413239755e-05,0.0010713405545481614,1694009046.8716898,1005.290005175829
393,-7.1809997329364e-05,0.0007622081721594398,1694009046.8752046,37.61806885667827
394,-8.003385511190508e-05,0.0007437509809476994,1694009046.878747,0.00020889444977778524
395,0.00033470710904670575,0.0008955164399495619,1694009046.881815,27889.311290000816
396,-8.002824024622157e-05,0.0007437635844214086,1694009046.8853257,0.02541564974966467
397,-7.989896730808965e-05,0.000744053758087504,1694009046.888857,0.6059365184333709
398,-8.002040415466816e-05,0.0007437811737940336,1694009046.8923814,0.060595201698023946
399,-7.973445946007907e-05,0.0007444230211306468,1694009046.8959126,1.345177045148426
