trial,score,test_score,time,alpha
0,0,0,1694009249.666675,0
0,0.6499405854353439,0.6270099371306366,1694009250.0009995,1
1,0.6499915872076555,0.6269291329155117,1694009250.3607123,5423.679624200623
2,0.6499915872076555,0.626929295444942,1694009250.711797,48462.59085520994
3,0.6499940872945336,0.6269295121508492,1694009251.0061216,4919.776822188165
4,0.6499098343667442,0.6269591466836507,1694009251.3791516,2.03496486644523
5,0.6506348595613698,0.6281303066705518,1694009251.5918257,0.0021246298547225036
6,0.6177017151346009,0.5930486541872416,1694009251.6979773,1.3001337815686142e-05
7,0.6500138379808698,0.627139012586577,1694009252.0144277,0.20169177263162488
8,0.650157592976356,0.6272282954203188,1694009252.1332104,0.1055634560968822
9,0.649925334905388,0.626959309213081,1694009252.224903,1.6855696914008182
10,0.6499330851747098,0.6270678246960815,1694009252.316706,0.6080201301786483
11,0.6499165846013149,0.6269408350344974,1694009252.4189177,3.5773772287163306
12,0.6500608396141765,0.6269623160075426,1694009252.5155528,2.7155648303100923
13,0.6498628327334375,0.6269310020039608,1694009252.6080503,406.40192465390766
14,0.6498638327681887,0.6269289162096046,1694009252.699043,132.96757268874086
15,0.649882333411086,0.6269305685921465,1694009252.791308,15.733341199014026
16,0.6500285884934501,0.6271424257046145,1694009252.8768632,0.18235501218044767
17,0.6511013757728081,0.6281964832369448,1694009252.9284503,0.007775893077365151
18,0.6499920872250311,0.6269294037978956,1694009253.019856,54771.21965793845
19,0.6506166089271603,0.6277523986567376,1694009253.0837622,0.021764087090998543
20,0.6500695899182497,0.6276662580586494,1694009253.1326556,0.0015417381114152262
21,0.6311834336243184,0.6083944392072346,1694009253.1657887,4.550759431822198e-05
22,0.6499918372163433,0.6269296475920412,1694009253.265763,67407.07241698996
23,0.6406747634480299,0.6191075936973363,1694009253.2970872,0.00018991406480515274
24,0.6507453634013782,0.6278751083766557,1694009253.3598316,0.016645924942538155
25,0.632106715708371,0.6094805692138215,1694009253.3895276,5.1218687759726215e-05
26,0.6504136018726651,0.6279280387944748,1694009253.4370868,0.0017688841467551745
27,0.6501180916036832,0.627339411374205,1694009253.5228884,0.0863672615124981
28,0.649993587277158,0.6269289162096046,1694009253.6163008,9150.61005772141
29,0.650529855912493,0.6276609487639244,1694009253.6801865,0.028484993190928367
30,0.6499920872250311,0.6269293225331805,1694009253.7696393,70387.31078037489
31,0.6221898710980207,0.5990073894276393,1694009253.7917924,1.9378514829370006e-05
32,0.650464103627601,0.6276185014943633,1694009253.8538651,0.03287360728687181
33,0.6502430959475842,0.6273869241443455,1694009253.921416,0.06450433347833773
34,0.6499950873292848,0.626930541503908,1694009254.0105739,438.12830727669444
35,0.6499915872076555,0.626929295444942,1694009254.109882,24436.507335692022
36,0.6507641140529634,0.6278650315519738,1694009254.1672394,0.01573613108454068
37,0.6499955873466603,0.6271303985267682,1694009254.260508,0.21123181363528737
38,0.6513268836092054,0.6283239333985817,1694009254.3155203,0.005028719550876887
39,0.6498640827768766,0.6269292683567036,1694009254.4080288,1024.6106442430832
40,0.6498780832633935,0.6269357153574411,1694009254.497564,24.120597475838444
41,0.6317804543707894,0.6090264619854091,1694009254.5239272,4.862967135682749e-05
42,0.6498853335153397,0.626928184827168,1694009254.6206803,10.875388087956594
43,0.6499913371989676,0.6269296746802796,1694009254.7120614,903.1202583964861
44,0.6230339004280399,0.6000191080433621,1694009254.7401292,2.0896885555775947e-05
45,0.6499653362954363,0.6270725109613233,1694009254.8393567,0.3584909702693113
46,0.6499930872597823,0.6269287536801742,1694009254.929614,797.4903073701851
47,0.6498808333589592,0.6269083833249031,1694009255.0222874,76906.87789604416
48,0.6498918337412225,0.6269315979452054,1694009255.1159854,6.912663795047255
49,0.6246374561516013,0.6021290651082334,1694009255.14534,2.449756825796405e-05
50,0.6499728365560703,0.6270923395518266,1694009255.2445872,0.2912252824720455
51,0.6477105079401511,0.6256947489802023,1694009255.289715,0.0007615968742268912
52,0.6498793333068325,0.6269305415039081,1694009255.389154,18.64474588278668
53,0.6497695794928874,0.6274846585084658,1694009255.4317696,0.0014229118452146563
54,0.6435178622457131,0.6221408804560554,1694009255.467109,0.00032337100514254923
55,0.6499125844623102,0.6269650519196203,1694009255.5639036,2.2984923719940076
56,0.6368033789174173,0.6148985419511891,1694009255.5994039,0.00010089460449492566
57,0.6498655828290033,0.6269287265919358,1694009255.7001345,204.91998707252353
58,0.6500223382762551,0.6269197603850278,1694009255.7996757,24917.84008942394
59,0.6499925872424067,0.626929295444942,1694009255.8984094,27113.266612610965
60,0.6502938477112079,0.6274155564123265,1694009255.9617925,0.055896556000826006
61,0.6498858335327152,0.626930189356809,1694009256.04845,9.06781098273079
62,0.6498720830548862,0.6269285369742671,1694009256.1414838,41.67034755529182
63,0.6499335851920853,0.6269902168930869,1694009256.233012,1.2758644966462203
64,0.6499585860608657,0.6270731339908064,1694009256.3257751,0.5115944406026022
65,0.6168476854570697,0.5922113838267669,1694009256.3495,1.2266561931600558e-05
66,0.6316349493144886,0.6088539640833255,1694009256.374748,4.774897306337602e-05
67,0.6499898371468409,0.6271276626146906,1694009256.4602273,0.22292680094487932
68,0.6500055876941724,0.6271352473214404,1694009256.5478127,0.20650772809338216
69,0.6474487488440224,0.6254926436335556,1694009256.5870442,0.0007224983426545531
70,0.6499093343493687,0.6269627765075951,1694009256.680056,1.981769622334518
71,0.6498848334979641,0.6269286453272206,1694009256.7717319,9.791799889169013
72,0.6498655828290033,0.6269285911507438,1694009256.8756356,161.89918662313013
73,0.6508403667027429,0.6280102245097577,1694009256.927451,0.011586668089616305
74,0.6501758436105655,0.6272331171267527,1694009257.0164063,0.11065082281444935
75,0.6498623327160619,0.6269099273544914,1694009257.1174748,1689.7568083560018
76,0.649893833810725,0.626927155474109,1694009257.216328,7.4353858798604024
77,0.6498593326118083,0.6269319500923045,1694009257.3099434,116.18643708536385
78,0.6499328351660221,0.6269897293047958,1694009257.4091318,1.2759171260896762
79,0.649997087398787,0.626927290915301,1694009257.505488,1998.0971940900852
80,0.6498653328203154,0.6269287536801742,1694009257.593962,160.98303646309463
81,0.649997087398787,0.6269272638270627,1694009257.6870954,4598.5067553816625
82,0.649022803542423,0.6268178815204335,1694009257.7250957,0.001081677314417349
83,0.6510441237833015,0.6280849609594827,1694009257.7792776,0.009668264270844669
84,0.6499575860261144,0.6270709398434967,1694009257.871678,0.5728490809080711
85,0.6499490857307291,0.6270393549575309,1694009257.9627087,0.8630679297626281
86,0.649882333411086,0.626929566327326,1694009258.051089,11.933320563265536
87,0.6499953373379725,0.6269289703860813,1694009258.1440122,1546.5208173937338
88,0.649902584114798,0.6269667855668772,1694009258.2352197,1.893382610999577
89,0.6500155880416845,0.6269216836499538,1694009258.3243508,24662.742028310575
90,0.6498648328029399,0.6269286453272207,1694009258.4124084,171.33028995453068
91,0.6467269737623382,0.6249491723066862,1694009258.4481142,0.0006131548342379685
92,0.6498865835587787,0.626901069500537,1694009258.5375235,15.749042898286664
93,0.6499033341408614,0.626956546212765,1694009258.6275356,4.195984155844813
94,0.6498640827768765,0.6269284827977903,1694009258.7138562,430.57235893490844
95,0.6499930872597823,0.6269289162096046,1694009258.8032146,1165.3687072430498
96,0.6510356234879162,0.6280886449599041,1694009258.853347,0.009688399208708889
97,0.6420445610484965,0.6206772216709916,1694009258.885594,0.00024201766535380176
98,0.6500115879026795,0.626928184827168,1694009258.975907,22.593272570827367
99,0.6165869263956922,0.5919609801510662,1694009258.9970508,1.210831593803349e-05
100,0.649999837494353,0.6269280222977376,1694009259.0838873,768.8341136028553
101,0.6499423354961584,0.6270142983370178,1694009259.1700678,1.0489962275232814
102,0.6499953373379725,0.6269290516507965,1694009259.256837,93580.77022377242
103,0.6499925872424067,0.6269294037978956,1694009259.3470118,69247.87865597289
104,0.6504346026024403,0.6279378989132496,1694009259.3924096,0.0018654613946510435
105,0.6499935872771578,0.6269313270628215,1694009259.4877067,3159.1693109915013
106,0.649881083367647,0.626908654207287,1694009259.583977,1343.3072428337462
107,0.6507688642180316,0.6282170161216464,1694009259.631591,0.0022979665492892896
108,0.6498713330288228,0.6269282390036448,1694009259.7261825,37.028229094525116
109,0.6499923372337189,0.6269295934155643,1694009259.8236873,59116.67720166826
110,0.6498653328203154,0.6269284286213135,1694009259.9464016,206.86410951295989
111,0.6362133584142049,0.6141698412501916,1694009259.9814043,9.042397884931479e-05
112,0.6499358352702757,0.6270110206601723,1694009260.0795786,1.0140539461868696
113,0.6499665863388753,0.627076005344076,1694009260.170903,0.4203400633808354
114,0.6141948432708038,0.589235605398155,1694009260.1938374,1.0172762245675294e-05
115,0.6499955873466603,0.6269275347094465,1694009260.2824633,77515.65204995024
116,0.6500250883718209,0.626923363120734,1694009260.3726482,5973.0948575977745
117,0.6499798367993288,0.6275402164854089,1694009260.4147034,0.001486317287565653
118,0.6500158380503722,0.6269456567409312,1694009260.5075898,11.318138735463595
119,0.6499575860261144,0.6270674725489824,1694009260.602389,0.5242412679604755
120,0.6503425994053293,0.6275597471052898,1694009260.6687026,0.039002203855742455
121,0.6499250848967002,0.6269666772139237,1694009260.763965,1.9630190901297762
122,0.6499013340713591,0.6269536748594953,1694009260.853228,4.448679379219075
123,0.6500223382762551,0.626919760385028,1694009260.942348,2165.160086359954
124,0.6306041634946815,0.6077758251070643,1694009260.9673598,4.247498408842971e-05
125,0.6498853335153396,0.6269302435332857,1694009261.0555422,11.57887142881559
126,0.6499443355656609,0.6270177385432937,1694009261.1447763,1.0867444962396686
127,0.6445713988561104,0.6230773479455236,1694009261.1757803,0.0004008546522001509
128,0.6427588358695465,0.6215611921544552,1694009261.207753,0.0002847441337369856
129,0.64987733323733,0.6269329794453635,1694009261.2969575,23.900589907699413
130,0.6499923372337189,0.6269296746802796,1694009261.3837895,6746.234039641233
131,0.623268408577198,0.6003414039037565,1694009261.4057927,2.1313663679075903e-05
132,0.6500453390755329,0.6271270124969691,1694009261.4892466,0.19064218840267663
133,0.6498640827768765,0.6269296746802795,1694009261.57735,6010.778614962255
134,0.649937835339778,0.6270699375786761,1694009261.6654978,0.5821981148341827
135,0.6503183485626126,0.6274721166540901,1694009261.7292714,0.047392036954874796
136,0.6509133692395811,0.6283038610139328,1694009261.7735093,0.002549778874611506
137,0.6272422966698094,0.6046186096576993,1694009261.7997708,3.0361118832837186e-05
138,0.6462429569427537,0.6245929619718243,1694009261.8405347,0.000564504998868342
139,0.6499065842538028,0.6269489344177767,1694009261.9381316,3.696190331450977
140,0.6499100843754321,0.6269630473899792,1694009262.0331492,1.999193493715468
141,0.6499280850009537,0.6269363654751625,1694009262.1268117,2.76831500149263
142,0.6510158728015798,0.6280768344879649,1694009262.1889122,0.009784248765907234
143,0.6499928372510945,0.6269292683567036,1694009262.2903297,4510.662281081237
144,0.649996087364036,0.6269274534447313,1694009262.3871422,2947.5788760098935
145,0.6499630862172461,0.6270786058149618,1694009262.4864988,0.4539454488321913
146,0.649879833324208,0.6269077332071815,1694009262.5896444,326.273624804322
147,0.649996087364036,0.6269286995036973,1694009262.6907175,685.0254831358653
148,0.6503060981369102,0.6274674574770865,1694009262.773117,0.047969863790282674
149,0.6465334670379795,0.624767735285933,1694009262.8203712,0.0005931042094079408
150,0.6512806320019621,0.6282912378948419,1694009262.8786883,0.0033783530778023637
151,0.6507948651215629,0.6282515536255968,1694009262.926101,0.00234914917155481
152,0.6500948407957177,0.6273414700803228,1694009263.007921,0.0829765967579666
153,0.6162824158139495,0.5915782233425797,1694009263.0359251,1.180494845503455e-05
154,0.6511321268414078,0.628258190244003,1694009263.0916877,0.006440335625628701
155,0.6499163345926271,0.6269621263898738,1694009263.1839314,2.348016635138432
156,0.650018588145938,0.6271498749701725,1694009263.2698984,0.17005642181671787
157,0.6499338352007733,0.6269673273316452,1694009263.3761652,2.0809576671975005
158,0.6498648328029399,0.6269291058272732,1694009263.4826105,251.636477788292
159,0.6498800833328959,0.6269087625602405,1694009263.5867567,20518.915087096135
160,0.6507108622024615,0.627821988341168,1694009263.6447809,0.018195773606682206
161,0.6512916323842253,0.6283145066916211,1694009263.6985528,0.005078497232471213
162,0.6499383353571537,0.6270695312551002,1694009263.797354,0.5784144309664597
163,0.6498855835240275,0.626930189356809,1694009263.9057424,12.478491924678389
164,0.6476495058203273,0.6256237507073755,1694009263.9605742,0.0007455973266378565
165,0.621973613583072,0.5987809317546777,1694009264.0122733,1.9052573903414425e-05
166,0.6490710552191689,0.6268258996389977,1694009264.126993,0.0010963153630795027
167,0.6509923719849264,0.6282805922171536,1694009264.2727394,0.002825176664834836
168,0.6500065877289236,0.6271293149972325,1694009264.5399973,0.23083710752410228
169,0.6498778332547057,0.6269322751511652,1694009264.7966487,20.384141311622734
170,0.6509936220283655,0.6280876426950837,1694009264.9522214,0.010333231634946849
171,0.6500065877289236,0.6269037241478995,1694009265.1788425,56894.086989999254
172,0.6499890871207774,0.6269326272982643,1694009265.4483652,5146.161527096141
173,0.650011087885304,0.6269275888859234,1694009265.7409577,16.11834005270468
174,0.6505578568855268,0.6277303217424477,1694009265.936356,0.023926035482443576
175,0.6456059348062345,0.6241148545641962,1694009266.0500767,0.0004980994356031108
176,0.6499993374769772,0.6269258281504279,1694009266.2977715,39.564120189372865
177,0.6498625827247496,0.6269287807684126,1694009266.537579,142.7219260050685
178,0.631247185839708,0.6084566879790606,1694009266.6099179,4.581494482951619e-05
179,0.6499868370425872,0.6269149386785939,1694009266.803257,563.8480769835874
180,0.6499918372163432,0.6269289432978429,1694009266.9549239,7696.408510503123
181,0.6498790832981446,0.6269310290921992,1694009267.1186116,21.00089139609343
182,0.6498638327681887,0.6269283744448366,1694009267.2412665,108.02522992698542
183,0.6499925872424067,0.6269293496214188,1694009267.4593644,4309.65227640347
184,0.6499935872771578,0.6269298642979483,1694009267.6778967,30707.120897753957
185,0.6504606035059718,0.62761703872949,1694009267.8400996,0.03301902301925223
186,0.6297738846424913,0.6070783571449332,1694009267.9387238,3.908571383624756e-05
187,0.6507936150781239,0.6279187746169446,1694009268.048042,0.012869181153115989
188,0.6457196887591844,0.6241903765728345,1694009268.1592717,0.0005111045579203782
189,0.6502890975461397,0.6274223013836862,1694009268.4440932,0.05501579585466826
190,0.64992283481851,0.6270030838063233,1694009268.7504365,1.0957470732601198
191,0.6499930872597822,0.6269291329155118,1694009269.083074,803.3763263559815
192,0.6500230883023185,0.6269253134738983,1694009269.392359,33482.586619651935
193,0.6510933754947985,0.6282028218847286,1694009269.5670335,0.007910580256235769
194,0.649992337233719,0.6269293225331805,1694009270.0427036,33123.860280239256
195,0.6472279911726933,0.6253278387911755,1694009270.216403,0.000692536472165138
196,0.6499695864431289,0.6271130891424354,1694009270.4749284,0.2515437516995904
197,0.6470632354474318,0.6252230885733115,1694009270.6385202,0.0006683359063640335
198,0.6514093864761801,0.6283560600493152,1694009270.858812,0.0040411937574636216
199,0.6192382685298314,0.5952056364339624,1694009270.966936,1.4861716684365875e-05
200,0.6510608743653843,0.6282473820368843,1694009271.1611643,0.0029026599779097906
201,0.6501335921423269,0.627356314434962,1694009271.53119,0.07330252186594252
202,0.6499425855048463,0.6270138920134419,1694009272.0227323,0.9368725522437237
203,0.6508646175454597,0.628053782397093,1694009272.2090282,0.01084962731109967
204,0.6181664812852247,0.5936485503146827,1694009272.3284516,1.3502387764990499e-05
205,0.6499925872424067,0.6269314354157751,1694009272.7334592,5868.1510027008435
206,0.6507791145742314,0.6282195082395785,1694009272.9877243,0.002295887830999723
207,0.6500800902831374,0.6276652557938288,1694009273.203334,0.0015453069420872806
208,0.6152566301678983,0.590423939328197,1694009273.3162074,1.100656969257678e-05
209,0.651417136745502,0.6283524302253706,1694009273.4803307,0.003983908504347068
210,0.6512518810028649,0.6283032650726882,1694009273.585727,0.005622442076344977
211,0.6498953338628517,0.6269378282400357,1694009273.7032585,5.42268758110379
212,0.6499005840452956,0.6269823071274763,1694009273.80898,1.5998008744675627
213,0.6499938372858457,0.6269309207392456,1694009273.8978608,982.4208210604963
214,0.6499933372684701,0.6269289432978429,1694009273.990539,607.358491411038
215,0.6499923372337189,0.6269295934155643,1694009274.0844872,19988.829090335235
216,0.6499225848098221,0.6269704695672987,1694009274.1765153,1.8075873179059356
217,0.6499915872076555,0.6269292683567036,1694009274.2728128,22365.190127688657
218,0.6498793333068325,0.62690692056003,1694009274.36648,1457.6377656586449
219,0.647826511971291,0.6257785058133121,1694009274.4036298,0.0007789289845007351
220,0.6500248383631331,0.6269204375909877,1694009274.4949737,94.39551497081561
221,0.6499960873640359,0.6269282660918831,1694009274.5857313,14116.142025279052
222,0.6498808333589592,0.6269088438249557,1694009274.6783068,10727.89200851074
223,0.649992087225031,0.6269294037978956,1694009274.7653224,4140.095445751546
224,0.6498778332547056,0.6269021259418344,1694009274.8569674,29.947733456745915
225,0.649997087398787,0.6269273721800162,1694009274.9517992,39849.81004218648
226,0.651173378274895,0.6282678878333475,1694009274.9984834,0.003163498886690381
227,0.649863582759501,0.626928943297843,1694009275.0947309,94.1325813434379
228,0.6401404948821972,0.6183972046454921,1694009275.1260417,0.00017231299529951635
229,0.6498718330461983,0.6269284557095519,1694009275.2211614,42.43020903557061
230,0.6498613326813107,0.6269305144156697,1694009275.3223894,124.85565366606288
231,0.6499960873640359,0.626925909415143,1694009275.4283566,52.461878839538265
232,0.6499360852789635,0.6270144879546866,1694009275.5217564,0.9583052325930095
233,0.6500973408825957,0.6272037805645736,1694009275.6027281,0.13002006857964016
234,0.6498745831417642,0.6269084645896181,1694009275.702452,4642.927966917038
235,0.6499660863214997,0.6270708856670199,1694009275.7998462,0.4982954845576791
236,0.6508083655907043,0.6278977270557136,1694009275.8619258,0.015073623232790642
237,0.6267945311099561,0.6043688019232433,1694009275.8992198,2.9605437039678612e-05
238,0.6498750831591398,0.6269070560012218,1694009276.0185797,39.0150064912074
239,0.649987087051275,0.6269349297985276,1694009276.147657,359.48298494742926
240,0.6499435855395975,0.6270175489256249,1694009276.2510014,1.0932777167032968
241,0.6498653328203154,0.626928536974267,1694009276.3889527,197.0921178229484
242,0.6500008375291041,0.6269284827977903,1694009276.5276947,24.93946112751837
243,0.6499413354614072,0.6270143525134946,1694009276.6625273,1.0515679751386868
244,0.6477160081312826,0.6256987038630076,1694009276.7092464,0.0007637024876460726
245,0.6503575999265975,0.6275957202858752,1694009276.7890663,0.03733502615446863
246,0.6500138379808699,0.6269265053563877,1694009276.9484382,198.25473779617025
247,0.6498653328203156,0.6269294850626108,1694009277.1006763,320.36318395795666
248,0.6283965867813907,0.6057678823479792,1694009277.1491168,3.398387584909443e-05
249,0.6500205882154404,0.6271405837044038,1694009277.2400074,0.19114303174858477
250,0.6500143379982454,0.6269280764742144,1694009277.3373485,12.322649430059885
251,0.6498653328203154,0.6269284557095518,1694009277.4325814,210.28510062895793
252,0.6501513427591609,0.6272819030440977,1694009277.514482,0.09810160149073394
253,0.6499140845144369,0.6269520766534302,1694009277.6080217,2.7812461559805777
254,0.6502653467207985,0.6273900663799991,1694009277.6816704,0.06101611330710539
255,0.6505513566596439,0.6276929128852275,1694009277.7481818,0.02516614149188375
256,0.6507061120373933,0.6278116677223404,1694009277.8041177,0.018290894249207462
257,0.6499928372510945,0.6269291058272733,1694009277.8981636,1607.9137002267012
258,0.6332610058199523,0.6107863306572953,1694009277.9382143,5.93824378548449e-05
259,0.6239669328509165,0.6012438756540421,1694009277.9668758,2.3102533045343298e-05
260,0.6499955873466603,0.6269283473565983,1694009278.064164,70.90588411792363
261,0.6503651001872315,0.6275274308368876,1694009278.136696,0.04265191233251753
262,0.6499928372510945,0.6269295121508491,1694009278.2504847,25333.978453963915
263,0.6457191887418087,0.6241743132474677,1694009278.3135917,0.0005072007579411974
264,0.6501078412474833,0.6272010175642576,1694009278.4263926,0.13081583734924818
265,0.6501168415602442,0.6272804402792245,1694009278.5317996,0.09675771901351593
266,0.6499333351833976,0.6269896480400806,1694009278.6479015,1.2756589109209961
267,0.6442128863978023,0.6227507450552249,1694009278.7000177,0.0003707599394825923
268,0.6499933372684701,0.6269315708569669,1694009278.8106651,67090.66827369572
269,0.6500108378766162,0.6269286995036975,1694009278.901108,21.258163590570366
270,0.6499960873640359,0.6269274805329698,1694009278.9899511,19801.067949966666
271,0.6498775832460179,0.626932600210026,1694009279.0798507,24.949100415044743
272,0.6500085877984261,0.6269289162096046,1694009279.1700416,22.85500417059074
273,0.6498848334979641,0.6269272096505858,1694009279.2660313,10.232700772659937
274,0.6510488739483697,0.6282413684479613,1694009279.313205,0.0028983923231861238
275,0.6511603778231294,0.628198352325394,1694009279.3675487,0.007358706845699842
276,0.6452844236337212,0.6238265815312227,1694009279.4013956,0.0004659373098790734
277,0.6499988374596017,0.6269277514153537,1694009279.4908838,118.904443878702
278,0.6499923372337189,0.6269289703860813,1694009279.5770755,3642.3542364895798
279,0.6501063411953566,0.6276971928268936,1694009279.617749,0.0015648020725894888
280,0.6304849093506,0.6076391920326123,1694009279.6443548,4.17669699847248e-05
281,0.6501963443229652,0.6272418124512767,1694009279.7265513,0.10828904237736336
282,0.6499925872424066,0.6269295392390876,1694009279.817525,45405.07023249386
283,0.6426393317167771,0.6214947717939167,1694009279.855398,0.0002794329052371051
284,0.6499060842364273,0.6269492053001606,1694009279.947071,3.5870641312268425
285,0.6499970873987871,0.6269286995036975,1694009280.0392528,583.3679283873167
286,0.6485752879912577,0.6262242427760611,1694009280.0782328,0.0008893940322076741
287,0.6503616000656023,0.6275619141643612,1694009280.1309726,0.030718857599662672
288,0.6502403458520184,0.6278349906955965,1694009280.174586,0.0016855217289342113
289,0.6499613361564314,0.6270770617853734,1694009280.2615726,0.4669648217530825
290,0.6499933372684701,0.6269314083275367,1694009280.3500538,22458.4078170386
291,0.6500113378939918,0.6269288891213662,1694009280.4436529,20.5206832579681
292,0.6381814268045815,0.6164568199529581,1694009280.475609,0.00012745155325686035
293,0.6505531067204585,0.627680587736759,1694009280.5472057,0.02677487909212954
294,0.6498643327855642,0.6269282119154063,1694009280.6526403,109.02549679171007
295,0.6498638327681887,0.6269298101214715,1694009280.7525787,88162.57679314938
296,0.6503836008301288,0.6275340674552937,1694009280.8264832,0.041688381881831556
297,0.6499020840974223,0.62698173827447,1694009280.9288826,1.5472208008140393
298,0.6503188485799882,0.6279127610280214,1694009280.9808116,0.001731022052773792
299,0.6505086051740299,0.62764366646783,1694009281.0513086,0.02983322769931857
300,0.6412402830998377,0.619850244841106,1694009281.1020885,0.00021339819519562887
301,0.6472444917460882,0.6253664937073615,1694009281.178111,0.0006987499435804932
302,0.6510266231751554,0.6280545137795295,1694009281.2443027,0.00975243665045271
303,0.6272755478252869,0.6047100053740355,1694009281.2853434,3.060663196294619e-05
304,0.6512116296041287,0.6282685650393073,1694009281.35939,0.00599774372663436
305,0.634001031535846,0.6118203699814535,1694009281.4076715,6.77791569032487e-05
306,0.6223118753376681,0.59914269517841,1694009281.4640453,1.9564477819923355e-05
307,0.6499918372163433,0.6269284557095519,1694009281.597518,44281.85641026957
308,0.6507103621850858,0.6278188461055144,1694009281.669473,0.01836420706163824
309,0.6499953373379725,0.6269279139447841,1694009281.7754295,76.74632566382145
310,0.6511253766068371,0.6282668313920502,1694009281.83109,0.006268355467729957
311,0.6499690864257532,0.6271126557306211,1694009281.9225032,0.2528093940841543
312,0.6500298385368891,0.6269207897380868,1694009282.0164273,1558.9325947350676
313,0.650013587972182,0.6269271283858706,1694009282.1237602,860.345007717091
314,0.6499223348011344,0.6269711196850202,1694009282.2318237,1.8208629196107466
315,0.6504203521072358,0.6276052011693125,1694009282.3564527,0.03453945215917297
316,0.6507188624804712,0.6278521375504988,1694009282.4452999,0.017866732273665482
317,0.6499925872424066,0.6269306498568616,1694009282.5704532,6772.268592843719
318,0.6383854338938278,0.6167099324524978,1694009282.6325474,0.00013168935203317962
319,0.650215594991926,0.6273785809669206,1694009282.729488,0.06731704859098331
320,0.6251644744654877,0.6025834161307914,1694009282.7632291,2.556216707437968e-05
321,0.6498768332199545,0.6269329252688867,1694009282.8788295,21.966029712707982
322,0.6499920872250311,0.6269294579743724,1694009282.9892411,26412.295176648713
323,0.6498970839236664,0.6269547313007926,1694009283.1103992,4.8865737805222595
324,0.6503585999613486,0.62752317798346,1694009283.195943,0.04288021750758882
325,0.6507673641659047,0.6279222689996973,1694009283.2626166,0.013459712868466443
326,0.6498618326986862,0.6269304331509546,1694009283.3879218,107.33936885363892
327,0.6430918474416987,0.6217823405326919,1694009283.444069,0.0002986467364496043
328,0.6498655828290033,0.6269287807684125,1694009283.5706742,162.56582584711097
329,0.6448664091077165,0.6233711469791292,1694009283.618311,0.0004261102553157481
330,0.6511108761029446,0.6282664250684743,1694009283.6846504,0.006217612933124276
331,0.6500223382762551,0.626919624943836,1694009283.787768,52697.63284125384
332,0.6506283593354869,0.627792245455413,1694009283.8663456,0.02049475843958678
333,0.6499963373727238,0.6269272096505858,1694009283.9856036,40864.56820337614
334,0.6500223382762551,0.626919624943836,1694009284.114183,9818.064391720924
335,0.6477947608679402,0.6257601941641587,1694009284.164239,0.000774454883036621
336,0.6238269279857476,0.600967006769432,1694009284.2181582,2.2468798164217766e-05
337,0.6502885975287641,0.6274223284719246,1694009284.3295693,0.055030233801626
338,0.6498638327681887,0.6269284557095519,1694009284.4454732,84.53851374976668
339,0.6500218382588796,0.6269201667086037,1694009284.5519867,31983.19146441134
340,0.6503488496225244,0.6275868895201593,1694009284.621083,0.037889503105401366
341,0.6502890975461397,0.6274559991522465,1694009284.6907306,0.04855356531643832
342,0.6420505612570037,0.6207104860277377,1694009284.7351272,0.00024355158716081143
343,0.6499968373900993,0.6269286453272207,1694009284.8520703,367.3885926037707
344,0.6499553359479242,0.627076763814751,1694009285.0116541,0.4821982278462902
345,0.6499525858523584,0.6270607817540994,1694009285.2093554,0.6542774867392442
346,0.6476842570279316,0.6256770874487703,1694009285.3072171,0.0007560399051806841
347,0.6287178479452161,0.6060246246714638,1694009285.4062834,3.5012383733925965e-05
348,0.6499953373379725,0.6269275888859234,1694009285.5965455,73.33725872562309
349,0.6499550859392365,0.6270559871359039,1694009285.8674407,0.6764347401786003
350,0.6500158380503722,0.6269217378264305,1694009286.0908868,1877.2000272066343
351,0.6219613631573697,0.5987113420702473,1694009286.1883974,1.8956609544084545e-05
352,0.6500223382762551,0.6269197332967895,1694009286.4338348,2119.7006581145006
353,0.6498793333068325,0.6269068663835531,1694009286.6183498,2478.4963429692616
354,0.6512086294998751,0.6282669939214806,1694009286.7373118,0.005930749125906057
355,0.650652110160828,0.6278018888682808,1694009286.8404977,0.020147518436318852
356,0.6498653328203154,0.6269287265919358,1694009286.99325,181.54764559568238
357,0.6498658328376912,0.6269288349448894,1694009287.1523252,240.53469562830878
358,0.6499930872597822,0.626929214180227,1694009287.343898,884.285160402809
359,0.6341517867745905,0.6119535899378681,1694009287.439899,6.915501766572199e-05
360,0.6500003375117286,0.6270882763160678,1694009287.6085086,0.3648992653335713
361,0.6499940872945336,0.6269294579743724,1694009287.8022847,3219.496046829126
362,0.6499923372337189,0.6269288078566511,1694009287.9701889,77986.77417528497
363,0.6498648328029399,0.6269285640625055,1694009288.1474876,172.32135399469993
364,0.6500178381198747,0.6269259365033814,1694009288.315671,1207.5716834246628
365,0.6384484360831539,0.6168390349966767,1694009288.4091687,0.00013284719655605164
366,0.6498635827595008,0.6269297559449947,1694009288.5959063,62941.71375098167
367,0.6507118622372128,0.6278473971087801,1694009288.762232,0.017956760971443574
368,0.6465992193228715,0.6248561242078079,1694009288.889933,0.0006041547923118732
369,0.6498708330114471,0.6269284015330752,1694009289.1283948,50.36790456260862
370,0.6160366572738403,0.5913382215504219,1694009289.227032,1.1639985307756646e-05
371,0.6500565894664839,0.6271882860922131,1694009289.4718165,0.16510945818576725
372,0.6498798333242081,0.6269074081483209,1694009289.758466,92.10061486264283
373,0.6153773843641067,0.5905354074291823,1694009289.8463464,1.1104291243429485e-05
374,0.6507606139313341,0.6278809052596719,1694009289.9784317,0.01741814169472571
375,0.6422920696494203,0.6211735594630581,1694009290.0927331,0.00026696202700902526
376,0.6394812219724636,0.617879440056857,1694009290.2232177,0.0001569050333777719
377,0.6499925872424067,0.6269293225331805,1694009290.405451,24720.47689748499
378,0.632728737323622,0.6101744344402463,1694009290.4855616,5.5560483101588034e-05
379,0.6499525858523584,0.6270699917551529,1694009290.7134833,0.5574984399316133
380,0.6505736074328583,0.627721301359063,1694009290.820675,0.023200288925692685
381,0.6500223382762551,0.6269197332967895,1694009291.1009464,21305.962784690648
382,0.6498853335153396,0.6269320855334964,1694009291.4161403,6.704667175733775
383,0.6498790832981446,0.6269075165012744,1694009291.6576958,62.68001022226007
384,0.6499663363301875,0.6270756802852153,1694009291.987422,0.4200422865257317
385,0.649878583280769,0.626908383324903,1694009292.2625947,45.54028545250838
386,0.6308816731381415,0.6081039449387129,1694009292.3529618,4.39254836762383e-05
387,0.6499275849835782,0.6269744515383424,1694009292.5036688,1.7757645746291864
388,0.6499975874161626,0.6269273721800162,1694009292.8087802,4886.595283308324
389,0.6499115844275589,0.6269637516841774,1694009293.0658407,1.9455314858189694
390,0.6501623431414243,0.6272428959808124,1694009293.399828,0.10340987119559536
391,0.6351515715171102,0.6130273135312713,1694009293.5534909,7.937073323352569e-05
392,0.650022588284943,0.6269234172972109,1694009294.1124861,33.71048274776263
393,0.6498720830548862,0.6269284286213135,1694009294.5163677,69.54079997187334
394,0.6498645827942521,0.6269281035624528,1694009294.6876771,96.35893079605314
395,0.6510733747997743,0.628265233185985,1694009294.7443426,0.0029200030808730617
396,0.6501125914125516,0.6272035638586665,1694009294.8452215,0.1196027150407682
397,0.6499288350270171,0.6270667682547841,1694009294.9398947,0.5912886624975955
398,0.6511081260073787,0.6282337295647346,1694009295.0057356,0.006670647174206745
399,0.6500963408478445,0.6273405490802175,1694009295.102619,0.08279947411983668
