trial,score,test_score,time,alpha
0,0,0,1694009245.3389192,0
0,3.5999118575213984e-05,-0.0001751091257822246,1694009245.3437617,1
1,3.5922065848126294e-05,-0.00017559858395421735,1694009245.3477097,0.00034803941002622453
2,5.178492138047108e-05,-6.646642059493502e-05,1694009245.3513935,251.47624397967834
3,3.592237047778113e-05,-0.00017559664952848664,1694009245.3550448,0.004296849592536916
4,3.608949511058057e-05,-0.00017453460542649069,1694009245.3587484,2.174672856539461
5,3.592204007762945e-05,-0.00017559874759842664,1694009245.3624609,1.3987806789170183e-05
6,8.137385509432438e-05,0.00039297533262916406,1694009245.3659177,15398.204425644191
7,8.538175365979672e-05,0.0004349856374785688,1694009245.3696773,10165.963385227595
8,3.5922040663938226e-05,-0.0001755987438751827,1694009245.373378,2.1588092798973222e-05
9,6.213881645922292e-05,0.00023895093395731593,1694009245.3765893,37110.20579598412
10,3.592205717051211e-05,-0.00017559863905747264,1694009245.3802698,0.00023555548074489385
11,3.592257060291981e-05,-0.0001755953787117015,1694009245.3839219,0.006891020304616538
12,3.680088881174992e-05,-0.0001699961063188482,1694009245.387604,11.503548916769502
13,7.002365584674042e-05,0.00029522837080753206,1694009245.3910298,27685.435566902357
14,8.711260425431355e-05,0.00038484104714742173,1694009245.3946843,3367.8707114014096
15,3.59220398110649e-05,-0.00017559874929040653,1694009245.398329,1.0533976257929402e-05
16,3.604763263587163e-05,-0.0001748007809079244,1694009245.402028,1.6302727605977934
17,3.617699446101241e-05,-0.0001739779359584137,1694009245.4056938,3.3141818351955354
18,3.59770967776063e-05,-0.00017524904782506567,1694009245.4093397,0.7141248348406738
19,6.160947772637648e-05,1.279846112411942e-05,1694009245.412995,480.11087207218355
20,3.592207022151683e-05,-0.00017559855618198839,1694009245.4166453,0.00040473198896492414
21,6.0209043304615406e-05,7.403414259421481e-07,1694009245.4204154,442.1855062647543
22,3.592204024427392e-05,-0.0001755987465403841,1694009245.4240463,1.614722807186627e-05
23,3.5922056352832854e-05,-0.00017559864424909755,1694009245.4277222,0.00022495817686623963
24,3.592205021973882e-05,-0.00017559868319527716,1694009245.4313905,0.00014545550886576898
25,3.592300789811986e-05,-0.00017559260183297454,1694009245.4350817,0.012559601062903747
26,3.975012571211245e-05,-0.0001508626675728042,1694009245.438809,51.823465581570204
27,3.596179616527362e-05,-0.00017534624875104043,1694009245.4425197,0.515582042315646
28,8.041231124067405e-05,0.00022349749676475739,1694009245.446209,1451.0520144890534
29,3.592264597573891e-05,-0.00017559490008456358,1694009245.449905,0.007868063120028699
30,4.983476507414153e-05,-8.094190926888345e-05,1694009245.453626,214.41727687855263
31,4.342744488228245e-05,-0.00012623155025837107,1694009245.457327,106.22422043669152
32,3.592349444203613e-05,-0.0001755895122061979,1694009245.461012,0.01886664868883853
33,3.592375206651344e-05,-0.00017558787624549765,1694009245.464701,0.022206253386312578
34,4.76276519170149e-05,0.000148903233227915,1694009245.4679341,60336.5939378319
35,3.7260697449248426e-05,-0.00016704717278037684,1694009245.4716797,17.612504511100962
36,6.637898252093155e-05,0.0002683082899970213,1694009245.474883,31851.892916622513
37,6.134884996744638e-05,1.0531972006622148e-05,1694009245.4785724,472.886053876929
38,8.289598878297166e-05,0.0002667768610385979,1694009245.4822624,1778.6583362070996
39,3.5931027092317436e-05,-0.00017554167704503243,1694009245.4859712,0.11652068204329422
40,3.594717357657817e-05,-0.00017543913006079492,1694009245.489693,0.3258998152094767
41,3.592986583755842e-05,-0.00017554905165773071,1694009245.493394,0.10146500325016006
42,3.621350180549321e-05,8.580602309260499e-05,1694009245.4966526,89409.07532220184
43,3.592208501868033e-05,-0.0001755984622182627,1694009245.5003753,0.0005965430074702703
44,5.8351238447107434e-05,0.00021407515343674355,1694009245.5036132,42263.847466424486
45,3.593405480217804e-05,-0.00017552244905116865,1694009245.5073187,0.1557767728705729
46,3.593545947333521e-05,-0.00017551352827016586,1694009245.5110288,0.17399007107025313
47,3.595504846998221e-05,-0.00017538911097103593,1694009245.514718,0.42804427937928013
48,3.592625129444915e-05,-0.00017557200552631436,1694009245.5184052,0.05460488392352514
49,3.595689054691764e-05,-0.00017537741011808272,1694009245.5222251,0.4519402294073861
50,3.5922040732327964e-05,-0.0001755987434410855,1694009245.5258675,2.2474115822310573e-05
51,3.592204436930757e-05,-0.0001755987203460041,1694009245.5295103,6.961882630889376e-05
52,4.96735524599945e-05,-8.212295578724493e-05,1694009245.5331295,211.44965525721832
53,3.766335824528788e-05,-0.00016445461444436482,1694009245.5367732,23.014414905958006
54,3.592204046554137e-05,-0.00017559874513595197,1694009245.5404446,1.9014192596958826e-05
55,3.592281346809223e-05,-0.0001755938364880194,1694009245.5441039,0.010039234488088139
56,3.592216368863976e-05,-0.0001755979626576476,1694009245.547784,0.0016163120409719612
57,3.592204173696878e-05,-0.00017559873706129991,1694009245.5514379,3.549767700323839e-05
58,3.605360373859501e-05,-0.00017476282070250093,1694009245.5550966,1.7078931936986548
59,3.593328376350069e-05,-0.00017552734571557593,1694009245.5587668,0.14577953914261396
60,3.592204134006405e-05,-0.00017559873958195027,1694009245.5624352,3.035201290910482e-05
61,3.632886095972232e-05,-0.0001730107344968257,1694009245.5661275,5.297185179348617
62,7.602671105944037e-05,0.00016161015917814936,1694009245.569817,1084.342566955501
63,3.5922049550163315e-05,-0.00017559868744632112,1694009245.573551,0.000136778298034183
64,3.592249448713947e-05,-0.00017559586205506683,1694009245.5771828,0.005904350685512378
65,3.7892342713119476e-05,-0.00016297601549997154,1694009245.580862,26.10843962101429
66,3.5987257236191894e-05,-0.0001751844937198932,1694009245.5845094,0.8460052426843813
67,3.601166625477603e-05,-0.00017502938815705527,1694009245.5881848,1.1629492332301257
68,3.595377546383727e-05,-0.00017539719698156375,1694009245.592058,0.41153104277474867
69,8.615630883879177e-05,0.00044204628727262385,1694009245.5957305,8859.939152306768
70,3.67947878484598e-05,-0.00017003515193225738,1694009245.599402,11.422914637395454
71,3.674787795093781e-05,-0.00017033529942800385,1694009245.6030653,10.803289934538046
72,3.594321894828667e-05,-0.00017546424742098665,1694009245.6067407,0.2746113997981816
73,3.5970740545177016e-05,-0.00017528942896483102,1694009245.6104212,0.6316373942982719
74,8.674953917475747e-05,0.00044539384375652524,1694009245.6141062,7664.348999254376
75,3.592213282221923e-05,-0.00017559815866285966,1694009245.6178102,0.001216199679424212
76,6.981961498764289e-05,0.00029368231131954303,1694009245.6212542,27913.52099311228
77,3.592204318636494e-05,-0.00017559872785644082,1694009245.6249626,5.428757463254579e-05
78,3.660681012329636e-05,-0.0001712371432733839,1694009245.6286886,8.943851224125272
79,3.592204057911719e-05,-0.00017559874441408496,1694009245.6324072,2.048852568452083e-05
80,3.926021691458281e-05,-0.00015407763162356147,1694009245.6361065,44.933921815957646
81,3.771059053492287e-05,-0.00016414988041080214,1694009245.6408393,23.651296436630435
82,8.750076561969689e-05,0.0004139439666889233,1694009245.644583,4213.583677355824
83,7.147192682688264e-05,0.00030636983660958794,1694009245.6480489,26084.176090020654
84,3.594409225515793e-05,-0.00017545870079072046,1694009245.6517575,0.28593711705095365
85,3.962596311335442e-05,-0.00015167888956524322,1694009245.6554437,50.06985392246287
86,7.946391607616121e-05,0.0003745210515377906,1694009245.6589043,17510.84066553867
87,3.711274361062333e-05,-0.0001679973983632621,1694009245.662643,15.639925056641319
88,3.59233366518108e-05,-0.00017559051419890892,1694009245.6664112,0.016821213656333472
89,3.592324699264182e-05,-0.00017559108354725517,1694009245.6701527,0.015658967016740015
90,3.592267268048843e-05,-0.0001755947305071004,1694009245.6740072,0.00821422983073278
91,6.183022669525862e-05,0.00023688012555811433,1694009245.6772819,37512.34702524896
92,3.593088707110059e-05,-0.00017554256626151066,1694009245.6810348,0.11470528534074083
93,6.866976619968046e-05,0.000285072412684384,1694009245.6845636,29211.7936145276
94,8.734507478436182e-05,0.0003991988880996944,1694009245.6884797,3731.6902541648183
95,4.1526854881568376e-05,-0.00013907458508777282,1694009245.6929886,77.4955313428738
96,3.5922039830715846e-05,-0.00017559874916650564,1694009245.6970737,1.0786478633250402e-05
97,8.54718528203735e-05,0.00043587765817754143,1694009245.701113,10023.860096742623
98,8.10172966375644e-05,0.0003894561670088059,1694009245.7049222,15799.695228556388
99,3.592203988234122e-05,-0.00017559874883810167,1694009245.7086365,1.1457597422535205e-05
100,3.794849384919363e-05,-0.00016261296068842412,1694009245.7124074,26.869617514907148
101,3.592752746595096e-05,-0.00017556390138451228,1694009245.7162356,0.07114916415142215
102,3.661609577843006e-05,-0.00017117781537279164,1694009245.7200305,9.066067388569751
103,3.690078366269667e-05,-0.00016935648295013372,1694009245.7237957,12.825389257140134
104,3.668036783255335e-05,-0.00017076703285323624,1694009245.7275743,9.912698200811048
105,3.592306262756306e-05,-0.00017559225429297776,1694009245.7313335,0.01326905421162288
106,3.592204285374212e-05,-0.0001755987299700834,1694009245.7350523,4.997315253983774e-05
107,7.495970011117681e-05,0.00014832669081710215,1694009245.738765,1017.050089020394
108,8.340374166382336e-05,0.0004135843713903853,1694009245.7422786,13011.89353987162
109,3.592210724090439e-05,-0.00017559832110647378,1694009245.7460675,0.0008845986870199208
110,3.592213748671025e-05,-0.00017559812904344163,1694009245.7499413,0.0012766633427680934
111,3.592662773810318e-05,-0.000175569614985438,1694009245.7538588,0.05948504899184972
112,3.593027545223393e-05,-0.00017554645038453387,1694009245.7577953,0.10677561996550493
113,8.698246921079456e-05,0.0004454333801870991,1694009245.7617867,7108.483248640008
114,3.5922120066533836e-05,-0.00017559823966073473,1694009245.7656815,0.001050856545554773
115,3.593398984635954e-05,-0.00017552286157140884,1694009245.7695558,0.15493454990839897
116,3.819121243697765e-05,-0.00016104145584883156,1694009245.773562,30.171140925950414
117,3.6022791464862536e-05,-0.00017495868258232683,1694009245.7776527,1.3074633623322973
118,3.592372021765655e-05,-0.00017558807849149538,1694009245.7817159,0.021793393230533593
119,6.582041583136355e-05,5.100577675021256e-05,1694009245.7857106,609.1641526642167
120,3.5922056443093986e-05,-0.00017559864367666655,1694009245.7894716,0.00022612644008364205
121,3.5922102738950024e-05,-0.00017559834969360644,1694009245.793179,0.0008262428657324928
122,3.59302266599304e-05,-0.00017554676024245097,1694009245.796885,0.10614302949922252
123,6.93143426063747e-05,8.54107917023228e-05,1694009245.8005753,738.6601203905211
124,3.592230530879981e-05,-0.00017559706335568137,1694009245.8044097,0.0034520886449326523
125,3.592204859625969e-05,-0.0001755986935054743,1694009245.8080418,0.0001244096915443147
126,7.689435704738568e-05,0.00035116431114201596,1694009245.8114426,20265.63161306562
127,3.5922053162162904e-05,-0.00017559866450933548,1694009245.815153,0.00018360006801309357
128,3.677955059733229e-05,-0.00017013265959642254,1694009245.818777,11.221577253035235
129,3.5922653501607726e-05,-0.00017559485229634575,1694009245.8224254,0.007965615989341963
130,3.732113555221517e-05,-0.00016665864481457682,1694009245.8261013,18.420182098035227
131,3.885777181544814e-05,-0.0001567074787580669,1694009245.829854,39.33322336736554
132,3.5922042667890786e-05,-0.00017559873115113867,1694009245.833551,4.7562165114683905e-05
133,3.592480417935473e-05,-0.00017558119510985293,1694009245.8372421,0.03584505474530226
134,3.592375508854051e-05,-0.00017558785705484858,1694009245.8409257,0.022245428451633055
135,3.592208495761806e-05,-0.00017559846260684076,1694009245.8445957,0.0005957494803054669
136,3.5922039926084004e-05,-0.00017559874856054591,1694009245.8484175,1.2023568939052533e-05
137,3.5922039979707776e-05,-0.0001755987482210397,1694009245.8522112,1.2716980956755194e-05
138,3.6643860915841486e-05,-0.00017100038889172886,1694009245.8559005,9.431658041451671
139,3.592204441471569e-05,-0.00017559872005756816,1694009245.8595579,7.020777399378805e-05
140,3.592314558287235e-05,-0.0001755917275136909,1694009245.8631957,0.0143443994077235
141,5.420115697374328e-05,0.0001880281477059098,1694009245.8663888,48549.33546092499
142,8.7473614360567e-05,0.0004361617242973903,1694009245.8700356,5442.839305287283
143,8.306706220595483e-05,0.00041011174295868535,1694009245.8735218,13422.701791973708
144,3.592207757219246e-05,-0.00017559850950532585,1694009245.8771806,0.0005000145122333893
145,3.5923175005780905e-05,-0.0001755915406753683,1694009245.8808448,0.014725803700175214
146,3.5922240885777335e-05,-0.00017559747244910717,1694009245.8846495,0.0026169917716985162
147,3.5984636676644755e-05,-0.0001752011439057899,1694009245.8883097,0.8119881630374839
148,3.613374311872697e-05,-0.00017425315438801547,1694009245.8919554,2.750642162563639
149,3.593078500119251e-05,-0.0001755432144643354,1694009245.8956335,0.11338193666321937
150,5.24946234362611e-05,-6.110866151054495e-05,1694009245.8992937,265.5236025141186
151,3.7985624277703245e-05,-0.0001623727843151901,1694009245.902928,27.373489121923736
152,3.884911394602675e-05,-0.00015676394563302054,1694009245.9065669,39.21331040199222
153,3.5922062961768475e-05,-0.00017559860228244517,1694009245.9102077,0.00031062531942651554
154,5.380486236306048e-05,-5.108419802435371e-05,1694009245.913855,292.306113135484
155,3.788214015165714e-05,-0.00016304196175997987,1694009245.9175177,25.970239583938763
156,3.592277965058788e-05,-0.00017559405123357408,1694009245.9211712,0.009600863436988636
157,3.5926460454804854e-05,-0.0001755706772899046,1694009245.9248443,0.05731640637742322
158,4.043604423376035e-05,0.00010852987418974447,1694009245.9280229,76962.4087624357
159,3.5924193003022964e-05,-0.00017558507621440178,1694009245.9316795,0.027922185166545904
160,3.592413671837935e-05,-0.00017558543363338508,1694009245.935332,0.02719255443007452
161,3.696631545235807e-05,-0.00016893657195216072,1694009245.938963,13.694133070928165
162,3.708517525580213e-05,-0.00016817431377735836,1694009245.9426,15.273097612177786
163,3.592204004787547e-05,-0.00017559874778849682,1694009245.94629,1.3599853243630147e-05
164,3.6348220070814286e-05,-0.00017288734685649843,1694009245.9499683,5.550446849756412
165,6.549100349972914e-05,4.789951093864264e-05,1694009245.953634,598.1285335449425
166,6.664479341977891e-05,0.0002702097213083121,1694009245.9568403,31537.028558156268
167,4.348449295021872e-05,-0.00012584217468813996,1694009245.9619594,107.10795587439338
168,3.592205020230832e-05,-0.00017559868330585537,1694009245.965612,0.00014523033344096022
169,3.592226458937198e-05,-0.00017559732192973243,1694009245.9692013,0.002924251903185844
170,3.5933968913437475e-05,-0.00017552299451084608,1694009245.9728103,0.15466313434344528
171,3.750679183667227e-05,-0.0001654638101082906,1694009245.9764357,20.908143258587206
172,3.592204594893289e-05,-0.00017559871031536112,1694009245.9800339,9.009538275509776e-05
173,3.592821020570458e-05,-0.00017555956570736164,1694009245.9836526,0.08000038816877984
174,3.592331831281381e-05,-0.0001755906306533106,1694009245.9872828,0.01658348778840813
175,5.231627936852501e-05,0.00017656227043238992,1694009245.990462,51671.72251045174
176,5.3808962056312026e-05,0.00018562475145589286,1694009245.9936092,49183.994370864966
177,5.280449738465087e-05,-5.875366835095264e-05,1694009245.9971955,271.756338378621
178,3.603782264782751e-05,-0.0001748631417664015,1694009246.0007923,1.5027715009076716
179,3.592207304781159e-05,-0.00017559853823545524,1694009246.0044112,0.0004413666975065626
180,6.695146618485026e-05,0.000272413212348277,1694009246.0075645,31175.663404783405
181,8.036078017270576e-05,0.00038306536898136123,1694009246.0109377,16529.493530474494
182,8.713612686928052e-05,0.0004446257773664808,1694009246.014554,6694.328244312002
183,3.592204149727163e-05,-0.0001755987385845259,1694009246.0181623,3.2388139431297944e-05
184,6.436055049852119e-05,3.7400027316225604e-05,1694009246.0217848,561.5677440455569
185,3.592204783475772e-05,-0.0001755986983411617,1694009246.025406,0.00011453850869137514
186,8.460054981607179e-05,0.0004269193752350908,1694009246.0290215,11322.925928736058
187,3.650198978455421e-05,-0.00017190651895249154,1694009246.032655,7.565974044995138
188,4.0793424429308445e-05,0.00011048428801996302,1694009246.0358236,76014.6984414174
189,3.5936961781057875e-05,-0.00017550398729615502,1694009246.0394676,0.19346997037763347
190,3.7430449132291876e-05,-0.0001659553764030708,1694009246.0430913,19.883818466916562
191,6.491273673481235e-05,4.249823928637042e-05,1694009246.0467162,579.1797147132107
192,3.592234482918677e-05,-0.00017559681239864844,1694009246.0503337,0.003964376359521551
193,3.77733054622853e-05,-0.00016374505115224203,1694009246.0539443,24.498003515106483
194,8.333215471290067e-05,0.000275394475240498,1694009246.0575545,1853.530563294039
195,3.604786165600782e-05,-0.00017479932499053774,1694009246.0611527,1.6332496853893017
196,3.593559383152645e-05,-0.00017551267498427947,1694009246.064745,0.17573221730040042
197,3.6079287421886264e-05,-0.00017459951840703702,1694009246.0683348,2.0418807652085356
198,6.900953741062477e-05,0.0002875987839280336,1694009246.0717075,28825.790550251077
199,3.364192017929479e-05,7.227891152916666e-05,1694009246.0748734,98341.45316251331
200,3.9705739304674026e-05,-0.00015115456690972806,1694009246.0785086,51.195983271041904
201,7.045128194471673e-05,9.725721521680608e-05,1694009246.0821257,786.6134544407471
202,4.5192196695409415e-05,0.0001349735014194442,1694009246.085299,65444.86059342472
203,3.5922059084425584e-05,-0.00017559862690363914,1694009246.0889068,0.0002603659103419483
204,3.592204041180658e-05,-0.00017559874547723453,1694009246.092532,1.831766865453395e-05
205,5.375943799734717e-05,-5.143470480195589e-05,1694009246.0961308,291.35844610283834
206,3.703841761470983e-05,-0.00016847427235289203,1694009246.099731,14.651454489062054
207,3.592204657287823e-05,-0.00017559870635186492,1694009246.1033382,9.818541786370892e-05
208,3.604960199110607e-05,-0.00017478826130901126,1694009246.1069329,1.655871965973596
209,3.601349041570945e-05,-0.00017501779529505157,1694009246.1105237,1.186642270766604
210,3.5922593924597734e-05,-0.00017559523061616567,1694009246.1141057,0.007193334552370529
211,3.592227433613093e-05,-0.00017559726003635312,1694009246.1177106,0.0030505973787107333
212,3.592208806668662e-05,-0.0001755984428641888,1694009246.1213236,0.0006360507982073595
213,3.6450490302097904e-05,-0.00017223516114617254,1694009246.1249359,6.89018162027047
214,3.592206569746903e-05,-0.00017559858491034142,1694009246.1285567,0.00034608762734001096
215,4.499591946738324e-05,-0.00011544049348621854,1694009246.1321626,131.00138193365854
216,8.740392585082635e-05,0.00040382871251354313,1694009246.1357908,3868.334798100055
217,4.123370894393297e-05,-0.00014103369244033992,1694009246.139617,73.18358968278777
218,3.592238462102326e-05,-0.00017559655971632893,1694009246.1432235,0.004480186448971406
219,3.5929243437538005e-05,-0.00017555300421201459,1694009246.1468747,0.09339574025534948
220,3.602602406038713e-05,-0.00017493813671709546,1694009246.1505373,1.3494607338479692
221,3.592417371145462e-05,-0.00017558519871907485,1694009246.1542134,0.027672105709581063
222,3.6141966275327064e-05,-0.00017420083665875552,1694009246.1580052,2.85774366034794
223,4.119650702150146e-05,-0.00014128190800377638,1694009246.1616635,72.638580445198
224,3.592280500563927e-05,-0.00017559389022614447,1694009246.1652806,0.009929535890942181
225,3.592214887015999e-05,-0.00017559805675704254,1694009246.1689112,0.0014242237859633496
226,6.992460942223389e-05,9.172535791268643e-05,1694009246.1728206,763.9903962726397
227,6.473441978094296e-05,4.084563280803977e-05,1694009246.1765096,573.4419486784042
228,3.59220410147687e-05,-0.00017559874164674305,1694009246.1801918,2.613722679054492e-05
229,3.8068566012849914e-05,-0.00016183598243246777,1694009246.1838708,28.50057981956791
230,3.592205376368174e-05,-0.00017559866069061236,1694009246.1875794,0.0001913951925760256
231,3.615257038180886e-05,-0.00017413336510219146,1694009246.191429,2.9958842473814635
232,3.592267365537527e-05,-0.0001755947243164968,1694009246.1950905,0.008226866815058548
233,8.310247154286188e-05,0.00027080839340654084,1694009246.1987267,1813.222760773791
234,3.5922046256797735e-05,-0.00017559870836025837,1694009246.2023773,9.408572145309237e-05
235,8.582559148895275e-05,0.00043923374961596373,1694009246.2060287,9443.198385866104
236,3.592406756502964e-05,-0.0001755858727703341,1694009246.2097132,0.026296107097337394
237,3.592205514824087e-05,-0.0001755986518996444,1694009246.2134001,0.00020934040036078825
238,3.595107911236184e-05,-0.00017541432364009957,1694009246.217095,0.37655592383534636
239,3.5922044389735674e-05,-0.00017559872021633005,1694009246.2208676,6.98840523926487e-05
240,5.183731403191061e-05,-6.60725763208525e-05,1694009246.224574,252.5026453903667
241,3.592538610619478e-05,-0.00017557749972585412,1694009246.2282495,0.043388854824496836
242,3.592370974725423e-05,-0.0001755881449800878,1694009246.2319334,0.021657664520489544
243,3.5922047943004465e-05,-0.0001755986976526014,1694009246.235632,0.00011594356117148226
244,3.5922095072749016e-05,-0.00017559839837466562,1694009246.2393577,0.0007268690896960285
245,3.604205029095198e-05,-0.0001748362678366533,1694009246.243042,1.557715163879774
246,3.5922049314907056e-05,-0.00017559868894045927,1694009246.2467418,0.00013372813578431256
247,3.597528770848957e-05,-0.00017526054107164235,1694009246.2504349,0.6906466262183807
248,7.653455493406014e-05,0.0003480165068326935,1694009246.253875,20648.274733914535
249,3.592955217457394e-05,-0.0001755510435781371,1694009246.2575955,0.09739842728525006
250,3.592208811498132e-05,-0.00017559844255687906,1694009246.261369,0.0006366780029022305
251,7.676505349896168e-05,0.00017114002861873256,1694009246.2651033,1134.80281087606
252,3.8941249202117945e-05,-0.00015616280103669666,1694009246.2688038,40.49063800261782
253,3.696113868401074e-05,-0.00016896975240410228,1694009246.2724683,13.625459129968915
254,3.5922052368575486e-05,-0.0001755986695506362,1694009246.2761075,0.00017330917274497966
255,3.5924566613498854e-05,-0.00017558270370909845,1694009246.2800162,0.03276539950960978
256,3.596354465695839e-05,-0.0001753351416906579,1694009246.283728,0.5382673236490855
257,3.592672862340329e-05,-0.0001755689743285771,1694009246.2874646,0.06079292033176041
258,3.592216680237126e-05,-0.00017559794288612984,1694009246.2912028,0.0016566724962282153
259,3.5922182253567136e-05,-0.00017559784476928186,1694009246.295004,0.001856961480757349
260,3.5922059680393303e-05,-0.00017559862311955499,1694009246.2988226,0.000268090515334698
261,4.887209961068617e-05,-8.79604073882323e-05,1694009246.3026755,196.90249158140062
262,3.592205210323218e-05,-0.00017559867123551065,1694009246.306515,0.00016986976817669924
263,3.592325541246222e-05,-0.00017559103007980248,1694009246.3103182,0.015768113621922847
264,3.59284050961417e-05,-0.0001755583280671491,1694009246.3141105,0.08252702821750128
265,3.592204084645889e-05,-0.0001755987427152217,1694009246.31792,2.3955883617063318e-05
266,3.592206637770268e-05,-0.00017559858059068567,1694009246.3217216,0.00035490561388104694
267,3.592207824465454e-05,-0.00017559850523429787,1694009246.3255322,0.0005087331783220516
268,6.247912198009686e-05,2.043852428590398e-05,1694009246.3293357,504.80314924635013
269,3.592222923431976e-05,-0.00017559754643747816,1694009246.3331056,0.002465956495137561
270,5.3994559888526084e-05,-4.9618083281188774e-05,1694009246.3369162,296.2790014919041
271,3.592434170374137e-05,-0.0001755841319341922,1694009246.3407216,0.02984982892445201
272,3.897351928416892e-05,-0.000155952128825243,1694009246.3445225,40.93866553559848
273,3.8552439504346836e-05,-0.00015869609882934732,1694009246.3483164,35.118826730625855
274,3.5922203840188516e-05,-0.00017559770769381977,1694009246.352078,0.002136778124619204
275,3.5934541459337055e-05,-0.00017551935840365296,1694009246.3558817,0.16208681933306635
276,4.020335991727908e-05,-0.00014787492207823938,1694009246.3596852,58.268676735127514
277,3.6786223884810454e-05,-0.000170089956907038,1694009246.363508,11.309746289827608
278,3.6854494839699825e-05,-0.0001696529403272251,1694009246.3673162,12.212513742120827
279,3.592204091351636e-05,-0.0001755987422911165,1694009246.3711238,2.4821854054444955e-05
280,8.459312497755e-05,0.0004268410405947609,1694009246.3749495,11333.382535475825
281,8.670086637363461e-05,0.00044525747403934,1694009246.378806,7772.55509168108
282,3.592208621816528e-05,-0.0001755984546039091,1694009246.382591,0.0006120865369177839
283,3.592787768158523e-05,-0.00017556167737486916,1694009246.3863542,0.07568943834777035
284,8.42657411190828e-05,0.00042249297814689335,1694009246.3899157,11921.91281448538
285,3.5947654371648596e-05,-0.0001754360762853402,1694009246.393668,0.3321356563842954
286,3.59386409674034e-05,-0.00017549332283750552,1694009246.397457,0.21524415548932377
287,4.460765694980218e-05,-0.00011812848600945003,1694009246.4013228,124.77359656038011
288,3.592207035529871e-05,-0.000175598555333778,1694009246.4051034,0.0004064633371736834
289,8.752101269360324e-05,0.00041714699839079383,1694009246.408872,4340.285104724495
290,3.592204006008792e-05,-0.00017559874770989303,1694009246.4126887,1.3760233845143812e-05
291,3.5922043246983115e-05,-0.0001755987274720816,1694009246.4166117,5.507215796271076e-05
292,3.592646940697719e-05,-0.0001755706204407126,1694009246.4204578,0.05743246153008025
293,3.592227940252268e-05,-0.0001755972278643103,1694009246.4242015,0.0031162710778516894
294,3.602508914679614e-05,-0.00017494407893980934,1694009246.4279375,1.3373141775268975
295,3.5922059993365174e-05,-0.00017559862113247782,1694009246.4316547,0.00027214638460426995
296,3.789134049503318e-05,-0.00016298249380630736,1694009246.4354336,26.094862533648595
297,3.61114725496714e-05,-0.00017439482599557188,1694009246.4391956,2.460679425417207
298,8.403499236431244e-05,0.0002901846751727222,1694009246.4429862,1991.3232190704298
299,3.5922417924938443e-05,-0.00017559634823327563,1694009246.446752,0.004911895057386164
300,3.592207861391472e-05,-0.0001755985028892848,1694009246.450513,0.0005135198269534023
301,3.606360488228599e-05,-0.000174699235737652,1694009246.4542358,1.837924403160571
302,3.592224123560861e-05,-0.000175597470227995,1694009246.4579682,0.002621525504851051
303,3.5950178361110474e-05,-0.0001754200449326504,1694009246.4617634,0.3648724918821859
304,3.592205027402873e-05,-0.0001755986828515521,1694009246.4655206,0.00014615716601695127
305,3.66836202633225e-05,-0.00017074623926416344,1694009246.46929,9.955573446587925
306,8.531004563394617e-05,0.0003209635085976714,1694009246.4730973,2324.603710690735
307,8.318165343934592e-05,0.0004112921472340103,1694009246.4766748,13283.701652798705
308,6.618497897725728e-05,0.00026692540790529407,1694009246.4801013,32082.685972270276
309,3.642345490995069e-05,-0.00017240762601256066,1694009246.484041,6.535723833988848
310,3.603010628372427e-05,-0.0001749121899101702,1694009246.4881809,1.4025006099676203
311,6.509233820284344e-05,4.416886884850424e-05,1694009246.4922388,585.0084230987851
312,3.980488451205133e-05,-0.0001505023850878473,1694009246.496247,52.59848809067127
313,3.5922072509131375e-05,-0.0001755985416551642,1694009246.5001075,0.00043438558679092794
314,3.59365876111406e-05,-0.00017550636361529648,1694009246.5039017,0.18861818084637844
315,3.5922065990456886e-05,-0.00017559858304960763,1694009246.5076997,0.0003498860332286754
316,3.6278995002025916e-05,-0.00017332846314532802,1694009246.51141,4.645323600798118
317,3.601707417577593e-05,-0.00017499501932527473,1694009246.5151007,1.2331925626224474
318,3.5948644143024566e-05,-0.00017542978970430667,1694009246.5187907,0.34497304402263296
319,3.886761409188644e-05,0.0001000114465637969,1694009246.5219975,81304.15109291066
320,8.546559335931292e-05,0.00043581608390708126,1694009246.5256956,10033.801922337638
321,3.5922064208215865e-05,-0.00017559859436788727,1694009246.529418,0.00032678174856301474
322,3.683336359439071e-05,-0.00016978823454349978,1694009246.5331373,11.93294168736857
323,3.596871866151652e-05,-0.00017530227351247873,1694009246.536831,0.6054009997783956
324,8.375253175896269e-05,0.00028409285313257815,1694009246.5405545,1933.05612913215
325,7.743461771769766e-05,0.0003559448649228525,1694009246.5440273,19690.398677492933
326,8.378393043828591e-05,0.0002847596631178062,1694009246.5477347,1939.3271681737954
327,3.59220404273497e-05,-0.0001755987453775365,1694009246.5514495,1.852125321134309e-05
328,8.659851338777003e-05,0.0004448649759933865,1694009246.5551438,7992.969990596107
329,3.592207290570304e-05,-0.00017559853913695633,1694009246.5588598,0.0004395262310733745
330,3.592372563787638e-05,-0.0001755880440730273,1694009246.5625653,0.021863654009023237
331,3.5926613009995556e-05,-0.00017556970851351217,1694009246.5662699,0.05929411544659433
332,8.105402355262914e-05,0.00023390692658287193,1694009246.5699646,1523.3838293931199
333,3.592211276148838e-05,-0.00017559828605007155,1694009246.5737283,0.0009561606555008733
334,3.592208341740566e-05,-0.00017559847238701742,1694009246.5774426,0.0005757851631635719
335,3.794204477791663e-05,9.502834448726905e-05,1694009246.5806968,84015.7154221082
336,3.592204115776543e-05,-0.00017559874073924675,1694009246.5844543,2.798900395128696e-05
337,3.5923029355178215e-05,-0.000175592465576635,1694009246.5881636,0.012837748339828646
338,3.5932110520775495e-05,-0.0001755347966050369,1694009246.5918841,0.13056768734659197
339,3.592217701764433e-05,-0.00017559787801735283,1694009246.595628,0.001789091437294698
340,3.592243104222348e-05,-0.00017559626493701685,1694009246.5994287,0.005081931516045199
341,3.5922048107872584e-05,-0.00017559869660610516,1694009246.6032674,0.00011808025084903316
342,7.873255419077463e-05,0.00019813608311591846,1694009246.6071167,1288.8627095362574
343,3.592226138449117e-05,-0.00017559734228034252,1694009246.6108937,0.002882709484935764
344,3.757338088583584e-05,-0.00016503476709273102,1694009246.614581,21.803045305891118
345,3.5925141211201606e-05,-0.00017557905487364245,1694009246.6182363,0.04021415074126581
346,3.5922039861469024e-05,-0.00017559874897132843,1694009246.621883,1.1184765362068261e-05
347,3.59222678296689e-05,-0.00017559730135174867,1694009246.6255496,0.0029662583885847757
348,8.403349641583624e-05,0.0002901518414155646,1694009246.6291955,1991.0031723017028
349,3.5932012854678064e-05,-0.00017553541684867113,1694009246.6328547,0.1293013987361173
350,3.592204511426722e-05,-0.0001755987156148997,1694009246.6365392,7.927675039750152e-05
351,4.993669710795512e-05,0.00016237866389390287,1694009246.6397438,55895.26229796923
352,3.842659508768165e-05,-0.0001595140698151809,1694009246.643399,33.39047831493972
353,3.8648253751438766e-05,-0.00015807267531320335,1694009246.647049,36.43811172412911
354,7.822740285545748e-05,0.0003630820343426544,1694009246.650497,18843.549307151625
355,7.583613807182754e-05,0.0003419851594810286,1694009246.6539474,21390.758651727316
356,8.733365725810405e-05,0.00044165587685096597,1694009246.657649,6061.30152421077
357,3.5930028551289794e-05,-0.00017554801833941092,1694009246.6613314,0.10357456618330435
358,3.5922514116992765e-05,-0.00017559573740344447,1694009246.6649973,0.006158807231369407
359,3.597173484992666e-05,-0.00017528311229653148,1694009246.6686707,0.6445401364342822
360,5.730948107862677e-05,-2.3350032253732778e-05,1694009246.6724467,370.00561406641384
361,3.6016593365606475e-05,-0.00017499807507248555,1694009246.6761193,1.226946995995879
362,3.592640434313399e-05,-0.00017557103361731663,1694009246.6797626,0.05658898266519425
363,3.664870570729839e-05,-0.00017096942487748734,1694009246.683473,9.495473819513334
364,3.7913984507587095e-05,-0.00016283610900091894,1694009246.687141,26.40169764633331
365,4.730074490422176e-05,0.0001470170482150701,1694009246.690343,60995.592851301866
366,3.7171337187280606e-05,-0.0001676212368149077,1694009246.6939895,16.420332700269654
367,3.5928665437112706e-05,-0.00017555667478719172,1694009246.697639,0.0859022058344559
368,7.497798687161605e-05,0.0003347104444806348,1694009246.7010632,22304.049336216805
369,4.948896798340208e-05,-8.34723891327549e-05,1694009246.7047353,208.0690398067683
370,3.5937631987170704e-05,-0.00017549973085762005,1694009246.708415,0.20216050688178783
371,3.595240123677179e-05,-0.00017540592583409342,1694009246.7120795,0.3937053060605083
372,3.39375516382745e-05,7.382265076683048e-05,1694009246.7152817,97253.24222811025
373,5.7667309393605315e-05,0.00020970115541107948,1694009246.7184732,43249.574752612905
374,3.592203989499776e-05,-0.0001755987487586097,1694009246.7221088,1.1619729801857473e-05
375,8.655266771817605e-05,0.0003599984997293415,1694009246.7257662,2881.0560412240234
376,3.592529064488925e-05,-0.0001755781059316064,1694009246.7294245,0.04215133549396366
377,3.5929285677749334e-05,-0.0001755527359650344,1694009246.733489,0.09394337305301256
378,3.592271804675473e-05,-0.00017559444242487565,1694009246.7371294,0.008802305952159854
379,3.6993827371767374e-05,-0.00016876020850475904,1694009246.7407696,14.059234232985796
380,3.59220840453478e-05,-0.00017559846840020654,1694009246.7444272,0.0005839232856604254
381,3.5922132566312825e-05,-0.0001755981602884482,1694009246.7481196,0.0012128818745116697
382,3.592215124936793e-05,-0.00017559804164890558,1694009246.7517822,0.0014550644997512335
383,3.6238312059566624e-05,-0.00017358757624319487,1694009246.7554314,4.114037473922852
384,3.5922047281422564e-05,-0.0001755987018536853,1694009246.7590847,0.00010736760691116116
385,3.5923040294538744e-05,-0.00017559239611042443,1694009246.762764,0.012979553982854115
386,7.727389494649461e-05,0.00017788545674524148,1694009246.7664464,1171.698042394886
387,3.5977936345354955e-05,-0.00017524371388177862,1694009246.7700903,0.7250211138281003
388,6.2934571087081e-05,0.00024432966198606465,1694009246.7733045,36086.36473247938
389,4.553899962755903e-05,-0.00011166172601506652,1694009246.776985,139.82025354233386
390,3.592204995750414e-05,-0.00017559868486172192,1694009246.7806778,0.00014205395969219586
391,3.594525645245206e-05,-0.00017545130656193564,1694009246.7844093,0.30103566493829526
392,3.606470500194803e-05,-0.00017469224108568326,1694009246.7880788,1.8522295074337034
393,8.597164794155177e-05,0.0004405258260684608,1694009246.791745,9191.124102463287
394,8.089046189463378e-05,0.0003882124934641018,1694009246.7951577,15941.585789539731
395,3.5922041629721235e-05,-0.00017559873774297685,1694009246.7988093,3.41064469411009e-05
396,8.381228413290032e-05,0.00041780982582440007,1694009246.8022375,12502.78252877679
397,4.154450395521536e-05,-0.00013895645341066576,1694009246.8058846,77.75612266076655
398,3.634829830490016e-05,-0.0001728868481782886,1694009246.809552,5.551470552495835
399,8.150466789136335e-05,0.0003942748310671318,1694009246.8130293,15249.86839588631
