trial,score,test_score,time,num_layers, layer_size, hidden_factor, hidden_dropout, residual_dropout, learning_rate, weight_decay, category_embedding_size
0,0,0,1694919189.26455570,0,0,0,0,0,0,0
0,0.6540992663564483,0.6506864201260194,1694920050.0640492,5,8,3,0.4,0.4,0.0001,0.0001,64
1,0.6457143913505062,0.6437591986316373,1694920575.3191755,6,8,2.3896555794950336,0.3624669645960739,0.2,0.00028594420172544803,1.0923012830060756e-06,282
2,0.6512226864347248,0.6517287920390695,1694920691.018774,10,15,3.1898934106624557,0.05436803593448747,0.5,0.003727887014635882,3.1279503637247993e-06,347
3,0.6429738708808476,0.6474062672186269,1694920824.8505156,5,9,1.9491019348376213,0.07895615333746847,0.4,0.002849876719299812,1.081118932799183e-05,207
4,0.6460356310971906,0.647113541582963,1694921187.9677033,5,8,3.138177807066529,0.29977169812882776,0.0,0.00027503745770253506,1.603354082325706e-05,444
5,0.6484507920075635,0.6452471298258008,1694921760.217077,9,13,2.6571514645164918,0.47455119887331876,0.5,0.00010331470713610107,5.2435333814151534e-06,421
6,0.6458634440576986,0.6340993484301592,1694922268.0541337,5,11,1.2100684078735073,0.159683853525455,0.0,7.42661655584571e-05,0.0002345866915453269,470
7,0.651830517247754,0.6456245329151906,1694922812.4737296,9,13,2.848055155217954,0.1807417711016009,0.1,0.0002035742300959646,0.0001579341360590834,92
8,0.6296943415958464,0.6381393955861508,1694923005.16041,5,14,1.899856028291663,0.35058213752175843,0.4,0.006290915931816627,1.5884929758604036e-05,224
9,0.6464481405384279,0.6474114151480913,1694923168.7099853,9,14,2.957844219746752,0.40548328697753366,0.30000000000000004,0.007453017800400486,1.0037446982295981e-05,395
10,0.641086468528329,0.6423604223926407,1694924262.7673943,10,11,2.8348959902044433,0.18283508378857655,0.2,1.678827131899691e-05,1.1429575134408604e-06,405
11,0.6389791315646309,0.6422985993513513,1694925343.8417997,7,13,3.219854553393684,0.2093317150909204,0.2,3.214300173793064e-05,0.00024077823129993223,438
12,0.6406187113437456,0.6478592131799255,1694925480.3931777,9,15,2.94416932592744,0.3480330873853286,0.1,0.0020086150148506386,1.005191211628364e-05,260
13,0.6494545473752039,0.6491029888543256,1694926459.8345747,6,13,2.9760770542992656,0.28777927052761726,0.1,4.508272157001442e-05,0.0003426222735466225,199
14,0.6469232922584496,0.6440035097864772,1694926637.286415,7,8,1.9029375095228016,0.042847403006693374,0.2,0.0013424652518631212,0.0008354198061155371,344
15,0.6447932435073339,0.6476187569862191,1694926744.9922445,6,13,2.880993457573932,0.4128261145361251,0.30000000000000004,0.005412089804905535,1.7640504757223524e-05,192
16,0.6446726069434687,0.6444090469089868,1694926891.183071,8,16,3.171733787858842,0.24695650056675295,0.2,0.0008834187138131173,2.2045171466286607e-05,311
17,0.6417864141256753,0.6444503500639923,1694927376.9499185,10,16,3.5220562911659345,0.06352413055569966,0.30000000000000004,0.00012568447434812053,0.0005437339527912917,204
18,0.6503499199805629,0.6477320593221533,1694927508.0801482,10,10,2.261172324536955,0.4799813236702409,0.30000000000000004,0.0062581485097137285,4.1357175959101474e-05,166
19,0.655372710995146,0.6415437572567848,1694927633.006312,9,12,2.516419505858713,0.06824225662777189,0.0,0.00614915362276888,0.0007382012770119224,497
20,0.5906113696264175,0.592057860620121,1694928707.4562361,7,8,2.6617818184647577,0.36815473589103564,0.30000000000000004,1.4414465643080551e-05,4.996299889983138e-06,380
21,0.6515576588900802,0.6506758968004397,1694928814.922167,5,15,3.9672434847380678,0.1238998212416011,0.0,0.008691203622787223,0.00020028519787478201,267
22,0.6473800632760962,0.643227058360089,1694929320.3129914,7,16,2.067490239587806,0.026589914389497815,0.30000000000000004,8.662321089404485e-05,0.00011083505190407683,489
23,0.6503741106750682,0.6390421987510692,1694929481.6082578,7,10,1.158855604325342,0.4158299697652392,0.0,0.0071866491108050325,0.00013135387327125578,473
24,0.6507941202879644,0.6509558603598034,1694929622.6776419,9,9,1.5277104451778725,0.48069388587853706,0.1,0.002354184944210269,3.2536470787849615e-06,198
25,0.6460959493791231,0.6495198633935859,1694930392.36759,9,10,3.255601507488563,0.4396280315261994,0.1,7.872698671712239e-05,1.2111501359862881e-06,253
26,0.6526166620010669,0.6482420515250753,1694930568.849868,5,13,3.0638087406143124,0.2841529154639537,0.30000000000000004,0.0006294341657112455,0.0005104371640032628,302
27,0.6494034194444591,0.6473196383404761,1694931659.974398,10,11,1.4218776557604418,0.1109385455177812,0.4,4.887099390439124e-05,0.00020778454529947788,469
28,0.6509496168046099,0.6480467773913665,1694932721.6613512,8,9,2.870489810371855,0.18974859419326767,0.5,4.6872211143647774e-05,5.045050709257538e-06,280
29,0.6219869116722743,0.6350685958009561,1694933766.0768793,7,9,2.123006705109567,0.33408551113385615,0.2,1.5106337495756723e-05,1.7616618392265467e-05,250
30,0.651071415366901,0.6480525718049962,1694933984.4339426,7,8,1.8219771754232474,0.47520563279124745,0.5,0.006639371610548615,0.0001890907615188002,258
31,0.6501637889599585,0.6498050107982012,1694934719.3741302,10,10,2.7796475787673685,0.2937171118986061,0.2,5.6377347995321794e-05,9.804971295721193e-06,352
32,0.6510169070770986,0.6465585229551203,1694935047.0443103,6,11,2.0623078971433912,0.16240293519560084,0.4,0.00043386638693263864,1.1352975046518823e-06,396
33,0.6416233118011503,0.643563457592698,1694936097.8039393,8,15,2.4836909064611783,0.15541887649306274,0.5,3.31157860442957e-05,6.8364353206880445e-06,281
34,0.6248820835688141,0.6273665271186699,1694937153.6830108,10,9,2.0160654111280594,0.2661200895533734,0.4,2.0681508256871083e-05,0.00018443820978593397,314
35,0.6274705935171051,0.6258773388719627,1694938202.228822,8,11,1.9439413603910651,0.4452523103944422,0.5,3.3546297510368894e-05,4.310260657998212e-06,363
36,0.6451376175863179,0.6405619872482674,1694938507.0822725,9,15,1.9073366146723751,0.10455015281892555,0.0,0.0001345850439870037,4.869161813090417e-05,455
37,0.5945836084276577,0.5825440440084279,1694939538.8870494,5,8,2.959435374592345,0.3356605294135568,0.0,1.9457951241159274e-05,1.2131903271740562e-06,355
38,0.6377182576361783,0.6396972428455991,1694940580.4463162,6,10,2.993646978338158,0.0605002333829438,0.30000000000000004,1.8740213097193344e-05,1.57488275078218e-06,364
39,0.6440728044832013,0.6445576903792909,1694941294.188106,9,12,2.206438174717771,0.3507743992643668,0.0,6.836733096681463e-05,0.0005197592489632499,490
40,0.6404172630711619,0.6454944219909586,1694941474.6967618,5,8,3.3036523668264404,0.2259391380988856,0.4,0.0008490811095905436,2.2074921642867922e-05,382
41,0.6470805845908445,0.6481558775802261,1694941652.023172,8,8,2.3983615512899332,0.44100232473394574,0.4,0.0009221134608895209,7.323794844445027e-05,430
42,0.6428424594224867,0.6464366128022445,1694942706.6909235,6,11,2.8919687972714936,0.410477891059579,0.1,3.202095944430042e-05,6.557961126065573e-06,261
43,0.6532183659133044,0.6492011826158779,1694943220.2418518,5,13,3.689440082282928,0.17109890609792683,0.5,0.000181503214671837,4.047914973472587e-05,502
44,0.646819346217431,0.64830641261531,1694944307.4495676,9,12,3.263674049870391,0.23665366378407449,0.4,4.6456579804611465e-05,1.7009308117243334e-06,333
45,0.6495099007547708,0.6450404943314831,1694944469.0012558,8,12,1.352432287167628,0.46727198152890115,0.0,0.007987205640152935,9.00237960719213e-06,190
46,0.6478476091882385,0.6473224158280011,1694944588.8098981,10,16,3.10198421132351,0.47761752046718636,0.1,0.003714710573006743,7.154779273808672e-05,196
47,0.6444826730189248,0.6441986163131803,1694945664.9984136,8,8,3.3759694024228333,0.320938662128459,0.0,4.560120850926883e-05,7.50281153351035e-06,276
48,0.6427923878539474,0.641123590437053,1694945981.114669,6,10,2.654448420191456,0.07349281442297378,0.4,0.00022475278298081088,1.664580210163944e-05,321
49,0.6362912179328049,0.6381112136653153,1694947046.8026028,5,16,1.3454780386157328,0.2735592984794667,0.5,2.615614508039108e-05,0.0001248621858971177,501
50,0.6449993397736216,0.6464022533660515,1694947194.4617712,10,11,2.877290016495386,0.4711879811512971,0.30000000000000004,0.004153930605100235,0.00012380169127986898,80
51,0.6336640451277934,0.6333138701693146,1694947726.6513605,7,16,2.406401681924832,0.21698496425856711,0.1,3.014459555918951e-05,0.00010153594392554472,241
52,0.6544933950953102,0.64923649980639,1694948219.7635493,10,8,3.6230479912741664,0.04618466173802921,0.4,0.00023663293792446094,0.00016615936323293145,266
53,0.6434806078308131,0.6505839763296767,1694949287.0673347,5,16,2.9274340304190587,0.10740848190882468,0.30000000000000004,4.2548920711084806e-05,1.6062413175717252e-05,331
54,0.6449388102192479,0.645346281341672,1694949421.4360435,8,8,1.577700731557123,0.22912397942300128,0.30000000000000004,0.0037302061243958064,5.3727412431182355e-05,428
55,0.6492281689545711,0.6395860475691668,1694949561.022498,7,9,1.839074490663024,0.012487270972741105,0.2,0.0008063083097407592,0.0003356731129669606,169
56,0.6495770853910389,0.648869476379432,1694949958.542799,9,14,3.0736569331332517,0.4816893129690323,0.30000000000000004,0.00021412538317864605,4.077522043366572e-05,66
57,0.6429317220288492,0.6415804631910592,1694950081.316126,5,12,2.12977900338965,0.06749055250857666,0.2,0.0008401638210689586,3.701313081465829e-05,241
58,0.650780176306852,0.648700313022844,1694950303.2770517,9,8,3.6584211267719544,0.3395661822343499,0.2,0.0011890359054192415,0.0006572472067180737,358
59,0.596115227989373,0.6023718211056679,1694951393.494311,9,14,3.747045749491901,0.44466288065512777,0.1,1.1675764841484738e-05,6.814680344940185e-06,227
60,0.638033581754512,0.6443658521892013,1694951500.9997885,6,12,3.8139630928149146,0.094676952038449,0.2,0.0031559136442002983,2.4727918779231096e-06,222
61,0.6445080257118561,0.6515379235752279,1694951728.9881275,8,14,3.5855272615321674,0.12799005879564657,0.5,0.00020163076586754381,2.4712236370402796e-06,135
62,0.646059821791696,0.6519911927786091,1694951842.2161336,7,15,1.2069528236203684,0.10875266804778061,0.4,0.0029518611198095864,3.981764015516434e-06,89
63,0.6486960793116745,0.6482990857947699,1694952074.1950922,8,15,1.1493052080712578,0.26130477181757095,0.0,0.0006347307495932815,2.174326303259066e-06,123
64,0.649206513529359,0.6393604844551206,1694952187.4535756,8,16,1.085816225163967,0.04970018470803278,0.1,0.0027802203028904934,5.258436571114357e-06,186
65,0.6484463552863006,0.6476403184303249,1694952494.9200664,7,15,1.840803764599733,0.23586011149327407,0.2,0.00031532629970373063,2.175558287765983e-05,425
66,0.6446080632127144,0.6482117386008799,1694952634.1734514,6,12,1.3930772759277974,0.43567099337671805,0.2,0.009865300743536502,9.768764963613861e-05,155
67,0.6276791194164655,0.6331777613086602,1694953723.8557973,10,10,2.9152012607897353,0.38259452045848585,0.0,3.5676810435830535e-05,1.9056185253706586e-05,224
68,0.6535951703119967,0.6535671655385438,1694954088.2687938,6,10,2.081692209393629,0.49078774427395994,0.2,0.0002363874181550099,5.6431001513330115e-06,149
69,0.6432797933755526,0.6418439294322786,1694954249.8989055,6,15,3.6587242319220525,0.0853741301082197,0.2,0.000551197132005402,4.575784374192137e-05,154
70,0.6399566891495756,0.6380857134565727,1694954495.2826197,5,15,1.3894975412163033,0.19875299218524167,0.4,0.0011373770189027652,1.6789783609996876e-05,422
71,0.6351885870627321,0.6449757142237339,1694954659.199536,10,12,3.6549006921234044,0.26044548142767665,0.2,0.009302022878340914,0.0002070045957099115,124
72,0.653542352201723,0.6505680416921948,1694954816.224735,8,11,2.4865192753583343,0.37784230526577084,0.2,0.0006357357681751788,5.184375047475743e-06,262
73,0.6484641021713525,0.6441159980312402,1694955209.1297605,10,14,2.088693004142108,0.13911294910895605,0.30000000000000004,0.00026610246623540054,0.0009175649611094924,196
74,0.6482524071853757,0.6473295271538194,1694955716.9423504,10,10,3.404074323354791,0.4326920635038786,0.1,0.0002145391644003947,0.00013582911981463517,248
75,0.6433238436795208,0.6438586255018752,1694955892.99257,5,14,2.4598856511651133,0.09224801926551629,0.0,0.000364789755722993,7.532200107829418e-06,429
76,0.6508058459084451,0.6515191755344341,1694956292.5154424,5,8,3.7230201239839955,0.20886251677542134,0.5,0.000513906482873118,0.0004392068905189023,485
77,0.6497485329769871,0.6478252368454599,1694956431.3915532,5,10,1.5494614383339869,0.4783102967388744,0.4,0.0059844632765918065,0.0009031809702156507,419
78,0.6529735011540757,0.6501586136927644,1694956976.113387,10,16,2.828079961665014,0.4098384671145294,0.5,0.0002596674061863792,4.4686453481236054e-06,362
79,0.6472734763295639,0.6459743287363361,1694957663.5354784,5,10,2.1302544759431434,0.4024517953640716,0.0,9.229793688763025e-05,8.317365341582123e-06,361
80,0.6418094428217547,0.6467830085955577,1694958094.781949,10,12,3.531888945619945,0.21108177020539315,0.30000000000000004,9.189514808014321e-05,3.875904424102642e-06,463
81,0.6436829011931612,0.643358031263208,1694958251.3847418,8,10,2.6161868071097603,0.20242510697546062,0.0,0.0012310384631366669,0.0004015577220897111,337
82,0.655654337159125,0.6479870374657207,1694958363.41728,5,11,1.6108273341283108,0.08516391845797144,0.1,0.004873989621162226,0.00033809207269537057,420
83,0.642826297080743,0.6415543164981514,1694958520.1964653,10,8,1.6569629078006085,0.02169316679651223,0.0,0.0008387276863866954,1.6810059945015724e-05,317
84,0.6360199441184394,0.6383912730001109,1694958737.4314241,10,10,1.733806467669698,0.4106546525566092,0.0,0.005997036023835466,1.0990202816398297e-05,79
85,0.626290108752489,0.6398438510879754,1694958982.9856436,6,8,3.534339623655529,0.027769001033632668,0.0,0.0006997084014793124,4.264981811826146e-06,214
86,0.6071157614522866,0.6152681147018065,1694960070.105372,9,11,3.1881416360618147,0.14091413188101204,0.0,1.5998620240208533e-05,0.0003275434983141695,118
87,0.6525314135710852,0.6413027144385581,1694960240.8333516,5,9,2.5645758947287627,0.34418572566043487,0.2,0.0007285742881130732,3.101684519541174e-05,398
88,0.6520405220542019,0.6514007492128935,1694960402.946153,8,9,2.00794605365235,0.49664602896142224,0.2,0.0010774938610411337,3.2907139926213428e-06,367
89,0.6437947699507207,0.6441043613162647,1694960625.7509031,9,9,3.824103288849274,0.19715110031742783,0.2,0.0010809500980081639,0.0005763213703803606,440
90,0.6279554637694172,0.6162241330910725,1694961700.6600695,8,8,2.45760416934172,0.31038562811829573,0.5,4.041092864292664e-05,2.4953797651252462e-05,351
91,0.6478201437708961,0.6454837550022311,1694961857.5851989,9,8,3.627745122531623,0.05682368908625707,0.5,0.0039018970710220165,6.885490790426677e-05,306
92,0.6461201400736285,0.6493574043172308,1694962635.1910188,7,11,3.764689550155394,0.32889129549132273,0.2,0.00011918013566755345,0.000966896519742191,484
93,0.6477419729676912,0.6545164437317901,1694962776.6108172,10,16,2.0702548822839995,0.41694616686366365,0.4,0.005480263266792904,0.00016095243118499023,438
94,0.6504778454436457,0.6411482166949796,1694962890.7011564,9,13,3.0896416915261895,0.03780618573694944,0.2,0.0025948565433379658,1.9002650548779493e-06,212
95,0.6475667224778032,0.6479057959556143,1694963138.6187735,8,12,1.2170234837420197,0.08552732186829887,0.30000000000000004,0.0004407039931151565,5.827143463271068e-05,471
96,0.6203405711750445,0.6255261543070547,1694964230.9400723,10,10,3.6548161797869065,0.261671350740409,0.30000000000000004,2.0101592117066915e-05,1.601627001299038e-05,489
97,0.6507845073918945,0.6515219051342431,1694964356.0510063,10,11,1.7385552475870676,0.4799705405687042,0.30000000000000004,0.006964704477536696,1.2758814349974604e-06,330
98,0.6358345525513789,0.6376546042937467,1694965424.2706556,6,8,2.465043552971654,0.4741420906310998,0.2,4.371442577128116e-05,0.00012506501809073266,457
99,0.6440628746784698,0.6487135300324458,1694965576.356162,9,10,3.3347167261931876,0.3888537427783878,0.2,0.001839903109014979,1.287360603084808e-06,156
100,0.6546720259442557,0.6503029712124911,1694965764.4776218,7,16,3.0875166151878686,0.33429629990190857,0.4,0.00146838929916702,1.5418788095480944e-06,464
101,0.6470765704144638,0.6466056085518267,1694965899.4101963,9,9,2.784415597177514,0.2259384669951825,0.0,0.0025490040795663675,1.0778537861205487e-05,345
102,0.634424625915734,0.6429179431536417,1694966979.9765334,9,16,2.5796619310398947,0.22421860024163942,0.0,2.183464812840731e-05,0.0001509345310819367,146
103,0.6462931722028848,0.6477752061542228,1694967298.6586196,8,9,3.380772162612624,0.10514220510258976,0.4,0.0002155823115146545,0.000176848679801986,225
104,0.6396542526501487,0.6357230412990367,1694967450.9471087,10,12,2.2184479479461987,0.20742985443961104,0.1,0.0010377235516086554,3.3219455412057293e-06,133
105,0.6132401269747372,0.6243771244786585,1694968540.2332454,10,9,3.4315858483258452,0.0414866148157052,0.30000000000000004,2.072168441280435e-05,1.2060633782496614e-05,214
106,0.6467159283575152,0.6474967390859825,1694968744.0855746,8,8,1.8305247962226967,0.38069719923384104,0.4,0.002339026759630853,5.3777286926881475e-05,402
107,0.6346900897379694,0.6408719764055308,1694968877.6386156,7,10,3.4351842219429387,0.1984709486407526,0.0,0.007339228148084538,2.430596283930269e-06,408
108,0.6392308626781951,0.6448637287999883,1694969068.4387612,6,15,2.8724071721451674,0.47193542635753194,0.30000000000000004,0.003360920567831443,3.071762191962162e-05,463
109,0.6515742437767061,0.6481676340144915,1694969600.6944525,7,16,2.9390233201319753,0.46021655231573305,0.0,0.00012440060422309055,0.0005070866282839997,184
110,0.6481901874514734,0.6421026547896193,1694969938.4411352,8,11,1.02999331654381,0.020661044924822736,0.2,0.0001364626339220851,0.00046032337395158406,210
111,0.6536570731372373,0.6510868093190645,1694970428.154397,5,9,2.2335891849854645,0.4924017226963596,0.5,0.00040339220327771614,3.618150216941084e-05,342
112,0.6492770785246844,0.6477583496782089,1694971060.954445,9,8,3.8144363488745645,0.4375393665091808,0.2,0.0001029803401489995,3.902353990623855e-05,290
113,0.6517202330335025,0.6515432151678402,1694971772.5811248,6,9,3.176364697656351,0.4449980010487203,0.30000000000000004,7.429903995002644e-05,2.0430671212203988e-05,148
114,0.6520022817423637,0.6472265925083882,1694972190.281632,10,10,2.058212415507702,0.323963867042822,0.4,0.00022571947426272478,2.587026991272577e-06,248
115,0.6477057397440434,0.6484101134641964,1694973163.0068402,9,10,2.2255344995350472,0.1366923351487196,0.2,0.00010155379953219285,2.7240913844296053e-05,436
116,0.6516913943452931,0.6441147409786966,1694973354.8003976,9,9,1.7110659952241285,0.17195249959809988,0.4,0.0016104433894255181,0.00016106405784035413,161
117,0.6427452740995833,0.6454607808705048,1694973587.71055,6,16,2.7641255955851127,0.3809254304650184,0.1,0.0007191297901210376,7.61693109040473e-06,281
118,0.6525295121191155,0.6470485459804919,1694973735.173145,7,15,2.0794687246612265,0.36941884292164723,0.1,0.0006548541636488303,0.0003704515957240513,168
119,0.6560519518932652,0.6504344948243436,1694974313.6804533,7,16,3.4811847388749637,0.44169983779544914,0.30000000000000004,0.00013217272350015286,2.6692947946942184e-06,452
120,0.6491944710002167,0.6468754199154092,1694974568.291108,5,16,3.787642643384214,0.47473143734162726,0.4,0.0009661934187223033,1.4631277314093178e-05,437
121,0.6249363805861754,0.6369116742685224,1694975660.2962158,8,12,1.405308146624737,0.05952648226558943,0.4,2.6091779302489847e-05,0.00012780147827698044,259
122,0.6525412377395962,0.6492696381058263,1694976309.5531092,5,13,3.371855428151558,0.4949256310712532,0.1,0.00014951011007298718,2.8411527083496823e-05,282
123,0.6270044208758299,0.6237647124232516,1694977371.8122826,6,10,1.2678557592490498,0.2861178617541277,0.5,2.3594563050123332e-05,0.00014485061782484556,300
124,0.6483361767082697,0.6452893667912674,1694977588.223835,6,10,3.958775156054705,0.05424778066913144,0.30000000000000004,0.0004085317307775933,0.0006776461252217357,155
125,0.6455890011567166,0.6476206724948571,1694978544.9626043,5,15,1.9750820772175395,0.20467682743157672,0.0,4.7703236207223107e-05,4.763254442641081e-06,370
126,0.6343321942227551,0.64104833489144,1694978684.9037402,5,9,2.2051823709702427,0.200660147289208,0.0,0.009887451769348445,0.00033556397319118946,413
127,0.6486453739258117,0.6478038070925729,1694978843.5262957,9,11,3.0036984286495745,0.41999450845872693,0.4,0.0044681787949010605,0.0002157698740742838,392
128,0.6459341146892447,0.6480637296428122,1694979098.019072,10,15,1.9967017179864017,0.252608892395701,0.0,0.0001808086226384776,8.318413343298986e-05,161
129,0.6443677408109693,0.6497398595606532,1694979428.5061455,8,10,1.6964770864348435,0.17989955931012153,0.30000000000000004,0.0002473219991875605,2.1647559061959803e-05,412
130,0.6412860153489429,0.6441912176610662,1694980476.1536899,8,13,1.3437814615896797,0.009915792753237673,0.2,2.3092891857319714e-05,9.11826362120017e-05,448
131,0.6479877884529047,0.6451582981127164,1694980745.7418945,9,11,3.5100365262804836,0.35749079511174725,0.30000000000000004,0.0006541696404933433,3.5079350632154904e-06,72
132,0.6432583492227815,0.6393710077807002,1694981795.0946622,10,16,2.5268551567380513,0.2896067811606957,0.4,1.985709146031059e-05,0.00014553100210304814,420
133,0.6459407697711391,0.6428828534297806,1694982830.0651703,6,13,3.4130036240912633,0.4738111168746045,0.2,2.8664219911889438e-05,0.00015271733941959437,339
134,0.6148091417585262,0.62702730251082,1694983865.8673189,7,11,1.0840823728306934,0.460232510159524,0.2,1.3649851839360425e-05,2.042985936115601e-06,328
135,0.6483664943035667,0.648795166616209,1694984483.5618734,5,14,3.227570207488492,0.0024300698226460415,0.30000000000000004,8.301574767395544e-05,7.4533673308593915e-06,448
136,0.6462750027729508,0.642532039994671,1694985473.2221227,5,11,3.8643358069879796,0.043310714045269705,0.30000000000000004,5.9367233990943953e-05,4.887478510828612e-06,215
137,0.6507179565729497,0.6473539738328111,1694985943.848946,9,11,3.144420662659427,0.4595817790762012,0.5,0.0004050427839610575,5.87334310429189e-06,347
138,0.6478938778528383,0.6459046161938441,1694986432.280112,5,11,1.9089737046069115,0.47661459413508545,0.30000000000000004,0.00015000895436322176,7.040431407378134e-06,301
139,0.6437760723396839,0.6463654037686292,1694986635.6673884,8,15,2.4966625372280173,0.48751139376262975,0.0,0.0006638218175973587,1.8747988644271662e-05,200
140,0.649175456480518,0.6436807585529137,1694987251.8969421,7,16,2.1935770597843494,0.47007315534853744,0.30000000000000004,0.00014997522486691797,1.6481158526560025e-06,103
141,0.6410925954291207,0.6375714472750021,1694988261.4988692,10,9,1.8663272215056095,0.18490463123381468,0.0,4.112403871733732e-05,4.730018133696046e-06,255
142,0.6437289585853198,0.6464726961962117,1694989018.0635543,5,13,2.4027601002663412,0.34627923909112024,0.1,5.326183677347218e-05,2.357818281909652e-05,243
143,0.6338557748680866,0.6351238582251606,1694989172.6760657,6,9,2.494733748031024,0.18609578829959467,0.2,0.0024349700215252046,1.441036788358541e-06,149
144,0.6457306593284705,0.6419966912461542,1694989282.4069169,10,11,1.1874763799981731,0.11504409290998208,0.0,0.008474498287460995,8.309967253718814e-06,138
145,0.6418435633209916,0.6465043380045246,1694989745.373603,5,15,2.677669332131976,0.45021014249859675,0.2,0.0001846283279413204,3.706279363919692e-05,346
146,0.6493883134649209,0.649036652395808,1694990239.3332577,8,10,2.6715284838744515,0.47273864658735776,0.30000000000000004,0.00020538196016246262,1.6499785389537114e-06,506
147,0.6457779843552758,0.6472989029594705,1694990351.8759906,5,8,2.003286762655878,0.46123172345234487,0.2,0.005437015635604386,0.00040138201239334437,221
148,0.6533740737023911,0.6503808246666943,1694990555.512213,8,11,3.6101528028565357,0.3451597867656178,0.4,0.000673011224742556,7.498259287120285e-05,379
149,0.6459385514105076,0.6471347079534122,1694990707.2382588,10,10,1.4953759064551975,0.16651581219147116,0.4,0.003709839286375249,1.6670161457983415e-05,312
150,0.6452683952273556,0.6400453027370416,1694991754.4093907,9,14,3.3247827201056985,0.26250976991605984,0.30000000000000004,2.488987352308255e-05,3.7590958187224624e-05,70
151,0.6487279814502795,0.6480633944288007,1694991929.8496108,7,8,3.645050110174128,0.41897983100642106,0.30000000000000004,0.006006495360805442,2.4251583100749695e-06,375
152,0.6536534815057387,0.6490285114840968,1694992314.4026456,7,14,3.3105536586863904,0.4665610799252847,0.5,0.0004214144055444648,0.0005578014637434205,255
153,0.6386986673990778,0.6370434253470255,1694992434.7429302,9,12,3.587667267283233,0.07739073496017523,0.4,0.003528419319014792,0.0001453752898242096,137
154,0.6392641380876675,0.641745232849709,1694993477.0705175,8,15,1.5238431078806376,0.48780267302700886,0.1,3.210750821874728e-05,8.086601850880759e-05,74
155,0.6172415213728483,0.6204915391504585,1694994521.0351887,8,11,3.853788823549457,0.1462062579875668,0.2,1.1594961815587757e-05,2.017581191746035e-05,350
156,0.6382080927908561,0.6418759782861772,1694995561.0387187,6,11,3.2142375222349275,0.20958923379434452,0.1,2.776262559240663e-05,1.1307859957937725e-06,411
157,0.6519671048809216,0.6511411858205239,1694996527.8236802,7,10,1.263399805988947,0.35801290757000104,0.5,9.706799577828182e-05,1.9478900809410896e-05,493
158,0.6350627743240602,0.6395783496188281,1694996718.6954455,6,11,2.2346508845571718,0.2992668633106054,0.2,0.006093527730513309,0.0002193178030788133,189
159,0.6474987983879913,0.6478594526185051,1694997745.9386857,5,16,3.2557036970102082,0.17928958357283747,0.30000000000000004,3.427418654492309e-05,1.099553263163364e-05,382
160,0.6390534994638961,0.6413284900016675,1694997855.3774867,8,13,2.6461535342287936,0.2122982006367526,0.2,0.0011747124262569007,0.0009158134908853807,165
161,0.6520417896888485,0.6533200768961788,1694997991.9412563,10,10,2.5578958927434665,0.14867461223682293,0.5,0.0011755533512775142,9.229841092269377e-06,433
162,0.6430567953139773,0.6466704365472918,1694998888.1402874,8,12,2.324700549391869,0.21831194451113872,0.4,4.322575350576828e-05,2.685910841401831e-06,360
163,0.6385646150352032,0.6427977330146821,1694999063.346209,6,10,1.6197777621350964,0.04224942613602545,0.2,0.0010022738203203775,0.0002782085694213136,207
164,0.6429321445737314,0.6378521052062471,1694999181.2739115,5,9,1.375231221217544,0.20185765557310564,0.0,0.0017701780343158393,5.0423643466813275e-05,412
165,0.6418072244611233,0.6442973128957501,1694999286.3072748,10,15,1.8812277226521614,0.05991594158969371,0.2,0.003888665473468163,0.0004291839278533971,341
166,0.6292691558081436,0.6303008469134117,1695000321.3023536,7,13,1.7346840346355232,0.05626944775546683,0.0,1.2495772256734295e-05,0.0005581416169308941,320
167,0.6500527652921634,0.6468282864309869,1695000679.5754745,7,15,2.7424261377145576,0.06929693625646083,0.4,0.00020644624226550062,7.272247944229225e-05,496
168,0.6424743171938794,0.6418234694056397,1695000797.3696418,5,16,1.546210424925847,0.051568273565702316,0.1,0.0025000012552986077,8.554288406200688e-06,86
169,0.6492595429120737,0.6555779228435036,1695001520.4040487,9,13,3.2355256004801376,0.3772860383336883,0.5,9.636449613094864e-05,0.00032804247354700615,266
170,0.5874877065848338,0.5837166226211418,1695002553.4223702,7,8,3.656500747173015,0.318146364173359,0.2,1.631407781759568e-05,5.8474943946661754e-06,223
171,0.6187978598101718,0.636852497023539,1695002673.1061587,8,15,2.1153505477086574,0.14943593559450552,0.0,0.003967641495100495,4.4668125695364144e-06,428
172,0.6238286791775163,0.6201604554543199,1695002876.4791734,9,11,1.6715023884523252,0.06321454661963777,0.1,0.0021275667612902574,0.000809703923301451,357
173,0.6444137982031279,0.6447362876159205,1695003108.91787,6,15,2.838464827299583,0.41571802635996147,0.30000000000000004,0.0013337665625836586,3.6298297381499736e-06,148
174,0.6457498851206102,0.6492546133349475,1695003371.2864609,5,15,2.5301356436733524,0.06511774876035697,0.5,0.0002875910768414874,3.269519527764394e-06,92
175,0.6466745189590607,0.6479049938363721,1695003792.5014708,5,13,2.109129650319026,0.4193451192264535,0.4,0.00046055142105642444,1.2135941399636488e-05,402
176,0.6470266044821449,0.6493001306089565,1695003996.167517,9,12,3.0240989397910454,0.4065432820790114,0.2,0.0004450772220929476,4.356560562353911e-06,262
177,0.6544755425740378,0.6494783447438587,1695004140.7052083,6,9,3.4306306956375234,0.3126879973061668,0.30000000000000004,0.005000072372674689,0.00026928857159628014,247
178,0.651230080970163,0.6500492381495382,1695004735.327106,6,12,3.6283045648951964,0.4791430642826302,0.5,0.0001670651092219815,5.1154348753374295e-05,118
179,0.6432137707377106,0.6423483068005058,1695005771.198158,7,14,1.4945218998454983,0.06602414461580836,0.2,3.535942254122399e-05,3.2699173693068204e-06,104
180,0.6366209085771328,0.6378088266829587,1695006196.1885107,7,9,3.7593082381937117,0.010656738408500954,0.0,6.032494850820707e-05,0.00041153874932465455,448
181,0.650169070770986,0.6490219508670119,1695006707.1993454,6,8,3.2259197247830027,0.13267244631047553,0.5,0.0001619650503491638,2.7176114882644303e-05,146
182,0.6215236968451743,0.6291073653126862,1695007762.3230736,9,16,3.4910079797734306,0.38370377127027405,0.2,1.6787915882204473e-05,1.176420626247827e-06,305
183,0.6031752135172108,0.6180544015946227,1695008804.996384,9,9,2.1639163970609543,0.21258190670088445,0.30000000000000004,1.6600719371618718e-05,1.4282324998126305e-06,142
184,0.6404715600885231,0.6411608351081319,1695009878.2768028,8,11,3.9015524222876046,0.2616502336945439,0.5,3.622646452416525e-05,1.1557933450130285e-06,445
185,0.6454944567393268,0.6467110333584872,1695010034.0207198,7,8,2.7150620032815898,0.2850089673996605,0.1,0.004485263163301013,0.0003055208962374879,268
186,0.6502712209962552,0.6418076544874477,1695011091.9129817,6,10,3.7049228533457494,0.2022980717696577,0.30000000000000004,2.9953311564950613e-05,6.108679943499247e-05,503
187,0.6431118317848824,0.6458485037626815,1695011307.6230524,10,11,1.7681635201820376,0.28950205324923056,0.30000000000000004,0.0018984833607068696,1.759532232405586e-06,383
188,0.6180491102789324,0.6262874013836294,1695012377.5974689,10,9,2.2521967968025653,0.2438856886725021,0.5,2.6403933406540226e-05,1.1453873330300891e-06,213
189,0.6445332727685669,0.6475021863136716,1695012506.4718566,10,10,1.4923245067889988,0.3581637496638433,0.0,0.0012215701960791357,2.539985378024112e-05,260
190,0.6463107078154958,0.6493445464654987,1695012629.3989818,9,11,2.4605788046063433,0.13450271096865635,0.4,0.002550862989999125,0.00018817444534572128,85
191,0.6475129536415445,0.6463346718269193,1695012782.357371,7,12,2.5420579762063755,0.4850087218108896,0.1,0.0007994285881208624,0.00018508797524478696,240
192,0.6450734964004458,0.6428909943414918,1695013370.3149905,6,8,3.2343246447064917,0.16428844491475458,0.2,8.050217658378919e-05,1.0156304581420092e-05,492
193,0.6401842295686344,0.6418799529666008,1695014383.1877308,8,15,2.30618435215783,0.3982048530519372,0.5,3.097274529263994e-05,0.000732174348235037,112
194,0.648763369584163,0.6487379886833664,1695014593.8818078,8,11,3.1516381706340924,0.1527027186583812,0.30000000000000004,0.0012348484730534397,1.6094314266274406e-06,332
195,0.6484018824374502,0.6470034477239974,1695014986.2549329,8,11,1.4444919659361775,0.056397564034547654,0.4,0.00024258668321165,0.00046243627618855633,191
196,0.6469744201891944,0.6406043439330238,1695015112.3453493,9,9,1.8299941166766116,0.03937077497325331,0.5,0.004260635490592084,2.0681231980598143e-05,217
197,0.6418631060217926,0.6416793273806349,1695015329.2182221,9,12,1.531323112786295,0.28109704114689965,0.30000000000000004,0.0018472879306995961,0.00016845042601003853,512
198,0.638151894321525,0.643706510172165,1695015528.4620905,6,16,1.9235000732536387,0.36164412966435366,0.2,0.00026710103432984333,1.339726901436332e-06,193
199,0.6431312688494631,0.6416394009974627,1695016535.6150434,8,9,2.1772451996075475,0.1582234634846043,0.30000000000000004,3.9640333325803475e-05,0.0001274896372034887,224
200,0.6424481194111837,0.6447093507756996,1695017523.7392113,5,16,3.2921550153206756,0.37318316446485433,0.5,2.7434916522670555e-05,2.6716700138614153e-06,84
201,0.6497297297297298,0.6467115122356467,1695017632.1795235,6,14,1.4367253615724573,0.4771428128954537,0.2,0.003234806614580097,5.478802032802263e-05,308
202,0.6210627003787059,0.6358885651892124,1695018620.7794936,7,13,2.2421116531675738,0.41126728106218735,0.1,1.87464004038817e-05,5.023712096877933e-05,137
203,0.643862377131871,0.6445162196172796,1695018829.8964663,6,16,3.3011433076314,0.16329348532159121,0.2,0.00033971529046280445,7.069004052074943e-06,195
204,0.6494260255956562,0.6439513002041645,1695018961.2769525,6,9,1.517346612805353,0.433186176942611,0.4,0.008903430633923695,7.472281464600913e-05,142
205,0.6485976263541243,0.6464016906853891,1695019937.8296287,7,16,2.8407529958087654,0.4086676478095083,0.1,2.65546018387527e-05,0.000793074514810086,285
206,0.6361727997295713,0.6396773574715516,1695020930.44879,10,13,1.95223734094891,0.35211515442554375,0.2,2.8407547061875364e-05,0.00021927321091588935,511
207,0.6480338458450634,0.6479402391953102,1695021049.3370397,10,14,3.3499701458680673,0.3985559846244,0.0,0.005309152213904951,1.2326690864602777e-06,94
208,0.6269128342726155,0.633776250010655,1695022031.4087315,8,9,3.2771228361675258,0.4932606484551729,0.4,2.5326089082937832e-05,6.882324413268051e-06,417
209,0.6428005218429296,0.6467693486245834,1695022507.1040027,8,12,1.8257953469758064,0.08294579277145803,0.1,0.00012854102218573264,8.05484060307906e-06,416
210,0.621400313739575,0.6269766492792755,1695023480.1111014,6,10,2.5434674604377316,0.22232641328904024,0.2,1.3405536649706276e-05,2.470841384522814e-05,427
211,0.6450987434571566,0.6438917039416666,1695023896.605319,10,15,2.0445872122982065,0.3206614002488485,0.2,0.00024910933015079485,0.000714230296843127,293
212,0.6333560099086775,0.6323654300110975,1695024506.5837634,9,12,2.8934867792902175,0.2828156911369836,0.0,5.350629316977118e-05,0.00013668856190667626,297
213,0.6465791294519065,0.6459328340304668,1695024664.2901726,9,9,1.1599950487683945,0.33460168413848096,0.30000000000000004,0.0007136460667580561,0.00024157733704036053,172
214,0.6474015074288673,0.6439037716460856,1695024809.0809739,10,15,3.7114428379994893,0.3900693514337596,0.1,0.0036705415752642254,0.0007009200170868672,493
215,0.6361951946083273,0.6392459968982169,1695024957.6493773,10,14,1.6600348010124764,0.078907407961266,0.30000000000000004,0.004913625393680718,3.670840564362118e-05,299
216,0.6482177585050363,0.6467917121879314,1695025908.3599033,9,9,2.3492275153922915,0.16976869973889158,0.1,4.8771119610736454e-05,0.00027276087955742227,499
217,0.6516529427610138,0.6464558277482688,1695026641.3127344,9,16,2.5597000423195135,0.17355073226866125,0.5,6.639919976387185e-05,1.8111654719894456e-06,323
218,0.6487932646345779,0.6443497978324295,1695026903.2892962,10,12,2.1844345208415423,0.3135179859370298,0.2,0.0005639481165602325,9.474021471226943e-06,125
219,0.642969117250923,0.6450578296846565,1695027089.909375,8,14,3.196236833173401,0.29330800979599525,0.0,0.0012964887534905338,5.070644530007238e-06,79
220,0.6433816266921601,0.6463603396426676,1695027364.3052888,7,15,2.1303648955471637,0.20476860353649984,0.4,0.0003551271825534986,3.75840951141643e-05,483
221,0.6470412879168009,0.6455336659741784,1695027589.1323826,7,13,1.454936827101652,0.386679157657804,0.2,0.0014419849341355537,6.312057902893842e-05,472
222,0.6426943574412795,0.6395374654813372,1695027753.561797,5,8,3.8284258960489623,0.25384714613439496,0.4,0.00026119648878630987,1.4130345511621792e-06,407
223,0.6542362765344981,0.6507554143527722,1695027949.1377902,7,12,2.881779832407311,0.31902522789944193,0.4,0.0006207966084374782,4.368843695656352e-06,394
224,0.6506060878153902,0.6453366080230505,1695028202.4599254,5,15,3.9395494029298344,0.4009458746395118,0.2,0.0001430775292657511,0.00046654977285922954,73
225,0.6467686408315683,0.647509237779845,1695028360.736798,10,10,2.1114781600034696,0.14855593608568907,0.2,0.0014761966722480323,0.0009746292186173508,246
226,0.6479233503583709,0.6484298671470252,1695028618.7606418,6,10,2.7873947521443703,0.3490071233096064,0.4,0.000619388719464657,0.00013009000453272537,354
227,0.6277041552007352,0.6201540624442407,1695029612.5371842,10,13,3.9490877524688255,0.32184655778156923,0.4,1.4928043866370843e-05,0.0002482494693859737,408
228,0.6446572896914894,0.6448034501375384,1695029997.857252,7,9,1.3708855928120323,0.14360353497097078,0.4,0.00030295000291253,4.071945343710226e-05,467
229,0.6493171146522719,0.6497577336506309,1695030982.1090026,9,13,1.0312353201273807,0.03207284008697253,0.30000000000000004,3.59297963272915e-05,5.587725957870585e-05,322
230,0.6519496749045313,0.6514870428770327,1695031515.9201636,9,15,2.291289667281291,0.16288989459137448,0.5,0.0001797070491294121,1.3575877867896528e-05,297
231,0.6403791283955442,0.644603949912897,1695031664.6092465,9,8,2.1210690342613,0.04967557388727589,0.4,0.0049959247923209394,0.0006086884247015368,329
232,0.6377717095637752,0.6400249025700475,1695032648.4299219,7,15,1.9538783473775478,0.11416569838030283,0.1,1.604156512414419e-05,2.6496200116593333e-06,466
233,0.518337180252365,0.5225526479943523,1695032735.970738,7,8,2.1756594509061524,0.14464650992572514,0.0,1.8445876620324528e-05,0.0002627543816642654,260
234,0.6523657759772671,0.6465210149016037,1695032884.3165822,10,9,2.0509222879426448,0.47057411234824353,0.30000000000000004,0.005163162310079172,0.0003976743951866048,322
235,0.613673235478981,0.6196443695395433,1695033869.7995698,9,16,1.7431044245011091,0.40999545132521803,0.5,1.5669646889571615e-05,1.0252041024981361e-05,289
236,0.6359968097861394,0.631160790572556,1695034111.358368,9,11,2.4720119110729795,0.008341453364843376,0.0,0.00012023169671798985,2.6471931736550267e-05,499
237,0.6464122242234418,0.6492146749798465,1695034947.2847795,6,14,1.0516596154067108,0.27495805507167653,0.4,0.00010177377670440789,4.933676432439515e-06,165
238,0.6491783086584728,0.6450468394538463,1695035949.916416,7,13,3.7864865514754538,0.1553151116841175,0.30000000000000004,2.7234508048145654e-05,1.3389917492774519e-05,149
239,0.6479452170560243,0.6503441666201357,1695036098.1848376,9,11,3.043884180978614,0.28117736873144955,0.2,0.0012891866384001035,4.601354377378374e-06,444
240,0.6507697183210179,0.6487430408373991,1695036211.726773,9,11,2.581983764712777,0.3972857958988648,0.4,0.00375766110086234,0.0003473400804329306,431
241,0.6428716150193579,0.6465720272910178,1695036522.6656668,9,9,3.990642730649134,0.05322522644243649,0.1,0.00010755070788433779,1.0519800376928466e-06,181
242,0.6468362480127187,0.6478310911187347,1695036710.6869483,10,10,2.9994533045641116,0.4334049573312006,0.0,0.0010936771735623437,0.00014822178678561298,476
243,0.6384236963169931,0.6410960071126667,1695036885.589841,5,13,2.7555700266608185,0.34572593147528574,0.30000000000000004,0.0066016001420582575,0.0004284989868331452,236
244,0.575971034548326,0.5811179238836248,1695037882.7611094,7,9,3.702532095866914,0.14644766208433596,0.5,1.061885171231085e-05,0.0009459718329241427,198
245,0.6421716694220114,0.6462701311577497,1695038268.0548673,6,8,3.364000534780601,0.2182151794121024,0.30000000000000004,0.00016611795814099983,0.00041210736693906224,344
246,0.6250284953704927,0.6261416311762822,1695039331.421185,9,11,3.362453833457103,0.0585852645856938,0.5,1.6181330202157602e-05,5.911366741303839e-05,175
247,0.6468476567245377,0.6431237406129302,1695039482.8454528,6,12,1.1191602521802348,0.1729927671929759,0.1,0.0023069484716016623,0.0002987108035480535,309
248,0.6541652889942904,0.6495547495946544,1695040084.2035856,8,11,1.466193709995264,0.4214401845934728,0.2,0.00017594179724102451,0.000841115069703659,505
249,0.6454307580983367,0.6464142612108257,1695040188.7579007,6,15,3.3787833138141226,0.16196648623130722,0.30000000000000004,0.006582240368975237,1.731708385709103e-05,259
250,0.6451445895768742,0.6491197615268367,1695040314.6472054,7,16,1.3621711624653938,0.07474357304169876,0.30000000000000004,0.00963318072965078,0.00012117184808681225,276
251,0.6510276819715944,0.6507390487258468,1695041325.1093857,9,9,2.6164742748075325,0.31857003552358404,0.1,7.333923834955267e-05,9.949499480383719e-06,362
252,0.651784776764257,0.6494830856277376,1695041790.3636496,10,8,3.0778676995554184,0.2995696668225631,0.5,0.0002269505492942345,0.0002493306372351211,295
253,0.6293703553074278,0.6375812522848426,1695042828.004103,5,13,3.067194295195322,0.4707192816265041,0.1,1.953452469467948e-05,0.0007707485457766439,196
254,0.649082602242657,0.6471204853017755,1695043005.7718716,7,8,1.9989995613549816,0.12970389694308582,0.1,0.000492475094549766,2.7055042015659523e-06,118
255,0.6404963846003517,0.6366691229872434,1695043148.1514118,8,16,3.268756018858305,0.19750609513631628,0.1,0.0027153922586819917,0.00046134855215465873,328
256,0.6462118323130635,0.6488873863851967,1695043292.4362936,8,10,3.7232174872214916,0.13009880444647753,0.2,0.0008262042770728828,0.0005756245825452656,158
257,0.6528631113036037,0.6507093942577457,1695043540.3137944,10,15,1.5171322933713678,0.20428840543752858,0.5,0.0009025250992448663,6.020121938845684e-06,510
258,0.6443035139888764,0.6429576420701629,1695043732.1259341,8,12,1.2456364542735154,0.0626968792250478,0.2,0.00036942699592149963,0.0003105349399041302,102
259,0.6518021011044266,0.6466226206629173,1695044068.3710299,8,10,3.542514067268056,0.26555228874794357,0.4,0.00020438463730383915,6.029123553595427e-05,159
260,0.6454095252180068,0.6441062768249026,1695044242.161535,5,9,2.3576105781306462,0.14057327929641122,0.2,0.0018104697760132097,1.1419076068870054e-06,507
261,0.6353438723069366,0.6375373392493179,1695045318.286449,10,10,3.4478870698271744,0.06169154281293049,0.30000000000000004,2.4029023667219412e-05,1.172119803597673e-05,480
262,0.5135564018190557,0.5241290517437306,1695045413.7426078,8,11,1.2769044104872442,0.09175176913767397,0.5,1.6026965348156296e-05,6.908116539783816e-05,506
263,0.6435119817883156,0.647511129344625,1695045540.1854765,5,11,2.4981990744895053,0.12113880639394897,0.5,0.007548709255943663,0.0006533085076995227,162
264,0.6523172889520359,0.6542598972655252,1695045712.3711143,10,13,2.2548544355394275,0.35093354337914123,0.30000000000000004,0.0017520981736426397,1.159362217922952e-06,397
265,0.6407864616619746,0.6477911048759176,1695045871.2897348,6,14,3.411831776312596,0.4650663616091003,0.0,0.0009526115333850688,5.233170126706821e-06,359
266,0.6374473007304744,0.641454303003393,1695046925.179991,5,13,3.3434825031299464,0.4371112692249934,0.0,1.5701977257477426e-05,1.697196409521379e-06,379
267,0.6451872666099753,0.6393732944191368,1695047986.7815819,9,15,3.3324780896826245,0.12646756386058716,0.30000000000000004,1.4987679489704043e-05,3.4614497940977476e-06,116
268,0.6503592159679712,0.6412335166890126,1695048408.983027,10,8,1.9796316674442154,0.2932687249960454,0.2,0.0006091485811966464,7.620607634134553e-05,405
269,0.6570789472294261,0.6444809742583413,1695048688.8810327,8,10,1.4299559548985403,0.21248678573919078,0.30000000000000004,0.0009809976411804863,0.00012921436548620066,313
270,0.6543577581881276,0.6431820439070974,1695048975.7265577,6,16,2.1718836026300075,0.3735568288995385,0.4,0.0009821135604805389,0.0001975633000375055,467
271,0.6500503356590908,0.6513767814110614,1695049674.5640376,10,16,3.1855117471819927,0.43798488598487567,0.5,0.000110926844017666,2.7221505788168837e-05,286
272,0.6483854031870446,0.6456958496961668,1695049902.27677,6,11,2.193204827344571,0.42088426000056006,0.5,0.0009052083297778761,9.616049935029841e-06,399
273,0.6494596179137904,0.6481268815682193,1695050198.1866899,8,13,1.7176057713094743,0.37912948327840934,0.30000000000000004,0.0007374757222612882,2.3346133211437557e-05,436
274,0.6520005915628351,0.6515947782659878,1695050969.3358898,8,13,2.9705374934914266,0.2511014742977358,0.4,7.365405031991239e-05,0.00019353356411308488,400
275,0.646555889483386,0.644611420396585,1695051163.044354,6,8,3.083110668788334,0.3388568249839739,0.0,0.0007021762608636044,0.00020750769182700633,250
276,0.646531170607778,0.6488655615586532,1695051446.069956,5,11,2.2996353174069206,0.21447520669651732,0.2,0.0002043175001846976,4.541798505736818e-06,118
277,0.6462055997760512,0.642061974174921,1695051690.198926,10,8,2.0671037959160694,0.07775443153109979,0.1,0.00029370700894834644,2.0836384085510397e-05,295
278,0.6514530790317384,0.6467263215118038,1695051816.5369825,7,13,1.0541356795688097,0.26855383163724983,0.0,0.0011265612381354552,1.4183579186922162e-06,120
279,0.6531145255085063,0.649118528418151,1695052057.070832,6,13,2.0472330334295643,0.4473378492296883,0.5,0.0007605980839954897,0.0006581993749062701,133
280,0.6269760047325026,0.621985133067033,1695053075.8333607,7,9,3.7358447005415103,0.06190230604514818,0.2,1.6651149493181913e-05,0.0005946390807750285,330
281,0.6452669163202679,0.6454237038064318,1695053323.361144,6,15,3.4415405437215814,0.3324728017744371,0.30000000000000004,0.0004578711706420848,9.003210204974892e-05,100
282,0.6329061052453665,0.6395735728191623,1695054311.9809217,7,10,3.3149724192460663,0.3167946972983677,0.4,3.404623578672304e-05,0.0007651888383515547,321
283,0.6443734451668788,0.6427720532270047,1695054417.280439,5,14,2.3703598661164627,0.21761643878631276,0.2,0.00808491775605415,3.2494419724724124e-05,362
284,0.6468451214552446,0.6460683802104589,1695055411.0677361,10,16,1.8299532364547344,0.33693315807297264,0.30000000000000004,4.021206995281933e-05,0.0002737117568329109,485
285,0.6369815506340814,0.6332639472254384,1695055706.2743478,8,14,3.612358364641771,0.10782901632069453,0.0,6.068143502281113e-05,0.0001822145684176491,444
286,0.6442698160345219,0.6468759466802847,1695055882.5077271,5,12,2.0849537976520454,0.09641918336972294,0.1,0.00025522418541555777,5.6443489189766984e-05,388
287,0.6477397546070596,0.6490810443084923,1695055994.1687753,9,10,2.533329154729832,0.30430980366558547,0.5,0.0032858571488453914,0.00039992011239567405,324
288,0.6456362205473012,0.6526785969971911,1695056955.479114,7,10,2.2699589866619982,0.49918846092345676,0.4,5.2483816529532186e-05,4.345011145555226e-05,183
289,0.6481996947113227,0.6492251743615681,1695057509.5370016,6,8,3.250317080603977,0.20323082507463736,0.1,9.776639487101894e-05,2.085992903292674e-06,385
290,0.6517438955469051,0.6500988019355449,1695057838.376302,7,16,3.7350500573822063,0.3913410999572907,0.2,0.00021503705067554084,0.0007389066508025557,149
291,0.6450763485784006,0.6459891260405641,1695057968.6617823,9,16,2.3078433791050066,0.3048931059840352,0.1,0.0008445672340111975,2.4701340284373177e-06,472
292,0.655248588436003,0.6452517869061767,1695058454.7531078,5,11,2.375092394380327,0.3942105578771561,0.2,0.0001372577304516948,0.00044470225877961525,347
293,0.6425353749293559,0.6410484665826588,1695059498.0685477,8,12,2.4237101773603533,0.10110125876695925,0.30000000000000004,3.2805741848870774e-05,9.959683480566342e-06,321
294,0.646290108752489,0.6488306514137268,1695059629.0422506,9,15,1.2623926224713624,0.1619670050735571,0.2,0.0017514741202560215,0.0008437044257394393,192
295,0.6480941641269958,0.6394021587399248,1695059759.0602207,10,14,2.6089727190971423,0.06641491532920618,0.0,0.0018170487310401285,0.00011551043524139323,415
296,0.649950403794453,0.6446431220645428,1695059949.6081257,7,11,2.9665253926680313,0.02493832189981854,0.1,0.00040908722714749025,0.0001058365118741596,441
297,0.6500181166118238,0.651410554222734,1695060210.4381142,7,10,1.6716514855660891,0.23931886422345666,0.5,0.0005089646221652146,0.00034808089249894477,168
298,0.647268088882316,0.6450715974029917,1695060389.443123,7,14,1.5705465634345326,0.41238455214629566,0.30000000000000004,0.0008561143103017651,2.592133813912868e-06,497
299,0.6533423828362268,0.6490206578986812,1695060504.7065303,5,8,1.1362328729760032,0.24984005258895897,0.2,0.006024777810943563,9.885616251256753e-06,196
300,0.6481159251884285,0.6448451004784845,1695060781.560435,8,12,3.0369278447089294,0.3205970456349258,0.4,0.0008263870379164965,1.0401384576523698e-06,235
301,0.6459143607160024,0.6492601922538555,1695060906.0692916,7,14,3.3860846462762177,0.3930767904668605,0.4,0.0033721509146004166,1.1921794993505771e-05,510
302,0.6473905212619302,0.6442663774312474,1695061476.3976145,5,14,2.522244722840541,0.1998458168344649,0.30000000000000004,7.719573001554851e-05,0.00026688984437947874,506
303,0.6439531186453212,0.6435668217047433,1695061809.8802063,6,8,1.9764263209529869,0.24762461560005483,0.1,0.00023171801028397103,9.069337314137197e-06,433
304,0.6047046147182946,0.5891743856077876,1695062846.2981222,9,11,1.3979526514511404,0.19325972153425236,0.5,1.4635159777116969e-05,1.5943351711286894e-06,181
305,0.6409241056573478,0.640067199395159,1695062973.6512377,5,13,2.8151859247861077,0.42576721898791287,0.0,0.003018972712909163,5.412277352199826e-05,389
306,0.6377741391968479,0.6425308068859853,1695063180.2477155,9,10,3.039088006739924,0.021888311488640455,0.2,0.0002007282132990654,8.548951520695397e-05,368
307,0.6547203016970458,0.6511365047962899,1695063640.7484305,8,10,1.4422383582861245,0.4752470817130007,0.4,0.0005791434658952635,1.1376560210783066e-05,246
308,0.6478974694843369,0.643462163101538,1695063792.9541502,5,14,1.5563352015439538,0.14690881317586646,0.2,0.001572045379280082,5.012722841444129e-06,496
309,0.6446152464757116,0.6459758970590334,1695063948.1851132,9,15,3.3845289509157066,0.1536468960298114,0.30000000000000004,0.002644692820899603,0.0005349490651099157,236
310,0.6491143987450417,0.6492019129035462,1695064688.4642975,9,9,2.1573577868898997,0.31667709229326196,0.30000000000000004,9.133123420880079e-05,9.209557812119265e-06,130
311,0.6532766771070464,0.6499719832917843,1695064802.744124,5,13,1.332735060933783,0.27789530198031887,0.5,0.004928888078762385,2.0117698544729165e-05,80
312,0.641175836770912,0.6429604913892619,1695064924.3123107,6,15,3.646217758625958,0.35911681212073865,0.2,0.007477410072618134,1.5269530760665425e-06,409
313,0.6436086389301163,0.6443945489029834,1695065024.6012216,7,14,3.101720597062214,0.35557005588947327,0.1,0.003215950946231662,0.00010033245966580093,436
314,0.6455422043110142,0.6458217345294663,1695065195.4553475,7,9,2.781125223517545,0.09904111204584165,0.30000000000000004,0.0012635665205161276,6.919062969304111e-06,190
315,0.6502954116907604,0.6453292452867233,1695065439.837643,6,8,2.0436471724902936,0.4469021565704269,0.5,0.0017657067229596907,1.2465176761213155e-05,427
316,0.6518334750619292,0.6454561597059159,1695065590.0406203,6,13,2.6857375179007015,0.018817845039869663,0.4,0.00293559391578927,2.210497263750504e-06,455
317,0.6393526612404861,0.6414529741192754,1695065740.1239822,6,11,1.0994302651381074,0.055180374010967204,0.0,0.0006360671064532121,3.557732060698001e-05,71
318,0.6475750677392265,0.6470769314241204,1695066242.2286403,8,9,1.8861603467375119,0.37317711121080055,0.4,0.00010898982742175494,9.09284788087488e-06,406
319,0.6401877155639125,0.6406671965602062,1695066379.4697523,5,16,1.8916034983767234,0.21178443448332335,0.4,0.005766199627972386,8.02808527249641e-05,290
320,0.6548524526089505,0.6514787822460315,1695066640.1783094,6,8,1.822186311278505,0.46553155750183567,0.5,0.000586513772655469,2.397353014400603e-05,448
321,0.6477011973865598,0.6431238124445041,1695066773.3046434,8,12,1.592317043310499,0.17967513578044164,0.0,0.0008959919587952038,0.00011182740612738388,103
322,0.6523382049237041,0.6440544982320333,1695066900.5976543,6,13,1.9806820185122858,0.24326974907378468,0.1,0.0013844864722611188,0.00011190130046683084,318
323,0.6358100449482118,0.6388303913834292,1695067881.2562108,8,15,2.659618316585171,0.2224934973342177,0.0,1.7312159931925592e-05,0.000394117757841311,207
324,0.6406204015232743,0.6440119619683422,1695068130.8930688,6,8,1.0230745069028422,0.060427859356615266,0.2,0.0005966004743561533,1.8661113507209555e-05,141
325,0.6502512557505717,0.6495376297362029,1695068470.1079545,7,12,2.2034796775146566,0.4030034465884476,0.30000000000000004,0.0003632308858814311,0.0002730958843614785,354
326,0.640753503161164,0.6425495788706372,1695068603.7576876,9,16,2.313090447094735,0.39824506032500084,0.0,0.00331494217454401,2.2544961943727086e-06,421
327,0.6529757195147072,0.6517393393085071,1695068970.6481419,6,9,1.7805309109642273,0.3198477324932303,0.4,0.0003757273651486765,1.4513380001155074e-05,248
328,0.6307621125131385,0.6366310761969224,1695069063.97215,6,14,3.2844786929570233,0.10201467028107031,0.5,0.0036483949186127507,2.0654652375992885e-06,370
329,0.5818505353115476,0.6018822410416689,1695070047.8769722,6,8,1.8319202956029175,0.015882237451419923,0.4,1.2088514110511995e-05,4.729355939120613e-06,261
330,0.650059631646499,0.6486897657534064,1695070234.2100205,7,8,3.430636545291562,0.3947576024149257,0.2,0.0015854643819753161,1.1552604770046492e-06,439
331,0.6548551991506847,0.6487405985638857,1695070382.713579,8,15,2.859669351015061,0.06813356056065106,0.5,0.0012574435019865663,0.0005796004367062413,487
332,0.6371994781570705,0.6410526208420173,1695071369.394612,8,16,1.6887240902574545,0.035470330515758264,0.2,2.2920115840862633e-05,0.0005818601199046965,127
333,0.6528735692894381,0.6528186565944115,1695071645.6536496,10,14,3.0006335052890822,0.43666353406192276,0.4,0.0006744775633943863,1.6383859733423859e-06,364
334,0.6518304116115333,0.6499557732999358,1695071829.1596842,8,9,1.8235439362145704,0.4378713266867401,0.2,0.001317211616358823,2.1292536476088693e-05,73
335,0.6405122300334338,0.6396921906915667,1695072514.6818101,5,16,2.995767928224569,0.14705737004598018,0.0,3.673719439031814e-05,5.429373903557904e-06,215
336,0.6481419116986833,0.6463142716599252,1695072655.8529184,10,9,2.7291047744121766,0.17184374010810388,0.2,0.0012446524556638154,1.157160340967254e-06,217
337,0.6406009644586936,0.6406124369570192,1695072770.9226503,7,10,1.1217968460414596,0.23229697168317787,0.0,0.009278980975279008,3.3285116551958522e-06,348
338,0.6549803780720334,0.6492447484654621,1695073033.3571613,8,14,2.049963300466004,0.42153660698150175,0.4,0.0006375384095687555,5.031114185642461e-05,95
339,0.6402993730490312,0.6380981522907903,1695073996.9691226,8,15,3.2044745834651973,0.012135568715927858,0.1,2.947274425775694e-05,0.0001442308019602896,463
340,0.6510126816282767,0.6455379638966847,1695074167.2875032,9,8,2.5129815262411657,0.17802361044486986,0.4,0.001552091716833915,0.00015367532352409733,104
341,0.6500333282275828,0.6478258953015542,1695074641.1322014,9,8,1.7534358309235825,0.46219934963015347,0.1,0.0001362885646064885,0.0002791132546498049,83
342,0.6533954122189417,0.6511224138358722,1695075168.7074313,6,11,2.6484758756286433,0.20055450600144464,0.2,7.91360087390206e-05,0.0006315538858833817,468
343,0.6529604022627278,0.6479479012298619,1695075348.317523,7,11,1.9239031670171587,0.2553309738058915,0.2,0.0006082149759350134,0.00044415834217053995,453
344,0.6529670573446222,0.6423730527777222,1695075498.6667557,7,9,1.709743035034731,0.05589223387982484,0.4,0.0011238148676808754,2.2375494307726995e-05,328
345,0.6457335115064253,0.6433602819858576,1695075609.3848968,5,8,1.659177354216662,0.040689801779292545,0.4,0.0021172926467006785,3.404865524310213e-06,259
346,0.6441049178942475,0.6461124608529893,1695075903.7288163,10,16,2.5968827799071246,0.2812219538548209,0.30000000000000004,0.00016846221844901292,0.00015153790395635512,463
347,0.6488524209180844,0.6509019986512904,1695076015.0508797,6,15,3.641780919810431,0.23935731544585043,0.5,0.0030377079032601582,8.835821627892554e-06,219
348,0.6441137913367736,0.6476101731131354,1695076986.1773517,8,10,2.1736065281921935,0.06874805446917165,0.5,5.646526466162347e-05,1.105820933218331e-06,365
349,0.646260953155618,0.6491496913493044,1695077105.4263241,6,16,1.191990126097516,0.4365542096385258,0.0,0.0011624445667627946,0.000429628918337443,444
350,0.6218939517981925,0.626177989924616,1695078078.0616317,8,14,1.495601259033017,0.4095033532433687,0.1,2.1549205411536305e-05,1.066968276259065e-06,396
351,0.6493668693121497,0.6503768859020576,1695078446.125467,10,12,1.870984405037016,0.4589925898596257,0.5,0.00021012683229551724,2.077950994435874e-06,115
352,0.6507722535903111,0.6520621264578577,1695078568.1147425,8,13,1.4880037469118368,0.2498620785451533,0.5,0.00336110792180508,0.0007306669442940165,328
353,0.6503412578104781,0.6541445357578053,1695079079.2195659,8,8,3.851310204389425,0.4445247575551315,0.30000000000000004,0.00023101994159003823,0.0004491839392998587,495
354,0.6387165199203502,0.6433243422550383,1695079184.7413478,5,13,3.5648429410972584,0.4669344001104224,0.1,0.005796699476403648,0.00021908237548245936,182
355,0.6428772137390468,0.637451811788634,1695079373.1756825,5,12,3.1834028494293194,0.4254640053005895,0.1,0.004307957820528755,8.387655740189852e-06,393
356,0.6123547898103302,0.6226288517167411,1695080353.2762508,9,13,1.8092404558232493,0.4809601371420576,0.30000000000000004,2.1742700801420695e-05,3.264859427709512e-05,188
357,0.6485096313824084,0.647842787693355,1695080572.2255409,7,11,1.2799489948900895,0.002722002970383608,0.5,0.0005019948833208162,8.697175522363081e-06,478
358,0.6426870685420616,0.640328271250581,1695080835.5934262,9,16,2.522501864931142,0.03640691673941682,0.30000000000000004,0.0004766983128114448,1.2748639067135974e-05,178
359,0.6286775929730786,0.6299737498696256,1695081004.366021,6,16,2.79353472384918,0.12258592394277251,0.1,0.0002234060516513208,1.5508672534441984e-06,215
360,0.6446411273497457,0.6420161216869004,1695081158.7705574,10,8,2.1507515670053423,0.0791555272673734,0.1,0.0014771800160072541,4.67048736893151e-06,256
361,0.650229283416698,0.6429217741709176,1695081786.6739347,9,11,1.5227952338954867,0.3722248926033032,0.4,0.00012589466748251258,1.09362846245798e-06,205
362,0.6541777540683149,0.6495412811745439,1695081941.2269979,5,11,1.4617851974472211,0.4665337794260612,0.5,0.004697779025868957,1.47618231619198e-05,434
363,0.6197968615478875,0.6235217181806001,1695082923.6866689,9,9,2.2148804670776965,0.09758431082473334,0.30000000000000004,1.7659000293199074e-05,2.5195888046424152e-06,471
364,0.6502330863206376,0.6505509338056722,1695083027.3231366,9,12,2.658333891358285,0.46456800835007817,0.2,0.006465224432259839,0.0004593834132174867,376
365,0.6588062050715949,0.6522976741606792,1695083194.443634,9,13,1.6509242976729688,0.39701766373133496,0.0,0.0007160919551554144,2.2906045042422704e-05,313
366,0.6105803125775766,0.615395879127957,1695083553.0652297,10,12,3.1536652532350025,0.00802557439654028,0.2,2.412858745797605e-05,8.486712673230564e-06,370
367,0.6448495476128855,0.6517906988838618,1695083718.3865159,7,15,3.005159513696783,0.2378188746681782,0.4,0.0035244841622550137,0.00045593397815710333,154
368,0.640670895636696,0.6448267475113473,1695084694.913942,9,12,1.2774976967723295,0.33152290710355853,0.4,3.8693548987470443e-05,8.651801750807152e-06,162
369,0.6500716741756413,0.6396888026356633,1695085629.4640868,7,12,2.4776564366845895,0.31194690198197267,0.0,6.133349309368069e-05,0.0008466954226566129,455
370,0.6524626443915089,0.6538584066550134,1695085961.3701096,8,14,1.4554367706618059,0.3138018619007,0.5,0.0005695022370342586,0.00018010089708567583,173
371,0.6505386919066809,0.651309247759645,1695086213.0105004,8,14,1.7579264960474152,0.27355985150499496,0.30000000000000004,0.0004442636236325473,8.188941073079307e-06,198
372,0.6488356247590173,0.6499062214858581,1695086347.1131108,6,10,1.2333367193344271,0.2863607270393329,0.0,0.0017494783065281833,0.0007612037856543713,92
373,0.6472073480555013,0.6506843130665176,1695086740.3327827,5,11,3.6378192766486954,0.39355473770198524,0.1,0.00016032361442888164,0.0009939378759695281,135
374,0.6578465000079228,0.6465780371993693,1695087018.4763768,9,8,3.9940142874740574,0.283540457180436,0.1,0.00036128930375344085,0.00017058403350822513,141
375,0.6457335115064253,0.651174599474327,1695087145.2761378,7,15,1.529917864064481,0.042129449161562305,0.5,0.009118961560306914,0.00023266028862015697,326
376,0.6407625878761309,0.6461160045439696,1695088116.6583092,7,9,3.822152779920291,0.41280892133895036,0.0,3.1616619507856917e-05,0.00023331930523601917,321
377,0.652549899909681,0.6523821121758253,1695088262.3482199,6,10,3.6056418541232156,0.4273781869947974,0.4,0.0009688252451011157,5.623703740589114e-05,86
378,0.6417760617760618,0.6418933256112795,1695088428.3042097,7,15,2.579079797167657,0.14967905312516122,0.4,0.0058583407992005955,7.548383099672854e-06,362
379,0.6271716430129562,0.6300257439572168,1695088555.1836512,7,15,2.586040004046599,0.14065389866675942,0.1,0.0051823684668251945,7.052978286511762e-05,231
380,0.6525275050309249,0.6480297533083468,1695088751.171742,9,12,2.5641731444632927,0.12754911184222917,0.30000000000000004,0.0009044320367330672,1.6151824237698309e-06,88
381,0.6486837198738703,0.6442042910075202,1695088996.179185,9,15,3.3586086877720818,0.3421299708914498,0.2,0.0005159905511992358,1.1545482270200974e-06,128
382,0.6491598223198771,0.6444196300942113,1695089155.7854629,5,15,1.973562924329894,0.09483242142286807,0.5,0.001505600808557354,7.6149184230115495e-06,504
383,0.6487877715511094,0.6501995816337585,1695089334.17523,7,8,1.0026404107775035,0.2749150958073949,0.4,0.0009455889751170609,1.3000622719110178e-05,108
384,0.6254886467471967,0.6292326754933943,1695090307.1419759,8,12,1.3270897150521455,0.07712894481687904,0.4,2.0966776941984817e-05,1.2026812037847735e-06,318
385,0.6474715442430902,0.6386473405892161,1695090417.8152575,7,16,2.698945993401895,0.017396754349502996,0.0,0.0010288347553937544,0.0001939253369781721,209
386,0.6445557732835434,0.648299875942083,1695090700.8426986,9,10,1.2993800457182272,0.2083425002118856,0.2,0.00016848651664055775,0.00021815473146820613,423
387,0.6420883224439996,0.6485492272790268,1695090829.847707,6,11,2.664521155468742,0.024910140064714037,0.2,0.001896262702646661,3.5499807048409296e-05,188
388,0.650916235758917,0.6392250101067024,1695090941.2812781,5,11,2.621630788647666,0.1646704300405144,0.2,0.0010627325376666398,1.721272061881149e-05,193
389,0.6342243396415763,0.6325082910397007,1695091822.1255295,5,8,1.6262552913612929,0.0457988434345008,0.4,3.0261270291298455e-05,7.4870306962324555e-06,286
390,0.6408532237533605,0.641471937654791,1695092460.8280485,10,15,2.7620224793555113,0.033964756505275806,0.2,5.822742217290583e-05,2.5554744990430545e-05,166
391,0.644452038514966,0.6229044934097404,1695093276.6512978,7,12,3.837529583959321,0.19700198589885998,0.0,2.0542359113126074e-05,0.00023468989243030023,296
392,0.6426038272002704,0.6411334074188224,1695093569.4869344,9,12,3.8611044988615664,0.393257824273118,0.1,0.00029305981003886094,2.114070374714959e-06,227
393,0.6252311056415023,0.6332899263113405,1695093740.9148188,9,13,3.637540425613911,0.033623015919790555,0.30000000000000004,0.0014045524955878783,6.98866011138647e-06,84
394,0.6444492919732318,0.6490899873394457,1695094626.3238776,5,11,2.9013702677963664,0.10893939357343996,0.2,4.14322600623982e-05,0.0007107968238308311,365
395,0.6470844931310047,0.6384879702705397,1695095166.145853,7,11,2.9424223118070114,0.12773309383240533,0.2,7.737195007574089e-05,0.0003151916283614073,379
396,0.6456517490717216,0.6432804292195136,1695095358.0223353,9,8,2.4693567796228026,0.3581347828932296,0.2,0.000526715280437846,0.0002844589475804803,388
397,0.6438034321208056,0.6335526383210337,1695095540.1707342,6,15,3.8353160116313973,0.0005133182136780601,0.30000000000000004,0.0006472667701671828,0.0004439724468425936,74
398,0.6376375515636801,0.6413776347701595,1695096488.8307724,9,8,3.9860375848759384,0.21686896949416506,0.1,2.7616120485912064e-05,3.3303131353527698e-06,286
399,0.647625350580207,0.6498122178994512,1695097436.2742684,9,16,2.312514895409561,0.10344497138798847,0.4,8.678599086604754e-05,2.4065319680736136e-06,247
