trial,score,test_score,time,num_layers, layer_size, hidden_factor, hidden_dropout, residual_dropout, learning_rate, weight_decay, category_embedding_size
0,0,0,1694919598.6687160,0,0,0,0,0,0,0
0,0.7740839713027072,0.780611057400344,1694919955.2991493,5,8,3,0.4,0.4,0.0001,0.0001,64
1,0.775776716395393,0.7812759318821564,1694920216.450819,5,15,2.3152276943226804,0.3617325889154706,0.5,0.00041256046816885543,3.186848301848486e-05,96
2,0.776051428601988,0.7732034162303947,1694921105.2886987,6,12,3.0376899883628212,0.40186951805218774,0.2,1.5769177465114226e-05,7.318748070568242e-06,472
3,0.7739426746554627,0.7794512835855758,1694921211.9454513,6,12,3.7936180590670654,0.012449613775174007,0.30000000000000004,0.00708579365703796,4.908046142647316e-06,310
4,0.7742753691515643,0.7816015235485745,1694921446.7106714,10,9,2.5702377420212974,0.3752049295510174,0.4,0.0002530804390632403,4.1166815298913515e-06,284
5,0.774791298941204,0.781890589961544,1694921972.3801377,7,12,2.097671157341779,0.4189589971546303,0.4,8.749516039671551e-05,5.2224705295550614e-05,187
6,0.7721857549899249,0.7817185657971938,1694922075.163363,7,11,2.9721983883392746,0.1851755414940176,0.2,0.0014387070359969392,1.733706140314814e-05,470
7,0.7788175497191097,0.7835658619241106,1694922350.7032409,6,14,2.267122130929421,0.21322678634247116,0.30000000000000004,0.0003704406205831021,1.7565395603787856e-05,64
8,0.7727429197572964,0.7734592016644464,1694922585.2740796,5,14,2.5730367902955917,0.34808023175848446,0.5,0.0011187719344910795,1.4433979096775668e-06,202
9,0.7758097888178058,0.7778603627608075,1694922877.2177045,8,10,3.8949129986083806,0.4725241118963969,0.5,0.00026119928805934097,0.000334526205726917,122
10,0.7781676414352701,0.7744933180518172,1694923112.1337814,6,12,3.2255416020504004,0.24291261435444833,0.0,0.0001073024378778868,9.403261396688389e-06,198
11,0.7783500323265339,0.7792389621165287,1694923443.7717545,5,11,2.34436197250817,0.3874501879070086,0.4,0.00036912238561546403,2.4093000436241034e-05,413
12,0.7715003818105617,0.7695198917647925,1694923602.0072334,10,14,3.4014371469953906,0.4695556768660927,0.0,0.004236577687455798,6.755993411216161e-06,277
13,0.7766042306242751,0.7761178458352409,1694924144.5472224,9,14,1.441442715825079,0.32937412947707273,0.0,0.000117818064807615,0.0002744660615749158,256
14,0.7780450623717741,0.779253662250407,1694924413.3068993,8,14,3.4636828249196787,0.38025755999014155,0.0,0.0001822932135784472,2.4513687990780896e-05,88
15,0.7687501636029406,0.7762349656980836,1694925125.7686946,8,13,3.485359584988376,0.47090463409572425,0.0,4.9123807770427834e-05,9.494567605563916e-05,123
16,0.7443123173804165,0.7442478934956518,1694926013.4979727,6,13,1.5085711706986276,0.39111507566188913,0.5,1.2618932390649884e-05,3.962181946752041e-05,421
17,0.7710940835828777,0.7774944737896923,1694926916.874202,10,10,1.50730319009615,0.43835046509081765,0.5,3.9138003559263876e-05,2.111490968280512e-05,386
18,0.7682149532947029,0.7744917502445081,1694927819.8787897,10,9,2.994906888714283,0.40391772964803474,0.30000000000000004,3.119966826450738e-05,1.2781635090469893e-06,190
19,0.7640938479946432,0.7698288429417517,1694928709.7558007,9,8,1.024649515117936,0.18080832385602863,0.0,2.8083996482830847e-05,1.173737835458384e-06,299
20,0.764189687652784,0.7644360514838116,1694928835.2778027,9,11,1.403711375934063,0.16567860548120283,0.30000000000000004,0.006637188930314547,0.0009498896541379822,172
21,0.775069951691746,0.7758987253602394,1694928945.9284039,5,15,3.7798388133101697,0.22930173988398467,0.4,0.0039682324321492195,6.742863918157172e-05,455
22,0.7555669330943489,0.7698341672774647,1694929827.055913,5,10,1.8316587480828859,0.060316214153079084,0.5,1.2340075021438294e-05,0.00010415571116059818,96
23,0.779206115499032,0.7818318515174094,1694930364.5022807,7,11,1.5442128671721007,0.26050705164108817,0.30000000000000004,8.93576308607206e-05,0.00016265378678455733,135
24,0.7778528201206425,0.7798597206738616,1694930492.9644976,6,11,2.135128400294258,0.10314292825032717,0.5,0.0030498656502201964,2.0923302443652307e-06,229
25,0.7782978201192353,0.7783538495149003,1694930873.6751282,6,12,1.8289515586323801,0.25090344555921174,0.5,0.0001404537751579456,8.920413491851165e-05,331
26,0.7776090693307747,0.780498004522798,1694931620.0750773,9,8,3.2344710210454286,0.4731379635862139,0.30000000000000004,7.290206435949084e-05,0.00010401779788715094,383
27,0.7765587736351716,0.7804861450694898,1694931830.1945488,8,9,3.9204267048091026,0.47769172591043946,0.2,0.0006038262488109538,1.3148787950638036e-06,507
28,0.7737943413225986,0.7782600449647137,1694932418.8188944,9,13,3.283254232665058,0.09401496429129308,0.1,5.485054319842822e-05,6.139702959659115e-05,105
29,0.7763811676901291,0.7803724712781581,1694932535.608401,10,12,2.3344370948631363,0.05235565178662188,0.4,0.002822812182257845,7.738388233174238e-05,172
30,0.7686783894096193,0.7754839083828049,1694932728.6579916,9,9,3.4818289869387913,0.2903526853059429,0.1,0.00034652151105415047,7.701125647953323e-05,180
31,0.7749186629509214,0.7811084248655977,1694932908.8287349,10,11,3.677012371765696,0.4177342805737674,0.0,0.0008684850127910443,8.540507914572618e-06,402
32,0.7794073647077566,0.7772287382122234,1694933477.6764388,8,12,3.686100353611186,0.028626779900083832,0.30000000000000004,9.632373137778831e-05,1.2759099050811813e-06,402
33,0.7720106822517055,0.7777018279484533,1694934369.2287533,8,16,2.794783682715493,0.168517139715134,0.5,2.2240377361746964e-05,1.4381534509596752e-06,392
34,0.7776035807159912,0.7818865229762471,1694934552.1130388,7,11,3.6295964694687166,0.1636468232576933,0.5,0.0008549957140629493,9.708421685516908e-06,90
35,0.7718434906013805,0.7720530337366365,1694934671.3779798,6,16,2.215802920701865,0.08001673072266391,0.1,0.0049972069646532415,3.1255765977960673e-06,413
36,0.7732603976177723,0.7776057104944147,1694934892.6734774,5,16,2.590616158274687,0.021584967798760735,0.5,0.00011876176228110462,0.00015640975534303263,299
37,0.6990714952591035,0.7162708998416081,1694935770.6979885,5,8,1.4476748520732603,0.08060000460842348,0.0,1.383692207361821e-05,0.0007003012284492522,104
38,0.7748411186753918,0.7790792009994476,1694936136.047475,8,9,1.6443635536261318,0.3815360363905419,0.5,0.0002565299545268038,1.039742656611522e-06,512
39,0.7766862783786013,0.7794191512971618,1694936392.1110773,5,11,2.617170102044908,0.4458667187771096,0.4,0.0006732245165691289,1.5696646325613686e-05,438
40,0.7769443840071335,0.778484101704312,1694936578.233544,10,15,3.152909306240046,0.048893671988958665,0.1,0.00028692353176510105,3.274613904752186e-05,437
41,0.7767569267022234,0.7789323393662662,1694936759.9014482,6,13,2.1225996923847825,0.3877412766131783,0.1,0.00026908028573063175,2.044917262393924e-06,159
42,0.7717017717529988,0.7802180810653242,1694936858.9531064,10,10,3.6789310122699947,0.26215154374281063,0.0,0.0023930129398558606,1.4317615175288993e-06,435
43,0.7713892021777699,0.7818687337962846,1694937092.6969955,5,14,1.4971417742383524,0.17143761906304006,0.5,0.00028754142414229793,9.381648460641134e-05,396
44,0.7739757470778756,0.7778866584596351,1694937898.7505956,5,15,3.741759816167655,0.07771032617470447,0.30000000000000004,7.087863897619259e-05,0.00016670176289529853,76
45,0.7699043207782912,0.7764092561977518,1694938665.463067,8,15,3.2042107233775803,0.05409191571682048,0.4,5.1703767542266564e-05,0.0002650714133004528,287
46,0.7796373235938098,0.7809318990763007,1694939465.7735398,5,14,3.4237388564175912,0.34945057499297444,0.5,5.867233247550899e-05,5.096675471841555e-06,130
47,0.7573404593379491,0.7513241995466646,1694940360.894569,8,11,2.0699861461437203,0.2301523004659306,0.1,1.0298669779771488e-05,2.601669146013176e-05,187
48,0.7759070358130707,0.7792234392718842,1694940981.8832643,7,16,1.5370162205041653,0.3187417890034048,0.30000000000000004,6.980387797799843e-05,2.5862112120829034e-05,499
49,0.7720481174192027,0.7799492719646157,1694941146.768231,7,14,3.520657467043929,0.18034555385848294,0.5,0.0007544104949362834,3.1838735552403026e-05,384
50,0.778276710062376,0.7806601251122651,1694941966.1246994,7,14,1.8244071500038084,0.4636041571728442,0.30000000000000004,5.308214705090441e-05,2.0492266976313452e-05,465
51,0.7684653185690533,0.7795878380499134,1694942861.387041,9,12,2.05510503022099,0.18812370705114534,0.5,2.1708926857079598e-05,0.0004645919566464259,449
52,0.7725684099539267,0.7775531811881378,1694942967.883436,6,11,2.7086796601762995,0.40119635187012337,0.5,0.009449876020809246,6.977424095012826e-06,150
53,0.7764467496001051,0.7761303106794906,1694943105.929399,7,13,2.9701140411798246,0.05379556615716824,0.30000000000000004,0.005809479747366711,0.0005566769043545213,487
54,0.7793037846954338,0.7800580715827288,1694943656.2263772,10,16,1.1460776113490483,0.45800909535113304,0.1,9.162145965478443e-05,2.3759796839330878e-05,492
55,0.7684447714470438,0.7764415437146124,1694944549.7213097,8,11,2.1224729426583018,0.45246424441158367,0.4,2.585908541700823e-05,5.572442533647239e-06,231
56,0.7765634178476806,0.774510175861101,1694944664.785616,6,13,1.6709162798379422,0.28746224822349864,0.5,0.003515830477778548,1.985136566701953e-06,156
57,0.7784785222059503,0.7796504106366754,1694945554.7242584,7,13,2.1596990885046554,0.12580618417010442,0.2,4.0929907163701574e-05,0.00038512362304386636,377
58,0.7758345579511874,0.781650358417826,1694945781.7014732,7,14,2.5591879524361785,0.26313110557928515,0.2,0.00029151108622613007,0.0009047919439607871,416
59,0.7726922556208342,0.7746901011533753,1694946031.970951,9,9,2.512821949253962,0.18345047020103133,0.0,0.00015340202009270676,1.6694100520430186e-06,169
60,0.7578103692036358,0.7638363574266613,1694946928.9280355,9,14,3.09563991503978,0.03967893846540682,0.0,1.1607867234955755e-05,1.961297978596752e-06,109
61,0.7772259921656357,0.7824157433187116,1694947094.7633572,10,16,1.6127619356602902,0.12690647735380967,0.5,0.0005128530484814499,1.275175259392875e-05,273
62,0.771280977952938,0.7780671115286273,1694947982.1020477,6,13,3.175815467169348,0.2577241278691002,0.4,2.1859066192431936e-05,6.470814076417685e-05,508
63,0.7815634051816465,0.7837867520034016,1694948261.876449,5,12,2.890435853325231,0.16876471010589955,0.5,0.00028591123605473595,2.729581455553264e-05,469
64,0.7759778248704055,0.7795287115346625,1694948423.2518804,5,15,1.3872202023632603,0.18958420911319818,0.2,0.0002689528128656101,1.3128819408761244e-06,206
65,0.7745177126043084,0.7841072366539317,1694948532.7273748,7,16,3.750956124935773,0.29217431709829894,0.5,0.0039006520354457523,1.3401953394895823e-05,116
66,0.7793020958908852,0.782428518619854,1694948907.148565,8,10,1.0292275087348914,0.4905896760622686,0.5,0.0004077738178277351,7.154134597100531e-05,364
67,0.7806973299155683,0.7776820207986871,1694949100.4527967,10,12,2.748634529363866,0.11326982825188509,0.1,0.0003684143892219816,4.870963264266924e-06,77
68,0.7765586329014591,0.7818296783191591,1694949233.9298217,7,14,1.8312105483865464,0.4313519692440404,0.4,0.000911921232135036,0.0004758273736124698,97
69,0.7681554229343598,0.7723039294746252,1694950120.3200774,6,16,3.721112130459372,0.0391336279492448,0.4,1.1124928957571813e-05,2.5451106022119693e-06,113
70,0.781055778681038,0.7795741779466264,1694950741.0578406,6,11,3.732621592812585,0.21819890638647765,0.0,6.562151330098826e-05,1.0450341538364724e-06,76
71,0.7782085949455769,0.7788191623059633,1694950882.9356446,7,12,1.7498847498373,0.1899462083462296,0.0,0.0009472501556806748,1.5059713555259272e-05,136
72,0.7751863384718964,0.7800581647197966,1694951544.5716524,7,9,1.8763878338988578,0.06208521643070891,0.4,6.885661752184694e-05,0.0007362578999051907,246
73,0.7716112799759289,0.7747663493662691,1694951637.2645402,5,14,3.2006744447759923,0.44065982301169043,0.0,0.0023423828369223726,0.00037955722465244317,200
74,0.7723055193791729,0.7747850078255316,1694951779.5798342,7,13,1.7365394299535137,0.4356779598157958,0.4,0.0037157726828034765,2.2374078102036445e-05,297
75,0.7606764112565578,0.7718368470792727,1694952664.844867,6,10,3.1885364785597625,0.47950388908385994,0.0,1.4188307203717536e-05,1.5935218483988936e-06,259
76,0.7749971923624377,0.7817513810907722,1694953560.41652,9,10,2.431396214185554,0.257701091831736,0.5,3.1052718114323154e-05,1.1070208949629267e-06,291
77,0.7746343808518837,0.7804205300051774,1694953778.1249816,7,10,3.3167112923697517,0.3417335356902611,0.0,0.00044086953395045675,0.00024747643849291613,472
78,0.7663773932119629,0.7732250240301397,1694953883.9148984,5,15,1.1297437829817678,0.3410602902052878,0.30000000000000004,0.007178750784015531,7.863887225243027e-05,95
79,0.7681261503221817,0.7743536745413954,1694953978.2617247,9,10,3.495831980604228,0.015731044955301754,0.1,0.0010698124825806606,2.9302481499554536e-06,354
80,0.773715389709945,0.7773132135327787,1694954328.8036342,9,14,3.6260055764532337,0.2065830580259897,0.0,6.038551731162791e-05,1.475897524560785e-05,88
81,0.7715942511967291,0.778993871922437,1694955220.2091923,9,8,1.1731262716853812,0.4662497686108997,0.4,5.76823759067004e-05,1.0595568790102097e-05,434
82,0.77481339413405,0.7824300709043184,1694955322.699932,8,10,2.3470575878199105,0.4277797936584498,0.0,0.009488151254982992,4.986554867197095e-05,145
83,0.7755332470729499,0.7772749652435746,1694955460.8287787,9,8,2.230000238109601,0.2865661316340902,0.1,0.004525832245032037,0.00012322025855056727,136
84,0.7682063685382468,0.7726292572526844,1694955566.3994215,5,8,2.714495542337124,0.09363350506615631,0.30000000000000004,0.002873541240142862,0.0004340652934034686,116
85,0.7748663100099105,0.7801394578571998,1694955681.606106,6,11,2.150252429670399,0.20941447872709568,0.2,0.001860590873854186,8.251774812306545e-06,218
86,0.7794180604698986,0.779537512987576,1694955814.9665802,7,9,2.891120299433479,0.20012301150595607,0.5,0.002912377222684773,4.9038786156138395e-06,172
87,0.7755508387869993,0.7812448241014889,1694955927.0066762,9,13,1.0306321170927744,0.31494152632662614,0.2,0.0022679908386757947,0.0001739967368051072,478
88,0.7734180193756545,0.7758576829589994,1694956016.2546663,9,16,1.8539644559832753,0.16935784496163442,0.0,0.003988488353301606,2.901701696772625e-06,311
89,0.7541480558059834,0.7325376457699891,1694956909.9346051,8,15,2.1639683992322034,0.07133233606315281,0.2,1.3936380135395872e-05,8.024342173362098e-06,346
90,0.7707826398773477,0.7797592878690117,1694957791.1401591,5,16,2.6085672668003026,0.1500359265984632,0.5,2.584613115543209e-05,9.2446807028916e-06,484
91,0.7786274184736641,0.7820647718012997,1694958632.270484,6,14,1.2427911475240703,0.2662373179666267,0.30000000000000004,4.257641947870528e-05,9.613695550721924e-06,311
92,0.7701406126814022,0.7711307594449291,1694958819.7235942,8,9,2.2323239573558955,0.4998665070836529,0.1,0.002270221234471817,4.025703359267086e-06,271
93,0.7695019630945542,0.7731358142419679,1694958909.0840201,8,13,3.152958924490375,0.3979551886040219,0.4,0.0026399856215514705,0.0004548676995602674,210
94,0.779669410880236,0.7796064499406422,1694959097.5289989,9,12,1.7782835986671133,0.08653685220063378,0.4,0.0008126405427754141,1.630024404778186e-06,327
95,0.7628169710220842,0.7702553486212036,1694959980.075605,5,11,2.7134837138161987,0.32509732732764435,0.0,1.3630441326263447e-05,5.3465211941446114e-05,431
96,0.7812096006286856,0.7830043074962518,1694960582.032126,9,11,2.7308533513766577,0.3593489398445315,0.5,0.00029845706185576445,0.00042315584501132825,206
97,0.7787732185997052,0.7776777209707204,1694960710.61016,6,10,3.1893022680199534,0.4425702066560023,0.2,0.0012239204748702305,2.6088028676658694e-06,291
98,0.7762770247429569,0.7836009280301625,1694960835.2103424,7,11,1.564133987447939,0.31139052219327484,0.4,0.0008109077384735899,0.00016914881410884448,269
99,0.7766115487773195,0.7778382116614998,1694961667.0587711,10,13,3.645430012352456,0.20507737659364472,0.4,3.894171663317448e-05,1.7750107795224861e-06,482
100,0.7700519504425934,0.7708888824796788,1694961861.8782256,7,8,2.855360537433607,0.4666306126835647,0.4,0.009156749619741002,0.0006387792239725807,268
101,0.721403261475638,0.7280649088369723,1694962744.8432195,6,8,1.8163711665980726,0.31607607120084674,0.5,1.0118674697680914e-05,0.00028343495468454,407
102,0.780655532002987,0.7827828120260196,1694963255.3248334,9,9,1.1597667179833377,0.36837710927815354,0.30000000000000004,0.00012873428399011504,1.0877377481982805e-05,78
103,0.7655336946061553,0.776829552739346,1694963395.8264484,10,15,3.922572288813656,0.40901873715470227,0.2,0.003431582065091503,3.93615767801171e-06,365
104,0.7717555320311338,0.7746820137513156,1694963515.7140267,6,11,3.6150402965627024,0.21247554413104647,0.5,0.0006290398079475785,7.60743803676325e-06,180
105,0.7633139017605506,0.7703879137144674,1694963626.276006,5,13,3.515708703659982,0.11235923616852411,0.2,0.008947222022907512,1.5141261453745579e-05,485
106,0.7612217543920881,0.7690409809618209,1694963724.8515623,9,12,2.90609248986705,0.03279155345561763,0.30000000000000004,0.0019045866583699343,4.910206707017838e-06,87
107,0.7773595484586985,0.7801418328524304,1694963919.5743709,5,9,1.713300994384588,0.40270084370027315,0.2,0.0004042733677866066,8.695672489025679e-06,198
108,0.7717483546118016,0.7780672357113845,1694964017.7094266,8,14,1.5420704986535245,0.21732472496169924,0.30000000000000004,0.007590696750602716,6.430001298931293e-06,240
109,0.7757122603551163,0.7825557128088708,1694964285.7830203,8,9,2.8347489151468515,0.48722862340978,0.1,0.0002765315422806839,2.2537969892042598e-06,296
110,0.7710491895286237,0.7684794886253408,1694964470.385055,10,12,1.640504356868028,0.1553786200129989,0.30000000000000004,0.003724520023477966,2.2925196913290654e-05,284
111,0.7569388053227741,0.7580547342332216,1694964680.2195523,9,8,3.8537368264802603,0.23238253070658293,0.1,0.0021658814623453384,5.880548978401448e-06,129
112,0.7743672682657581,0.7787846705451631,1694964914.9206269,6,14,1.302003940646971,0.2256545363679036,0.1,0.0004335453148174574,2.599209737385259e-06,411
113,0.7625768793087385,0.7661965749091657,1694965814.5818973,10,10,2.0634356986705664,0.29904261998615983,0.4,1.4956192621934525e-05,0.00010576320077184834,429
114,0.7779327568692829,0.7791369770272144,1694966457.7924943,9,11,3.468311305891869,0.27353834194481924,0.1,7.197978034464113e-05,6.000782352199167e-05,312
115,0.777555731253777,0.7761574756576184,1694966780.5998363,9,14,1.639180448987099,0.19869316534923104,0.4,0.00023678510673889205,4.732501680890223e-06,484
116,0.7774831126581812,0.7803740390854672,1694966931.9799678,7,10,2.5337748118986956,0.15045917931789454,0.1,0.0009651512226960861,0.00024305240663084806,247
117,0.768803079478801,0.770356976685091,1694967059.8894594,5,12,2.2048022266984995,0.2178556495785412,0.1,0.00203606719846999,4.042805348813588e-06,81
118,0.7510160270366348,0.7548057407577526,1694967265.862678,9,14,1.716278067888822,0.08670296013440759,0.30000000000000004,0.005739727876415077,5.780293512408344e-06,306
119,0.7775022524430669,0.7793176939845655,1694967478.6368144,6,14,2.401289171810098,0.18947817450755977,0.30000000000000004,0.000392878824918804,4.012804969103252e-06,250
120,0.7728246860441977,0.7776708753962323,1694967663.40128,10,15,2.53632581359838,0.33023162576689524,0.0,0.00017361215146057484,0.00048355859655407673,148
121,0.7746146781321485,0.7773301644791304,1694968055.7027125,10,15,3.058384294761983,0.1868120756502638,0.0,7.656872768831012e-05,0.0001671049918364696,253
122,0.767781634194239,0.7775515823351393,1694968685.0056255,9,9,3.4712383902726134,0.4300557916705415,0.4,4.093006233354551e-05,4.6630956401799654e-06,92
123,0.7756548410004591,0.7843115017666084,1694969153.0417876,5,14,2.47454992194632,0.380755609275488,0.1,0.00010859269697182115,0.0004831820463392543,511
124,0.776611689511032,0.7793273026254004,1694969789.3485603,5,15,2.6684457335227085,0.002274394333480201,0.30000000000000004,6.914878641317633e-05,1.1263910726452814e-05,499
125,0.7753006142463612,0.7832498012843043,1694969949.9550846,9,8,3.0429273913512787,0.006497829100560182,0.5,0.0006166625148195623,7.806636007314869e-05,71
126,0.777746425434072,0.7777941578283988,1694970369.0617347,5,12,2.145203824797735,0.40914773802904725,0.1,0.0001581237298290759,2.2908476995667227e-06,289
127,0.7749732676313307,0.7815897417094892,1694970549.4155173,10,10,3.37249489371572,0.0819780570516393,0.5,0.00034506392319311494,2.3846491714140307e-06,415
128,0.770824437789929,0.7754089175203274,1694970679.7198656,10,9,1.3522477609357155,0.12569423256254547,0.30000000000000004,0.0070848562374340235,0.0003817662551879394,209
129,0.7726391990112612,0.7755362514149461,1694970763.6306396,5,13,2.724286221357012,0.12076887106825118,0.30000000000000004,0.008806085776115073,2.7111956243903477e-06,205
130,0.7736913242451255,0.7750512246111846,1694971662.2848155,10,9,1.3863063878032729,0.08601092887988615,0.4,2.4115157042427692e-05,1.8766088201210999e-06,345
131,0.775282037396325,0.7794001513353169,1694972150.5288613,9,14,2.2993087017405136,0.4583001492588223,0.0,0.0002111371515209375,1.2819216012152593e-05,309
132,0.7738613305696984,0.7791326461535586,1694972243.8485165,6,9,3.9500750048555187,0.15106308870849738,0.2,0.005607961916621397,8.090131692791263e-06,228
133,0.7648281965059197,0.7712708220721564,1694973135.888751,8,8,1.0701314005896458,0.31637929240276974,0.2,1.7318237006501257e-05,7.242912115936582e-06,375
134,0.7758123220246289,0.7813092439067635,1694973248.019692,9,12,1.6622924574945188,0.4197480204397119,0.1,0.0018652912353521985,2.8818537158841468e-06,483
135,0.7814955715322722,0.7825839022947453,1694973396.1956484,9,12,2.3025138860191023,0.28648787411446275,0.30000000000000004,0.0004716805702432125,0.0001223070602157085,103
136,0.7786768160067147,0.7824937611358946,1694973913.7360966,7,14,2.3150559640305204,0.48533213933012914,0.30000000000000004,8.567592329848122e-05,0.00047451808707086945,253
137,0.7767994282833668,0.7831085433980395,1694974084.0552678,8,13,3.568024489917871,0.10471934292047574,0.5,0.000526253579635798,1.2569942385789788e-05,214
138,0.7571092338484844,0.7589485241050064,1694974984.9036577,10,16,2.636810035520451,0.173184368902231,0.5,1.1194969071657472e-05,1.402089575502958e-06,282
139,0.7787723741974308,0.7837829644293084,1694975875.0817149,8,8,1.5624846501970384,0.043102311332235244,0.1,3.536962842586e-05,2.3596691083457425e-06,122
140,0.7751718428995198,0.7780624081067,1694976026.4558554,7,9,3.3202656266866555,0.20139139682252627,0.0,0.0008996001230188232,0.00023150061222116565,225
141,0.7807750149248102,0.7829340511013909,1694976221.6275325,5,13,3.2619697600847184,0.444645599486039,0.4,0.0006173543470579619,1.0696775608492214e-05,173
142,0.7765515962158394,0.7801151801281758,1694976672.4312963,5,15,2.6809116435891447,0.14394811368300509,0.0,7.329671186632816e-05,0.00018765083083501118,160
143,0.7728227157722241,0.7789574708517457,1694976849.790122,5,11,2.007429622400379,0.34851980769867624,0.30000000000000004,0.0002618978197969171,0.0008476632275250334,443
144,0.7678422904242812,0.7731525633913392,1694976999.8091412,5,10,2.2580918872773994,0.035761700437726196,0.4,0.0020161436897769354,7.53831047874264e-06,470
145,0.7775073188567132,0.7818508980477881,1694977151.658771,8,10,2.8644820672330935,0.3362847043415319,0.4,0.00820409812355702,0.0005507201700750736,249
146,0.7572304055748564,0.7619823088623243,1694977315.6162593,7,8,2.2524969909916512,0.08857432874186016,0.0,0.002802446414049793,1.1626245227518856e-06,121
147,0.7778466278372972,0.7779943249100895,1694978211.1919856,8,13,2.287086906603076,0.4037910189671507,0.1,4.167335643345466e-05,3.475749437556026e-05,111
148,0.778175100322027,0.781687163082478,1694978443.9887419,9,16,3.434272249380354,0.44060430358006275,0.0,0.00018711259331579436,0.0005114702701044199,441
149,0.7695392575283387,0.7716899388775573,1694978537.5975544,8,13,1.7980345781205462,0.13261619418319426,0.0,0.005079152862024884,7.361494321336025e-06,509
150,0.7628918413570783,0.7709130825944795,1694978670.2201362,5,15,2.577403510663224,0.021010637349746286,0.30000000000000004,0.0012804817750078858,0.00012555922540951153,376
151,0.7800938637568189,0.7803801085177233,1694979568.8713346,9,14,2.1403162146476036,0.47885592380888437,0.2,6.360038075708878e-05,0.0009517978205392287,189
152,0.7720637388612785,0.7669431461223422,1694979693.62291,7,14,3.3944178687174573,0.15832468827348656,0.0,0.000542194672810715,5.969801987499009e-05,391
153,0.7730150987570681,0.7710712138128729,1694979889.2792962,6,15,3.321800961967236,0.4308256934522893,0.4,0.0010455621910637203,4.595761389992386e-05,448
154,0.7764688447929511,0.7762862531767889,1694980341.8947504,6,13,3.376325356752294,0.38736696195788395,0.0,8.741412619848469e-05,0.0006284401510013283,411
155,0.7640127853763036,0.7703001009823135,1694981226.5750117,5,12,3.4324543853086773,0.42976159065943587,0.30000000000000004,2.0153002427179556e-05,4.5504263649532255e-06,74
156,0.7727838732676031,0.759053986311521,1694981486.605499,5,8,3.1000171216328036,0.350483053431528,0.2,0.004394371789972691,2.7470284119292103e-06,151
157,0.7758912736372825,0.7793529929332871,1694981655.954983,8,12,1.3665584793438534,0.4534249829666125,0.30000000000000004,0.0006665860294652742,1.3162399301603127e-05,336
158,0.7638861250351482,0.7666555078110799,1694982542.4277868,5,10,2.900132672942835,0.2993564989261189,0.30000000000000004,1.4430657666800214e-05,9.223278417994771e-06,506
159,0.7716967053393526,0.7736730288494241,1694982641.3952756,10,15,1.191285378932395,0.03674151132068759,0.1,0.0030427808250745006,4.090466255529098e-06,165
160,0.7523337167857884,0.7617984718131996,1694983529.2117558,6,14,2.582740579581955,0.4302637684157521,0.0,1.4277834231643611e-05,0.0003457708778591792,112
161,0.7501016801072052,0.7621666581653221,1694984427.3241873,9,13,1.6217476837834388,0.13010651691591102,0.4,1.1616625734835761e-05,0.000736207295848584,84
162,0.7592582376367545,0.7620422425654967,1694985310.5117018,5,13,1.3431397406409014,0.49883769811894935,0.2,1.6101213104532275e-05,3.126530009445205e-06,307
163,0.7793154655935627,0.7809434946412501,1694985427.5888848,10,10,2.19813792378512,0.2844838972101304,0.30000000000000004,0.0014784976066203035,9.424590640887134e-06,230
164,0.7783408846352281,0.7802743824228495,1694985575.7714868,10,16,2.2521990107883387,0.49827488432886596,0.1,0.0029503556313914877,0.0005330535347999067,317
165,0.776679382426694,0.7817780959064055,1694985861.5073814,9,8,3.5279081816465974,0.34158159428487095,0.30000000000000004,0.0005542369681697779,3.0185891628153646e-06,444
166,0.7711717685921197,0.7738326502609033,1694985959.7576606,8,13,1.510245798925045,0.31406408423957155,0.1,0.0019369493849344971,1.2101993001738055e-06,119
167,0.7503659780190829,0.7627541667894264,1694986850.4000967,6,11,3.61204862824183,0.003401364600334855,0.30000000000000004,1.282381530822253e-05,1.3767522178871995e-05,197
168,0.7772212072194143,0.7800222759029787,1694987733.1019568,5,12,2.0254629595317875,0.13093254049445668,0.30000000000000004,5.408100912274196e-05,0.0008241988808589913,176
169,0.7512247351321166,0.7549651448494068,1694988494.9271424,10,9,3.8497110778373234,0.03136741309759805,0.0,1.9608879820098035e-05,0.00013229063672982774,168
170,0.7749572239881175,0.7768150854481373,1694989380.0420802,6,14,1.0884990745208518,0.2701315541156845,0.2,3.0484201646672262e-05,0.0005435093519654437,225
171,0.7676366784704722,0.7781220158301348,1694989499.791809,6,14,3.5664229056592394,0.11401641658356926,0.0,0.007587418630520855,1.9156718522254747e-05,304
172,0.756744170598532,0.7619408318214341,1694990392.1935012,7,15,2.2867904619241974,0.3785310502389682,0.30000000000000004,1.734065389159961e-05,3.37280677354421e-05,448
173,0.7779213574385788,0.7803563585654171,1694991142.4254189,8,11,1.076924702220446,0.35064742290623835,0.2,9.333169689504106e-05,1.2862073447880832e-05,251
174,0.771568919128498,0.7746399934108629,1694991409.509878,7,10,2.3814973814074136,0.023313058565903877,0.1,0.00020624955943015792,0.00045114934819422294,256
175,0.7767880288526627,0.781351140064459,1694991521.16673,8,16,3.4174715974083565,0.3561481438358083,0.30000000000000004,0.0006132619070829992,3.7289154151821046e-06,124
176,0.7798581347885575,0.7810113760408804,1694991613.4624486,5,8,2.8449447142028803,0.3042399252866479,0.0,0.0032733863847018902,2.1114743016979772e-05,305
177,0.7734211155173274,0.7778055360735232,1694991772.4193425,5,15,1.240200859714018,0.10550079602639006,0.2,0.0003111339460005859,3.978043272602307e-05,484
178,0.7740188115938684,0.7755877251677872,1694991957.753604,5,14,2.2893479447599905,0.4061194022207901,0.4,0.002740452411583817,0.0003895690566139359,414
179,0.7775278659787228,0.7805071630011382,1694992470.992259,5,12,3.3198884469043852,0.38720192113421464,0.5,0.00017689751867323815,1.0638876385868015e-06,390
180,0.7673056727789194,0.7699184097553504,1694993357.7338123,6,13,1.1469539718465955,0.17768697811066886,0.30000000000000004,2.3886598596396248e-05,8.941359248457406e-06,129
181,0.7730559115336625,0.7787459565706198,1694994048.4242682,10,14,2.915520753515841,0.259968263582322,0.5,5.967074845328704e-05,0.0001307824687499531,102
182,0.7626753929074149,0.7594786758181494,1694994289.3148365,8,9,1.0282410761689798,0.4546042151227743,0.1,0.009351837886698147,0.00010950770254367992,365
183,0.7702028169822809,0.7763402571533072,1694995186.322198,9,16,1.6741702069026498,0.4938195063791285,0.1,1.9177554689481473e-05,0.0005844478652711765,107
184,0.7741907881904151,0.7781882518082328,1694995311.0806665,7,15,1.8298175352799588,0.3601179398735049,0.30000000000000004,0.0011838465957041422,2.832377006714414e-06,379
185,0.7731026351261776,0.7767812301239676,1694995410.262781,10,9,3.882049701088467,0.47589336054950493,0.1,0.007346125492772429,0.0006536296731722063,116
186,0.7771671654738546,0.7755051902028125,1694995526.8546338,9,16,3.4708210310242986,0.06635253570759075,0.2,0.0004920582455920943,1.3007392663708173e-05,237
187,0.7727146322811049,0.7766086781828995,1694995619.3121057,5,8,1.9184486793325537,0.21173821692807954,0.30000000000000004,0.007346249864992828,1.855221342877237e-06,219
188,0.7679239159774702,0.7752771906606744,1694995754.0200336,10,15,1.335846032909314,0.3378987450089317,0.0,0.006871773389845957,6.024334547914447e-06,336
189,0.7702866942748682,0.7755892929750963,1694995891.9661632,7,12,1.641960273986334,0.17938809024406432,0.1,0.000703340806773277,1.849205583331324e-05,329
190,0.7733148615644692,0.7788523346249685,1694996021.973725,8,13,3.926570679666729,0.26676015438618245,0.30000000000000004,0.0006952492277734406,4.3883160170516444e-05,248
191,0.7760913969763081,0.7803997293933539,1694996123.7495673,6,12,1.738150055818699,0.32973056527930844,0.5,0.00251402441942623,0.00022869320354133697,159
192,0.7720460064135167,0.7759436484726405,1694996212.022391,5,9,2.7106196459902567,0.062422008334231116,0.0,0.009852443796934713,1.1562464585813219e-05,92
193,0.7708140234952119,0.7711068853098659,1694997107.347339,8,14,2.3807727099621205,0.06568386074758092,0.30000000000000004,1.6116499332508683e-05,0.00015533131872479553,485
194,0.76989601748926,0.7740700411240514,1694997993.5403452,5,13,3.4925830384878784,0.320280715724827,0.0,1.601328207193652e-05,2.357437613866341e-05,85
195,0.7675176177497862,0.7709723022467982,1694998160.1505272,10,12,1.950294357932963,0.38545177784594364,0.1,0.0003479175076008524,3.299781332377027e-05,110
196,0.7753210206346585,0.7771881925420121,1694998263.4304993,9,14,1.596980799439267,0.21542633506191772,0.1,0.006486969150785375,0.00010080068552843608,488
197,0.7773795326458585,0.781866529552345,1694998384.79929,9,15,1.9306009419315426,0.4243566181622001,0.2,0.0030264647436279105,0.0001347410430875621,292
198,0.770806986809592,0.7789852877893485,1694998868.4004357,6,13,2.8735267884566316,0.34277724034278023,0.0,5.6068011762114326e-05,4.817790468847825e-05,446
199,0.7777790756553478,0.7768106614374135,1694999245.738785,6,16,3.9254868370321514,0.04446893659283546,0.4,0.00015577600305807852,2.5923540615542442e-06,163
200,0.7740057233586157,0.7759004328731504,1694999352.2414188,7,8,3.0837003398212373,0.22683310562082248,0.2,0.004008147024988098,0.000792677149116767,269
201,0.773464461500745,0.7798685531724643,1695000240.4339912,6,13,2.2165960491746386,0.44579893487368977,0.1,2.4225734883158662e-05,1.1096484203600627e-06,140
202,0.7812988258023439,0.7794901838342551,1695000434.8131325,5,16,3.0397337617021556,0.2905124056154773,0.5,0.0007151429787065887,0.0001313210584142938,135
203,0.7704226430410416,0.7769633130916473,1695000977.6688719,6,13,3.507818361061316,0.1410552629742009,0.2,7.018447536147234e-05,7.377179425512097e-06,322
204,0.7682505589239388,0.7728897771543528,1695001085.7472053,10,16,2.697352696959846,0.01208606693943326,0.1,0.0009271092522669848,0.0005948792149177486,129
205,0.775142711021054,0.781406153025879,1695001229.4826503,9,15,1.2693637573824224,0.4524077132545102,0.30000000000000004,0.003455372962294552,0.00010496237391034076,368
206,0.7744947730091879,0.7798155737036927,1695001730.808145,10,14,2.2263227320006913,0.19123482925359236,0.5,6.192400523346142e-05,1.3496957310253837e-05,128
207,0.7749020563728588,0.7822970711714045,1695002126.5021245,7,13,1.5815204902802384,0.21292924197177476,0.30000000000000004,0.00014321829450793098,0.00018429600866499423,295
208,0.766860391312902,0.7711902274627621,1695002215.2218707,6,14,2.6619512596776618,0.22581678574778508,0.0,0.009134411485937712,3.325017900129981e-06,236
209,0.7716157834547256,0.7798173122622929,1695002322.1953092,8,16,1.9042988545986945,0.05729979166031568,0.4,0.0071263152362801676,2.2692242379013167e-05,512
210,0.7762075022890338,0.7805677486637856,1695003108.0172944,6,15,1.0043405300556685,0.3397872828439829,0.5,6.915058467907858e-05,0.0003493263211162477,333
211,0.7707164950325222,0.7782633047620888,1695003908.694846,6,8,2.984897570950931,0.18768481438417345,0.30000000000000004,3.943493269991575e-05,1.1430305693003646e-06,107
212,0.7751480589021251,0.7803745202936513,1695004114.039163,8,9,1.8926233006780353,0.29596617189546304,0.1,0.0002619611689875359,1.727802425191772e-05,413
213,0.7573207566182139,0.763409308447647,1695004434.918918,7,10,3.9579139263153396,0.08640424820609055,0.30000000000000004,0.0007432320332765789,1.118841265264636e-05,397
214,0.7745399485308667,0.7735979603727232,1695004555.8764973,9,12,1.9691893132972897,0.056625664339071236,0.5,0.008944111655020041,6.94023546330919e-06,207
215,0.7768119535837699,0.779648765215143,1695004663.733918,8,15,3.5360313902234872,0.3839379060502325,0.4,0.000734502304534424,1.1047964825890228e-06,283
216,0.7602011535098002,0.7648675865649284,1695005559.6514018,9,10,1.7407172686679253,0.20639849587236403,0.30000000000000004,1.079126091565142e-05,0.00017976652046384874,382
217,0.7769708419450637,0.779009674178285,1695006263.738816,6,10,1.5234588389728057,0.20591438538798057,0.5,0.00014855174611711798,0.0005996723157016827,145
218,0.7748698283527202,0.7754564484706288,1695006772.8943872,6,12,1.4532229911554455,0.056658371892264636,0.4,0.00010645794326404523,0.0001248265353370675,166
219,0.7697910301398134,0.7789358940976898,1695007659.074682,6,16,2.7389575001370554,0.06130834022872139,0.2,1.9962865936713054e-05,1.5801978666179122e-06,317
220,0.7664687293913071,0.7657127744101311,1695008541.5888216,5,9,1.2177925676891856,0.05563830714527074,0.2,3.1403539481070565e-05,8.773875080783186e-06,259
221,0.7737775940108235,0.7786834926437706,1695008807.8037949,6,9,1.4434106604561496,0.4706356780520138,0.2,0.00023272000621895708,0.00018148134059447544,417
222,0.7792308846324134,0.7795161069848113,1695009063.005806,9,16,2.5979730763889535,0.08299734398395914,0.30000000000000004,0.0002276321638794275,0.00030818026885299333,173
223,0.7682080573427955,0.7758865088815041,1695009192.0044827,9,8,2.149187851606648,0.17305006440035314,0.0,0.002901454896844212,0.00030241687940252873,176
224,0.7768994899528796,0.7799351616988337,1695009604.182233,9,16,2.7402571615109603,0.18438236780316086,0.4,0.00015361544536194937,5.1802232889371826e-05,360
225,0.7762246718019461,0.7808147947363027,1695009723.8310995,6,13,2.52357680881614,0.29655455394396596,0.1,0.001727623353697352,2.8050208083472237e-06,279
226,0.7681161582286016,0.7711376826336406,1695009852.7530427,8,8,3.3918026951535483,0.27723997551168494,0.0,0.003520535358061843,0.00013509984303899984,474
227,0.7744107549828882,0.7762641952145493,1695010311.4069002,9,12,3.3712102950828724,0.17923656085309614,0.2,0.00011703963083285544,9.509835696521034e-06,487
228,0.7764575860959596,0.7799738446276878,1695010414.1858442,8,12,2.135616392205119,0.16384398051807586,0.1,0.0070375608487477,0.00015763878755317335,279
229,0.7790919804582797,0.7772658843794576,1695010642.6735914,8,15,2.1098468984159355,0.1410569000830903,0.2,0.00024022187124786226,0.00031093602559636264,465
230,0.773677954542448,0.7781531701793364,1695010759.8518047,10,14,2.5837604897686273,0.08733221183953727,0.5,0.0036523093313336765,3.787426529691321e-05,402
231,0.7757518065282992,0.7789247331723904,1695011662.7284825,10,10,2.7213415861274157,0.47952354442087913,0.1,2.82079008432092e-05,0.0007043511306089139,457
232,0.7628683388271082,0.7728100673471032,1695011778.0165286,5,13,2.936624112055295,0.3584306712134746,0.30000000000000004,0.00048697989350516825,6.645179286343668e-05,342
233,0.7794138384585267,0.7781522698543469,1695011946.261746,5,9,1.8583983437027936,0.4639566287059,0.2,0.0006933802561429571,0.0008040050350032766,109
234,0.7533750055237981,0.762158974357223,1695012835.2770855,6,10,3.7572972865916117,0.3590102672480516,0.0,1.632647708472322e-05,3.2349903291881255e-06,475
235,0.7691750386806608,0.7752058476666883,1695013166.26488,7,15,3.5398522337873946,0.48323388173693105,0.30000000000000004,6.609083502874515e-05,3.4935543909079183e-05,465
236,0.7757620800893039,0.7822627191162063,1695014068.675847,10,11,2.461390699778822,0.3989371377501843,0.2,5.236141195011676e-05,6.8883130136681305e-06,279
237,0.7783888748311547,0.7818132085809912,1695014503.7194316,6,14,3.001634481131924,0.4663311858841046,0.4,0.00022905111421422995,3.5312995433412993e-06,169
238,0.7766571465001355,0.7775614703871778,1695014678.9530826,10,13,1.3206499739340432,0.24991552141895396,0.4,0.002596270503794074,0.00032976594049930006,473
239,0.7743636091892359,0.779174542311254,1695015377.1454887,7,14,1.2200451714574696,0.33079763947299645,0.30000000000000004,4.359173717170405e-05,5.737214898535255e-06,381
240,0.7599718982923089,0.7707024686383432,1695016262.5656276,6,11,2.130862427204227,0.38047095967562927,0.1,1.7283868683000983e-05,3.5497097751864295e-06,383
241,0.7771758909640232,0.7775107417308798,1695016412.9946613,5,12,2.5125240779754363,0.1870882324369043,0.2,0.00041306054720200856,1.5223606956063795e-06,208
242,0.7743211076080927,0.7752555983837739,1695017301.1863987,7,9,2.573870469609411,0.15471135533786873,0.0,2.42256156601825e-05,9.62826014220099e-06,361
243,0.7592250244806293,0.7666840387995365,1695018196.378381,9,12,1.1401377200725284,0.30349341373413,0.5,1.4275116032021188e-05,1.1043563922867581e-05,71
244,0.7756431601023304,0.781149420698304,1695018539.747844,8,8,3.8228100130359697,0.20369240474194655,0.30000000000000004,9.685008087004282e-05,1.01807209817814e-05,69
245,0.7762394488417474,0.7819614207016568,1695019007.573822,10,10,1.7450777915319384,0.1799689455730572,0.1,8.649240264756835e-05,6.971762146067703e-06,501
246,0.7725142274746545,0.7696298245505648,1695019210.4575057,10,10,3.517561319253802,0.019065260054900113,0.30000000000000004,0.003895213477013593,4.4738833503665395e-06,136
247,0.7751690282252719,0.7662824472857391,1695020108.2600656,9,13,3.9224388213197545,0.07939253440489619,0.0,1.4660770178219903e-05,9.39419074851619e-06,85
248,0.7703488985757467,0.7749598726704519,1695020250.4525414,8,8,2.362718130505643,0.2575344313888551,0.0,0.001190377213490314,0.0009368150474622285,238
249,0.7786920152476533,0.7799265465200561,1695021039.2717752,8,11,3.9394000338486173,0.42524317860863553,0.5,0.0001442888802981242,8.891903763065384e-06,71
250,0.7674179782814106,0.7680447247925379,1695021158.2502198,5,16,2.7530501496239808,0.22304243819260022,0.0,0.006517519832053468,1.3123821716978526e-06,355
251,0.7750454640257891,0.7814514642093962,1695021409.3036325,8,14,3.2311297369824294,0.33724907788372754,0.30000000000000004,0.00019996972065734078,0.00025442663545861165,123
252,0.7687763400734461,0.7714667203715697,1695021538.1580198,6,15,3.6672418931906896,0.33106975473758626,0.0,0.003100449566392721,0.0008041950155709041,270
253,0.7711831680228236,0.7800668575127976,1695021627.1452832,7,11,2.819684214996398,0.0848612437143147,0.0,0.009386923596043468,3.185014341346278e-05,295
254,0.7737835048267441,0.7751831377449734,1695021825.6538515,6,8,1.1935711928854116,0.02947583926715286,0.4,0.0021835187896264816,0.0007139960813780336,504
255,0.7758194994439611,0.7788493697616414,1695022111.715711,5,8,3.0531677565735267,0.1460435341440935,0.5,0.00029037455255085575,2.0638845952768967e-05,252
256,0.7708690503767581,0.7795707163522707,1695022222.4794254,6,13,1.5544552718445648,0.4885818363390161,0.4,0.0036313543239396215,0.0006881573362207201,370
257,0.7746678754754337,0.7745876969472556,1695022479.3617716,10,14,2.422585488856983,0.01048247378588002,0.30000000000000004,0.00041539980582446195,0.00016186115181239467,454
258,0.7787715297951565,0.7813011099361697,1695022928.6627085,8,8,1.2748361059370414,0.435510677837838,0.5,0.00015912434543613384,1.602622158865236e-06,112
259,0.7770987688896307,0.7818825025594842,1695023695.5244503,5,16,2.2191001290508883,0.23186965730157233,0.4,5.372829847021829e-05,3.962041897797713e-05,323
260,0.7758559494754714,0.7713082010820602,1695023988.679427,7,9,2.2714319427716836,0.05602133658924191,0.1,0.00015886780769382709,3.724138332022667e-06,511
261,0.772685078201502,0.7785839601639101,1695024082.7330265,9,16,3.7960849961587573,0.14346469354762797,0.0,0.009444727902665933,3.39285141670078e-05,367
262,0.7592528897556834,0.7608918135032046,1695024985.7061987,10,11,2.7767273242369654,0.14952086927003388,0.1,1.2684687083507886e-05,5.094483537685694e-06,175
263,0.7689674564548783,0.7789775574127157,1695025183.249161,9,12,3.3194064430890817,0.14311536372168532,0.1,0.0005419034672370346,6.507464005721483e-06,402
264,0.7764029814155503,0.7807519582611818,1695025410.1537519,7,10,3.260252376095213,0.0943921966475878,0.4,0.0001477145246284644,1.8001667582034366e-06,345
265,0.7722372635286614,0.7805741440757793,1695026223.703447,8,8,2.3801775835936505,0.2313792727406479,0.4,3.889924748250686e-05,4.777027965740245e-05,509
266,0.77743779640279,0.7803531608594204,1695026483.9546826,5,14,2.0489787274025275,0.2426154237549239,0.1,0.00024002575521299402,3.067613417069267e-05,477
267,0.7785953311872379,0.7812935658336725,1695026592.07769,10,16,3.903426882952005,0.19729661706428597,0.4,0.004678138622713836,2.2442211472727626e-06,390
268,0.7556655874267375,0.7553657118554578,1695027485.2212262,8,9,2.894583156176103,0.3440332492325637,0.30000000000000004,1.0429493014970872e-05,0.0005949826931931754,221
269,0.7796146654661142,0.7781652159067804,1695027642.241669,9,9,2.80641563668895,0.02900152932187594,0.30000000000000004,0.0008756752482802511,1.4524239067690859e-05,386
270,0.7724917100806713,0.7781661007089253,1695027730.8215938,7,8,1.1170039208564193,0.02537916788274258,0.2,0.006107819178127177,9.693176252324666e-06,429
271,0.7797841088558377,0.7799946141938221,1695028111.3884504,8,14,2.967375103808383,0.10090712410793645,0.5,0.00017971821239238343,0.0006375286393718851,71
272,0.7776065361239515,0.7799820717353495,1695028358.4532728,5,9,3.1822823097535826,0.05351779443560961,0.2,0.0003472512833684623,3.482460210672081e-05,196
273,0.7755070706024444,0.7802018752155153,1695028510.763674,10,12,1.5263187478642526,0.2788552288908505,0.0,0.0010192658167472353,3.3117881792481097e-06,463
274,0.7604551778606731,0.7678792202229385,1695028709.0595767,5,10,1.6474441811596146,0.28483340382607386,0.2,0.0002274472954855327,2.2057385826259633e-05,338
275,0.776078871675905,0.7759374703804721,1695028815.32996,6,10,1.7749999659448825,0.07245305937613467,0.30000000000000004,0.00633945491957521,0.000531176351775039,497
276,0.7785935016489769,0.7779790504309592,1695029128.6731086,5,14,1.2238480767843924,0.4076427293425206,0.5,0.00027406848762394706,0.0009142978649746131,272
277,0.7810847698257913,0.7818531178145722,1695029536.773434,8,11,3.4557670811707277,0.28189379026061845,0.30000000000000004,0.00018811759248037437,0.00018195927615216872,96
278,0.776716817594191,0.7766452344820373,1695029669.9825494,8,8,1.651405853146914,0.016556072732258342,0.30000000000000004,0.006770843959308354,4.355768381683935e-06,114
279,0.7744664855329966,0.7781169709056254,1695029798.660942,8,8,2.0519843956578585,0.22265732634373298,0.0,0.004580365743732065,1.4185374112873524e-05,327
280,0.7733721401854138,0.7780024433578384,1695030678.3295043,5,16,1.54534449836554,0.23311532378035627,0.0,2.961098052644643e-05,2.5545294742850455e-06,237
281,0.7600052521821465,0.7650896719032569,1695031560.4110684,5,12,2.6956685093369277,0.09538141635637198,0.4,1.6914674389768904e-05,5.304074383333568e-05,427
282,0.7682536550656114,0.7697695146295205,1695031849.6286104,8,8,1.2248338635238982,0.022995144227276665,0.0,0.0003790746319234512,0.0007547427526859348,229
283,0.7750206948924078,0.7783065824529578,1695032680.5910418,9,10,3.9179632691695185,0.19136887741449127,0.1,3.7497721899115806e-05,2.2015365339495547e-06,100
284,0.7648213005540123,0.7727621483256858,1695033579.7582097,10,14,1.4366659427531838,0.301047401768089,0.2,1.6456167743693342e-05,0.0009189222559992351,170
285,0.7759857059582995,0.7795272213415767,1695034473.2160385,8,11,2.4627673636913237,0.4954089447519021,0.4,5.189515531098033e-05,0.00012931940313972687,272
286,0.7507380779546551,0.7644012958346527,1695035368.914137,6,13,1.7011850403235311,0.40593672584624063,0.1,1.9758894848189525e-05,0.00038784580150412793,140
287,0.7768738764172236,0.7774947687237407,1695035697.2070131,9,15,3.181111283654601,0.47489820536514926,0.1,0.00013149316478160969,8.057131925052094e-05,116
288,0.7757031126638106,0.7800461345151972,1695036562.81996,10,13,3.0392140149752813,0.2918568896604542,0.30000000000000004,3.8315337502656636e-05,2.072935538776946e-06,178
289,0.7740470990700599,0.781540285926452,1695037025.5426583,5,13,1.542043664453559,0.4605466726656202,0.0,9.124257837472151e-05,0.0003779684637791309,343
290,0.7748046686438814,0.7749901111718194,1695037123.536153,7,14,2.202440727702801,0.07828371227178493,0.5,0.004140426633201225,0.00016359551993401004,190
291,0.772722513368999,0.7774869607328845,1695038013.265628,8,8,1.114488244183618,0.4730152926519383,0.2,4.523688900314043e-05,0.00023257864124411436,300
292,0.7715821480974632,0.7697030613315974,1695038636.8502686,8,8,2.336680623618145,0.20408141510681127,0.1,3.426072708570509e-05,0.00041771693017808234,397
293,0.7743630462543865,0.7770239453228287,1695038802.0235415,8,10,2.9027311525245403,0.20542986547031394,0.0,0.0007371143056834265,9.945844883051303e-05,496
294,0.7713367085030465,0.7714022074292273,1695039043.2788236,9,8,1.9499126289011803,0.02187909473501265,0.0,0.00024848276131689896,4.233744742698142e-06,91
295,0.7722921496764954,0.7765153237952076,1695039915.2565281,8,16,3.4757110806669433,0.026773538171205313,0.1,1.2985292368107792e-05,1.8268433281384365e-05,484
296,0.7780100196773876,0.7806802737646136,1695040390.7230651,6,14,2.4869600595983092,0.25982751271607646,0.4,8.573619498106143e-05,9.442616136323587e-06,395
297,0.7735215993879772,0.7794384306702102,1695041271.221638,5,8,2.2304646983085807,0.19694649301601885,0.1,5.7737463222381e-05,0.0004377519688911095,247
298,0.7731478106478564,0.779730461946507,1695042162.7190795,6,15,3.5378196429003674,0.3504863261906797,0.5,2.3366159390145355e-05,2.204037792877599e-05,428
299,0.7757753090582692,0.7780646123506395,1695042284.4402227,10,9,3.2311431962556925,0.10568879526867203,0.2,0.0017914556580513868,0.00020438920002707186,89
300,0.7710145690353746,0.7715367128780718,1695042466.1921957,6,16,2.706315663563147,0.28916815329842016,0.1,0.00022503563360567227,6.508746490825712e-06,125
301,0.7716345010384741,0.779611262022482,1695042732.049565,6,13,2.5706647129135,0.26224657046697814,0.2,0.00020329543488559134,0.0004179491850340821,477
302,0.7767362388465016,0.7801676007745402,1695043160.317625,10,10,2.904254772713422,0.3838728182689578,0.1,0.00026994706798129706,0.00037051031460167517,379
303,0.7769821006420554,0.7765160223232166,1695044051.7256858,9,8,1.1583987764786166,0.34472314112329455,0.30000000000000004,3.2585286324838636e-05,1.0308253008128516e-06,169
304,0.7687670516484281,0.7741299593043791,1695044946.7950363,8,11,2.951296233247642,0.07657303242154356,0.30000000000000004,2.1630591023315115e-05,0.0004866231293696395,179
305,0.7777406553518639,0.7805851963411662,1695045697.185937,5,15,1.9625066620412284,0.20458044337888315,0.0,4.07357587088501e-05,1.573318320134885e-05,194
306,0.7772380952649016,0.7780778843828107,1695045929.3305738,8,10,2.3113538479612545,0.01455621179748362,0.30000000000000004,0.0006350871737452092,0.0004957225320088323,385
307,0.7594496354856115,0.7748040698787552,1695046813.0061665,5,11,3.277710143069436,0.35910599882962424,0.0,1.215197934727426e-05,3.0726579839745456e-05,264
308,0.7725183087523141,0.7774838872096448,1695046910.132832,5,10,2.048647950236189,0.3935987773024881,0.1,0.002612266891487818,0.00033154634374364694,174
309,0.7766601019080959,0.7803911918287993,1695047455.957228,10,8,2.1474205172617395,0.04974205691268557,0.1,7.070974867595266e-05,0.00019225049864279544,437
310,0.7776342606652933,0.7775588625492775,1695047612.1161,7,11,3.8940534897453696,0.08120617876527603,0.2,0.0005967576471952761,9.41149610350374e-05,132
311,0.7732048078013763,0.7820608600444494,1695048011.2612736,6,9,3.270818882964016,0.36378013575757256,0.4,0.00019416166703304258,1.1394890701787096e-06,467
312,0.776018637647,0.7803826542642449,1695048121.3619208,5,10,1.0923229079587053,0.1977141164221662,0.4,0.0061186805529711815,4.411796396672274e-05,103
313,0.7762402932440219,0.7829199563584537,1695048524.283719,10,8,1.6118134692244444,0.11005961401027281,0.5,0.0001694292955673202,0.00033907787369692993,313
314,0.7688381221731875,0.7765654160148754,1695048626.6562428,7,15,1.6328148052173117,0.13581409000198247,0.5,0.0006478846494008937,1.3876529856972185e-05,346
315,0.7760308814799782,0.7738033120845251,1695049089.1477494,9,14,2.517298586637674,0.31200909595247334,0.1,0.0002793334514436395,0.0004450130863103135,474
316,0.7718043666293347,0.7782054821657883,1695049813.3311148,5,10,1.7847613854203577,0.16368156472126205,0.1,6.977304595205469e-05,2.6290847416799168e-05,172
317,0.7710387752339065,0.7785859936565585,1695049930.0440993,9,8,3.8886075174999526,0.0942335747116479,0.5,0.001091520786124173,0.000448823815550677,259
318,0.7692957882058956,0.7776129596628637,1695050889.362577,6,13,1.5865176007096085,0.21048329859967357,0.30000000000000004,2.346481955184323e-05,0.00025360491842929555,269
319,0.7727554450576993,0.7741735008836069,1695051785.6560683,8,14,3.6949255177422726,0.06871744051196294,0.1,2.3508580262929583e-05,0.0007739588235096385,257
320,0.747551303771185,0.7563850194490378,1695052744.409664,9,9,3.7839979480216104,0.06276506774824342,0.4,1.202070429979071e-05,0.00039159406209976613,238
321,0.7644795991003175,0.771952585408942,1695052847.4909484,8,13,1.607657241972136,0.2272486536320938,0.0,0.0022382576802456645,2.3227194404496187e-05,188
322,0.77937935869899,0.7821633263419476,1695053087.4193525,7,11,1.4784657674183608,0.18317317432644892,0.4,0.0004767355177531436,0.0009469736561752626,400
323,0.7731838384782295,0.7756161474963313,1695053758.5828106,9,9,2.5611476216261804,0.1221947911590257,0.1,9.719435613599836e-05,5.103803464618912e-05,250
324,0.7745240456213661,0.7788245797787442,1695053892.8840246,7,11,3.959344451120071,0.21121237831832224,0.5,0.009525050178954615,7.301962907748379e-05,502
325,0.7521334527130505,0.7599914264224461,1695054833.1595423,10,15,3.1449728487442328,0.11055070064758765,0.1,1.4426127419627569e-05,4.478455842255517e-06,301
326,0.776272802731585,0.777842573580845,1695055585.718796,7,14,1.9030216907538102,0.3102765928867626,0.2,4.6062287895531606e-05,0.0002127171774221734,195
327,0.773830509886684,0.7803341608975756,1695055764.147865,8,10,2.945167650718283,0.08711012201911811,0.0,0.0007595234361559406,3.041859144572056e-05,356
328,0.7751763463783164,0.7768896261481201,1695055954.8056126,5,14,1.1449307877456003,0.47817874054416065,0.5,0.002527437888737932,8.679419435261823e-06,353
329,0.7671609985225775,0.7642729374322874,1695056090.039888,10,14,2.9815744400983126,0.015090424131892599,0.0,0.0007684288580956575,2.486978888474453e-05,284
330,0.7730853248795531,0.7744894218178113,1695056976.4719071,6,10,3.6695630742265073,0.18247773174465076,0.5,3.165179580910983e-05,3.938609965957666e-05,350
331,0.776232834357265,0.7817289195345718,1695057826.0009224,9,15,3.2687670429619224,0.4089706288763458,0.0,1.7481946554595858e-05,2.5079005524215993e-06,152
332,0.772830878327543,0.7801642167944078,1695058454.2691224,9,12,3.120793860615157,0.2995859539077376,0.30000000000000004,3.606406256490894e-05,0.0003807687491537197,411
333,0.7780495658505706,0.7763352587973316,1695058905.8599517,9,16,2.186357742368975,0.21094486286506853,0.2,0.00011198076728218583,3.4169511745812316e-05,345
334,0.7687473489286929,0.7709371740493678,1695059071.1722758,8,9,3.175616844243296,0.03529899288985272,0.1,0.00015489837069078256,0.00030225360144281596,177
335,0.7792961850749647,0.7805606857694725,1695059255.3283014,9,13,3.0973513090123754,0.14817123904158008,0.5,0.0008971833456149004,1.7434069500017785e-06,426
336,0.7769093413127472,0.7822313474471796,1695059371.3285468,7,15,3.101753533027221,0.4831107017960631,0.5,0.0009986993903591244,0.00019782554539772362,90
337,0.7735992843972193,0.7815133072224598,1695059470.4000401,9,14,3.8298900779961933,0.3775399150910655,0.30000000000000004,0.0021639791893133843,6.414405524816551e-05,280
338,0.7758366689568732,0.7767021257076594,1695059785.071131,10,12,1.303013422974158,0.022811316587799613,0.2,0.000233825449524349,4.6652398789988086e-05,95
339,0.7762636550402795,0.7754536233129035,1695059887.7172818,8,16,3.2550914088386342,0.3516997139871943,0.30000000000000004,0.004498422129845865,1.873716020784782e-06,413
340,0.7724140250714294,0.770973404368768,1695060330.986552,9,11,2.471604424267725,0.0759961953050341,0.0,0.00010168908155706891,1.0333910967900493e-05,297
341,0.7759813432132152,0.7808991613969456,1695061200.242022,7,16,1.4329457641792485,0.41195746126521426,0.30000000000000004,4.610022849271976e-05,0.00042474438797231564,312
342,0.7729821670683676,0.7752285265427139,1695061319.4674282,5,15,1.8173833522203573,0.28579260088720126,0.4,0.0017060232595660042,0.00014116879250228765,437
343,0.7780335222073576,0.781474220699645,1695061574.0504994,9,9,2.6713164629666357,0.246862589250945,0.0,0.00019949404803395595,0.0002138465115076499,263
344,0.7778742116449265,0.7820125219062264,1695062147.1557767,7,12,2.694832829848207,0.3824549388917477,0.5,7.364201741289843e-05,6.179920866675237e-06,205
345,0.7613244900021364,0.7607167002927702,1695062321.9036286,10,16,2.0254893395349374,0.4167189767521481,0.30000000000000004,0.007476790337385647,5.129377395994042e-05,469
346,0.7746964444190498,0.7778831037282116,1695062505.5460072,8,11,3.5475666993160626,0.1686733631206861,0.4,0.00039084988762186384,9.349118090833836e-06,277
347,0.7763024975449004,0.7810110966296768,1695063321.620335,10,10,1.258972098559731,0.45193470074874814,0.0,4.929353600167972e-05,2.7483718008365638e-05,414
348,0.7757671465029503,0.7770241626426538,1695063478.9762313,10,9,1.6974271748906546,0.4980708222436525,0.30000000000000004,0.003847258552476576,1.2490119946756277e-05,194
349,0.7655041405265524,0.7704748882130104,1695064028.5460877,10,9,1.7961477974599216,0.18421511835876625,0.2,3.158525596732138e-05,7.399267338309274e-06,141
350,0.7740846749712691,0.7763473045247757,1695064162.691892,8,14,2.5471516272564303,0.035333073955266414,0.30000000000000004,0.0013763240927136058,3.3920272119463887e-06,281
351,0.7543193287339679,0.771822736813491,1695065062.6502697,10,15,2.3676958843959306,0.129537490711861,0.0,1.3724712408673934e-05,5.048567338047783e-06,283
352,0.7682818018080905,0.775258951318217,1695065226.924402,7,9,2.3631770760448347,0.22053526682547597,0.4,0.005806441569196599,0.0007444911534772658,282
353,0.779494478875729,0.7809134889825523,1695065366.170834,10,13,1.3051304844609533,0.03643181475942636,0.30000000000000004,0.0011091269713146368,9.013857355490458e-05,281
354,0.7781206363753301,0.7769325623364066,1695065839.8596904,8,13,3.110576145510745,0.07197738757848587,0.2,9.847943039126701e-05,2.8223105418961735e-05,240
355,0.7648666168094036,0.7773707101493419,1695066722.4424627,5,15,2.565898539048861,0.43733319172840057,0.0,1.9464277902395454e-05,2.389419768824454e-06,454
356,0.7785884352353307,0.7818171669063756,1695066851.510893,8,14,1.2315944969107062,0.3730795209079148,0.0,0.005383223423639745,3.439226499049119e-05,494
357,0.7737545136819908,0.7778193669281014,1695067163.8232749,8,13,1.5001830616283156,0.31604190781627106,0.4,0.0006778499246312053,0.00011690362509107977,460
358,0.772231774913878,0.7776110969215063,1695067266.9404557,9,13,2.582601437325,0.22768988365426263,0.4,0.0030490060265788927,0.0001532466724223118,108
359,0.7713838542966988,0.7752801244783121,1695067408.6791997,6,13,2.702002034197559,0.4587888485953264,0.5,0.004869271578063365,6.568476991369008e-05,387
360,0.7768913273975606,0.7731343395717265,1695067547.6655564,10,9,1.938370988436557,0.012511639801360608,0.30000000000000004,0.005727654035106507,1.0334757998155408e-06,120
361,0.7758324469455016,0.7781159308750343,1695068402.3969984,6,15,2.10981559467402,0.09902199727728894,0.2,5.8735184886487934e-05,5.6414990638199455e-06,318
362,0.7550193382194201,0.7639186129804324,1695069297.4893432,9,10,2.649712786814776,0.014892383137343423,0.5,2.0300470050359928e-05,4.750497814794012e-05,511
363,0.7735442575156728,0.7792894579301572,1695069469.8257916,6,10,3.2150378009621914,0.23286147477416053,0.1,0.0005231050385892735,0.0003028627374395372,364
364,0.7787063700863176,0.78127206669384,1695069685.701051,6,14,3.7896442805560033,0.09856851436616376,0.30000000000000004,0.0003153112163691729,9.77338204711222e-05,125
365,0.7715138922469517,0.771301138187747,1695069787.8085604,6,11,3.5188081580265704,0.1921652739266997,0.2,0.001678244367922349,2.607228373151867e-06,207
366,0.77127168952792,0.7594649536234837,1695070681.7999918,8,11,2.793786600353329,0.30075476432851134,0.0,2.5134688521077507e-05,0.00022533327915913695,251
367,0.7694117527849091,0.7730292188677941,1695070800.1906364,5,8,2.256734338465398,0.4210688503877485,0.1,0.009662185646329556,1.1550741900801585e-06,330
368,0.7812039712801898,0.7807381894979821,1695070898.317658,9,12,1.7774975235465984,0.15822355872039812,0.30000000000000004,0.004853327375164399,1.8163629024840847e-05,218
369,0.7728730984412615,0.7764954235083733,1695071782.5746617,7,16,1.7994540444851803,0.08568957447507225,0.5,2.3790537821460707e-05,0.0003298452715011497,344
370,0.7759576999495329,0.7789316253154126,1695072308.3420084,10,10,3.5669788432558716,0.043745825742725175,0.4,9.583318592713395e-05,2.4084342555726747e-05,421
371,0.7764333798974276,0.7805135739359764,1695073198.0706594,8,12,1.877801682762937,0.377711929123447,0.2,5.4193095582975394e-05,1.5007348505829137e-05,421
372,0.7714020089455977,0.7763506885049083,1695074079.1745741,5,10,3.182172397628169,0.3063331832463642,0.2,2.9319006881608068e-05,1.3892621432878402e-06,244
373,0.774191914060114,0.7769863955616337,1695074182.2466888,9,10,3.7061760105229253,0.309752664389299,0.2,0.001837054926310208,7.925534369222775e-06,465
374,0.7638933024544804,0.767337690264671,1695075067.5030189,7,8,3.93564440781632,0.24804120720318407,0.5,2.1237178543411274e-05,3.978474030841086e-06,281
375,0.7736488226639822,0.7801407462533054,1695075366.2429814,10,8,2.6154662219368574,0.3790551066389267,0.2,0.00021675380551109733,0.000632752208883274,305
376,0.7672749928296174,0.7773612256912641,1695075702.7995772,9,14,3.6917490741560393,0.17072966865093514,0.30000000000000004,4.373125165510349e-05,9.963660466683395e-06,433
377,0.7796421085400314,0.7817230674221407,1695076237.265956,10,10,3.28511267671896,0.2688105010676528,0.4,0.00012564859746242137,1.148580028942252e-05,156
378,0.7762228422636848,0.7785939568758611,1695076547.8026862,8,8,3.580965509205333,0.12200740073798017,0.30000000000000004,0.0003293776373713446,1.102189635081317e-05,487
379,0.7615575450298622,0.7709285433477455,1695077445.3782976,10,14,1.355035070448399,0.23117778632377656,0.30000000000000004,1.932633992251623e-05,0.000122295342877263,430
380,0.7741537752240552,0.7820091379260938,1695078337.219854,10,12,1.0861723217997254,0.1040160104378765,0.4,2.7869144276408763e-05,7.36039627698837e-05,357
381,0.7748679988144591,0.7806151709541748,1695078433.7188916,7,15,1.3685974946214023,0.31004184632818643,0.2,0.00373768341176633,1.5447265425105e-05,148
382,0.7751169567516857,0.780264277050986,1695079179.6488204,7,12,1.240471119109055,0.4318804621404414,0.30000000000000004,8.674202177591697e-05,6.672462239311412e-05,505
383,0.7738022224104926,0.7794781381068108,1695080064.758667,8,11,3.044335752370656,0.37813098646682386,0.4,4.2976336656327405e-05,1.1555376185221571e-06,206
384,0.7702374374755299,0.7786317239568812,1695080331.9584925,7,15,1.2650361489704602,0.421817265939995,0.0,8.744820992252083e-05,1.6296944634494868e-05,482
385,0.7702465851668355,0.775005230422503,1695080415.662166,10,8,1.5878395989334169,0.22410869669413797,0.1,0.007245840330889423,6.862956845560085e-05,210
386,0.7782416673679896,0.7830012960643907,1695080539.4025004,8,14,3.56985880950428,0.4437641329885614,0.2,0.0018841038227713047,0.0008327121564431022,303
387,0.7781089554772013,0.7779412367814051,1695080931.8952115,9,12,2.147943695391326,0.10169063711924076,0.0,9.407921653817326e-05,1.1591685463543553e-05,319
388,0.7758104924863678,0.7811347981786487,1695081082.5393317,9,14,3.3074597598922013,0.2861366345462521,0.30000000000000004,0.0006841068563212822,0.00012811209261387623,443
389,0.774440590529916,0.7775548887010487,1695081956.1528141,6,15,1.5939150803492304,0.008702020019167644,0.4,4.922958989549063e-05,0.0003277939945687624,224
390,0.7758342764837627,0.780403920561408,1695082562.9657729,7,15,3.276600229755382,0.029164920492798008,0.5,4.2181127162258033e-05,9.994302860884403e-05,486
391,0.7769619757211829,0.7793538622125872,1695082656.2163448,10,12,3.8413974904592694,0.34286666811459754,0.1,0.007812222227858124,5.031193754958757e-05,208
392,0.7744906917315285,0.7749461194300967,1695083089.4570427,7,9,2.720592994841639,0.2833369332175113,0.0,0.00017557584039399712,6.293202451232087e-06,466
393,0.7701683372227441,0.7780448362465625,1695083601.2367404,6,13,2.9204270292376013,0.3018456065477679,0.2,5.41799291060675e-05,1.0587093176017578e-06,155
394,0.7709813558792494,0.7752685754818966,1695083843.694063,9,10,2.601930293161484,0.14876260038115385,0.0,0.00018381302940758033,0.0009485448782036678,244
395,0.7708159937671853,0.7724790271622151,1695083931.3666987,7,13,2.075685953086913,0.11802453221803938,0.2,0.005019837764293066,2.6798018057606697e-06,122
396,0.7744013258241578,0.7710796892860488,1695084107.5205925,9,9,1.392626754029809,0.1216995947111747,0.5,0.006620040076719723,0.0006282779457869661,204
397,0.7664574706943155,0.7746205432865234,1695084191.3134053,10,8,2.4455646196482337,0.2760756932213743,0.2,0.008619085887139654,0.00018302689734774592,278
398,0.7665376889103805,0.7759859482242968,1695084279.6331728,9,14,1.3366363498171734,0.16118891419579784,0.1,0.0067574404679928545,0.00036359582088114683,198
399,0.7701216136302289,0.7769458343685778,1695084367.6563025,10,8,2.0020252303124035,0.1006185097639577,0.30000000000000004,0.005182949211964394,0.00023098689737665522,80
