trial,score,test_score,time,num_layers, layer_size, hidden_factor, hidden_dropout, residual_dropout, learning_rate, weight_decay, category_embedding_size
0,0,0,1694929818.02411960,0,0,0,0,0,0,0
0,0.8327585299406751,0.8126012962630832,1694930222.5048945,5,8,3,0.4,0.4,0.0001,0.0001,64
1,0.8453919138349403,0.8394294286621441,1694930575.8308098,9,10,3.4728355979841057,0.4828745990214999,0.5,0.000229270269909846,6.71625826910958e-05,412
2,0.8303061042684817,0.8185037337563908,1694930787.7687252,8,14,1.105109572304312,0.1492247354445897,0.0,0.003725485074061499,1.3138993071574169e-05,369
3,0.8353066545372971,0.8219597088423495,1694931727.793828,6,11,1.0282383102429082,0.17916689135248487,0.5,4.505023153750722e-05,9.08184528490249e-06,476
4,0.8257656125054851,0.8163032618681227,1694931973.8983178,5,8,2.889486997323469,0.43690672163976935,0.0,0.0017367276194004016,0.00027448809492355803,97
5,0.8285193490559161,0.8189619836531407,1694932668.4611917,8,12,2.4396501744891497,0.47778707246553315,0.0,5.507266629471411e-05,0.00013699289192285383,209
6,0.8081205603791252,0.8043209607672209,1694933234.502323,6,14,3.7556552444378464,0.12223785109899515,0.2,5.7408744406430225e-05,1.3740415777888483e-05,335
7,0.798865911452037,0.7975877561513852,1694934797.0092537,9,8,3.0582552375619403,0.27413004869791263,0.0,1.9781519915590326e-05,5.453525095547911e-06,132
8,0.8259585584251785,0.8216653957078899,1694936493.1285117,10,14,1.7129767656390498,0.2844426262782802,0.30000000000000004,1.6527669990066556e-05,0.0003304650469591468,245
9,0.8452573724058907,0.8344609696854056,1694936688.6819596,5,9,2.4719204111954824,0.35601218712487664,0.5,0.004210750464269409,3.141413109019485e-05,111
10,0.8244225906881006,0.8151882559373095,1694937413.5470169,10,11,1.679763630698285,0.43621593117271423,0.0,5.1184737511944077e-05,6.112202526471629e-05,317
11,0.8274276776488688,0.8176420761730203,1694938074.192405,10,12,1.3868742237356213,0.380283838383695,0.1,3.366585043181566e-05,2.0481135837048982e-05,216
12,0.8234820672881655,0.8041957069337846,1694939034.6652913,10,9,3.533675598418354,0.33470306999033145,0.0,1.8397576611056747e-05,0.00079320624324157,151
13,0.8430270245318564,0.8338996325773719,1694939229.8582976,5,10,2.9503915540394,0.2733886226723303,0.4,0.007749866709489935,6.810274059852727e-06,168
14,0.7993514427597994,0.789388279153276,1694941300.1163597,10,10,3.066718898676068,0.07674731848918637,0.1,1.595132195739089e-05,0.00017719729435236134,144
15,0.8289055223627275,0.8196972231897265,1694941494.7911935,5,10,1.8383786609458725,0.01691086552189458,0.1,0.0010152292440160449,0.00019043959177913048,165
16,0.8353922206344333,0.8298186301518031,1694941680.009832,8,16,2.6248318848400407,0.186972544788098,0.0,0.0030757645247614686,0.0002816336755705657,99
17,0.8171283623746731,0.8042682917553422,1694942495.2848992,6,15,2.692480836585433,0.17489110680051573,0.0,1.974955105586829e-05,4.7923028436194726e-05,382
18,0.8322957974943207,0.8259600545671454,1694942712.1430252,10,14,2.116738037272354,0.37923865279910185,0.0,0.0007337297135116152,0.00014525867951931812,82
19,0.8128606125462979,0.7988854814865086,1694943771.3950057,7,9,1.8282492549329756,0.1132516616565723,0.1,2.5627140113939433e-05,0.00012099019391768416,87
20,0.8168567463097509,0.8089934611879677,1694944007.5395842,8,9,2.5200740516773554,0.1407594184342134,0.2,0.0003262772091964935,2.3280571314778988e-06,122
21,0.8448046320531162,0.8298657109396099,1694944214.716668,10,11,1.5086874359766491,0.4005895342102504,0.5,0.0030812889838279615,0.00013872437540019786,108
22,0.8337619613100506,0.8230922555876109,1694944401.7430942,10,13,3.700826355251675,0.281785085934529,0.0,0.009609882739108162,2.495706494364539e-06,374
23,0.8249247285739255,0.8241221031927045,1694944627.9305506,7,9,1.4217929955152635,0.33462370531972363,0.1,0.0006933676922995579,0.000640911635121769,155
24,0.8278930840357588,0.8122083975422867,1694944977.2426796,5,11,3.0836176799270483,0.4724835165670097,0.0,0.0002377606159495553,6.8642114588459675e-06,155
25,0.8356795988751435,0.834395540895229,1694945182.7486749,6,15,1.278538095719898,0.4345095890710334,0.5,0.001110147434488675,7.716898223666451e-06,138
26,0.8218012845610333,0.820909898859043,1694945378.8400059,10,8,2.4234042132685283,0.18011470988455353,0.0,0.008012116912739769,4.537894925087076e-06,383
27,0.8403330998091932,0.8267724892101482,1694945575.4748435,10,14,1.4305616451055903,0.39644399046508205,0.1,0.007376495674156537,1.772450153379356e-06,351
28,0.837204026447805,0.8298414642562753,1694945771.0463142,8,12,1.4955792899493208,0.12599257760478783,0.4,0.007517995201959148,0.0005989716648811311,395
29,0.8337552060918559,0.8285645240101307,1694945966.4374106,6,14,1.8919366586910469,0.14067897112472083,0.4,0.0011412027171725497,6.5960187324339305e-06,137
30,0.8230733765873708,0.8086583695406272,1694946541.3297458,5,12,3.499253995822347,0.16162833824235173,0.30000000000000004,3.5069061239897436e-05,9.230351411818256e-06,376
31,0.833224358528702,0.8164132567452737,1694946737.5593026,8,15,3.4844817907499754,0.14887687014618273,0.0,0.0008502386963657528,0.000405104222153852,445
32,0.8147637545390141,0.8118349023772957,1694947794.9916756,5,9,1.5470558302006614,0.14096086111662143,0.1,1.7578176025015737e-05,1.2546009110653214e-05,469
33,0.8246958955575714,0.8232215608834995,1694947979.6797411,5,15,1.1705585667959408,0.03162569037435464,0.2,0.00793740160757904,4.469436619903006e-06,489
34,0.8215065881672785,0.8163423639137822,1694948411.176646,5,15,2.6959635696672812,0.4111209049505685,0.2,5.678534137669452e-05,0.0003406532287932243,217
35,0.8345860979298352,0.825307567315359,1694948606.9041965,9,16,3.74481179453237,0.2548021080727703,0.1,0.002365567174569485,1.3696132125692922e-06,468
36,0.8303570498723687,0.8234232336811205,1694948823.48901,8,8,2.5597281912504424,0.24687710576829358,0.1,0.0007150744552030566,1.0109262548826198e-06,169
37,0.8049038099149153,0.7930428069450821,1694949432.4431565,8,9,1.7311075839789403,0.2182016188447346,0.0,4.213035723199199e-05,1.6631192199103842e-06,422
38,0.8217849594503955,0.8196607134591228,1694949680.7349164,8,10,3.3903362678299542,0.07753939448476699,0.5,0.0002415848427459096,4.844352351812459e-05,204
39,0.8188472839378643,0.8018856748080156,1694949988.5694094,6,10,2.0797703505256773,0.2849861690995659,0.0,0.00014363617903700857,1.0558967717041686e-05,346
40,0.8209965691935593,0.8149645251774486,1694950175.215151,10,14,3.9741129430693416,0.20796623027801414,0.1,0.005829881990682334,0.0002776276659354978,474
41,0.8412388619821668,0.8267017826527927,1694950380.5609612,6,12,1.9705506249454867,0.2256378283955091,0.4,0.001495021103447431,8.162239355142613e-05,216
42,0.8152098804073059,0.788461922353427,1694951375.581936,6,12,3.246165291822665,0.09171212104979115,0.0,2.0658009611445633e-05,2.437056301784214e-06,272
43,0.8059011897346579,0.7931183566299668,1694952455.319727,7,16,1.624414091087952,0.19037662396014232,0.0,1.511933295564765e-05,0.00032607910288371924,379
44,0.825382113139209,0.8173864770131041,1694953618.0117068,5,15,2.1891536378349037,0.0726473881880953,0.5,2.2750737190480973e-05,2.6485780443318827e-06,447
45,0.834068197868222,0.8242248489014063,1694953834.0640128,9,8,2.8642900875102146,0.21649496266932206,0.5,0.0007145452506242853,9.60354209855275e-05,277
46,0.8310207500600229,0.8245996479853475,1694954018.7489405,5,11,1.889036518903811,0.27477129935291783,0.2,0.0046581722141528,2.7709713000364473e-06,95
47,0.8198269313098452,0.813132767418021,1694954254.3375638,7,9,3.1632531867429137,0.10778546341480666,0.1,0.0006867145104546876,0.0002324184543089256,370
48,0.8287429749249116,0.8233116399509715,1694955288.37932,8,11,3.9675408332594033,0.31141610051909796,0.5,2.806186448084421e-05,0.00024277737851255508,394
49,0.8044882232622131,0.8011304108018384,1694956375.0749164,5,16,3.9823951750681115,0.10838046143306945,0.1,1.3929665153154012e-05,2.9461670566348327e-05,423
50,0.8074924658207068,0.8086665190340656,1694956745.6498735,8,9,3.833631336926154,0.17025506084473951,0.2,0.00013637396596082616,3.456478296826798e-05,328
51,0.8507136184354408,0.8372444175271421,1694957137.7683175,8,15,3.8505180334099025,0.4027642864696654,0.5,0.00010823389084909285,9.052515725495001e-06,459
52,0.8287501523442437,0.8257147160075392,1694957354.2544036,10,11,1.7233246316817028,0.12745098777311958,0.4,0.0011121279034359227,0.00019880579747823894,273
53,0.8321722332948379,0.8204506089317021,1694957778.9143033,9,15,1.5716252654124423,0.011638044937942738,0.5,6.809864944307663e-05,0.0008380765534591148,404
54,0.822018577412971,0.8189892883368702,1694957984.1283972,7,8,3.340440909290608,0.1784745725615428,0.30000000000000004,0.009500410167126352,5.9397698957540874e-05,299
55,0.8301646668875248,0.8204543344144166,1694958189.7140567,6,13,3.9823794446414325,0.28202977530112056,0.5,0.003992768748434586,0.0008998091590414472,194
56,0.8380473028524753,0.8316490995151253,1694958394.7952673,6,10,1.0738499646065627,0.10954347960529198,0.30000000000000004,0.0011533991722339366,8.75125934499109e-05,448
57,0.8333968980600984,0.8244247210490487,1694958591.2923646,9,15,1.0417968038027445,0.05768880137093474,0.1,0.0043760827005766036,7.593646881714916e-06,161
58,0.8318203990138507,0.8256592684064692,1694958806.5871897,5,12,1.3917973136070074,0.3231949328387005,0.1,0.0007772218637398494,0.0002745444865843402,324
59,0.8216658987297095,0.8218743487196494,1694958991.353654,5,9,1.9019467216242214,0.4159245599150021,0.1,0.009151327585551311,3.3872625997692895e-05,433
60,0.8357893711708115,0.8245411268610378,1694959197.5793738,7,16,2.7025166620960324,0.14714199764860897,0.5,0.001306330010386662,0.00013841217523969984,172
61,0.8244887355329262,0.8144071308719546,1694959454.467894,6,11,2.724398799159485,0.06357701585778047,0.4,0.00019878371411026271,0.00017963301704011238,367
62,0.8294025938349064,0.8144000058862626,1694959805.8707392,10,11,1.3011908489832018,0.43608713673814364,0.0,0.00021545214711890916,2.4697997748170922e-05,172
63,0.8300409619543297,0.8205122656706298,1694960261.0464098,10,16,2.9725137278419647,0.3298999453995515,0.30000000000000004,5.817446704475226e-05,4.53889320956412e-06,379
64,0.810167110024772,0.8075350899336184,1694960947.4300075,5,12,3.671197232025862,0.39953963414037097,0.0,4.3367680139344354e-05,1.0610104309360374e-05,82
65,0.8268733275557454,0.8227369531965434,1694961244.9298792,8,8,1.0434689815507254,0.028333345969179746,0.30000000000000004,0.00024743642455504815,8.253324520498202e-06,357
66,0.8163482754068683,0.7990629852150182,1694961787.9774387,5,9,3.794143796687462,0.1787299423036347,0.1,4.524415998972635e-05,0.0006344873052322882,271
67,0.8377469771102247,0.8300412277440051,1694962035.4878378,8,9,1.685307368794543,0.30271072788988074,0.4,0.0003894676234463971,1.0239979054007065e-06,281
68,0.8262462181333137,0.8172782983087767,1694962251.6056108,7,14,3.4448332892674687,0.23090284558112129,0.2,0.0008739455726745839,0.000635772895583901,211
69,0.8301190691647089,0.8183537054629019,1694962571.8978336,8,15,3.4379984760465243,0.13299025351902105,0.30000000000000004,0.00011798501125536737,0.00019872404655545207,368
70,0.8406449657158603,0.8287579076087116,1694962768.5445013,10,15,1.6843396062636864,0.29274540263298393,0.0,0.0031294023365056297,8.868924472429216e-06,434
71,0.8403685647047168,0.8326881366442485,1694963037.7679937,9,11,2.9862665179377603,0.4984992083029681,0.30000000000000004,0.00024732413748809984,0.0001608726336495619,395
72,0.8436572300959607,0.8271107164721069,1694963762.13669,10,11,2.990166154160037,0.45893894083940834,0.30000000000000004,5.3288925775481105e-05,1.0394707418850444e-06,381
73,0.8291339331779447,0.8237110893122079,1694965667.3053856,10,13,3.2651962342894554,0.44743277778811336,0.1,1.1247393202355996e-05,4.4646954867119165e-06,302
74,0.8328569028056392,0.8197604322131189,1694966449.1660092,7,10,3.893438458612259,0.47471634530922713,0.0,3.752569312774155e-05,0.00015232489606782198,130
75,0.835726041000234,0.8307033857280047,1694966635.7063522,10,16,2.099157347815235,0.10567637723090001,0.30000000000000004,0.006670103478191534,0.00013069936486968708,143
76,0.8361682263245787,0.8216827968167364,1694968699.7164242,10,9,1.407050575715458,0.29719855178575266,0.30000000000000004,1.6572892180119923e-05,2.1263816319916215e-06,158
77,0.8325935900297483,0.8189342598526056,1694968967.5462039,7,12,3.245238966576196,0.4440516756135007,0.1,0.000281469304740064,2.5277301430535262e-05,74
78,0.8351588841392825,0.8168887525224233,1694969183.4953692,6,8,2.599636639647368,0.18634426998870923,0.4,0.002125017983102242,4.405013740691291e-05,436
79,0.8305785647356781,0.8266592190127775,1694969378.7406156,7,8,2.0450056514989834,0.3292623097932328,0.1,0.005326546979840546,1.5278408989877025e-05,411
80,0.8395148740053293,0.833772127931462,1694969584.5771458,6,10,1.4387849354679152,0.34289362017267894,0.4,0.0023355865195283493,0.0009939076985066358,285
81,0.8189038588902472,0.8133729834388944,1694969831.4370646,9,11,1.7354976003020386,0.3298205412873986,0.1,0.001118734221628872,0.0005826713722435993,368
82,0.8383307405492386,0.8255874907728329,1694970087.7810163,5,10,3.7190520894459937,0.36327395064064094,0.5,0.0010910254027844844,2.5931566582697442e-05,159
83,0.802666706822686,0.7998766151170589,1694970545.0630608,7,9,3.7845633080713776,0.06064356307508345,0.1,6.537946420201457e-05,1.016264176564388e-05,149
84,0.8127264933183854,0.8056037996943304,1694970789.7360406,6,8,3.7010323017268223,0.0743898199063685,0.1,0.0007360402108278934,1.5698695052651757e-05,406
85,0.8180169550347345,0.8109268780569721,1694971081.3401194,8,8,1.6012324176213428,0.11369482677962522,0.1,0.0003098732812830645,7.664580794713528e-06,335
86,0.8260477835988368,0.8172262812563731,1694973433.029396,9,10,2.6857791840898986,0.4497255673602124,0.0,1.232841747041112e-05,1.7994940862788562e-05,187
87,0.8360704163944641,0.8295772033490476,1694973643.3682823,6,10,2.9258550320895003,0.029521215564867087,0.30000000000000004,0.007041116533045837,2.1308872730553725e-05,121
88,0.8083465787212316,0.8031906803572776,1694974055.9915574,10,12,1.7700692171973975,0.10170876990661704,0.1,0.00011261390313181,1.762520788204611e-06,340
89,0.8101201049648321,0.8074015158554526,1694975315.523537,9,15,3.2031458122023535,0.031120649731812278,0.30000000000000004,1.2974963899919956e-05,0.00046216243097807724,282
90,0.8275688335624009,0.8185154535040974,1694975887.8280144,9,10,3.0659702964975777,0.45935089809905577,0.2,8.715594628859395e-05,6.022980388555003e-05,68
91,0.8303426950337043,0.8232851269323187,1694976126.4353063,8,11,3.9833848634285145,0.020059924103970006,0.0,0.000936437206349722,2.7821620429995653e-06,372
92,0.8161967051986189,0.8086665500797547,1694976377.080649,7,11,2.419495227151239,0.036291295752226616,0.1,0.0003583359415356242,0.00017610346684102644,175
93,0.8372924072191892,0.8241001073218434,1694976674.5831199,7,15,3.89781852037516,0.31952763869937634,0.30000000000000004,0.000337031135699215,1.8602887304775996e-05,382
94,0.8285541102828776,0.8184138875315885,1694978157.0537548,5,16,3.5125726324467417,0.20825397898409576,0.5,1.7729704509407246e-05,0.0002642892337758144,373
95,0.8334730349985041,0.8218272058404642,1694978382.1076891,6,14,2.0247390249954087,0.18295782991984189,0.0,0.0037557983413911878,0.00016401837744538117,129
96,0.8470145735388533,0.8313952699594988,1694978619.650472,8,12,2.381236190462903,0.11729617655768293,0.30000000000000004,0.0005295894407512052,7.702199769269602e-05,121
97,0.8539583749084175,0.8449337828045441,1694979142.451192,7,13,2.7788213964115727,0.45483214403455396,0.5,0.00011937495994620618,1.5926516689018097e-06,313
98,0.832578531522522,0.822278501502813,1694979368.1034043,7,14,2.2860699260198687,0.2695118491515306,0.2,0.004281584253407271,0.00019808291298559577,470
99,0.8311821716281399,0.821110485057539,1694979592.9293528,6,14,1.225065516103773,0.1323957424260211,0.30000000000000004,0.00805433324172981,0.0004140471944007638,416
100,0.8419487228274867,0.8251958804481421,1694979828.470594,9,8,2.409673145932326,0.12555187576465665,0.5,0.0016126151492995907,3.831693046994872e-05,325
101,0.8271621131335798,0.8149564377753888,1694980376.3270082,7,15,2.9800830227009825,0.28727461374664737,0.0,5.567148328985342e-05,1.2871391417166556e-05,220
102,0.839460972993482,0.8373411093264324,1694980668.9445508,5,16,2.226313993706408,0.3051067667243364,0.5,0.00026410466195675507,8.83275222786399e-06,498
103,0.8413345609065952,0.8333003265913376,1694980895.609375,10,15,3.6362034874927267,0.24424511590255332,0.5,0.005254187073735705,1.94559964420629e-05,154
104,0.8202957153058328,0.8091108759848585,1694982492.186515,6,12,3.867695651552534,0.09051389884904887,0.5,1.6530725740742024e-05,0.0007047641221899752,147
105,0.8450388129505414,0.8311484256839621,1694982729.2947922,7,8,2.2303376514268973,0.3674744013280245,0.2,0.002045063562085975,2.2377071106170064e-05,390
106,0.8288134825148215,0.8190543290559306,1694982955.4871488,8,12,3.758620379321988,0.05948332435860709,0.4,0.0007488292078777858,1.2612891299599758e-06,105
107,0.8346895372084454,0.8330614144894143,1694983181.5477517,9,9,2.2451943482669297,0.46019620482362134,0.2,0.009554716225978073,2.7678876885929913e-06,333
108,0.8191905334623955,0.8094537756230551,1694984499.3062232,6,11,2.8311396348191504,0.13942287320359253,0.30000000000000004,2.2571294520569714e-05,5.428172427334543e-05,347
109,0.8097420942133394,0.805058637390416,1694986681.672787,7,8,2.5320492681663245,0.024390513154991356,0.1,1.136026321463238e-05,5.618217657989471e-05,327
110,0.8433591560931084,0.8251817546595155,1694986951.161807,6,11,3.974504822632469,0.4040686744982023,0.2,0.0004269719568164059,1.3604067130969848e-05,302
111,0.815537789957186,0.8080379835315656,1694987209.5091035,9,16,1.5149597317796424,0.18795431776856775,0.4,0.00329226777211379,7.36496064013922e-05,292
112,0.8158074357501346,0.8098989397617697,1694988660.3902287,5,10,2.5727000761259857,0.25565045846719436,0.2,1.5297062654967565e-05,0.00021602321281935613,121
113,0.8395848186603896,0.8329493861196151,1694988871.0595179,6,15,1.32674485833029,0.20613169219441613,0.4,0.008159027770458167,0.0001267933087187179,70
114,0.8414026760233944,0.8354440469595854,1694989092.3498027,5,15,1.882839794192715,0.46272315026801947,0.5,0.003309037394811158,5.480013834793839e-06,301
115,0.7781112072165997,0.7850089586993296,1694989896.0040567,10,10,3.974120192355713,0.012754652192416893,0.1,2.51114908654455e-05,2.4896626328105767e-06,321
116,0.8345600621930422,0.8272975649530926,1694990193.1778767,9,10,1.4515506242356504,0.3744879991052114,0.0,0.0002900316826397595,1.7016943478803924e-06,104
117,0.8299756615117784,0.8178195333329958,1694991574.2419193,5,15,3.687965114554981,0.47960470559811325,0.0,1.1469007993851025e-05,0.0007137474617771633,130
118,0.8116883007220483,0.7981725482776768,1694992397.3287435,8,8,2.803536344025953,0.1351758634899451,0.0,3.6129700803588066e-05,0.00013935420366109402,395
119,0.8436496304754914,0.830275389855467,1694992593.5609777,7,9,2.836037076336395,0.44625574286850433,0.4,0.006099258603035889,0.0009200376474146872,125
120,0.843195201318168,0.8308253952869105,1694992799.705612,7,16,2.654361483880097,0.123380613710736,0.30000000000000004,0.0007342882116471731,0.0003199908224705246,474
121,0.8401538050596021,0.8227716001857898,1694993387.751695,8,12,1.6591800763162505,0.14443947740077145,0.5,5.181712240965422e-05,5.504463595800661e-05,346
122,0.837224995770952,0.8297879725336303,1694993583.9447396,9,12,1.1477766148299917,0.04256282997062155,0.4,0.0030893003548012558,1.8035312597800085e-06,266
123,0.8321167842121544,0.8237090868652488,1694993779.243948,5,11,2.333002714452421,0.1766952660377401,0.2,0.0025073976988940682,1.1532570846670804e-06,443
124,0.8289229733430644,0.8099203457645343,1694994026.7030525,8,9,2.4930706127179607,0.30648910391569445,0.30000000000000004,0.0005828688770806469,4.050559100014426e-05,209
125,0.7876114364718171,0.7806686937225087,1694995456.273085,8,13,2.9228433519775368,0.09033038372976115,0.1,1.681195621623182e-05,1.3128281760220673e-05,343
126,0.8358072443522857,0.832613192350305,1694995652.8411102,10,14,2.2526209463600573,0.41806195007877345,0.0,0.0015067681215384786,0.00018932969589064956,165
127,0.8384521937430355,0.831827736411294,1694995838.4226527,8,16,1.0165599750715086,0.02301229384861797,0.4,0.008109653299039942,0.0003744151461182719,222
128,0.8346930555512554,0.8250283113402048,1694996035.0666916,8,12,3.403079322515637,0.2216118989441188,0.30000000000000004,0.002551196809483958,0.00034882820143315263,281
129,0.8385781504156289,0.8258910555227005,1694996230.7737644,5,13,3.8109311726259145,0.3301617395241395,0.0,0.0017073323414694165,0.0004704146989348923,147
130,0.8169577931152504,0.8012219800623963,1694996573.8127759,8,11,3.544623261050569,0.018184040763505105,0.30000000000000004,7.368774832884196e-05,0.0009979867845399584,71
131,0.8205259556593107,0.8108650350439084,1694996768.6972654,6,12,1.3671648175794862,0.21455255600873213,0.0,0.0016902730609089061,0.0006059312532987486,104
132,0.8486670687897941,0.834275999468622,1694996965.6460688,10,14,1.9648189665372384,0.37113445111712234,0.5,0.004807531856622277,2.0434175008957837e-05,312
133,0.829898539437386,0.8168860981159892,1694997192.5635977,7,9,2.2582163199185628,0.211812472069708,0.1,0.0004117105654346914,0.00018177506847760294,172
134,0.8407544565441035,0.8361496223400557,1694997378.4144979,7,15,3.3386512015215573,0.3784759440936759,0.1,0.004997395020753558,8.366304204085273e-06,229
135,0.8340710125424698,0.8215794612399381,1694997575.8803213,10,15,2.7927133125992896,0.3855086088191836,0.0,0.008986225301659727,5.569897358585455e-06,96
136,0.8345959492897029,0.8278557198779742,1694997772.3447416,9,14,1.3971092700862644,0.2362509331056542,0.1,0.0037913082407610445,7.193399217548186e-05,227
137,0.8278373534856504,0.8273814038370175,1694997968.4630916,8,14,1.019857271295062,0.4428660034362862,0.5,0.00689024374367451,1.3209408453356537e-06,203
138,0.8462484192085756,0.8276889113894246,1694998184.0764139,5,15,1.4004435081465183,0.11404246566927029,0.5,0.0009293350034854417,1.8053527000769812e-06,456
139,0.845997350265663,0.8302354340533521,1694998402.1271973,6,10,2.0994101673382906,0.033187358294267166,0.5,0.000486695470668687,9.277792942420925e-05,150
140,0.8027040012564707,0.7878758263081853,1694998731.5173798,5,9,1.8751179728691945,0.14974490384373768,0.1,0.0004305784765333605,1.5004490145111588e-06,407
141,0.823395656788755,0.8155735329413856,1694998937.8530633,6,12,3.3951567774241154,0.09996634948598843,0.1,0.0010010549181243091,1.001914474744706e-05,74
142,0.8388131757153283,0.8221266725593455,1694999186.4179938,9,11,1.347195341575571,0.07107589819227811,0.4,0.0005390654922249675,6.532847527411898e-05,234
143,0.8224486596380497,0.8153426151044543,1694999395.4490504,10,16,3.7228187053065396,0.09310106689854925,0.1,0.0005511956993960993,0.00024355522703987373,292
144,0.8050885932792897,0.795485838803765,1694999756.7938733,6,13,2.8215945299712697,0.17454650105640557,0.0,0.00011080475314411204,3.3017630179642452e-06,185
145,0.8349907073529705,0.830010927151259,1694999962.938756,7,10,1.6845127260715111,0.26997326773707797,0.1,0.0016974833147567472,0.0005088801728192622,344
146,0.8192227614825339,0.8131200231625678,1695000399.5036728,9,13,2.3230153496017154,0.22412398669190003,0.2,7.304939435935302e-05,3.5450035772657597e-06,331
147,0.8143288873677139,0.8029992215914326,1695000771.8382013,7,9,2.9225268029762406,0.22661274196125974,0.30000000000000004,0.00016365591593970718,0.0006901548650945887,481
148,0.8049734731025507,0.8036932634983319,1695002049.0108593,5,9,2.4646409799545586,0.3219449779594271,0.1,2.2347007891730334e-05,5.117481034152047e-06,159
149,0.840674097594326,0.8304525986499286,1695002256.2865586,8,9,1.2801609831047376,0.4457435565329648,0.1,0.0016714459994779745,6.074621120735105e-06,433
150,0.8380429401073911,0.8209295352575182,1695002452.3218524,8,8,3.2235324594594927,0.21971280870926618,0.0,0.006722315483222483,8.782285080640704e-05,356
151,0.8197285584448812,0.8068987774859517,1695003865.0359943,6,13,1.006652722491629,0.2810171261502571,0.2,1.538754218808581e-05,1.727848406273767e-05,367
152,0.8312464869347043,0.8195018681898757,1695004075.4862983,7,13,1.6577205221995088,0.07298174922020834,0.4,0.0014192741475354542,2.097121001631754e-06,128
153,0.8201803136616689,0.8244136066922834,1695004362.968502,10,13,1.259933602019613,0.05212392871324112,0.2,0.00017926333660480258,4.416664259373634e-05,297
154,0.8036998330053768,0.8125824670525295,1695004856.0283544,7,15,1.931292383230577,0.27734828379300835,0.0,5.7289570236939035e-05,0.00035636489407432897,506
155,0.8215058844987163,0.7989238073899358,1695005149.321862,8,15,1.9081772961669943,0.3221424209458056,0.0,0.00013120585522283273,7.85530149648691e-05,461
156,0.8411858053725938,0.8308872382999741,1695005348.8939517,10,15,1.972195348846261,0.2573684153050949,0.2,0.0014008251602866861,0.0006581837907342239,169
157,0.8272732927663716,0.8202746730105015,1695005558.8171225,8,12,3.2741816172893743,0.011708446875091483,0.30000000000000004,0.0020180549959580595,5.612237746543796e-06,351
158,0.8136098788310884,0.8036998917529952,1695006072.6989324,9,10,1.8758539659468862,0.045311476344908064,0.2,6.140833425178317e-05,5.149717219645874e-06,142
159,0.8368423408069502,0.8335313220424924,1695006375.8504157,7,14,1.2921034777894949,0.46350828288948726,0.5,0.0003813387900745922,1.821332135759044e-06,511
160,0.8341729037502438,0.8325343207766662,1695006576.960931,10,10,2.3886945153671744,0.1498594227159264,0.1,0.0016721760479291269,5.2871222174361705e-06,456
161,0.8274852377372383,0.8267497792884334,1695007693.4693353,9,14,1.4586533192673938,0.21531575669338449,0.30000000000000004,2.199849565801227e-05,5.437308991006759e-06,284
162,0.8352540201288614,0.8311637933001601,1695007993.476456,10,16,3.121967950090347,0.3340081830348545,0.5,0.00030943297274424773,2.428764881944692e-06,341
163,0.8220350432573211,0.8131551513599982,1695008429.039557,10,12,1.55448804520953,0.22946289866550434,0.2,6.590577066050189e-05,0.000518226225526626,486
164,0.8287881504465902,0.8216602266006233,1695008646.7267156,6,10,2.4282175496917224,0.18104750888144377,0.0,0.0013617560207779926,1.0467415857409323e-05,101
165,0.8477005096530662,0.8406238494661585,1695009016.5024087,8,10,3.5378241465827944,0.43528393571333834,0.5,0.00022909317262198136,0.00014860523432090684,153
166,0.8111038336144725,0.8058775140139466,1695009395.5231354,5,14,1.1989818544173434,0.33223476156071835,0.0,0.00035141114605570896,0.000758266208253241,392
167,0.8252275875229994,0.8264744350701296,1695011384.7483985,6,8,3.248106535059841,0.48560504405569516,0.4,2.2180688851410413e-05,4.341919846679976e-06,351
168,0.831003299079686,0.8272127170842658,1695011653.6686301,10,15,2.1455051118624953,0.25810677423548045,0.30000000000000004,0.0002034728276929968,0.0007375735836277798,507
169,0.8389423692633069,0.8229806773803064,1695011848.6279776,7,16,2.4022790942310004,0.28813421128739214,0.0,0.0012125714836877118,3.3815826842310526e-06,252
170,0.8365598882461736,0.816326872114827,1695012669.282459,5,13,2.3375342500329848,0.21270670100057082,0.4,3.2421253898065157e-05,0.0004986113820554228,373
171,0.8349317399274772,0.824830907324861,1695012874.490143,5,10,1.2631622660092394,0.3083257224288181,0.2,0.0011688585556252223,1.7764945167091718e-06,163
172,0.8349417320210571,0.8239988518062273,1695013974.80861,6,8,1.339234964941733,0.3320425178902139,0.1,2.6522215070186393e-05,0.00011730567409271129,169
173,0.8509942414579563,0.8379028034598931,1695014359.287225,10,16,1.2883614779561967,0.4116026573130208,0.5,0.00018786216837844694,8.230658065770884e-05,419
174,0.8350944280990056,0.8269996970872096,1695014546.3492975,10,16,3.885375564458176,0.051996480274627,0.0,0.008573582868485032,0.0007706386677445893,336
175,0.8106335015476486,0.8034133400408581,1695014805.2040172,9,8,2.3549649256484284,0.19804189629615826,0.1,0.0005235209660649223,0.0006563242542725531,337
176,0.8187223124012577,0.8204604193695173,1695015102.7842078,5,8,1.3552460964039525,0.22664971004310164,0.30000000000000004,0.0004888414705570063,4.545660049436954e-06,100
177,0.8402897538257755,0.8340367924326505,1695015298.8880138,7,13,2.256590772448302,0.348985362330371,0.2,0.002406546337418185,0.00019981638917007422,336
178,0.8090882453855527,0.7945256887711251,1695016739.173937,9,11,3.843152661126057,0.24160476789622898,0.0,1.152467062907198e-05,1.6073386833700002e-06,186
179,0.8253367968838177,0.8256389334799848,1695016955.9510102,7,9,1.721209469384977,0.3572498245787575,0.30000000000000004,0.0019925615667039155,2.8233177062233987e-05,160
180,0.8460035425490084,0.8397349492904366,1695017184.4146702,10,9,1.8581072765517732,0.46438642185912715,0.5,0.0008015337267637118,0.000283450146339301,141
181,0.8416140580594116,0.8340674034822895,1695017727.8695798,5,11,1.4325126495619065,0.380056318818392,0.5,0.00010077418124458323,4.058060153514839e-05,221
182,0.8288219265375651,0.8253037021270425,1695017924.3273454,8,16,3.840886410683828,0.08290756936420396,0.4,0.00562495433854143,6.1194644315057226e-06,312
183,0.8341408164638178,0.8235485651287802,1695018119.4049451,8,8,2.823591202810134,0.009706015832634918,0.0,0.00490356805114663,0.00010484518619428725,246
184,0.8316163351308783,0.8219241615281135,1695018482.1846514,10,12,1.865825796347121,0.41282974912761206,0.1,0.00010983323861886038,0.0002513783804625386,329
185,0.8356931093115335,0.8250073399770901,1695018698.283445,6,13,3.123013669139337,0.34482054152021163,0.1,0.0004067132133530424,2.129989471640029e-05,219
186,0.8258572301522542,0.8126944488537947,1695018923.7078352,5,9,2.6535515447777627,0.12101793152636992,0.30000000000000004,0.0008390618165844883,0.00015578024884169627,381
187,0.8001609430734946,0.7851417411124185,1695020682.458633,8,15,2.964650582749557,0.21615079470182452,0.1,1.3642630697009398e-05,2.21313235591362e-05,309
188,0.8246539569112779,0.8183796441363028,1695021665.585762,8,15,3.2030208901091797,0.2095638216365696,0.2,1.8332921258376e-05,0.00028656754526900583,295
189,0.8271298851134412,0.820611549784976,1695021872.2601125,9,8,3.4404017023186415,0.08680335483328933,0.30000000000000004,0.0007898855833336894,0.0003568988023163767,442
190,0.8479574894118991,0.8330811440249575,1695022069.0050588,8,11,3.259498112749295,0.27919790414663087,0.5,0.009133604870865187,0.00016066119401761254,467
191,0.835905335749825,0.8299310931612525,1695022759.8314712,6,12,3.136194347164535,0.3600979579419633,0.5,5.656629556309369e-05,2.4489859967196182e-06,417
192,0.8413258354164269,0.8281783156353759,1695022955.6217287,6,11,3.207203897087795,0.17209510581622606,0.30000000000000004,0.004240772002852848,5.632229976942925e-05,432
193,0.774952720509321,0.7820141518049141,1695023543.395811,6,8,3.717622526661071,0.16527172621458514,0.0,6.824647363926866e-05,4.004818427708293e-06,376
194,0.8310728215336092,0.8231600283273286,1695024538.024666,5,8,2.7944072448634665,0.37768304461871954,0.5,8.77161959542765e-05,8.56214925425614e-06,221
195,0.8244496115608805,0.8163401441469981,1695024911.0355053,10,10,3.6961551241332593,0.4237414283960352,0.1,0.00010524021039179513,3.914740496137386e-05,351
196,0.8393853989899259,0.8248380478333974,1695025270.7711232,7,8,2.580749853006417,0.43848383239933125,0.30000000000000004,0.0002598869759551253,1.678554664486163e-05,342
197,0.827120174487286,0.8217933505162945,1695027317.8818386,5,8,3.1542447774527624,0.3760511165262118,0.5,1.1743330296864879e-05,1.6776238846124604e-05,91
198,0.8395013635689395,0.8359680671490939,1695027586.9456823,9,10,2.597016428257159,0.34103083158447994,0.4,0.0002713956930972905,1.5420308056446264e-06,326
199,0.8362675843255294,0.825062104572996,1695027812.4760034,6,8,3.25483430095512,0.34299200952952286,0.4,0.0011449034994983308,0.0009109558513477685,410
200,0.8274984667062033,0.8178213650286641,1695028008.1840444,8,10,2.9197156939839592,0.08031324871130019,0.0,0.0016766290143545685,1.053309678116499e-06,201
201,0.8235784698811561,0.8076278389303693,1695028255.0306165,6,9,3.347181367002661,0.42734499381016683,0.30000000000000004,0.0011007451241144752,0.00018014631547252552,429
202,0.7931091989465237,0.7967196876331764,1695029508.8287518,10,10,1.0742217778606324,0.09125373572318296,0.0,1.7728794413760303e-05,0.0004003457541698959,295
203,0.8104732058492309,0.7981094944827309,1695029849.5346086,9,9,2.2730837658153873,0.018889103102266713,0.2,0.00012093237608945305,8.881155108178374e-05,448
204,0.8285469328635455,0.8148206284075943,1695030055.3295274,7,16,3.2951190355765028,0.11234702988895351,0.1,0.001628268082711802,2.544257065130979e-05,218
205,0.8300215407020193,0.8212160404011216,1695030260.8792946,6,12,2.9124139141577614,0.10920426341286427,0.30000000000000004,0.000630697536872917,0.0005219383917498254,194
206,0.8052991309130325,0.7939505052856684,1695030742.5838757,5,12,3.5424783462079636,0.1405110432366285,0.1,3.8773240947840255e-05,0.0004027163734075649,491
207,0.8377937007027397,0.8324828470238252,1695030937.9826677,5,12,2.1986936063504317,0.07650498429207697,0.30000000000000004,0.002724712237334033,1.159205125188363e-06,166
208,0.8422017620423727,0.8258470637809782,1695031124.0418677,8,9,3.5131671043505466,0.10421606840388459,0.4,0.006897657803278077,2.9192610159844796e-06,292
209,0.8352161627602273,0.8267170260862335,1695031329.6298597,8,8,1.345544830630184,0.39122249588537394,0.0,0.0008834896609294053,6.240746138445727e-06,115
210,0.842681945469064,0.8315417124758748,1695031525.706162,8,11,3.728517030015049,0.02509497228269275,0.0,0.0026323208525313533,2.2811403515212193e-05,95
211,0.8315085331071836,0.8318047470783756,1695031721.679824,9,10,1.2656406625054153,0.1527037975056375,0.2,0.002524986923432174,6.352271663526025e-05,231
212,0.8307215501874714,0.8220704332931985,1695032041.6382127,10,8,1.5130771731141033,0.1727225231219025,0.4,0.0001765736373375621,2.7389153052902296e-06,369
213,0.8466703388783354,0.8346974136550303,1695032238.0468223,8,12,3.1811084645952334,0.3315570517946739,0.4,0.006712792299477216,1.1138549779999625e-05,84
214,0.8352900479592344,0.8249311849012642,1695032423.917636,7,13,3.5059413610037327,0.34339909062497476,0.2,0.005684817614964816,0.000658306948149664,508
215,0.8052712656379784,0.797541606734257,1695032640.887234,7,15,2.9574737271734675,0.0881430224345291,0.0,0.0006675233265697641,2.919455040329748e-06,289
216,0.8256492257253345,0.8147854536416299,1695032951.4777613,10,16,3.4608549720728474,0.3093557310058463,0.2,0.0001037182425286974,4.121682242010221e-06,225
217,0.8398463018980193,0.8370010193231164,1695033147.8564951,9,12,1.7275683701573383,0.48818818113203266,0.5,0.0035231124116839887,0.0002586814526189089,303
218,0.8287304496245085,0.8208513777347333,1695033460.697063,10,13,3.4472137506106773,0.08097928547074251,0.4,0.0001212603076195918,7.540001158561388e-06,182
219,0.8453893806281171,0.8302718040783541,1695033655.7565672,5,13,1.1716949308887963,0.4963591538167067,0.4,0.0025937079129219735,0.0007090187257679395,489
220,0.817867495832171,0.8047975120978066,1695033902.0313325,6,12,3.7818276615086663,0.12489146936738715,0.0,0.00023848413916480545,6.648699659036429e-06,128
221,0.8329516165940808,0.8318442371951511,1695034865.6700006,10,9,3.441946196114272,0.41807223699234125,0.4,3.895649151946654e-05,0.00012170209057829455,368
222,0.8302261675198414,0.8247567391731496,1695035051.172431,8,12,2.796345855461728,0.12874623228102428,0.2,0.008510855425509946,0.0009483695339259566,346
223,0.8261474230672123,0.8209767557509268,1695036332.9206564,5,12,1.3997075833413217,0.4126811090764818,0.1,2.1859666580604765e-05,0.0004012231589669307,194
224,0.8331444217800619,0.8289371809415108,1695037004.310561,7,15,3.2279033406252644,0.2773193957304593,0.4,4.026287578682478e-05,0.000331276552651018,151
225,0.8382851428264226,0.8339118180104178,1695037231.1196587,9,16,1.0578368330955132,0.43458607025126256,0.4,0.0006745944957793386,0.00027557977526260685,193
226,0.8159580208223971,0.8153725121032396,1695037428.0119016,10,12,3.4984527497631617,0.010589780456812914,0.0,0.0072646372242520995,0.00011970273548148953,207
227,0.8427255729199065,0.8399244987463906,1695037927.3410146,8,12,2.580580197404955,0.4186403878893815,0.4,8.667523365623313e-05,6.045827762837876e-06,328
228,0.8203503199862419,0.8026632296191027,1695038185.921221,8,9,3.9037048793144793,0.1426834996273072,0.1,0.0003066376830880365,9.161702508130172e-06,150
229,0.8312932105272195,0.8248174179728649,1695038382.969278,9,14,2.649543035844815,0.470723910593619,0.1,0.004720837295385236,1.799617026557444e-05,342
230,0.8377694945042078,0.8374459506191612,1695038569.2935581,9,14,2.0538698536474893,0.264707005521899,0.30000000000000004,0.008506371867565284,6.317640371727932e-06,143
231,0.8084327077532172,0.8044950960384427,1695038828.0776896,10,10,3.2219952509253105,0.07096654913465833,0.30000000000000004,0.00020021826549435244,0.00037887384296689014,69
232,0.8372105001985752,0.8254654967367722,1695039054.6617694,7,9,1.9340885800623921,0.15383938155895027,0.4,0.0005723085026376585,0.00010247761798786825,118
233,0.8221752140348665,0.8113993934479502,1695039323.6271787,9,10,3.868549504681043,0.02907344230906972,0.30000000000000004,0.00017742486485735907,5.261734688151066e-06,112
234,0.8268520767651737,0.818275594508651,1695039518.30298,6,8,1.7087557304402279,0.4653073789950244,0.4,0.009196148318106856,0.000897235359514657,156
235,0.8459789141493393,0.8361364589677972,1695041600.194708,6,11,2.9891321026437865,0.44020111998541817,0.5,1.678967234233108e-05,9.227675404819707e-06,136
236,0.8079285995954189,0.801932165727726,1695041958.0212972,6,12,3.8904834291379102,0.22590532688854587,0.0,0.00018038492915390715,1.7345148982296227e-05,201
237,0.8269318727801016,0.8176580026116254,1695042198.8297658,7,10,3.9699603017296345,0.17504412389019075,0.30000000000000004,0.00032321003226822747,1.2006642353655128e-05,77
238,0.8325688208963669,0.8255457187978948,1695042535.1118376,6,9,1.9173403939602185,0.3999006142516645,0.5,0.0002471917927083065,6.447598455138527e-05,268
239,0.8168708196809904,0.8137657114083998,1695042766.3880944,8,8,2.212779142914817,0.3934732196743634,0.0,0.003974260717282751,3.2407494015894446e-05,262
240,0.8446688240206551,0.8347623457141783,1695043018.9301436,8,16,2.678147636690026,0.44465109663022523,0.30000000000000004,0.0005178473425907032,0.00043448249577987097,95
241,0.8434191086545886,0.8259976508968743,1695043220.3375654,9,13,3.65876064441054,0.1480758467190793,0.1,0.001412488843664957,8.931896237429013e-06,304
242,0.828686822173666,0.8190128985835747,1695043442.2279723,6,11,1.7426982237312343,0.3645898076002762,0.2,0.0011480149890119229,4.681934759405936e-06,230
243,0.8437947269329705,0.8365848052896638,1695044084.5063283,10,8,1.113498306976049,0.2924805817821307,0.5,0.00011980809185642886,1.547421653701587e-06,278
244,0.8400268632510219,0.8328901509444517,1695044358.4931917,8,9,1.0848292378753057,0.43892030316449093,0.30000000000000004,0.0007490863794534973,1.5221111928482679e-06,346
245,0.7836911581793449,0.7803542164128563,1695044738.0236902,8,15,1.6888050426625143,0.07469886209052856,0.1,9.231027809562891e-05,1.4303503009528297e-06,232
246,0.8302956899737645,0.8242899827575346,1695045669.1261225,10,14,1.163326550766265,0.337415850252268,0.30000000000000004,4.490129484113146e-05,1.801622957314806e-05,343
247,0.8325074609977627,0.823987333855501,1695045931.7250338,5,14,1.0282751786592728,0.32977153029665596,0.30000000000000004,0.0003354109604096821,1.2447403705724552e-05,422
248,0.8339983939468741,0.8210841738358666,1695046132.4535217,5,14,1.788661697931722,0.07921199424973868,0.1,0.004561709184357926,6.605547116862933e-05,129
249,0.8409731567331652,0.8329012808240619,1695046332.347484,7,11,2.0968134928783746,0.004765001421202286,0.2,0.002157177395844005,2.3095453170695224e-06,263
250,0.8229047775999215,0.8016610282003208,1695046677.0390632,6,11,1.1201081119871223,0.06942654740165388,0.1,0.00012838830069712725,1.6963360472259036e-06,168
251,0.8313103800401316,0.8300312155092096,1695046877.202248,7,11,3.109882768976261,0.13959069757958742,0.4,0.0022588645493850216,0.00010384003739497244,358
252,0.8447898550133149,0.8350523745435158,1695047226.465269,10,15,1.5298547135372658,0.49084116801429106,0.4,0.0001720201959802978,4.5444794127697575e-05,360
253,0.8330791213375106,0.8235406640008561,1695047646.806616,7,9,1.1704785991252273,0.2858749614137389,0.4,0.0001354738038630037,1.997200391290396e-06,162
254,0.8363182484619917,0.8237683065175675,1695047868.8741472,6,14,2.553385933046797,0.3372434028432667,0.1,0.0005538663948485927,0.00029528099694230505,198
255,0.8202861454133897,0.8130750534816328,1695048132.7712448,6,16,3.7150330059098797,0.13362493699657152,0.30000000000000004,0.00017750578187373904,0.00012980844228590715,379
256,0.8420827013216867,0.8278075059225086,1695048335.0991988,10,13,2.6370428700858044,0.13904009459225125,0.5,0.0042489352865908185,2.9184538062926376e-06,463
257,0.8386259998778433,0.8207124948436991,1695049091.0335975,7,14,1.9406395504511633,0.20385866545375741,0.4,4.097584493574993e-05,1.7309641680052948e-05,234
258,0.8432116671625184,0.8325349572132967,1695049295.2285488,6,14,1.0052088631890435,0.3959650007992174,0.0,0.00149761814991446,5.849829134484887e-06,399
259,0.8378674451680347,0.8287541200346182,1695049508.2158623,5,12,2.2921582376314853,0.4015038818904226,0.2,0.0011413736135628748,0.0002435971545323833,279
260,0.8211198519256171,0.811390529903658,1695051590.2209494,10,10,3.6041422677972954,0.36129842227272724,0.2,1.274741055136952e-05,0.0009705323364376222,422
261,0.8188771194848922,0.8045679602712039,1695051878.3265228,8,8,3.1402625085062086,0.3348823286256287,0.1,0.0005310280016680975,0.00012231104851028913,399
262,0.838472318663908,0.8152703717854788,1695052133.8678288,5,10,2.368210755221774,0.19711083656732276,0.4,0.000622124619549485,4.355998233805595e-06,503
263,0.8335759113422647,0.82566883047877,1695052830.5723956,5,12,1.8246715624118388,0.025463884148013705,0.5,4.932641829232588e-05,2.95133842045097e-05,125
264,0.8173448108243364,0.8050345304126832,1695053068.7726483,9,13,1.5517543129807905,0.17841099473337996,0.0,0.0002246453401276909,1.911110291889893e-06,200
265,0.8318046368380625,0.8203413901967834,1695053427.0213876,5,12,2.0193392924850455,0.466867308774041,0.4,0.00017519178561166597,4.562015143258525e-05,496
266,0.8275581378002588,0.8107549315068451,1695053690.8112695,5,15,3.961484416845671,0.19191121992777632,0.2,0.00023183182882739178,0.0003128006563358093,403
267,0.8259359002974829,0.8260605028948398,1695053900.18646,8,8,2.735956885012144,0.03134541539477992,0.0,0.000824091987241728,0.0002883617825070463,160
268,0.8351124420141922,0.8314046612805087,1695054099.0912938,6,11,2.4376118943730543,0.1451700501495578,0.30000000000000004,0.0016631679153787185,0.00026789040922483654,378
269,0.8217925590708647,0.8209361635121815,1695054287.7805488,9,12,2.4802033914036805,0.13778142093719004,0.30000000000000004,0.0022475592377117102,9.657372768760075e-05,354
270,0.8186101476324789,0.803960784202935,1695054612.4761343,6,12,3.0107378085879137,0.07175843297543794,0.4,0.008337607322419272,3.603126632042713e-05,347
271,0.8139798677609743,0.8089958517060429,1695054933.7234566,7,11,3.9889679706706045,0.22826930969747017,0.2,0.0003252097497844761,3.7522958665519416e-05,315
272,0.8350679701610754,0.8197011659922664,1695055166.5674367,9,15,2.3235588616869762,0.05471226391956446,0.30000000000000004,0.0007956233903391927,4.11557859400178e-05,479
273,0.815083783001,0.8102707739823836,1695056976.582061,10,8,3.796291696084952,0.137660302989136,0.1,1.2411910541710744e-05,8.9384460975813e-05,354
274,0.8292725558846534,0.8015209034817151,1695058597.830794,6,14,3.94313419696914,0.14306089576258502,0.30000000000000004,1.0429506481021763e-05,0.00016798204239998273,170
275,0.8408298898139471,0.8237925532009022,1695058796.310531,8,12,3.397839742142519,0.4557727900967027,0.30000000000000004,0.007496288781023842,1.7224811563860917e-05,105
276,0.832398533104369,0.8238193611536031,1695059357.5058522,10,8,2.193909520833031,0.2994389961449163,0.4,0.00013989521555586048,3.1516990805677305e-05,255
277,0.8327776697255608,0.8219542137553453,1695059717.411018,9,10,2.0045083289077326,0.19187247934485646,0.4,0.0002341552211547062,7.538517938280922e-05,84
278,0.8179685426376707,0.8135478948523484,1695061825.691471,10,8,1.3007395720271986,0.30023910847902496,0.1,1.6101250871144056e-05,3.185370056677147e-05,497
279,0.8372929701540387,0.8269710884845298,1695062035.6361217,5,16,1.7977976600090253,0.23423555321718742,0.2,0.0011146172323988999,0.0005341061395286639,242
280,0.8403984002517445,0.8313547708578213,1695062257.3008046,8,14,1.4621709940984438,0.32043984601859743,0.5,0.0010708038159124222,0.0002544556455616298,163
281,0.8266048076324959,0.8240726629325119,1695062838.6096222,8,11,2.9315731500106885,0.15275953808039583,0.4,3.781040758012975e-05,1.44965557016977e-05,332
282,0.8177853073441325,0.8085554375577897,1695063298.0782819,5,15,3.2002237075898585,0.029513743344830867,0.2,4.593364313904753e-05,1.0035550808375986e-05,365
283,0.8253139980224099,0.8202746419648121,1695063509.3011937,6,11,2.8206975860583583,0.08776826209929772,0.1,0.000845398577712813,0.0002128901969400106,434
284,0.8217250068889153,0.8154308314305689,1695063921.6716561,8,10,2.052646753813571,0.1788724154566287,0.2,8.444500105314524e-05,0.0007099036520821187,147
285,0.8268342035836995,0.8144805694499676,1695064133.8734639,10,10,3.348418623851595,0.01037987868886242,0.1,0.0007315862918324964,2.9879700538697115e-06,474
286,0.8301353942753465,0.8226393921179528,1695064324.170816,7,13,2.6360948818839,0.1635597865985765,0.0,0.005806213369033476,2.75289197387694e-06,67
287,0.8343150447997627,0.823905342190089,1695064524.9674313,9,13,3.7860170178689017,0.4709321878915839,0.0,0.0036882479887005246,0.00016788409270778468,372
288,0.8201102282728963,0.814316291185095,1695064828.7620816,7,9,3.0527158699463506,0.049009389784810065,0.4,0.0001402382507166479,0.00033560458101607367,402
289,0.8194593348530699,0.8083042779314418,1695066796.985579,10,15,1.5227552143801928,0.09949393001000889,0.2,1.1379999877245652e-05,2.399723825146798e-05,249
290,0.8370540043103921,0.8325442398743941,1695066988.9359832,10,16,2.8106889087643907,0.4694352577313706,0.2,0.006236311128327131,4.050902725925119e-05,90
291,0.8359326380900296,0.8245874935979908,1695067381.8970551,10,8,3.3840273989739345,0.09927698375374433,0.5,0.0001166466324914018,2.9658639750032023e-06,387
292,0.8423084381963679,0.8314555917337872,1695067584.4619446,5,15,1.7975877295680456,0.09328890711006965,0.5,0.0024858894300986392,0.0002841114289530718,262
293,0.841436733581794,0.831857121156206,1695067839.5973449,5,9,3.1615502110460594,0.32404957917714733,0.5,0.0007864243909294479,0.000983990859051343,293
294,0.8360440991902464,0.8308456215534822,1695068438.8712163,10,12,2.982698108761206,0.4861711479723267,0.1,6.69114099514054e-05,1.1337042492733004e-06,251
295,0.8289764521537746,0.8239283004773184,1695068874.4640725,7,15,2.1364991502979604,0.4723094371521545,0.1,9.782377573340443e-05,6.887174016344021e-05,78
296,0.8405512370634054,0.8305697029899265,1695069118.9431882,8,10,3.4143372290374563,0.3637503508880912,0.5,0.0005308958333131985,7.791016174124433e-06,312
297,0.8455723344542304,0.8318833392408105,1695070266.7872417,9,11,3.044287769606999,0.4903613347354992,0.4,2.9354272897405446e-05,8.539536180774734e-05,475
298,0.8170002946963937,0.8119650148611057,1695070637.5302103,5,10,2.830672436475771,0.2619626183992626,0.2,0.0001314329392419212,6.0784709826070006e-05,355
299,0.8285002092710303,0.8201528342028868,1695071389.2785747,9,11,3.955727550501325,0.4472526915416083,0.0,3.5658430272541287e-05,5.45363730872789e-06,174
300,0.8286026634136536,0.8143310068418179,1695072487.1188731,5,12,1.1973913669986183,0.24690609556200765,0.2,2.8095257322632008e-05,5.502014852442221e-06,387
301,0.8358346874262027,0.8254273260617913,1695072698.7548952,9,9,3.0282072014129215,0.23447970039889565,0.2,0.0009461866793617271,2.122649316889173e-05,244
302,0.8355052298054862,0.8287536233035898,1695074065.6198747,5,13,1.8820907689966173,0.3303121573295488,0.30000000000000004,1.3789647224016084e-05,1.2259986717039073e-05,370
303,0.8188647349182013,0.8114430747327798,1695075593.1068177,7,16,1.1698524547340532,0.32656508813495316,0.2,1.1580224332101861e-05,2.9825282267349255e-06,301
304,0.8395686342834642,0.8301433835846105,1695075847.2918665,10,9,1.9506281578242213,0.42145954401699015,0.2,0.0005255729066334407,1.6337056950012492e-05,206
305,0.8388970530079156,0.8270621610140589,1695076049.1061513,10,12,3.4878915324077173,0.407277813409229,0.1,0.00770936220568248,2.2779639500014344e-06,300
306,0.8346891150073084,0.8235615732725923,1695076324.4072537,8,13,2.2639530813624713,0.03236494717779442,0.5,0.00028223741859537854,0.00018436179653255464,401
307,0.8351625432158047,0.8254064323128998,1695076758.6295028,10,9,3.751588546283313,0.09103299585176255,0.5,0.0001081259055668853,1.8061813360259599e-06,375
308,0.8497771763131653,0.8401107107907457,1695077299.3047159,10,9,1.4688040870838617,0.4225422530539777,0.5,0.0001226850818716439,7.07227017528649e-05,271
309,0.8398056298551371,0.8325986784905622,1695077532.9607563,9,15,2.436162470172692,0.4387681573316186,0.2,0.00039932822105346005,1.711950765003939e-06,360
310,0.8252105587437997,0.8034257117480397,1695078553.643998,8,11,2.1773768573575003,0.4199455861435833,0.0,2.3971523924162208e-05,5.787967906649157e-05,314
311,0.8274586390655957,0.8137272768450602,1695078765.718437,10,9,1.1512771958323373,0.006103948983622376,0.0,0.0007903273530116859,0.00012263480220694995,153
312,0.8340331551738357,0.8340669998883286,1695078976.521514,8,8,2.33433611072595,0.16182181449278327,0.5,0.001842694516815816,1.925966230781087e-06,116
313,0.8312484572066778,0.8172224781594352,1695079176.356911,5,15,2.271490987501661,0.034710640969779216,0.0,0.003700436039419145,0.00011001902304910759,453
314,0.8224289569183144,0.8188725565451438,1695080151.0599408,9,14,1.5433454120638455,0.33966545001540865,0.1,2.727800144225436e-05,1.0987613434078894e-06,506
315,0.8194546906405606,0.811029872131188,1695080634.5656772,6,15,2.217974924961789,0.09515585164043538,0.2,5.803521208981824e-05,1.9480765850345702e-05,322
316,0.8175851840051069,0.8059368268033331,1695082214.8144925,7,13,2.337422471257698,0.03678930139726755,0.5,1.4738700262784484e-05,3.980109147537195e-06,114
317,0.8391180049363758,0.8304207302498733,1695082416.0991626,9,13,2.905983212976343,0.49883350999457243,0.2,0.0015001818875525486,0.0009998629576233378,268
318,0.8080341498797149,0.8019556673145177,1695082670.206126,10,15,2.1559096677447824,0.21511781284804915,0.0,0.00015438440139565448,1.2229930429112676e-05,279
319,0.844132065641581,0.8338892477943046,1695082880.5855114,10,16,3.152239418429507,0.3519125086647196,0.5,0.0013423919698269656,4.7242315295699596e-05,164
320,0.8079589980772961,0.8081498877186077,1695083080.3990176,5,13,3.90628133539955,0.0888766392881114,0.1,0.0014891825233871556,0.00038128716412708113,216
321,0.830163681751538,0.8151448074951496,1695083300.4762168,5,14,3.680942354164167,0.178678279534204,0.0,0.00023531507487455818,3.760240202877595e-06,219
322,0.8299919866224161,0.8204120191399159,1695084227.6566908,7,8,3.538805426253529,0.33970475832595964,0.2,3.6111247971438705e-05,2.428850498141271e-06,80
323,0.8508112876318429,0.8377982726240573,1695085492.827768,10,12,2.7078808251469755,0.47203964212551197,0.5,2.584991910263834e-05,2.6936409192713663e-05,104
324,0.8286941403267105,0.8227706998608004,1695086205.9866734,6,11,1.6188148787627996,0.40105157828032084,0.4,5.823315403626461e-05,5.0774798993137215e-05,288
325,0.8348074720594324,0.8272267497358246,1695086395.1948204,8,13,1.1085942273590623,0.22130916637953535,0.4,0.008155343053237335,3.0124154938487372e-05,345
326,0.838497228531002,0.8327236063442611,1695086615.5343103,5,8,2.495658632793587,0.15764089260035302,0.5,0.000961258072381139,4.3945197576306126e-05,270
327,0.8341588303790043,0.826758270284454,1695086818.067109,10,14,3.581170182774864,0.4292180816468255,0.4,0.0032655691596090116,6.678427007753591e-05,435
328,0.8264409935912682,0.8223926254566394,1695087028.6652186,7,14,1.75321005670687,0.1002444182395193,0.4,0.0015039288862787486,4.141609210901839e-06,172
329,0.8389733306800338,0.8341923468588328,1695089142.3338065,10,11,3.3442006598878384,0.4836939439578305,0.5,1.166353079477135e-05,0.00017858141027993118,275
330,0.8199666798862534,0.8156916152205962,1695089341.6424396,8,8,2.875570327459955,0.02615900720683384,0.2,0.008462060145785608,2.4104710868760815e-06,300
331,0.8299137386783246,0.8219682619297486,1695089550.5144753,7,16,1.1828387713639066,0.14467237870638344,0.4,0.0011380125222891116,0.0008962044236202246,367
332,0.8439744438836988,0.8332586943220012,1695090536.3187604,6,15,1.7975117312749198,0.4157298331860557,0.5,3.8009808712183396e-05,2.2091056048998537e-06,262
333,0.8178655255601975,0.7973546961618928,1695090766.7462122,5,16,3.37430040720592,0.19165811097235863,0.0,0.0003155819882728149,2.774877092356632e-05,435
334,0.8184324009537242,0.8062418972691313,1695090986.8414834,6,13,2.2008941634544037,0.20513916642584162,0.1,0.0003447695509780106,0.00022289804675952124,341
335,0.8223698487591087,0.8184443278299365,1695091215.4382284,5,8,1.2547171773707138,0.3819474801999111,0.1,0.0019053721726803264,4.555748004929863e-05,412
336,0.8375751412473904,0.8305176393689889,1695091424.2690804,5,9,2.1349596894265024,0.45510253205625406,0.30000000000000004,0.0010128542370129673,0.00047072415809160204,265
337,0.827184349060138,0.8126810215931771,1695091696.6611474,6,16,2.5110959531379895,0.04818221541254619,0.30000000000000004,0.00013025860074061246,8.843006700323771e-05,266
338,0.8212268095470373,0.815693943647293,1695092177.495553,7,11,2.765971902346111,0.1824785843276791,0.4,7.920189432262505e-05,1.8478963506122801e-06,487
339,0.8391816165743782,0.8353133446076789,1695092377.0813584,6,16,3.8385288579141132,0.3925954680396874,0.0,0.0012492513902714383,0.00018322910092381282,89
340,0.8252464458404604,0.810115576581628,1695094117.196987,5,11,3.842586664125636,0.2757886892611545,0.2,1.0240022397708893e-05,0.0001067384636269389,348
341,0.8469965596236667,0.8349781443004259,1695094328.0029013,9,11,3.6170928605910913,0.3663859695153718,0.30000000000000004,0.002319367876964619,0.00014787921064071801,340
342,0.824276649828347,0.8121442105796817,1695096422.3982415,7,10,2.2104500176645483,0.22060101323869674,0.2,1.0533065503503074e-05,0.00031529793398851904,274
343,0.8110203785230221,0.8103762827574321,1695096643.201868,10,8,3.820820019345631,0.11769609234509787,0.1,0.003757789096189654,8.796291319639289e-05,359
344,0.8428705286436733,0.8348955472440727,1695096936.7414827,8,12,1.4776354681288222,0.4197169796871685,0.5,0.0002835925519302975,2.7103246095008434e-05,222
345,0.7974597001977871,0.7945281103348896,1695097241.0951552,6,15,2.2528281201927025,0.01980637083971365,0.1,0.00014611244885854213,0.0004168415119565408,151
346,0.8472228594331978,0.8423919480396992,1695099321.0041206,10,16,1.4557339769705346,0.49928902966592126,0.5,1.3635030867287925e-05,0.0006978962332559853,487
347,0.8402404970264374,0.8218582670525977,1695099677.9574578,8,13,1.2331333789410865,0.35199774628334535,0.30000000000000004,0.00016207667550671451,0.0003413260831203859,474
348,0.8265842605104862,0.8161628422154689,1695100910.812711,10,12,3.0911244698856324,0.4332554644618553,0.0,2.349926447838791e-05,0.0007001205054889366,189
349,0.8365732579488512,0.8223077931106573,1695101131.1463356,6,13,3.6275143201061337,0.39206040234357376,0.2,0.0008137094075948262,4.066971903244311e-05,85
350,0.8461651048508377,0.8345231076325177,1695101330.2874289,5,15,1.7049280901571637,0.3328180097915588,0.4,0.0026580547827618137,1.722044641019532e-05,249
351,0.8337509840804841,0.8194655913019416,1695101529.7715373,8,15,3.677562237849852,0.0680551143715381,0.2,0.0015630030767169393,2.3717692835312332e-05,197
352,0.8154551792680101,0.8045468647253321,1695102085.8543725,9,9,1.8532758870905863,0.2350052005986465,0.2,5.7905220543182426e-05,3.63020088733837e-05,403
353,0.8283631346351578,0.8149155661254398,1695102294.188179,7,12,3.298620720660635,0.454714373379876,0.2,0.0063976647871519035,1.9425802492971367e-06,430
354,0.8352396652901972,0.8290000950308549,1695102545.8502648,7,11,3.704464335738379,0.18461917241262793,0.5,0.0003515210271540658,0.00023652548839762043,150
355,0.8321739220993867,0.8303487818649463,1695102746.6195126,10,15,1.3321481103282033,0.48306185853520195,0.1,0.008194364621955559,0.00015294540834206262,95
356,0.8275623598116307,0.8261174096433064,1695102957.0391462,9,16,2.4910258928504785,0.23057105028782615,0.5,0.0021939499094648252,0.00016267132217226229,416
357,0.8223445166908775,0.7999991058841484,1695103630.7458591,10,15,3.207609421384852,0.08000972127142209,0.4,3.377470651828945e-05,7.306009025852046e-05,103
358,0.8377081346056036,0.8269248769760231,1695103891.1010103,7,9,3.703497123033691,0.3914488336003159,0.4,0.0004503997201585174,0.00040874459348677253,179
359,0.8410477456007345,0.832470009631304,1695104090.5990899,10,11,1.4704330647469535,0.3553838652191351,0.4,0.004738878538412526,0.0007568547391738556,138
360,0.8429428657718443,0.83478671658027,1695104423.3979044,5,9,2.577363435893575,0.41626361222523234,0.5,0.00021334900577880467,0.00042768254214956464,390
361,0.8358811295512931,0.8287937498569958,1695104632.0544503,6,13,3.5388304617140864,0.28418211982974834,0.4,0.0010464505606012009,0.00012191543049424767,328
362,0.8331013572640692,0.8246035442193532,1695104830.6948552,8,16,2.54021774016791,0.22914332143905686,0.2,0.002310844556550959,0.00040330112938994636,258
363,0.8301110473431023,0.8207597308599522,1695105028.6686273,7,9,2.8339417504836866,0.21010856522811266,0.1,0.001141459848043884,5.25773515850004e-05,474
364,0.8228936596366424,0.8175240094166542,1695105257.037829,5,14,3.826797941147445,0.05781885876799503,0.30000000000000004,0.00038238112789754623,8.098852663578627e-05,273
365,0.8311673945883383,0.8269462674559432,1695106444.8567634,6,8,1.9063717350497378,0.4894693743352966,0.2,3.635643210405778e-05,1.5225677064929855e-06,314
366,0.8343550131740828,0.826373505534251,1695106717.575125,9,11,3.582720632130048,0.11109883699775225,0.5,0.0002165276500856804,1.6972453632158358e-06,330
367,0.8400792161920329,0.8298371644283087,1695106969.5495002,10,15,3.6417709707584125,0.33132187575523203,0.4,0.00045018235624482957,1.192524034437383e-05,340
368,0.8323076191261619,0.8185986559513918,1695108551.4836013,7,12,1.0775754048435342,0.37714398711740943,0.30000000000000004,3.142062310260168e-05,0.00038438745339299316,106
369,0.8284547522819268,0.8269697224742011,1695108913.5629113,5,8,3.8101933597810893,0.4259383186930456,0.2,0.00016568923650526427,0.00015140279673258748,188
370,0.8108910442413313,0.796965134852695,1695109598.2728312,7,8,1.788895950925889,0.3726599955622372,0.1,7.90313508196307e-05,0.00012147467439288939,408
371,0.8313041877567863,0.8229937631383417,1695109920.6740522,6,15,3.0132143687606,0.4563571844217941,0.30000000000000004,0.00028066201824987485,0.0003410838102146474,429
372,0.8410207247279546,0.8283773805950969,1695110108.4414082,9,15,2.210637376265155,0.3986677186445225,0.0,0.006369495234573047,4.720910127899468e-06,355
373,0.8097616561993622,0.8052021305663098,1695110463.4726834,9,12,2.874157184705785,0.27669125692306573,0.0,6.391899493838912e-05,4.469641649065039e-06,326
374,0.8381995767292865,0.8213131978857513,1695111504.7438424,10,14,3.8653231797606047,0.1735453300822008,0.4,2.4237311835631016e-05,0.0006152683971590801,358
375,0.8174661232844209,0.8139722118107053,1695111754.3273845,7,11,2.3820528141137762,0.10514673429660992,0.5,0.0002324341464309086,0.0007662217472716484,127
376,0.8463097791071796,0.8327164192671908,1695111963.5901427,10,15,1.2161918305080905,0.14569324858697313,0.5,0.0010375524696850263,1.9083379274081403e-05,344
377,0.8166076476388119,0.8205319796833284,1695112151.5488591,9,9,3.4332601722268947,0.3597124978951879,0.2,0.007168231824730482,0.00014828577305860642,245
378,0.8126806141281447,0.8035319656196311,1695112710.8958383,5,9,3.6147291066485137,0.22907789584408084,0.2,5.010976461112628e-05,8.309378955442312e-05,286
379,0.833128378136849,0.8256845395975503,1695112906.720426,8,14,2.768234204866728,0.17970497273136193,0.0,0.003211288708818765,0.0008354363026156725,323
380,0.8237594534352959,0.8069084637410098,1695113820.766905,6,14,1.0826565138871618,0.30196670297645506,0.2,2.5056436586517232e-05,3.5212631388784697e-06,311
381,0.8523272711817607,0.8401180375734181,1695114337.0924668,9,10,1.6737250945172235,0.490392112217548,0.5,9.866430266061958e-05,9.000413729232637e-05,481
382,0.8298259208417902,0.8176765368881309,1695114554.2838767,9,15,3.7395445757494254,0.2358921067469189,0.0,0.0004761554692410689,7.225222444760364e-06,259
383,0.8083800733447815,0.8090476824843109,1695116120.7522473,5,11,1.781750573860717,0.27740536969231633,0.0,1.5328878676013192e-05,1.2696959326169598e-05,434
384,0.8089638367837957,0.8015687914574433,1695116439.3821304,10,8,2.7128308478639114,0.2056371951408898,0.0,0.00013805324501010637,1.2245507672052514e-05,286
385,0.8183727298596688,0.8114508051094127,1695116675.1124878,5,10,3.2752648064955374,0.1898362844487424,0.30000000000000004,0.00039841573992765213,0.000291623795541368,474
386,0.8150592953350434,0.8062783914768904,1695116879.8976572,6,8,2.815841627450556,0.031104096937472625,0.1,0.0016579119276520769,3.087585221947047e-05,358
387,0.847485609274239,0.8375015689715225,1695117075.366033,6,13,3.4035907655973325,0.4678806618422686,0.4,0.0028311896500291867,0.00015170743469258453,236
388,0.8359773914105713,0.825832705149682,1695117270.8304603,6,12,2.56637092228197,0.09621594357768709,0.2,0.009254264522020201,0.00011753701284429678,392
389,0.8144659620035865,0.8047457589337619,1695117496.3004181,7,14,2.931474372429551,0.23472119245520923,0.0,0.0005948403282502236,0.0002838446766119742,278
390,0.8074679781547502,0.8065803418509148,1695118512.6018102,9,9,2.443949635748181,0.11889225417658017,0.2,2.2528883678741362e-05,0.00022396145037651208,73
391,0.8306402061017072,0.823262059985177,1695119273.4288397,8,8,2.483875080262351,0.07680942077293507,0.5,4.012489625022596e-05,5.485268309052848e-05,306
392,0.8026665660889736,0.7869299572926185,1695119567.6723247,7,9,2.3767480861822894,0.09523290861100664,0.0,0.00015996863366492874,0.0003491680524166865,403
393,0.8305884160955458,0.8132656274453332,1695119964.4227517,8,9,2.430250485051427,0.3623864822215959,0.2,0.00010896097665467026,0.0003157571179020303,358
394,0.8406902819712514,0.8363676251702429,1695120157.2877226,5,8,3.965044076696827,0.15309507696174934,0.5,0.0033232115175688454,0.0004443819303938492,414
395,0.8332544755431548,0.8219649710866839,1695121124.3926852,9,11,2.5346076106352533,0.27004911120373,0.5,6.232731918356387e-05,2.4654413692122007e-05,91
396,0.8272865217353368,0.8215360748891568,1695123149.6253035,6,8,2.7382322618310106,0.4242137711811785,0.30000000000000004,1.0124350153064262e-05,1.0512175445789614e-05,310
397,0.8217196590078443,0.8200744593602768,1695123362.9876487,8,10,2.3000471269646066,0.25160772154267796,0.30000000000000004,0.0018247660585728241,0.00016932777058388006,247
398,0.8312473313369788,0.8196384692227472,1695123576.5202076,6,14,2.9519840758624785,0.17909481758536872,0.4,0.001373851044191119,0.0008955477615283248,507
399,0.830798390794439,0.8252190871008857,1695123779.3796868,5,12,2.116621659790694,0.13136764174928872,0.4,0.000897216647488264,2.4596839869210773e-06,269
