trial,score,test_score,time,num_layers, layer_size, hidden_factor, hidden_dropout, residual_dropout, learning_rate, weight_decay, category_embedding_size
0,0,0,1694929567.83665920,0,0,0,0,0,0,0
0,0.8307851618254738,0.8234566233199508,1694930056.7462227,5,8,3,0.4,0.4,0.0001,0.0001,64
1,0.8098856425999821,0.8000589619730977,1694931237.5610552,7,14,1.0003431244520347,0.15116628631591988,0.0,1.8924123965722247e-05,3.6206007257447394e-06,219
2,0.8432994849990529,0.8358881089763301,1694931454.4780898,7,12,2.2575835432098845,0.34260975019837975,0.1,0.00430876004783913,1.208266625330546e-06,365
3,0.8332989473962714,0.8235508625097876,1694931671.2086318,7,13,1.4211608157857012,0.0990507445424394,0.4,0.008031279258119075,8.715103205978139e-06,374
4,0.8323577203277744,0.8244798737160706,1694931888.9110203,10,16,1.2551326341093336,0.01952739161644118,0.1,0.004309506204261083,1.972606689184096e-06,253
5,0.8466965153488409,0.8255679940799596,1694932107.2765815,10,12,3.07563134185142,0.15775781550303147,0.4,0.003190634197513422,1.1346576147006603e-06,400
6,0.8063649073169991,0.8101082032304219,1694932451.6926568,10,14,1.8413319761932154,0.39463966422574426,0.0,0.00022063813533788863,0.000531846749477338,195
7,0.8260818411572365,0.8180967713383465,1694933206.530845,6,9,1.0581008736108912,0.3394177664699455,0.1,6.260946289186234e-05,2.9834549048893877e-05,87
8,0.8120740518277229,0.8127181056690329,1694933561.960913,8,9,2.767916610709853,0.3498791800104656,0.0,0.00017464974804939153,0.0001211157082591752,249
9,0.823729195687131,0.8085722022300056,1694933869.994466,5,12,2.9913839356593663,0.2574445560291543,0.5,0.0005749963945531065,0.0005131044082788641,125
10,0.8192176950688879,0.8158896867182599,1694934314.1764648,5,15,2.193030510956601,0.08267709855846639,0.5,0.00011048353954862783,0.00017882832527607158,389
11,0.815162875347366,0.813421725171078,1694934528.0932906,10,13,3.2528273020820118,0.17444917098892126,0.1,0.004871454545414108,1.924303499305707e-05,497
12,0.8423565691260072,0.8303203905820915,1694934790.64632,8,13,1.3442379188601254,0.4747446293535356,0.2,0.0005434615751061225,1.6765264451568485e-05,170
13,0.8289415501931007,0.8159923858584277,1694935085.5626338,10,13,1.008610981093477,0.30857245681036194,0.1,0.0003812187972121696,0.00045480611778795765,224
14,0.8367564932423893,0.827772113836719,1694935276.3282058,10,13,1.0474637285396688,0.46471861687188065,0.4,0.009816768541009779,3.288679302279304e-06,125
15,0.8387177582583245,0.8305602340546935,1694935466.6846647,10,14,1.1980005181661875,0.3777315263012332,0.4,0.0058758893192464206,0.00013632461375504072,119
16,0.8304914505677056,0.8290011505842908,1694935724.896994,5,8,1.0849194640623838,0.12310553380152295,0.5,0.000413516832983145,4.5547645941084986e-05,442
17,0.8369259366321129,0.8314209913130746,1694937711.528963,5,10,2.7572778143748637,0.48479787415983727,0.30000000000000004,1.1374750205031965e-05,0.0002522888272902663,168
18,0.8262260932124412,0.8223625421837183,1694939002.4519563,9,11,3.590625563678286,0.3735608213685923,0.30000000000000004,2.5666442474722136e-05,1.5127009113209096e-06,118
19,0.8434768094766704,0.829398380178743,1694940980.3122215,5,8,1.677128015823564,0.35649449019133833,0.30000000000000004,1.0906061452397865e-05,1.6440795942829676e-06,498
20,0.8354310631390542,0.8167702666492521,1694941209.6375394,8,9,1.7569772337109701,0.37191292703754647,0.1,0.000554723777607564,0.0008129427593316354,444
21,0.8283693269185031,0.8208807624796453,1694942993.1778553,6,12,2.8598671551441393,0.41449044977508936,0.0,1.1369165971575194e-05,1.62205819390916e-06,282
22,0.8498959555664265,0.8375571097096604,1694943352.1453266,8,13,1.9520872279664823,0.49430807720622444,0.30000000000000004,0.00013817310525009955,4.496190020585654e-05,398
23,0.8220211106197941,0.8194749671001069,1694944031.2360642,9,10,1.1990045032853247,0.18504209895705315,0.30000000000000004,4.270925833168976e-05,0.0001812452615321984,93
24,0.8338596305064528,0.8287123325368354,1694944229.7386267,6,15,1.5803028478699832,0.31973044043997007,0.30000000000000004,0.00594872525402241,6.164392898567231e-06,93
25,0.8264674515291985,0.8115288539722851,1694944750.248907,9,14,3.723447557510572,0.46598603459841864,0.0,5.047615419441571e-05,7.084921962013147e-05,490
26,0.82373383989964,0.8124236217832823,1694945030.5751972,10,13,3.7468190492988236,0.32078310447316877,0.2,0.00028705955104584257,6.500270786794111e-05,310
27,0.8360705571281766,0.8249408245877885,1694946047.565296,10,16,2.1846268387706647,0.4816312642203559,0.1,2.3932527042689768e-05,2.5423625005819615e-06,291
28,0.802736932945171,0.7875666112428673,1694946325.3639379,5,16,3.481346413512197,0.007509490371061189,0.1,9.912671704119339e-05,2.4716702736980975e-06,427
29,0.8329074262083889,0.8199943459590666,1694946504.209265,7,16,2.7460425398412402,0.43941599220592203,0.5,0.005202079154728394,2.3968496779361037e-05,309
30,0.8318462940169313,0.824442525751856,1694946713.525265,9,10,2.470760567859783,0.2995551538229392,0.0,0.0006031762384586438,1.9999956311000528e-05,426
31,0.8309647380424898,0.8278630156149572,1694946911.8037426,6,16,2.7335716458536066,0.09200510081373253,0.4,0.0006856358714236165,1.4512018261546824e-06,252
32,0.8351363667452993,0.8282005443489069,1694947100.8909442,9,16,1.0012060746740723,0.4883795745155298,0.2,0.008343545047409792,6.518509501856641e-05,436
33,0.8409084192254634,0.838261319079802,1694947290.2072902,8,13,1.8567288450870818,0.2934166703280415,0.4,0.0037578678997407873,0.00018418173740756327,377
34,0.8224459856975144,0.8146151990815692,1694947610.3094153,10,10,3.0123663723627616,0.22543696820667458,0.2,0.00017077883624164538,1.6011748148991577e-05,206
35,0.8261088620300163,0.8147863073980854,1694947879.176168,8,11,3.921406233781757,0.33890044571715555,0.1,0.00019059128056295475,1.0716148403033203e-05,422
36,0.8339308417649245,0.8221179021521214,1694948059.2538333,10,16,2.9881594371257867,0.1351041310148789,0.1,0.003670234625477635,3.8295164457230317e-05,424
37,0.8395074151185723,0.8285205322684082,1694948369.2089005,8,14,2.5570348823921676,0.385441955250944,0.30000000000000004,0.00024953394681421115,1.0667600028367189e-05,94
38,0.8424975843058269,0.830446156669401,1694948558.1172903,7,8,3.948451341191335,0.09080642566538188,0.4,0.0042158479089575256,0.00011620899816435576,319
39,0.8093379069913412,0.7984850076175256,1694948975.018834,5,12,2.035516153465645,0.1125199789070423,0.30000000000000004,8.645886164114417e-05,0.0005609403232139285,472
40,0.8407702187198918,0.823941712215091,1694949777.006535,6,8,1.5788881960573384,0.24979208533944303,0.4,4.212920998464334e-05,5.547542973433766e-06,446
41,0.8199659762176914,0.8117156403618923,1694950005.2937891,7,13,1.7009984177177502,0.050983629712898715,0.30000000000000004,0.00027003680515736615,2.8708792893229623e-06,343
42,0.824476210232523,0.8265922689838258,1694950224.2905748,8,13,1.4336366203739794,0.37576390856762193,0.1,0.0003614560290222605,0.00022692799953691778,74
43,0.8277433433657706,0.8203741744446724,1694950413.440673,6,15,3.534128822806209,0.26922029629727184,0.5,0.007069976562177946,0.00030145395973045367,447
44,0.8334697981231189,0.8223177898226083,1694952130.1344182,5,13,3.1105509644579588,0.30512040632331483,0.4,1.2697366624508749e-05,0.00020451077931871894,392
45,0.8147392668730573,0.8112131348350611,1694952409.2517798,6,10,2.8969099522903834,0.17264873079554077,0.4,0.00021799106643946432,0.00022297092952669028,508
46,0.8336558480909051,0.8286921217931084,1694952618.305803,6,9,3.7039253090478215,0.27077968944368663,0.5,0.0008124809743380511,0.0009588243922224509,309
47,0.8308082421543066,0.810111602733399,1694952807.7752275,8,9,2.067115512951643,0.013109283648186643,0.0,0.0017254865490666325,1.2336701873702003e-06,228
48,0.8311720388008476,0.8189644362625945,1694953017.9828844,10,14,3.072826426198506,0.09431840047765544,0.2,0.0005555616026069656,0.000931655008398143,155
49,0.8159180524480771,0.8122158485077159,1694953245.8645394,6,10,3.2505172398939783,0.2284876637178464,0.0,0.0003353889283364325,4.323948313263854e-06,422
50,0.8384714742616335,0.827814522248288,1694953454.08595,6,8,2.780297348393863,0.4219202144655944,0.2,0.0017765397619615765,3.4152652157725515e-05,306
51,0.8321840549266791,0.8298341219507586,1694953643.896882,10,15,1.0969691998707218,0.35469362561564755,0.2,0.006960602356167441,4.616344413793292e-06,183
52,0.8378727930491057,0.8413737115223996,1694953841.744557,5,11,1.3270562920572049,0.3168933803059589,0.4,0.001231406632324064,0.00019889970693745936,217
53,0.8234508244040137,0.814275729992039,1694954835.42591,10,11,3.472029611236956,0.3132480793121469,0.0,1.7185441728372456e-05,1.135005402529611e-06,93
54,0.8363483654764441,0.8287219101319812,1694955024.6888323,7,9,1.08335004654601,0.3774307406952337,0.2,0.001741067011219597,2.2762212856084822e-05,266
55,0.8318113920562573,0.8283836052557992,1694956780.825828,7,12,3.409490026342509,0.20119625992886792,0.5,1.2917639011958494e-05,0.00020971187738533283,120
56,0.8436288018860568,0.8350474382789189,1694956970.222211,8,8,2.6158818477290406,0.0015089783097981813,0.5,0.005202428271742547,0.00024428726419935346,474
57,0.8212591783008881,0.8140210156342677,1694957158.6927924,5,9,1.562895018707302,0.31124795114996057,0.5,0.00932965394196024,0.00013594629506819404,392
58,0.8333372269660428,0.8256320258141181,1694957348.405786,10,11,1.7495520406751104,0.08671508539356143,0.0,0.0027405123535124056,2.7566213805731983e-06,182
59,0.8222711944267199,0.8193268015479752,1694957778.4328077,9,10,3.9472523478788286,0.1333193510758176,0.30000000000000004,8.778110299060907e-05,0.0005399064222946547,228
60,0.8350875321470983,0.8329652970353756,1694957967.502622,7,12,3.81665943210914,0.015474503135575357,0.4,0.004710389962551462,1.2074291891528854e-06,298
61,0.8301487639780242,0.8205163016102374,1694958186.2207181,6,15,2.6755496527675535,0.3451139340813739,0.2,0.0007672327142551912,7.41806364369029e-06,68
62,0.8321515454391158,0.8283734067468678,1694958924.1588368,8,10,2.5518027955033893,0.4582029265269489,0.2,5.52316617256081e-05,1.2998142199630458e-05,482
63,0.7912333592940122,0.7955349065156861,1694959282.9289238,10,15,3.7606195429169813,0.11395014497565847,0.0,4.807609767553628e-05,8.772630720655593e-06,142
64,0.8145892447356443,0.8060576566260457,1694959812.398994,8,11,3.4490545354816424,0.09256519913451533,0.4,5.260982710467502e-05,5.2802838156561754e-05,220
65,0.8259081757561411,0.8165612670689588,1694960644.659335,5,10,2.9923076660643804,0.24862504668026564,0.30000000000000004,3.3431853137153613e-05,5.154037269189201e-05,511
66,0.84017013017024,0.8324350366623202,1694962648.9828336,9,13,3.927967204992715,0.45078129233466063,0.30000000000000004,1.2510624119253842e-05,1.9086719338633084e-06,93
67,0.8349156962842641,0.8284688256728974,1694962838.2410545,7,11,3.9260501028108594,0.08399164659980746,0.5,0.002006432743571623,0.00029697064270409944,348
68,0.8323605350020223,0.8258640457730191,1694963027.5656164,9,12,1.0394090707692167,0.1765030427709124,0.2,0.0015497927798245816,2.546156113681967e-05,269
69,0.8204496779871928,0.8191212325163484,1694963820.3177059,5,8,3.2748347814309886,0.1599764190388392,0.5,4.57828346403735e-05,1.0378248764774121e-05,299
70,0.8412288698885868,0.8291981975742079,1694964019.6947,9,12,1.3744676293350289,0.15625068924602475,0.30000000000000004,0.001050865233112231,0.00020438539981927007,122
71,0.8258258465343902,0.8219597398880387,1694964227.9715955,5,12,3.429966131987249,0.006301883514938156,0.4,0.0011492769061490125,2.227102783731914e-05,474
72,0.8473955396983063,0.8349335471677624,1694964476.8392563,8,8,2.453285336543127,0.4296589030488,0.4,0.0008860588982459502,0.00010497726932762304,323
73,0.8371454812234489,0.8276425756981609,1694965163.2314377,6,13,3.0151893544522608,0.17621481510820441,0.5,3.846913827418422e-05,0.0001745671135659737,194
74,0.8381894439019942,0.8356306781207461,1694965355.004968,9,11,3.4230952273366286,0.1767674313339952,0.1,0.0020037960919937828,8.431907680746167e-06,393
75,0.80340091460025,0.7881909090087791,1694965683.405969,9,9,1.6423364104619453,0.09947396171353334,0.0,0.0001352844242275931,1.2019423954506218e-06,113
76,0.8345571067850818,0.8245776676373309,1694965872.8564892,9,15,1.2415885813851577,0.11585115524289602,0.1,0.005649378713934228,0.00013612677459435204,312
77,0.8315231694132728,0.8204515868709146,1694966201.1616457,6,15,2.3059178728885596,0.4617281075593876,0.4,0.0002717026810612497,2.391279337620819e-06,502
78,0.8253919644990767,0.8196246849367029,1694966398.4690652,5,9,2.2935452654811126,0.20210095288757363,0.0,0.0015415469562637114,3.683283950503736e-06,353
79,0.8315164141950777,0.824113612196684,1694966628.4174588,9,9,2.80286274432292,0.3744641876229182,0.30000000000000004,0.0006185601089458446,7.699222260146308e-06,392
80,0.8321058069825876,0.821414856995328,1694967399.523854,10,11,3.346545450494216,0.028070519830957652,0.5,3.7735494929649595e-05,1.5321123264841586e-05,198
81,0.8236443332585568,0.8188779895407694,1694968154.4450946,5,16,2.1104625326612148,0.26534871923806974,0.2,2.4916292802961127e-05,4.162576007337078e-06,98
82,0.8326183591631298,0.816794637515344,1694969270.6396346,8,10,2.0711848266483757,0.05403266434861842,0.4,2.088101620258366e-05,0.0009059963982051256,143
83,0.8244477820226193,0.814772569680575,1694969469.3908951,8,8,3.3613488689675024,0.09480297390914827,0.30000000000000004,0.0016604761019080197,2.8170493473102045e-06,311
84,0.8353426823676702,0.8219306035086409,1694971471.6716065,6,14,3.168745580668641,0.08827451713854151,0.5,1.1463712836639937e-05,0.0003808123218241769,314
85,0.8273592810646448,0.8178408306758481,1694973650.690902,7,14,3.15078700507741,0.4936630874042133,0.1,1.0265521507433042e-05,0.0006334434137975934,449
86,0.8308468031915028,0.824592507476811,1694973879.7472994,9,12,3.120868735746283,0.3902647784383714,0.2,0.002046291856831097,0.0001785965057023746,339
87,0.8461921257236175,0.8310702526383325,1694974773.476353,7,14,1.0093385734755764,0.3874483233622989,0.5,5.2233258832719255e-05,2.3030403813894163e-06,162
88,0.8068424168031548,0.7971223036547204,1694975169.893529,6,15,2.629499290714284,0.1433558248032153,0.0,7.42050375717894e-05,6.944056874527172e-05,209
89,0.8298436532895519,0.8229027837458803,1694975401.2199202,7,11,3.4844060821945364,0.2131740771181153,0.2,0.0010590459760806404,4.617917471354799e-06,273
90,0.8279282674638575,0.8155773049926343,1694975690.7302456,6,13,3.6320814240844377,0.22384450007281426,0.4,0.00023490761832916195,9.30439191303097e-05,123
91,0.8363297886264079,0.8255470848082235,1694975945.6283174,7,16,2.816437003092804,0.38338729361855106,0.30000000000000004,0.00031200882249163265,0.0003378310169942587,94
92,0.8361471162677193,0.8224859798443314,1694976467.949555,8,16,2.5535801445169657,0.09723290476394225,0.5,5.6874478443291514e-05,0.0001265255137598975,306
93,0.8267742510222194,0.8151107193283104,1694977739.6469204,10,13,3.513933886143188,0.003966438097261549,0.5,1.7105812644188185e-05,9.255258238120444e-06,488
94,0.8322972048314445,0.8256315446059341,1694977959.277733,5,15,3.583634915100383,0.21991540710428625,0.1,0.0025589898240666836,2.7138510851005916e-05,124
95,0.8364671447297053,0.8291390865818017,1694978203.1563497,10,16,2.474635450050806,0.4283512482588961,0.2,0.0011230386435197729,1.5630465717201675e-05,291
96,0.7963923757229843,0.7890987004864332,1694979623.4661927,6,16,1.882647064732764,0.05172977805820067,0.0,1.102241815102062e-05,0.000140552022187985,317
97,0.8411068537599404,0.8266474837422263,1694979978.9023106,9,12,3.3754631185124615,0.3478821071359197,0.4,0.00016574811840347757,8.776308876785709e-05,144
98,0.8259377298357441,0.8224963956730879,1694980180.459171,6,9,2.225911675039787,0.1207093739827994,0.2,0.008426884225397028,9.14024795731477e-06,505
99,0.8417592952506031,0.8294486586725467,1694980397.0559158,8,11,3.5724534972507898,0.3097933696842869,0.1,0.0023909309502357684,1.989827946968899e-05,224
100,0.8337191782614827,0.8240893499905046,1694980659.1031125,6,14,1.8059503717186796,0.40413900685269005,0.1,0.0004289080039234192,2.9091390193093093e-05,448
101,0.8372772079782504,0.827430021386444,1694980880.326757,10,9,2.756045376814753,0.44910252300856857,0.2,0.00582914577742229,6.870252065664781e-06,337
102,0.8308069755508951,0.8299652434194703,1694981435.3433206,9,10,1.0413025376731504,0.20836198118534804,0.5,0.00010692624839957477,0.00021839006946975157,142
103,0.8430540454046361,0.8300869735671723,1694982207.835706,7,9,3.150312442439128,0.3496538118484071,0.4,5.756892282944827e-05,0.00011942090687677035,166
104,0.8244574926487747,0.8155618442393684,1694982428.2915013,7,11,2.0659237348603665,0.02882740362062819,0.30000000000000004,0.0013241884882358814,6.930524186866266e-05,355
105,0.8217518870279826,0.8084076445539294,1694982843.5281892,6,9,2.5425251305776486,0.43766636317726954,0.1,0.0002446343039638925,1.9355170531686784e-05,287
106,0.8292828294456585,0.8162259736246378,1694983293.4298782,5,11,1.7856412123105607,0.4222634716147395,0.4,0.0001905098674267979,6.622872317687852e-05,129
107,0.822833988542587,0.8138314506554692,1694985162.5016387,8,10,3.578952860707603,0.33579919045319495,0.30000000000000004,2.3673032820265113e-05,2.580855197322731e-05,506
108,0.8325986564433946,0.8296032972508949,1694985455.438172,10,13,1.4551746130959209,0.3195634243599525,0.30000000000000004,0.00025468156680339234,1.9235895470055353e-05,333
109,0.8396475858961177,0.8334068598741327,1694985656.7990165,10,14,2.738081620891699,0.46235209076801403,0.0,0.009419753240833589,1.442060987809068e-06,153
110,0.8025762150456159,0.7893726321258743,1694986964.660009,7,8,2.8710112329931055,0.023996282024433657,0.1,1.5244389736110257e-05,0.00012899057933796583,364
111,0.8350540375235483,0.8266960236774296,1694987283.0464208,7,9,3.2410144870898354,0.17018964538273362,0.4,0.00029087260308642137,3.775794356853003e-05,76
112,0.825433058743096,0.8159923237670492,1694987557.1833932,8,11,1.687615081876197,0.2169416881058503,0.2,0.0002566652777133505,0.0008678607803640952,227
113,0.823090546100283,0.8233607852771159,1694987763.4205425,9,12,3.6673932673224483,0.177476425574786,0.1,0.0054082619550784635,1.350836513644142e-06,490
114,0.8134363541637054,0.8068084345301209,1694989732.5474262,8,11,3.9851569670173332,0.029181323073815824,0.30000000000000004,1.2396275692678011e-05,5.1704366046466296e-05,145
115,0.8419622332638765,0.8264164417225377,1694989949.1214247,8,16,3.6247076536371425,0.22591812471043532,0.4,0.0021498405489066025,3.051611568033077e-05,301
116,0.8228804306676772,0.8100573969599006,1694990245.489533,5,11,1.42666375921836,0.3634468766722813,0.2,0.000222144983353525,0.0004549816836766334,300
117,0.8093999705585074,0.8089315716063702,1694990690.7676964,7,10,1.2160361055093099,0.2090680668626579,0.0,7.47242942011634e-05,3.239877050406853e-05,497
118,0.8310418601168822,0.8191564228051575,1694991828.9191442,5,14,2.4997971132976,0.3885491146378915,0.0,1.7766746644482863e-05,1.5763614878496092e-05,421
119,0.809318204271606,0.8002670767512463,1694992077.9712234,6,14,1.8708939911856046,0.10844574380589767,0.0,0.00015702802909587038,1.3907352862730254e-05,360
120,0.80583785956408,0.8063614076500489,1694992415.7052934,5,9,1.0497276487028024,0.05689817822370341,0.30000000000000004,0.00016142491133107068,9.184995386507611e-06,314
121,0.8282511106000914,0.8299053097162978,1694993574.0584316,10,15,3.0988695471987517,0.45912929456602897,0.0,1.6255499716400864e-05,2.6425235716792495e-05,220
122,0.8362549182914139,0.8306192053414978,1694993756.0203025,10,12,2.6189473302800517,0.4476301828656104,0.2,0.004276644669190527,5.764282383767396e-06,186
123,0.8299030429161828,0.8161831926647977,1694994769.2224033,6,12,1.6603860220809437,0.33571458554063666,0.0,1.915582335265393e-05,0.00040792022510254824,170
124,0.8291267557586124,0.813879229971285,1694994960.6459227,7,13,2.57740590985441,0.038011939721053434,0.5,0.0071352115718889345,0.00027385578059481664,191
125,0.8363637054510953,0.8183254849313383,1694995172.7060902,8,11,2.664001932363,0.4872017344565013,0.1,0.001014821869579497,9.503894833532161e-06,411
126,0.8377483844473484,0.8255032017264134,1694995744.7822402,6,16,3.2551231627578003,0.38131604772255534,0.2,4.288382424244302e-05,1.331757768221345e-06,208
127,0.8333045767447672,0.8294100223122265,1694995974.8880155,5,14,3.011050095808505,0.2152358913724875,0.4,0.0004055323312179239,1.3169818200925171e-06,124
128,0.838055746875219,0.8279728397408169,1694996206.2354956,6,11,1.1569388393124302,0.3025583902501831,0.30000000000000004,0.0007118410615417847,1.9818317615606222e-05,444
129,0.8362989679433934,0.824894830399107,1694996397.473327,7,8,3.6192044453412984,0.32810077387204944,0.4,0.007166829606325335,1.421468206937891e-06,169
130,0.8152613889460424,0.7985033866655845,1694997170.4523199,5,11,3.591487436504356,0.04081199135753405,0.2,2.3802870258797747e-05,0.00020828443018864533,441
131,0.8342653657992873,0.8321748582632339,1694997419.8008287,5,12,1.7182331324132678,0.4762368908466296,0.5,0.0006947075314327189,0.0008326494355396169,218
132,0.8389273107560806,0.831571392154835,1694999430.5838876,10,11,1.707443911442541,0.4704139816006997,0.4,1.5657944739911982e-05,0.00040857761639915874,378
133,0.8346964331603528,0.8301752675075101,1695001217.7633388,8,14,1.7603171274993423,0.3002444776372722,0.4,1.4532521728557305e-05,2.463383419851589e-06,442
134,0.8255843474839205,0.8182283584923977,1695001631.59938,8,12,1.7448721869912958,0.14753928762474794,0.5,0.0001840762695998935,1.5605969964809854e-06,466
135,0.8309287102121168,0.8229590074891826,1695001853.5723226,6,15,3.645311869248422,0.24337537240916907,0.30000000000000004,0.0003817705023838653,7.489690690412464e-05,447
136,0.8102267811188274,0.8031571044443115,1695002065.713116,6,15,2.703070990357448,0.05755152048345169,0.1,0.0006136873296791586,5.228037700544338e-06,123
137,0.8390355349809123,0.8317888516854597,1695002286.3520784,5,15,2.8065509616781323,0.48178354359417097,0.2,0.0006121745834643395,6.265501912992363e-05,340
138,0.8393364236580125,0.8252410208803682,1695002477.2888587,5,14,3.8446284945628757,0.2673395285897944,0.1,0.001814586790020785,1.0518575001520319e-06,211
139,0.8433509935377894,0.8252574440500022,1695002670.4472091,10,13,3.565570851712406,0.3023360261745939,0.4,0.004349612522120652,9.182461657549897e-06,119
140,0.8298442162244016,0.8214151053608424,1695003245.9511728,9,11,1.3802071274260257,0.2949118240549446,0.0,3.986083107392737e-05,0.0002316880151451857,69
141,0.8314542098941992,0.8253089643713771,1695003436.125487,6,8,3.9924549781849885,0.2910149881717309,0.1,0.0061213665452856635,3.3216836640066507e-05,268
142,0.8215382532525672,0.8126952870874053,1695003637.7070377,8,10,1.9158648980422999,0.18582728836209123,0.1,0.0005670766934094514,0.0001223315283970831,96
143,0.8283147222380939,0.821552792992839,1695003863.6032956,10,14,3.418489488860225,0.37582020204064526,0.0,0.00027866912186542915,2.1727955803268554e-05,365
144,0.8300176001580722,0.8092336306403071,1695004667.8865037,7,14,3.044936012807869,0.3485742643763781,0.30000000000000004,2.8375413555289533e-05,0.00019160523425239173,414
145,0.8286792225531965,0.8251764613694919,1695004862.2094223,10,10,1.5300366792170244,0.1955495615533812,0.1,0.002795315206097674,6.927518575962587e-05,405
146,0.8392457911472302,0.8284498101882081,1695005054.283708,7,8,1.3451050361507386,0.18670356586859765,0.1,0.002898941796320832,6.293728803805514e-05,373
147,0.8147371558673714,0.7948936578034225,1695007111.5961754,7,8,1.7052329100585109,0.230801040445811,0.1,1.1924185054379524e-05,0.00015423860717962218,389
148,0.8369663272075701,0.8307485416830755,1695007352.1221058,6,15,2.28532742785322,0.43234307238176717,0.30000000000000004,0.0005534864231724107,4.001128175032785e-06,301
149,0.8360117304363954,0.8267023725208892,1695007571.7485147,10,10,3.61283682748316,0.45437263642919407,0.1,0.0011200130914246383,0.0004984973439660541,97
150,0.8176860900768942,0.8174658918863051,1695008747.40946,10,9,3.549306730053792,0.33355939434960197,0.2,2.8452911299418832e-05,8.055878072746508e-05,444
151,0.8222949784241146,0.8141846885081991,1695009034.4114528,9,13,3.8689045292656963,0.2949615635378849,0.1,0.00019408508755978105,1.0238539169480033e-05,509
152,0.8060984983994356,0.7966248120067092,1695009319.6529043,7,16,2.5564127522002424,0.08613985073856273,0.0,0.00012909727681206193,2.3456141855302716e-06,348
153,0.8118972902849549,0.8019242180312681,1695009559.5158978,7,16,3.7898668709599534,0.07461801615487501,0.2,0.00024251529439662124,4.817772245251436e-05,414
154,0.8419095988554408,0.8371894977027897,1695009757.7252088,7,11,1.785999114158007,0.4554030695433792,0.0,0.0029064689964209437,3.676251366943785e-06,371
155,0.8361091181653729,0.83268479923265,1695009972.4007158,7,16,1.3683163883482599,0.09378494630861978,0.5,0.0005626248936118134,8.467187050565336e-06,64
156,0.8479801475395947,0.8409194354738787,1695010181.1551197,6,9,1.6103014731102718,0.4481612784020023,0.5,0.0012614449802981177,2.5792475605383947e-05,435
157,0.8313258607484952,0.8268015479753228,1695010419.4590325,7,11,1.8268093082825763,0.46237040676918584,0.2,0.0003010527649877928,5.798481914634425e-06,461
158,0.8301673408280602,0.8233859633311291,1695010608.440884,7,10,3.1527848865842634,0.09543497158615372,0.0,0.003243346485283705,0.00017076850017150107,329
159,0.8295360093942568,0.8268450895545505,1695010787.2178922,6,13,2.915065962223519,0.16378472205616257,0.0,0.0043814291437026245,2.3981160362294678e-05,406
160,0.7929922492315236,0.7889713510689699,1695011243.2758586,6,13,2.286385481046393,0.19105032127456978,0.0,5.405053407987628e-05,1.7299149380145149e-06,199
161,0.8222623282028388,0.8057855566822727,1695011483.0472145,9,13,3.0172332968017774,0.004191539762515795,0.4,0.0003232526334384789,4.928620186241566e-06,142
162,0.8486670687897943,0.8363664299112054,1695011672.6089163,6,15,3.947769367915256,0.4568698124208158,0.2,0.0021911582234168873,4.3587681831740456e-05,430
163,0.8141535331620698,0.8070124357544387,1695012092.0897512,7,13,3.3617903425727844,0.050117321551566174,0.30000000000000004,0.0001252997025467833,6.500107378176733e-05,494
164,0.8359666956484292,0.8298582134056466,1695012291.5163605,7,11,3.3719109807687966,0.3225391995427132,0.2,0.0011664473604564747,1.6293141422906275e-05,125
165,0.8306784856714785,0.8304148936602871,1695012550.7947671,7,11,1.6539067901835036,0.46288740081821994,0.4,0.0006258390699936568,0.00017376904581677656,307
166,0.80896468118607,0.7940704503062364,1695013211.6029334,9,16,3.587850083515666,0.08372092875326065,0.1,1.6399508729079716e-05,0.0008630151415933105,170
167,0.8089047286245897,0.800115046010798,1695013529.743736,8,8,1.6323128262610562,0.25141219175920226,0.0,0.0001467642258429177,4.111148462864638e-05,216
168,0.8437762908166468,0.8372341258811427,1695013729.7857962,8,12,2.1718314962107175,0.34813504155055147,0.4,0.0011532127839637772,4.835860634906074e-05,224
169,0.8451673028299579,0.8362501948505073,1695013920.286526,8,16,2.790665574837919,0.4897950871797126,0.2,0.0016551443944446162,1.2966167748622216e-06,407
170,0.8291830492435703,0.8238659917789152,1695015912.8644512,8,8,1.8316003143477955,0.26741611625990575,0.4,1.4430380621093799e-05,4.437724442915707e-05,423
171,0.8335339726959711,0.8268628166431344,1695016102.2171092,8,16,1.2241943350442834,0.1384032313002933,0.5,0.001972492882994218,6.298266504707579e-05,438
172,0.7995000575600885,0.7886358868733578,1695016824.2442667,10,16,3.9955615212694178,0.06982466684205174,0.0,1.6611160063875573e-05,1.1072135007698534e-06,500
173,0.8321014442375033,0.826289635604637,1695017122.6521354,5,15,3.055518990723099,0.24377858374145905,0.2,0.00011506503163449478,5.774530067736378e-06,473
174,0.8294939300142508,0.8086377086344054,1695017312.8570366,9,8,2.3845637597413436,0.14065063626840568,0.0,0.004508641279167523,0.00020559666888631968,212
175,0.8291731978837027,0.8229937941840308,1695017692.7498393,9,10,1.92364733145294,0.4640545392503631,0.5,0.00037210534995781497,0.0007174729015285412,462
176,0.8270863983963113,0.8223292301591114,1695017882.4604375,8,11,3.131063734958828,0.227821712321027,0.30000000000000004,0.00935876604420836,0.00020977259460163412,214
177,0.8199148898800921,0.8070489920535765,1695018060.8344908,5,9,2.580555627675503,0.208551209053429,0.4,0.006303866605139345,3.416600844156328e-06,450
178,0.7891231980103632,0.783658983469133,1695018409.527666,10,16,1.1135877631612914,0.028791752804086856,0.0,8.670486541788353e-05,1.4692484395579255e-06,195
179,0.83805462100552,0.8264142840471322,1695018607.991288,7,16,2.4308527674603337,0.13911922121066517,0.30000000000000004,0.0008512826339755962,2.15643820602389e-06,404
180,0.8163495420102798,0.8116793324282686,1695019784.0110114,10,15,3.6715204972362683,0.19092119837788057,0.2,2.0171789516232905e-05,4.757959788286482e-06,500
181,0.8207820910158694,0.806720016407026,1695019994.0097895,6,16,3.6716568591349334,0.4612522486301967,0.0,0.004356788027023339,7.870183372573037e-05,158
182,0.7933435205776611,0.7820024010115183,1695020496.020889,7,9,2.333044472338382,0.04188747692273026,0.0,3.904712290236359e-05,0.00011832650164453417,321
183,0.8323409730159995,0.8247164884369863,1695020687.592842,10,10,2.8888238701567395,0.017215632653547808,0.30000000000000004,0.003887580948399293,0.0008961477766813793,68
184,0.8090533434248787,0.7955446859078121,1695022069.549942,6,10,1.1426127826832815,0.0050862281308878265,0.2,1.3691355179210224e-05,6.83887069646111e-06,351
185,0.8218198614110693,0.8257148246674517,1695022310.510934,6,10,2.771639566730701,0.19026703860482003,0.4,0.00030787317733276356,7.936477647283137e-05,222
186,0.8304124989550521,0.8169602817905453,1695023473.9785147,6,9,3.811241154396893,0.4024179230078973,0.5,3.5986662753789306e-05,0.0006301838780715935,484
187,0.814671433223683,0.8011056673874751,1695024163.8631203,6,10,2.6542947210201175,0.09264461968427617,0.2,3.597103531426967e-05,0.000695228798892081,285
188,0.8405779764687604,0.8255196559417368,1695024374.2448792,10,13,2.4529473190971567,0.48384762298059875,0.0,0.0007888412706942999,9.675314782325621e-05,258
189,0.8193519550305125,0.8095152305650027,1695024691.7232077,5,12,2.395401830554232,0.40337340538743177,0.1,0.00014937953009959846,5.254321244817946e-06,372
190,0.8032857944235111,0.7913036119082696,1695025394.208568,10,9,3.464340220678892,0.11549427964081665,0.0,2.6088526718044358e-05,0.0006389389248496538,462
191,0.8402455634400837,0.8259582228714774,1695025593.346499,6,16,3.549791605694257,0.21732739703583676,0.2,0.0007754593999178882,2.9791715014603587e-06,70
192,0.8400026570524901,0.8337216010721442,1695025781.763236,6,8,3.0234965324867726,0.27573441790638825,0.1,0.002190821586053689,2.7375136517547637e-06,173
193,0.8387642003834149,0.826718267913805,1695025980.161571,6,9,1.26381605131181,0.43498809013580375,0.0,0.0011249442687928314,2.2972202216514723e-06,68
194,0.8351895640885846,0.8318328279043373,1695026159.1946173,8,16,3.5813700020106554,0.16922569205912502,0.0,0.0025268418747070617,0.0002617910511294718,453
195,0.837892495768841,0.8326643246005638,1695026399.2569652,9,15,3.6924948469084606,0.22691497524500615,0.30000000000000004,0.0003299084098453916,0.00011911095688058368,370
196,0.8136668759846082,0.8104128080108807,1695027377.3729746,8,15,2.5173381603695995,0.41242928119261596,0.1,3.4315039167325524e-05,0.0008121041148721956,397
197,0.8203106330793465,0.8042754167410341,1695027585.8636343,6,13,3.8657867606145606,0.0403769539060394,0.0,0.0007201193723056616,4.714986314452907e-06,407
198,0.8176724389067918,0.8220824014064193,1695027845.321583,8,13,1.3234417023837772,0.042141525718278394,0.30000000000000004,0.0001695093987365847,1.827080033461114e-06,230
199,0.8467115738560671,0.8348672801439749,1695028065.2227054,9,9,3.6871873255861125,0.47492319444004366,0.5,0.0015497001433841702,1.655256427905134e-05,397
200,0.8393538746383495,0.8290167820888477,1695028770.468291,6,10,2.817689083653574,0.2974235667039588,0.5,5.8050005735185704e-05,0.00019886808678097964,486
201,0.8181702140475325,0.8242156904230661,1695028958.59775,5,12,2.9711209870741877,0.42166160695976124,0.1,0.003702352061084539,1.239071704640521e-05,464
202,0.8211868411727172,0.8041154227812833,1695029741.8057513,5,8,3.9442313972623375,0.3047509628867483,0.2,3.218418782453941e-05,8.906425905597765e-05,80
203,0.8365149941919197,0.823971748919478,1695029930.3299894,6,10,2.8223256805436607,0.32541562833784854,0.5,0.006063771504193853,9.580169275049766e-05,323
204,0.8409047601489413,0.828049941710166,1695030169.402456,7,16,1.4622375154970721,0.4475434043243242,0.1,0.0004420458004332732,0.0001112240680065597,170
205,0.8224708955646082,0.8113700242258827,1695030368.3916323,6,12,3.375591626754015,0.3462072310835378,0.0,0.005037634391728672,2.74924029820775e-05,489
206,0.8461231662045441,0.836183974395254,1695030557.4635346,8,8,1.6073891070236068,0.42711898645819135,0.4,0.004839701323085115,9.714892636446617e-06,301
207,0.8335001966049962,0.8238687237995727,1695030736.817034,8,13,1.6943888066027433,0.2134106747241178,0.1,0.0034422696415622117,0.0009120787446188916,93
208,0.8232687149801748,0.8107461455767764,1695031056.222093,9,10,2.876306134934299,0.1290648246409355,0.30000000000000004,0.0001298498802312282,7.664126045533784e-06,473
209,0.8451122759484115,0.8377944695271193,1695031255.9550812,10,13,1.643403342492078,0.4697094354530797,0.4,0.001791717031465108,4.3168206405759115e-06,436
210,0.8395843964592524,0.8321580159767947,1695031444.72166,6,13,3.132218709698759,0.37119171485355085,0.2,0.0019031638952598203,0.0005114553270662744,327
211,0.8213990676110087,0.8163279276682629,1695031633.1458259,5,9,1.3157875799883607,0.08636373166144001,0.0,0.0021622338908836003,1.312908731321911e-06,172
212,0.8424452313648159,0.8306681643935064,1695031813.1083195,10,16,2.8162660231811443,0.4881191322801942,0.0,0.007010004635108004,8.587925086313997e-06,422
213,0.8314478768771415,0.821689409548555,1695032003.0258296,9,15,2.3756524327075033,0.4653221960827242,0.1,0.006358233568380375,7.200437743783406e-05,506
214,0.8241043917643758,0.8075798112490391,1695032320.829317,5,14,2.6966627061411432,0.2462120236991598,0.1,9.560752035006647e-05,5.602561339615733e-06,162
215,0.8422763509099419,0.8333265136302528,1695032530.3723843,9,12,1.2495696660909932,0.38849209601369017,0.30000000000000004,0.0016525833087976081,3.517070544966434e-05,243
216,0.8403870008210406,0.8272513689674307,1695033318.4946887,10,8,3.798291723894575,0.465427483879984,0.2,4.399411780456009e-05,7.2050980259076e-05,143
217,0.846326948620092,0.8450516632867742,1695033587.7170923,9,10,1.8724184650980338,0.4579578950049785,0.5,0.00040377802105066103,0.0003877188730465789,222
218,0.8395480871614545,0.8256296508188874,1695033867.8730717,10,11,1.884436035395486,0.02078711697458363,0.5,0.0002481206400148947,0.0001598656074227966,351
219,0.8330557595412531,0.8261497902972349,1695034057.2320356,9,8,3.760136216229141,0.46342060895112075,0.30000000000000004,0.007793771449373842,6.9641258538385715e-06,334
220,0.8069040581691839,0.8046588620494421,1695035473.224156,7,13,1.9018968655712443,0.4096791923280101,0.0,1.3354656163162262e-05,1.4066600515981487e-06,131
221,0.826098447735299,0.8210496510293773,1695035771.2389994,7,16,1.3323863190878686,0.3237764929082136,0.30000000000000004,0.00011474326881821595,3.93185676119315e-06,163
222,0.8195356125251878,0.8111968358481841,1695036835.5221903,5,14,2.961520597588765,0.2218848963623612,0.4,2.1376072675534465e-05,0.0006548736559310818,444
223,0.8356100764212204,0.8294405247019528,1695037025.5511942,8,11,2.249700187044242,0.24107696107873372,0.5,0.0038974348549599583,2.715010713403555e-05,312
224,0.8422408860144184,0.8287442940739587,1695037205.5115566,10,16,2.917554267604738,0.37426016004487683,0.2,0.005676556400917669,0.00032378457075796994,311
225,0.8284548930156392,0.8201022142065013,1695037386.1451018,10,15,3.4252340698184254,0.06534641219869403,0.30000000000000004,0.005039057848798424,0.0002053503709267338,252
226,0.8362231124724127,0.8341733003284542,1695037576.3737617,10,10,2.000830686543693,0.4771002537147945,0.4,0.005023657394392206,1.0833499515275208e-06,234
227,0.8342615659890527,0.8251657661295317,1695037937.3826687,6,10,3.2139864892115226,0.36204242243203705,0.2,0.00012468763386338984,5.676424149365965e-05,303
228,0.8310852061002997,0.8241991430706751,1695038146.643957,8,13,2.1869448168026464,0.3858592412077292,0.1,0.0009274324848596253,0.0007606615160445143,65
229,0.8398726191022372,0.8275670415361208,1695038335.529493,9,8,2.6313624749914757,0.3134580083401673,0.1,0.005514823603928476,7.361013022913345e-05,168
230,0.8121722839589745,0.8065277349304147,1695038884.0322473,9,8,2.6656759555940335,0.04747803490124575,0.30000000000000004,5.7403759753611266e-05,8.879743559736436e-05,385
231,0.8336842763008088,0.8264717030494722,1695039214.5915473,8,13,3.439881535975167,0.40375613582151604,0.30000000000000004,0.0002255835289692934,1.6743643444652417e-05,456
232,0.836265614053556,0.8270026153820027,1695039404.0858586,9,9,2.69719643988779,0.45440401615002846,0.0,0.003439957100875607,0.0002888067896249566,288
233,0.812333283325954,0.8158779359248638,1695039602.75643,5,9,3.7679160840660137,0.022077398015931227,0.2,0.000719645980736764,3.8980204817366195e-06,504
234,0.8293144945309472,0.8206528715974196,1695039840.7321246,5,12,2.854033973039934,0.11549497433485195,0.2,0.00029718411190278227,0.00019979615630615177,348
235,0.8324582041984245,0.8188548294565597,1695040559.6426785,7,14,2.360132279566595,0.26285579567070483,0.30000000000000004,3.4961185109048416e-05,0.00023128563162136666,334
236,0.834133779778198,0.8286286333585124,1695040794.376396,10,10,2.3987994224997204,0.4478209012997233,0.30000000000000004,0.0015061788245775297,1.7418489561521528e-05,371
237,0.8271021605720993,0.8146569244879734,1695041545.7389863,10,9,3.4220957916319614,0.4847690060499482,0.0,4.4221020408170605e-05,2.2497318715690163e-06,408
238,0.8310576222926704,0.8272013388391415,1695041808.4795916,5,16,2.1688360476379156,0.4526013829665202,0.1,0.00021019220177302244,0.000342322509344209,331
239,0.819379257370717,0.8066969028913502,1695042742.56794,7,12,2.7216565806770423,0.2201596037927966,0.1,2.197340115201863e-05,2.8423907562345845e-06,87
240,0.8263624641797519,0.8107023245863451,1695042967.5999315,8,15,2.0773580167723322,0.03765543631790891,0.2,0.0006397694756604558,1.8889062201158644e-05,428
241,0.8304285425982652,0.8229106693509597,1695044800.1962183,10,15,3.1119984948396655,0.23514946239108764,0.4,1.0971220198304676e-05,0.0008860012926411426,141
242,0.8065367431798333,0.80766687888465,1695045045.0583339,10,15,3.400419053160963,0.13446802889253245,0.1,0.000193375780116799,0.00035327532304125163,266
243,0.8459996020050613,0.84348806266858,1695047097.2572713,10,11,2.858176497090279,0.4903495181778901,0.30000000000000004,1.3692875143450433e-05,2.458506001863199e-05,214
244,0.8326251143813247,0.8234096977605906,1695047291.17193,8,10,1.3667836906900084,0.3341444943754009,0.4,0.003994090489887329,2.4954247644793574e-06,422
245,0.8195371605960242,0.807291691729593,1695047536.331625,9,13,1.6147664373419015,0.13071035720291896,0.2,0.00042208237573783847,2.705913234545397e-05,273
246,0.8323093079307107,0.8309460388354873,1695047721.5377502,10,15,3.4502618931303,0.4389007093173498,0.30000000000000004,0.007800247806183997,6.601354337085378e-05,335
247,0.8246030113073908,0.8104253039008196,1695047914.2949753,6,14,1.155897065516083,0.06727321050597113,0.0,0.0009238551022671367,3.357358944217663e-06,217
248,0.82105595882019,0.8065019825311495,1695048148.1984675,5,10,3.8926729745478825,0.25456970125818384,0.0,0.0003707025685442703,0.0006769056697153941,452
249,0.8097776998425754,0.8057999308364132,1695049148.8780997,7,10,3.285189588078225,0.1202421624015439,0.1,1.7875535567882693e-05,0.0003912301213089109,265
250,0.8345779353745164,0.8158135005967448,1695049348.1181798,8,14,3.389466601393587,0.22375406949515692,0.1,0.0030633636492193705,1.2387791282842566e-06,489
251,0.8345594992581925,0.8241654740206412,1695049564.9237888,8,15,2.825696310920676,0.12582979207616185,0.1,0.00039697913134884006,0.0007695460946685171,146
252,0.826376396817279,0.8188118777454285,1695050124.0631351,8,11,3.309176034871557,0.401433243216212,0.2,4.096071226609211e-05,1.5895287263107546e-06,153
253,0.8367601523189115,0.8273514602696983,1695050339.816967,6,13,3.6192504918233066,0.06411546942274315,0.5,0.0011207597651806188,0.00016822584058018305,505
254,0.8149610632037918,0.8148224290575731,1695051266.0751083,7,12,3.0376388505871557,0.25643757129499567,0.1,2.0708756338911445e-05,7.158078175951398e-06,409
255,0.8140074515686038,0.8147836219459617,1695051612.0460606,8,15,2.55136159591128,0.11605001092316752,0.30000000000000004,8.166133397956285e-05,1.2262703704594877e-06,469
256,0.8196387703363732,0.8091200034175093,1695052550.764246,7,11,3.223755205995577,0.4742292021528968,0.0,3.2968809446510735e-05,9.269844892859464e-06,175
257,0.8075038652514109,0.8007664466634592,1695053245.08631,7,15,3.5619172448265277,0.2979149710293508,0.1,3.6264196959845735e-05,0.00016989145555522126,170
258,0.7921833118526778,0.7922161223306956,1695053814.4300807,8,14,1.6847473138461577,0.08725059378637201,0.0,2.7714465874941817e-05,0.00035835768373489613,110
259,0.7911931094522671,0.7774938373530619,1695055341.6583242,6,8,3.0290699063538358,0.1158515707323598,0.2,2.6176013982007773e-05,1.3541035068811858e-05,254
260,0.8249497791747318,0.8154434515032649,1695055657.108174,7,11,1.308269691622493,0.386290133315772,0.0,0.00018744640819120243,6.5443774174111465e-06,199
261,0.8297938335553642,0.8235816908792515,1695055871.9649951,9,12,1.5702611514398217,0.23456721991668855,0.2,0.0012986484297828,4.767444075948923e-06,443
262,0.8304316387399379,0.823456747502708,1695056065.3800604,8,12,1.7610574206630405,0.09307783486833199,0.2,0.008820094808975651,2.504486603471857e-06,191
263,0.8349348360691499,0.8260880559440837,1695056281.198746,9,13,1.836275226080311,0.15732380338755592,0.2,0.0006432211063812396,0.00014388525859650286,448
264,0.8218124025243124,0.8156995939627436,1695056691.1552196,9,10,3.77716160600878,0.39059770033788305,0.1,8.220475227497628e-05,0.0004400529687982122,120
265,0.8202610948125835,0.8137795267401334,1695057536.6077657,8,10,3.4816009754179187,0.18226172377794414,0.4,3.777927951192497e-05,2.7818755188178133e-05,424
266,0.8244318791131187,0.8245356938654123,1695057821.2362506,7,9,2.946946667945942,0.3766629029471962,0.1,0.00022598810669708025,0.0005027438158791103,455
267,0.8241571669065239,0.8170432979637039,1695058117.678012,9,13,3.452146811191377,0.4538223230499195,0.0,0.00015548313857732297,4.8331363917027e-05,393
268,0.8275001555107523,0.8170122833201042,1695058340.5984015,5,11,1.8388635383495466,0.21175502655259149,0.2,0.0009550930186972405,3.081118608413003e-05,342
269,0.7913521385472734,0.7935310625005297,1695059462.645356,8,11,1.0149290941337963,0.09725820692980092,0.1,2.7601607609927933e-05,6.251606654974565e-05,338
270,0.8321010220363663,0.8237850401440941,1695059656.2093258,8,10,2.9597741560733635,0.09514174133952186,0.0,0.001602603386233272,2.1404817321173923e-05,377
271,0.8076409398872835,0.8012427185828414,1695060282.7574408,6,8,2.1343257603490637,0.347998255222747,0.0,3.868144603561582e-05,2.3006891862815767e-05,342
272,0.8272614711345304,0.8199939423651059,1695061230.010072,9,8,2.8738708214669235,0.1936802610722404,0.4,4.080197007431887e-05,3.8349207417371224e-05,141
273,0.831716396800391,0.8277153157481649,1695061433.1377947,5,12,1.5525333296826793,0.31917166500169375,0.30000000000000004,0.0021126917674370404,1.5096619458704632e-05,508
274,0.8309091482260939,0.8191016892549411,1695061666.752472,8,12,3.2483274122565087,0.2863441466462077,0.2,0.00029358533379278764,3.6933045819196887e-06,240
275,0.8150576065304946,0.8039591543042472,1695061888.6380177,5,12,1.8234223384107124,0.26335793017930786,0.0,0.00046265823803575155,7.5682183067614055e-06,323
276,0.8291965596799602,0.8258983357368388,1695062399.823383,9,11,2.9894704686458966,0.11945497743510602,0.5,5.3534723613113744e-05,0.0006644850940414357,161
277,0.8391560030387224,0.8265533997808361,1695062593.89502,7,15,3.1497641403842027,0.3527902060603345,0.2,0.001830311786314273,0.0005752554356362271,262
278,0.8379625811576137,0.8196195003065917,1695064627.516981,8,8,2.172319221012078,0.23361928316662295,0.5,2.1462105272320817e-05,0.0001561035607813006,308
279,0.8261130840413881,0.812401719049489,1695064817.862836,8,8,1.4402421392823386,0.14199161273309258,0.0,0.0010173570369298732,0.00040810681464719984,309
280,0.8336468411333116,0.8238308170129508,1695065021.8239093,8,13,1.9065445012474125,0.18336599083047084,0.30000000000000004,0.0026770085061464007,4.0252226075229475e-06,211
281,0.8084633877025194,0.8011781901176542,1695065256.9663432,9,11,1.1428327861196652,0.07817846433812581,0.1,0.00030572931811788184,8.04220025893202e-05,459
282,0.819233457244676,0.8124897180557785,1695065790.3751254,10,10,3.2601402193767575,0.1412140152794863,0.2,7.554047063884533e-05,1.7420965014962138e-05,160
283,0.8447228657662148,0.832018853674557,1695065992.9931269,6,9,3.889054718786604,0.2519915046993914,0.5,0.0017317309638167514,2.361108056223008e-05,402
284,0.8306438651782293,0.8165913813875691,1695067815.2802782,8,10,2.5649779402398156,0.3561560978237146,0.1,1.090356484323918e-05,6.379527111266201e-06,421
285,0.83765268552292,0.827232974396527,1695068044.7703593,10,13,1.398422453741233,0.3787851796237106,0.30000000000000004,0.0018264475909992833,0.0003765608010888859,489
286,0.8368565549119021,0.8310522616613896,1695068229.4584725,8,15,3.2277641730896405,0.36355059420183844,0.5,0.005875016927452633,0.0005084262962775606,241
287,0.8251152820205082,0.8172120312849894,1695070274.007949,5,15,2.616794659922903,0.2710380773695615,0.4,1.2472472444619501e-05,0.00043040891296117396,79
288,0.8210708765937036,0.8155643123716668,1695070521.4961443,9,13,2.9252475425007898,0.18704009386912807,0.1,0.0003374626746565569,0.00045443246637143973,317
289,0.8406057010101021,0.8270422141586908,1695070726.9055476,8,11,3.9164172613643564,0.3712612261758549,0.2,0.0009132571856433752,4.244721837710346e-05,460
290,0.8368186975432679,0.8215604612780932,1695071333.9741018,6,8,1.5738161552235104,0.19352311630254293,0.5,6.494335811180923e-05,7.569660636621507e-05,343
291,0.8260044376154192,0.810744810612137,1695071640.051067,7,8,3.234501619097478,0.14786276721194058,0.2,0.00013543119251740071,9.790568155012731e-05,102
292,0.8213237750748774,0.817361857781498,1695073398.1757503,8,8,3.9491169506182504,0.2992136111940074,0.2,2.755775229836737e-05,0.00012320688548961094,470
293,0.8491374008566179,0.8400354094713756,1695073611.1299412,6,14,1.8624943061235628,0.4786126711871967,0.4,0.0007499749877603385,0.0006197323964586706,184
294,0.8438795893615446,0.8344366764335371,1695073813.7313848,10,14,3.3140875216043857,0.2858176682174757,0.5,0.0012440716626472583,2.7531261108909906e-06,338
295,0.80973449459287,0.793417047206616,1695074047.0468407,6,16,1.5946968706304614,0.14285824768565142,0.0,0.00022015950096987503,4.707208611008099e-05,321
296,0.8387975542732525,0.8257799430007353,1695074262.150233,10,11,2.3425851387737655,0.42561883125074873,0.30000000000000004,0.0009161757758640609,6.840344760767851e-06,282
297,0.830878609010504,0.818633753103133,1695076294.4661975,8,9,1.0987261497776033,0.05670550056541307,0.2,1.18053863301316e-05,7.561827872165491e-05,107
298,0.8304067288728441,0.824726640377384,1695076488.5983918,6,11,1.3474802401187471,0.1352759968987332,0.0,0.009018548825158392,6.834721526016287e-05,233
299,0.8390718442787102,0.8308854686956847,1695076710.558337,5,11,2.357675879159303,0.4655015968822514,0.1,0.0006987883778559009,9.897034034539169e-05,147
300,0.814308621713129,0.8022672263293771,1695078582.6881294,8,15,1.2897371032852405,0.3030176490844811,0.0,1.0498812301183887e-05,1.50864070526983e-06,280
301,0.8446201301561664,0.8272059801696903,1695079216.31453,10,11,1.2250979180096224,0.4306762372415144,0.30000000000000004,9.053314485659224e-05,0.0007746348229177521,485
302,0.8325477108395076,0.8267814303686636,1695079460.5125613,6,9,2.7667261099182316,0.42125910492077945,0.2,0.0005744976603968477,3.0671498772360903e-06,151
303,0.8210900163785895,0.8066476333824487,1695081019.2412248,9,9,1.7977211231434824,0.3447474315888347,0.0,1.249059743763391e-05,7.28748745362252e-06,215
304,0.8225885489481702,0.8088671673239402,1695082011.8099444,7,15,1.1079429029759256,0.17919762231266256,0.30000000000000004,2.6854206770818746e-05,0.00037429656673696024,353
305,0.8246981472969697,0.8136496626218377,1695082204.385332,5,9,3.236494992244494,0.20170331416708642,0.2,0.004595843529278039,2.5842269357036364e-06,497
306,0.8316211200770997,0.8301872045750418,1695082417.0709531,5,8,1.6697152928213304,0.40329254113025703,0.2,0.0009114931868656435,3.3339832420652734e-06,138
307,0.8350308164610032,0.8256901899130009,1695082925.5445485,8,14,2.387423395645085,0.4348070425605564,0.30000000000000004,5.588178439151337e-05,5.066483847436703e-06,231
308,0.8288580951016505,0.8177326519715208,1695083130.4765098,9,16,3.5857179979564986,0.13080539634146088,0.2,0.000683332848739497,4.3702206765414905e-05,238
309,0.8371435109514753,0.8257090501692441,1695083344.4236615,5,14,1.2644054917763015,0.4330387146868598,0.5,0.0013346038536816535,2.87921251524724e-05,377
310,0.799333147377188,0.8019919131567627,1695083609.0960763,7,15,3.359251246839543,0.07776429193681084,0.1,0.00010763401241811293,1.2374022345776327e-05,318
311,0.8215016624873446,0.8124549779294642,1695083975.4168956,5,13,1.604895277169903,0.20823127808655406,0.2,0.0001112193387434298,1.4120202673603039e-05,144
312,0.8172513636393062,0.8051263014702215,1695084358.3503163,5,12,2.787600836849953,0.0727498946108544,0.1,7.229885087195195e-05,0.00031063765617793604,132
313,0.8405152092330324,0.8344535963341996,1695084573.1772234,8,13,2.0302602793260167,0.1753085946534768,0.5,0.0004571217107672187,9.08225314711405e-05,284
314,0.7959504718660643,0.7921104893728897,1695086114.9536777,8,13,1.435519878760287,0.1673402664422966,0.2,2.4180483738727523e-05,1.2280610884623827e-05,166
315,0.7787899659114802,0.767877543755717,1695087189.3701177,10,11,1.6803679619987948,0.2040907014261411,0.4,1.5734972813418063e-05,3.484878498010788e-06,375
316,0.8204189980378906,0.8211925853828637,1695087392.7828014,9,13,3.6375956816097865,0.08440009503879681,0.4,0.005646514883715049,2.832819982940714e-06,173
317,0.8176130492801611,0.8166580364824726,1695087587.2569242,8,11,3.0719172423471823,0.028783809212553746,0.0,0.0014083640134553107,0.0008163118393162003,481
318,0.8382854242938473,0.8289308631437404,1695087780.439443,10,9,1.4377867542148104,0.03613237840743633,0.30000000000000004,0.004440772436542614,3.9389067571908516e-05,414
319,0.8244318791131187,0.8108093080316346,1695087995.1309636,6,15,1.5622743121760543,0.027382063033261628,0.2,0.0004627146927434881,0.0008170074722680806,105
320,0.82332543066627,0.8156419731634231,1695088430.6195567,6,8,2.1713189102128494,0.14450554159388485,0.30000000000000004,0.00011085876733310739,0.0006090936259990922,418
321,0.8240518980896523,0.8186816876473951,1695090453.0592434,10,9,2.725210500966142,0.10739126794242937,0.5,1.1093236329364561e-05,2.0760253169386608e-06,232
322,0.8281196653127145,0.8219197064717005,1695090635.6414735,7,10,1.2881889962798176,0.05936520255629679,0.1,0.0071183363031407,4.190054717953561e-06,399
323,0.8316895166613234,0.8194019010703653,1695090837.2243679,6,8,1.0481566275011862,0.07635296559058824,0.2,0.0018522657341942053,0.00015361895123593947,222
324,0.8061972934655368,0.7983122383566323,1695091677.8879635,7,15,3.515208719136937,0.15995835020899274,0.0,1.3829055821626456e-05,0.00016346400407168588,186
325,0.827354355384711,0.8201955220256592,1695092170.7820146,7,9,3.5413387482465835,0.25168880481827655,0.30000000000000004,7.315411560018959e-05,3.435561221054019e-05,64
326,0.8286795040206215,0.8184806823320938,1695092363.3254418,6,11,1.851852658867108,0.042976113788708914,0.30000000000000004,0.0023197297920241346,0.0006726595413396006,287
327,0.8388067019645582,0.8335671177222422,1695092554.9572854,8,10,1.4474785267605665,0.06593584536422054,0.4,0.0015973802335756894,3.4518351743390775e-06,249
328,0.8409461358603855,0.8331977205882376,1695092758.0732913,8,9,3.3561068496065976,0.3099961016601195,0.30000000000000004,0.001269475359834746,0.0009152700391289292,316
329,0.8406186485116425,0.8312561076572609,1695093528.855313,10,11,2.963408053682303,0.4626305939293831,0.30000000000000004,8.114131240296596e-05,7.24164250834422e-05,221
330,0.8448970941021596,0.8300103993745411,1695093882.7337034,6,13,1.480969695965161,0.24336946787887664,0.5,0.00014182171274521944,3.688822682919801e-06,274
331,0.8294304591099605,0.8211095071183263,1695094066.6006124,10,15,3.4834097183776667,0.0057377563029066825,0.1,0.009991423389620536,2.285861071336563e-06,284
332,0.826537818385396,0.8190958526653547,1695094248.3787353,9,9,2.9872275420737435,0.24404022276066206,0.1,0.004324043753194557,3.5031779020350518e-06,350
333,0.7908621037607144,0.7915791113550198,1695094471.7234292,9,13,2.8865247057915733,0.059482698311002224,0.1,0.0005766159105414124,1.5359997638393754e-05,362
334,0.828485150763804,0.818855124390608,1695094714.1314425,10,9,3.709818102611005,0.19158792521554663,0.5,0.0007114541861490773,0.00023457761339577767,295
335,0.8214289031580364,0.8143193181398007,1695096509.0175219,8,10,1.3880941216820664,0.19191095593021185,0.1,1.2548614207998617e-05,6.678216426312276e-06,145
336,0.8468214868854476,0.8373089615151736,1695097350.4685657,10,8,1.5516867972456496,0.3520153477681671,0.5,5.680353409897335e-05,1.1585196233145918e-06,495
337,0.8307536374738974,0.8242822213352123,1695097533.2219403,9,10,2.4171203266457195,0.2996279369393817,0.2,0.004202071035849516,0.00015084043109288606,492
338,0.8458208701903197,0.8345071967167569,1695097724.7499776,7,16,2.437301722677232,0.3211613193242357,0.4,0.0026792541187622334,1.544465109865103e-05,265
339,0.8331618727603988,0.8194677800230364,1695098376.044615,9,14,3.8225476281239317,0.4897989357089206,0.1,4.827899660220334e-05,0.00014059158976973416,399
340,0.8271739347654208,0.8124088285123362,1695098730.908411,8,15,1.7559713863322155,0.1697436971483962,0.2,8.812137537931332e-05,4.328299136706587e-05,370
341,0.8342559366405568,0.8291979957772274,1695098921.884832,6,12,3.9789440729124355,0.16208065159061746,0.0,0.0028317518170214127,3.2353431559791883e-05,87
342,0.7858438210441371,0.7847010165072724,1695099328.2458646,10,11,3.787819546421191,0.20103908690028077,0.0,5.443815933011933e-05,1.1240393551349918e-05,401
343,0.8170163383396067,0.8138605715120223,1695100987.760562,6,11,3.6197362594479063,0.2668805456863916,0.0,1.1845883608228066e-05,0.0001310477001134071,503
344,0.8269603009900053,0.8150143379859127,1695101494.673714,9,14,3.0263425470340595,0.3977513551493326,0.0,6.223646187268465e-05,0.00012195303359724043,453
345,0.8212732516721276,0.8080344908915208,1695102315.5154757,9,9,3.8089253798370795,0.45168935005542643,0.0,3.793150834263194e-05,6.69235687255719e-06,395
346,0.8273751839741456,0.8188717027886884,1695102518.466163,10,13,1.5989367119549867,0.20754494381068123,0.0,0.005651823105788307,0.00019660421354736527,293
347,0.819271596080735,0.813337063576387,1695102770.7065887,7,8,1.9560260689009819,0.06031639767869823,0.4,0.0004311725656102496,4.806535389140409e-06,164
348,0.8229218063791214,0.8069297766067067,1695104780.9732976,6,10,2.1631153953442297,0.14877446618861861,0.4,1.2741508782527645e-05,9.64563768769651e-06,398
349,0.8290234572137145,0.8238355204348782,1695104973.4043882,10,15,1.7224786287146618,0.11645773419191585,0.1,0.004441120986968211,5.170910985943403e-06,404
350,0.8070619613944909,0.8045640329915089,1695105343.5643783,6,8,3.2003431002062976,0.36310090489760044,0.0,9.552208068353292e-05,0.0006999965032730035,137
351,0.8267704512119846,0.8124096667459471,1695105534.9027152,5,13,3.7929695960379157,0.0668891538715457,0.30000000000000004,0.001127191336989115,3.2770968672368335e-06,69
352,0.8200294471219814,0.8066070411437034,1695107548.9834719,10,8,1.7723748514230238,0.32584201587033423,0.1,1.0693571798926998e-05,5.325440090753586e-05,202
353,0.8357676981791027,0.825143180390574,1695107748.9564986,5,16,1.4949168036968574,0.36361772057163855,0.5,0.0037682989314507995,3.570846663628059e-06,170
354,0.8179384256232183,0.8061491793180697,1695108296.750675,5,16,3.6613635299719194,0.2977330844847714,0.0,3.316102457964007e-05,5.381224524605403e-05,176
355,0.8264978500110758,0.8177555947359054,1695108527.187751,6,9,1.5687751572182944,0.2317105771952257,0.30000000000000004,0.00034256238135019863,0.000980429562986917,122
356,0.8369833559867699,0.8308542677779492,1695108718.7702906,9,15,2.754647796311562,0.2313690901346626,0.5,0.0030516917050977966,1.415379196855174e-06,496
357,0.8284692478543035,0.8262632622915861,1695110018.5907617,5,13,2.717292450781218,0.4171898323952584,0.2,1.875523918808567e-05,5.559833783189652e-05,75
358,0.8392798487056298,0.8331122207599356,1695110209.0540254,7,16,3.6063366086650603,0.07624837088060271,0.4,0.002710133959945775,0.0006090061206057127,164
359,0.8252078848032641,0.818277907412503,1695110712.6613462,7,15,3.0020013549945928,0.29696807169188477,0.30000000000000004,5.1945512855813e-05,1.1929445423107057e-06,394
360,0.8380298518721383,0.8283167638867601,1695110903.2772706,6,11,2.8378481624486622,0.3285825211817585,0.1,0.003006731264881088,1.3823557257915864e-05,347
361,0.8443482326238195,0.8276752047176036,1695111155.8590536,10,13,2.0767334253665704,0.3094850543700711,0.30000000000000004,0.00022757719662737518,0.00015733023967739857,479
362,0.8326099151403861,0.821193051068203,1695111345.6365955,7,8,2.708960670052222,0.1224754275574172,0.0,0.0023143051401340576,6.581194256125175e-06,412
363,0.8295375574650932,0.8225725662717582,1695111546.3563461,7,10,1.9420763501526903,0.02101238004305722,0.30000000000000004,0.002955661319080521,1.785196626576208e-06,112
364,0.771729637028053,0.764493191074948,1695111938.0436208,8,13,3.084237977009985,0.156610847573443,0.0,0.00017526235341260469,4.765763783688907e-06,64
365,0.8218677108732837,0.8224592805515428,1695112138.6366663,9,16,2.1734552816050847,0.15014921468573156,0.30000000000000004,0.003596903398515449,0.00024260641152514556,371
366,0.8339713730740944,0.833065186540663,1695112318.7279062,7,14,1.6480760537548211,0.14197171892312338,0.4,0.006165104026564151,3.7166230058947442e-06,196
367,0.8332882516341296,0.8216806391413309,1695113357.0412412,5,11,1.6308852152578028,0.3207123912768107,0.4,2.271606711771111e-05,1.763729610264657e-06,470
368,0.8212279354167366,0.80668032449327,1695114877.2695546,7,12,3.8897246947410116,0.37952700610816764,0.1,1.80945548501811e-05,4.055758154653932e-05,214
369,0.8335973028665487,0.8240855468935668,1695115065.9375978,5,14,2.1547273895619483,0.28566057502936776,0.4,0.0066457233701124035,6.870162602864188e-05,205
370,0.8353097506789697,0.8282299756623528,1695116049.7322018,5,8,1.9590723216181885,0.3304195694780025,0.4,4.199079723318785e-05,1.7716903340522725e-06,201
371,0.8079055192665859,0.8036214237733172,1695116630.963594,8,14,2.5889719617101274,0.14349187637353727,0.30000000000000004,6.230314436420858e-05,9.079851442802194e-05,442
372,0.8451991086489592,0.8342728017626253,1695116831.4440098,8,13,1.9214263278125838,0.4383885199689806,0.5,0.0021499991767927563,5.2593439382054106e-05,127
373,0.8251527171880053,0.8135785369476767,1695117570.7918682,6,11,1.8756856630823973,0.2229764073744639,0.30000000000000004,4.3525500276754316e-05,5.6140886076490035e-06,114
374,0.8444329543186814,0.8271388128209134,1695117939.5464013,6,12,2.4694233541302646,0.49778860592319807,0.5,0.00020402731535539663,0.0008242555220811446,160
375,0.8400476918404564,0.8251127245693815,1695118209.96573,8,12,3.9028266925376385,0.4180881115676792,0.1,0.00020826548712459285,3.2020706871817054e-06,301
376,0.8518932484127347,0.8344316625547169,1695118460.0057197,9,8,1.57407663260716,0.4887277821965081,0.5,0.00046749285462812225,8.675053553438556e-05,186
377,0.8442010251606547,0.826587891541636,1695118650.8009334,10,14,3.000423985416285,0.0055516666849614316,0.5,0.0021626122367628215,0.00011344150791540873,396
378,0.8363463952044706,0.8194686958708706,1695118839.2057016,5,14,1.2904552320796303,0.35347472401931707,0.0,0.0021311664094708104,2.9831257049847346e-05,155
379,0.8299551143897687,0.8215754408231751,1695119019.7872536,9,10,3.6514527699925354,0.09011676261611101,0.5,0.008170534048906743,8.19324104828299e-06,451
380,0.8376177835622461,0.830102527457506,1695119562.4826274,10,11,2.0910532235583545,0.1412187366175225,0.5,5.8513096415097545e-05,0.0005781317134484344,256
381,0.8388788983590169,0.8346420126224942,1695119873.7194874,10,15,1.4673319768465385,0.2871416771754416,0.4,0.0001649913659329952,1.0342633454363923e-06,210
382,0.8431503072639143,0.8341707080133984,1695120154.3631513,10,8,1.3162592393179515,0.35089367325595794,0.30000000000000004,0.00031224858212529555,1.3207759637390875e-05,334
383,0.8258673629795465,0.8214012434605749,1695120365.1991632,10,10,3.534284088530905,0.20830957428605917,0.30000000000000004,0.0015447924410848077,5.972623277245076e-06,477
384,0.842368672225273,0.835400536426047,1695120554.728884,9,13,1.8190265119357532,0.34792422817972296,0.1,0.0028142197786430396,1.0824737289670058e-06,138
385,0.8444444944830978,0.8358596866477861,1695120814.932862,8,14,2.477441961739331,0.43890475073997504,0.5,0.0002470763645918011,0.00020135431385205735,286
386,0.8460781314165777,0.8357829572267084,1695121497.2659228,8,10,1.3286251516488055,0.4895044687870951,0.4,7.180432390843383e-05,5.721173960114121e-05,234
387,0.8323974072346698,0.8268527888854942,1695121686.6367567,6,11,1.8915633825901828,0.008312053266452957,0.2,0.005790805942694177,0.0003052114176632975,321
388,0.8128632864868334,0.8017252617314597,1695122175.0239494,6,10,3.8680587508928017,0.28230504953435587,0.1,5.6033293927086836e-05,0.0007564645970034692,171
389,0.8295647190715855,0.818638472047905,1695122374.4923654,5,9,3.2986744207537573,0.3543821279656307,0.2,0.0024066532478252663,3.5689303822887425e-05,249
390,0.8341968284813509,0.829580106120996,1695123049.5139687,5,15,1.8267796432309504,0.3081303616649302,0.5,3.7004459584839654e-05,0.0007862560050103803,357
391,0.833389298439629,0.8181854378269557,1695124592.3570888,5,14,3.855327334771281,0.28139027484471246,0.4,1.1996198313050021e-05,0.0009273145124273808,206
392,0.8144566735785685,0.8025084202894632,1695125689.682038,5,15,3.9197576553012046,0.36879425495834056,0.0,1.5491074198858278e-05,5.6598929313555257e-05,214
393,0.8396187354850768,0.837487613934187,1695126153.2475076,10,15,3.9625567261133248,0.35791598453629686,0.5,9.098092240490665e-05,2.1554147760603748e-06,452
394,0.8148890075430455,0.809350300340655,1695126432.6512465,6,11,2.938090771214718,0.3025495670777563,0.2,0.00014402952738632683,2.333689786896732e-06,303
395,0.8374534065861688,0.8299990832207953,1695126622.2726817,6,14,3.0246117524935,0.03596348240460723,0.5,0.0021946779824786548,4.824781616112479e-06,77
396,0.8403646241607697,0.8265727567681078,1695128458.9136477,7,11,2.639534498092684,0.32983197771246053,0.4,1.0980776206830102e-05,0.00013895895569412657,196
397,0.8215626001848114,0.8107804821091299,1695129033.1388748,10,15,2.6812035432543455,0.29888284268841964,0.1,4.772597020292153e-05,2.8976073528135967e-06,233
398,0.8091448203379354,0.7983004720403919,1695130158.4711907,5,12,2.9154338662046424,0.06110618911849164,0.2,1.6257121033858687e-05,3.7781879782699264e-05,355
399,0.8156607912218191,0.8148342108966582,1695131077.7293642,8,15,1.7066987095072612,0.3090909209202228,0.1,1.8463036074000462e-05,8.237291114887663e-06,96
