trial,score,test_score,time,max_depth,min_child_weight,subsample,eta,colsample_bylevel,colsample_bytree,gamma,lambda,alpha
0,0,0,1693504491.60029940,0,0,0,0,0,0,0,0,0
0,0.5913963192258518,0.5845031397456267,1693504491.7141337,6,1,1,0.3,1,1,1e-20,1,1e-20
1,0.5914968174357501,0.584485315252018,1693504491.817121,10,0.00020688903261699735,0.9106145615289158,1.616155440846263e-05,0.553828339967984,0.7975260321031201,0.0019868890756545563,0.0001541964181575402,2.259844168955883e-05
2,0.5912774991401416,0.5869957344968822,1693504491.9238877,7,0.004964077342930281,0.8679410531743451,0.003892082702672994,0.7894293001130785,0.8226775479477969,79.8440786425614,1.579726738965914,0.0001355218583033099
3,0.5,0.5,1693504492.016672,10,511.53178360641203,0.5272372539111774,0.039190985355431786,0.9010852812122376,0.8682033219057195,0.12340066719269657,0.0025666611856050726,1.7710945384076957e-07
4,0.5919367238599439,0.5875467568603342,1693504492.1170192,11,0.0017471568028661472,0.60847558016178,0.0385815109988853,0.9971037192109689,0.6278070278004175,0.05165285359469164,0.00977370285806616,0.14904638792452585
5,0.5899653988654224,0.5854339455804037,1693504492.216656,11,0.0003745648251837736,0.626817048735698,0.001028874835319476,0.8732553585924925,0.8620352837058441,0.00011510069886759143,78.30662075108606,0.0003198842131774002
6,0.5889818225223381,0.5852371575820965,1693504492.3243768,5,16.794685678451557,0.5412292766558542,0.0009814418977192234,0.8854404831539399,0.8823754917502336,6.895945739139864e-06,7.859988374814067e-07,0.0005158336235965756
7,0.5899131543086521,0.5853981568715119,1693504492.4227083,4,35.608654863991426,0.5945535577674321,0.0004523976815718186,0.9221142104112845,0.807512017161188,7.1226367698469595,58.28143066398067,2.339300044439826
8,0.5915160463351169,0.5872200077445727,1693504492.5188491,2,1.0948045909466755,0.7380544366366721,0.0010490188045599355,0.8709418437745046,0.9129666445845919,0.06796703190789989,2.4701086408306116e-07,0.10672116905411437
9,0.5924422987895226,0.5873817256025996,1693504492.609933,1,3.1963267673250307e-06,0.9623968824775981,0.0010605039411405292,0.5741457663004716,0.8411435653372918,4.31407317843011e-07,0.030356549852627167,3.2820215754536146e-06
10,0.5532290401368807,0.5458874122747487,1693504492.7463884,1,8.32952898721105e-08,0.7820794499726228,5.109176828817129e-05,0.5769850654769892,0.6804725464904503,6.484579828048722e-07,1.2864473854927907e-08,52.8411222819849
11,0.5924430244083667,0.5873818852845132,1693504492.8931756,8,1.8382083247000822e-06,0.6869755575120782,0.01353577204822095,0.6500548286129978,0.5436022876780298,0.005956449938209652,0.005472309736514228,0.054714612083828426
12,0.5924430244083667,0.5873818852845132,1693504493.0405273,8,2.1633343974279785e-07,0.713889799654061,0.008407485043410465,0.6421003213441356,0.5092555447804211,1.1783702122500864e-06,0.00017524787837491475,0.016464072309115334
13,0.5924430244083667,0.5873818852845132,1693504493.1820743,8,1.0938108550006845e-08,0.7062191409749708,0.01501947741237018,0.66293029958829,0.5057825031244501,0.00040745505749825766,4.826237616647217e-05,0.016282958174717845
14,0.5931820672010124,0.5879144643869412,1693504493.326356,8,3.6888066449001103e-06,0.685852275281773,0.8586988672239168,0.6790216780356397,0.5105076487818545,3.305301876190177e-05,0.00011133592107987649,0.012480302942137587
15,0.5925836130593978,0.5875063872765451,1693504493.4763963,8,7.202086147973336e-06,0.665767872151783,0.5553377703608551,0.7298330631460065,0.5768781711077646,0.003365284752930088,2.77631647314001e-05,1.8083448921148342
16,0.5924145438687385,0.587370637689722,1693504493.6167145,9,1.2969240772121125e-05,0.7878527825300196,0.6850636924850848,0.7472688646723401,0.5957247504236434,6.402899353580188e-05,4.740787598925943e-06,5.705290929971687
17,0.5931911374365628,0.5879192149238717,1693504493.7572224,6,4.29530437639848e-05,0.64850379266404,0.8769126233090411,0.7323973393793142,0.710506515291573,0.0032098921859077495,1.0349887322275652e-05,1.3302140651177103
18,0.5505123231848281,0.543442861819256,1693504493.8989506,4,0.02410500322986531,0.6532661881066519,0.2294643536207041,0.5030427403047639,0.7163117486289565,3.1538721156502694e-05,5.14626043976237e-06,88.08901817578325
19,0.5884461344107321,0.5800618667614112,1693504494.0520802,6,8.005250387022106e-05,0.570478372517162,0.9327554481043164,0.7814930709432103,0.6621716383124732,0.0005010153953757672,0.00028726720428288657,0.3331653713136742
20,0.5919127784380909,0.5875251998019944,1693504494.209523,3,8.864416178171755e-05,0.5022899007071147,0.11550930889825085,0.7014744603178156,0.7500510294730273,1.1701466674888959e-05,0.00039506910437825946,0.8028072479144798
21,0.5924174463441145,0.5873701985644596,1693504494.356509,7,5.335798308464149e-06,0.6586585879502754,0.8418749913430182,0.7110203293933347,0.5733742568849356,0.006575221917031489,2.0870008524883153e-05,4.594062729322632
22,0.5,0.5,1693504494.5020704,7,53869.437811538715,0.6707238402120983,0.32483693983207146,0.7581758258584,0.6009912686598669,0.0010709726997428768,1.5790687744664122e-05,9.24751197757396
23,0.5924426615989447,0.5873818453640348,1693504494.65615,9,4.950448767063144e-07,0.6403369135668118,0.09293389360623266,0.8098282938437624,0.5580299006362669,0.012223319918451358,7.335865287123397e-07,0.693874317290508
24,0.5923211204425695,0.5877685550383636,1693504494.8152497,5,6.364863503293899e-06,0.5946363218714312,0.30289687858509445,0.7147019784371,0.6356467806883317,0.00027362922243357585,0.0009581440242898951,0.008104299768215282
25,0.5930227938647474,0.5878310305870705,1693504494.9574752,9,2.2795332122910985e-05,0.7365632215866761,0.947068459538205,0.6783529350474274,0.5387838223996192,0.0020412815470270047,7.303738597060927e-05,0.7356353609417967
26,0.5924430244083667,0.5873818852845132,1693504495.1086802,9,0.0018858548905208055,0.7688421949657672,0.15194966289835835,0.6753742308751404,0.5363397198938202,0.00015140803093792015,7.082684280301209e-05,0.2874163214425578
27,0.5915222140952912,0.5865604815208105,1693504495.26573,10,3.05821085315501e-05,0.7201425260718458,0.8701420410152502,0.6217757289548407,0.5060771258895784,0.0006084211172463966,0.001888444533288092,12.871787118579215
28,0.5930911834407975,0.5878363998914163,1693504495.4224463,5,5.459088085719296e-07,0.749422952135733,0.06965980607304352,0.6805032903594975,0.6024843841538101,0.3019306776407924,6.226728940950579e-06,0.046058631920824364
29,0.5931791647256363,0.5879149035122038,1693504495.570541,5,1.0539867198219405e-08,0.8146709545819069,0.2955190361603917,0.6905467214945253,0.6256268014835297,0.43939681845735074,2.4835824580706382e-06,0.00423024428684395
30,0.5931940399119389,0.5879187757986092,1693504495.7229698,6,1.2446754020410711e-08,0.8161085944576549,0.2808882712660171,0.6175259619254723,0.6942878516489528,0.019003660581528657,1.1747977356714306e-07,0.002723934682111283
31,0.5931940399119389,0.5879187757986092,1693504495.8798115,6,1.6423695463182756e-08,0.8225233713659702,0.29948691249861964,0.6265453835402924,0.704454966817055,0.49171560417704296,4.574086850278266e-08,0.00648757903121077
32,0.5931940399119389,0.5879187757986092,1693504496.0322256,6,4.7153716991461305e-08,0.8294101315135652,0.39155271177419854,0.6319584200333832,0.7489551192893352,0.020566291262695616,6.869191668800037e-08,0.0017438673787626906
33,0.5931791647256363,0.5879149035122038,1693504496.1844034,6,8.357466201330233e-08,0.8278396612548,0.1839142415056448,0.6174275186542925,0.741110280253114,0.020365284844864433,3.20209476134849e-08,0.0022699787300973985
34,0.5931940399119389,0.5879187757986092,1693504496.3374448,7,2.561957147867311e-08,0.8590763197816297,0.34670520817760486,0.6091314164611082,0.699672578004959,0.8669843129641035,8.106360679254064e-08,0.002409175823816046
35,0.5914968174357501,0.584485315252018,1693504496.4964085,7,3.669952441281249e-08,0.8841000711365586,0.05124040208954286,0.6088863985987159,0.7754686594040479,1.0816975408322005,7.019891035413489e-08,0.0015672741532175992
36,0.5923211204425695,0.5877685550383636,1693504496.6516051,4,1.1871001343187829e-08,0.8508517909133358,0.11561494675426039,0.5933034153638799,0.6905332109757483,0.03278471419713555,1.0589241572883243e-08,9.062206545042567e-05
37,0.5931940399119389,0.5879187757986092,1693504496.8003082,7,3.1643318295184463e-07,0.8888482247061622,0.429504873481438,0.5478647287078798,0.7696477606276491,0.1213335611361244,1.0986455703117631e-07,0.001117611111783298
38,0.5914968174357501,0.584485315252018,1693504496.9736848,5,6.650069702347906e-08,0.8385068241622445,0.031059672821270572,0.6340701161324716,0.7224117968525613,2.063255374453197,1.85587177693649e-07,0.0003275231436433388
39,0.5922550891277626,0.5877558204057518,1693504497.1371608,6,9.008346419555932e-07,0.811376787291462,0.1858564131727812,0.6450733708023512,0.6813855168060863,5.987458159918571,3.216932827107127e-08,0.003937053341482866
40,0.5931940399119389,0.5879187757986092,1693504497.2907553,3,1.4089983800108978e-07,0.929029072104261,0.40105872459209496,0.601296219694394,0.7915398292478969,0.06979938510080248,5.729627212518444e-07,0.00010643084701599942
41,0.5931940399119389,0.5879187757986092,1693504497.4542537,7,3.519563559986515e-07,0.8758716525695404,0.3422641309678783,0.557862830946651,0.7648727677455551,0.12286655933307625,1.1512155577554236e-07,0.0008151886692116231
42,0.5931940399119389,0.5879187757986092,1693504497.6110778,6,3.254268527473006e-08,0.8612177270685996,0.47746204128525255,0.5355078806497168,0.7490783739522507,0.22492856499840402,3.4038067398154674e-07,0.0010921307866810978
43,0.5914968174357501,0.584485315252018,1693504497.7721925,7,2.0432343158272817e-07,0.8950989065151012,0.0664618976716524,0.5853196928493416,0.7837438800078501,0.03159437588324441,6.123860675960058e-08,0.00044507287896600634
44,0.5931791647256363,0.5879149035122038,1693504497.931822,6,1.3876506351060496e-06,0.8499784955758687,0.18559338352195417,0.5583687584637214,0.7341839187784341,0.1134528723177465,1.0467689787228795e-06,0.0037983678603158745
45,0.5932771232695805,0.5879136260568947,1693504498.0881667,7,3.482516352809731e-08,0.9150177399661636,0.4763840876103655,0.6146727377980816,0.8200373742103985,0.4793688818563187,1.9855542224485363e-07,0.034279407664962694
46,0.5931940399119389,0.5879187757986092,1693504498.2425394,5,2.4832254701307343e-08,0.916818503478552,0.033957469046039,0.6137014397304167,0.8088856211207315,0.699488170115032,2.4480535806022567e-08,0.039006772728322606
47,0.5923091477316429,0.5877556208033597,1693504498.3942504,4,3.896664977714886e-08,0.7989642554983697,0.11001603499890449,0.5851461858609743,0.8277318249556267,3.4718890256559236,1.5166753836294888e-07,0.0257451663056409
48,0.592194862763708,0.587691109310254,1693504498.5499973,6,1.078678273031998e-08,0.8316951083125501,0.5160682343025359,0.6517274727287365,0.7100638489805248,12.676930107503102,1.594578597737317e-06,0.008050446177566277
49,0.5931911374365628,0.5879192149238717,1693504498.7045834,8,1.0644823023618957e-07,0.9440664346206097,0.2832611602411392,0.6300423087642163,0.6959265635198513,1.194667431695586,1.1133035791045744e-08,0.07471675727948243
50,0.5931940399119389,0.5879187757986092,1693504498.856215,7,1.1037851562159836e-07,0.8640334319658621,0.55096360441005,0.5996611503926456,0.6640966448709111,0.36514134668148207,2.959239173678414e-07,0.14105034707650196
51,0.5931940399119389,0.5879187757986092,1693504499.0117817,7,1.1015348246140043e-06,0.8906507686568848,0.5122419526846979,0.5715019540034109,0.7590468889367967,0.17451658801951664,6.895519995660337e-08,0.0024558442623280707
52,0.5931791647256363,0.5879149035122038,1693504499.1678474,8,3.220294850282626e-07,0.9011692300959976,0.21707516786861633,0.5313108880545387,0.7329604315736475,0.07853069210583552,4.524633694116612e-07,0.0007705548565313144
53,0.5931940399119389,0.5879187757986092,1693504499.3315547,6,3.096370628857303e-08,0.8745962642003847,0.43172804670546977,0.6601937106359871,0.7789986700730328,0.014465054414533097,1.20996513753446e-07,0.013342611071858038
54,0.5923211204425695,0.5877685550383636,1693504499.4934595,7,2.907230331949445e-06,0.9733143000630186,0.1356717493011117,0.6385581627788935,0.7680199368460787,0.047018918585784816,2.4508107099922807e-08,0.00019163748092731783
55,0.5931940399119389,0.5879187757986092,1693504499.6596498,6,4.179950295258222e-07,0.7774933673519335,0.22895948031556654,0.570704084755846,0.8007946450032604,0.4957064629702925,2.0265324344832095e-06,0.006158802038468885
56,0.5931940399119389,0.5879187757986092,1693504499.8230226,8,1.4814806717495179e-07,0.9056265036464339,0.5964830566654232,0.6181061336532526,0.6988789230347787,0.12171486927724379,2.54787885687974e-07,0.0012687949018204002
57,0.5931940399119389,0.5879187757986092,1693504499.9875748,5,3.6851419393814524e-08,0.8176623870083479,0.3494268749796361,0.5973037539411529,0.7224527803938025,1.4849386981230353,6.323447928559361e-08,0.027157154566954975
58,0.5931940399119389,0.5879187757986092,1693504500.1497285,8,1.4367565158264643e-06,0.8387605166141324,0.09837913231571845,0.5430681117405457,0.8649865519820501,0.008120952006150012,6.612358518037803e-07,0.011720377169308181
59,0.5931940399119389,0.5879187757986092,1693504500.3176906,7,1.2775962390889073e-08,0.7996958167219135,0.15585832553373738,0.6595383946588955,0.846766567276068,0.03487467196603732,1.8080775480958988e-08,0.0020720402326146353
60,0.5931940399119389,0.5879187757986092,1693504500.4651845,6,2.4911487159082097e-07,0.8640938941293027,0.6128041755386895,0.5141493866869868,0.7511881012818495,0.20711441678850642,4.012475084769141e-08,5.6507260115905865e-05
61,0.5922670618386892,0.5877601318174197,1693504500.6263297,2,8.833968433191367e-08,0.9148333093980224,0.3761208097481698,0.6012454673609291,0.7929620084445163,0.06982246531512025,6.201403634651563e-07,0.000227865046524225
62,0.5931940399119389,0.5879187757986092,1693504500.7961793,3,1.69084828313218e-07,0.9244488514151479,0.2369231673519477,0.5780210142926929,0.8143825867180046,0.6046089375860089,1.4163695307199171e-07,0.0004448725119880628
63,0.5931940399119389,0.5879187757986092,1693504500.9448826,3,2.8531027107192636e-08,0.9400192360129087,0.41646106530028637,0.629963202466947,0.7906467852065298,0.015975803226426808,4.1648840430973006e-07,1.3655064452086467e-05
64,0.5922670618386892,0.5877601318174197,1693504501.1017437,2,7.344169839000232e-07,0.8764408784890154,0.9593217698322898,0.6058424291167316,0.7335313008439589,0.05859003622374018,1.1803241089618052e-06,0.00518106822606408
65,0.5931940399119389,0.5879187757986092,1693504501.2639272,4,7.968925990757414e-06,0.8866495806361834,0.6256066645927648,0.5625571411438749,0.7572585861466518,0.006147202708014607,7.586748758694285e-08,0.0007316134151235702
66,0.5567956381600048,0.548684240991944,1693504501.4177883,1,2.3853428594347757e-06,0.8477699214574206,0.2836061138354405,0.5492846742229891,0.7096893925125809,0.2162010094252352,1.9086144947324405e-07,0.001856937059015553
67,0.5931940399119389,0.5879187757986092,1693504501.5952291,10,6.617893809820245e-08,0.7640709901315673,0.15785618382969924,0.5918541623011614,0.8312345105306912,0.026229350070865274,2.082870309394559e-08,0.00017105450147088087
68,0.5922612568879368,0.5877038838633443,1693504501.770309,7,1.0695482299140601e-08,0.8265844926707628,0.07338716968978129,0.6412031932168986,0.7734647557638206,0.07149434961783718,3.865456015082903e-08,0.021457052290752423
69,0.5931940399119389,0.5879187757986092,1693504501.948274,5,5.361045650913225e-07,0.9015554130562827,0.7149292209109858,0.6203079641459875,0.802689920205881,0.3698176765570637,3.4683970626435196e-06,0.08177929050598982
70,0.5931940399119389,0.5879187757986092,1693504502.1169503,8,1.763167912967844e-07,0.8577502081105295,0.4283716100300731,0.6649871940452637,0.6654818486467546,0.010753864249132501,9.020369351281774e-07,0.009632782642500807
71,0.5931940399119389,0.5879187757986092,1693504502.2800736,7,3.929282686053288e-07,0.8725804766028186,0.30792943223888386,0.5542051103894178,0.7582594424061181,0.14355963963574792,1.0343815835132889e-07,0.0007738131268112243
72,0.5931940399119389,0.5879187757986092,1693504502.4444695,7,6.195988247737914e-08,0.8785765483235635,0.36398619036382884,0.5695906617869103,0.7850010930045928,0.7643694174741797,2.2689331769810434e-07,0.0011144180516568648
73,0.5931791647256363,0.5879149035122038,1693504502.6005566,11,2.4015120264190826e-08,0.8433744677812551,0.2150954010657445,0.5796385828438396,0.7664988343362458,0.12817229717579462,8.398640556212416e-08,0.003325689551244095
74,0.5931940399119389,0.5879187757986092,1693504502.7645016,6,2.469891561188778e-07,0.8904635540334145,0.70473594984147,0.5261979195254262,0.7449168221920817,2.1741107556126047,4.70888360146348e-08,0.0005634147700806546
75,0.5931791647256363,0.5879149035122038,1693504502.9188724,7,1.3384124039601498e-05,0.9268252329307203,0.14318304732479026,0.5511648857868525,0.7245717824947864,0.0217282877473875,1.0791805341887585e-08,0.0053635153245958295
76,0.5931940399119389,0.5879187757986092,1693504503.073497,9,6.907292740592734e-08,0.8539726033473942,0.2614243149522244,0.6092408469708315,0.7399999041705696,0.004021464673080952,4.027754388544401e-07,0.00033286204976081966
77,0.5932771232695805,0.5879136260568947,1693504503.2309616,6,2.2001033677026847e-08,0.7988826670093363,0.9555722800144804,0.6281891402701594,0.7088640613147358,0.2674091522203583,1.2458547220065971e-07,9.906927078252532e-05
78,0.5931940399119389,0.5879187757986092,1693504503.3944232,5,2.1423701363512664e-08,0.7985956416907252,0.7090448109768412,0.6283197074657204,0.7039299495696942,0.35697438283282146,1.710842450003234e-08,8.892678382003074e-05
79,0.5932771232695805,0.5879136260568947,1693504503.5513525,6,5.011454381634445e-08,0.8231888934189453,0.9119315099444506,0.6454179552158696,0.674639486696718,0.927825946439553,1.7200550254572691e-06,0.002252627197491088
80,0.5932771232695805,0.5879136260568947,1693504503.7164311,6,5.2797420849830956e-08,0.8193949662264189,0.9745424669743682,0.6901101804137362,0.6811073521720191,0.9200174266650141,2.068338091477804e-06,0.0025517507043711827
81,0.5932771232695805,0.5879136260568947,1693504503.8805842,6,5.258743363609346e-08,0.8181662139351294,0.8760898873885717,0.6523947667159047,0.6804934254993774,0.8278303880164428,2.0183063143570225e-07,0.002764713265943949
82,0.5932771232695805,0.5879136260568947,1693504504.0494566,6,4.661697482277806e-08,0.8186748752967394,0.9096815997344875,0.6481811301866781,0.6774854337499432,1.026829200980986,2.2058962764302038e-06,0.002424191851503965
83,0.5932771232695805,0.5879136260568947,1693504504.2142282,6,5.576831765935116e-08,0.8179369076659455,0.919495782361974,0.6661360740991296,0.687638343089872,3.024318171034521,1.88260632013393e-06,0.007088369281400147
84,0.5921854297187357,0.5877391136855384,1693504504.3798375,6,1.0044473884486086e-08,0.8121367509490467,0.9229427084784982,0.6912196136761272,0.6799053049393602,3.5362432662675443,2.2749755463448134e-06,0.012366640943418104
85,0.5921854297187357,0.5877391136855384,1693504504.5466173,6,5.349235538455069e-08,0.7865804319785377,0.9483822355983531,0.6514140715115617,0.6484022413795743,10.863872942857322,8.15118906059493e-06,0.006230105671098327
86,0.5931940399119389,0.5879187757986092,1693504504.7065625,5,2.167114289823319e-08,0.818166822331861,0.7577330019601475,0.6729527774286843,0.6881160180941344,1.1028743610498242,1.1741345284570052e-05,0.04198332576871084
87,0.5931940399119389,0.5879187757986092,1693504504.86844,5,1.1848503445449751e-07,0.8070402842504203,0.555052966112845,0.6447908111016878,0.6729778616139884,2.1165177274328464,3.439295224417422e-06,0.002906132505633351
88,0.5932771232695805,0.5879136260568947,1693504505.037478,6,8.230376050914592e-07,0.7846337164071094,0.9905320937252277,0.6888442603054398,0.6542968439025182,0.6582382695919772,1.3800111969431181e-06,0.021854340592863647
89,0.5932771232695805,0.5879136260568947,1693504505.2020009,6,7.076414360599249e-07,0.7883364723400655,0.9568913690396399,0.6883055687084636,0.6534140834565197,0.6055813514711975,1.3587932580995138e-06,0.014888285165343264
90,0.5921854297187357,0.5877391136855384,1693504505.3669932,6,8.064755265255616e-07,0.7901373247660137,0.7641027760795206,0.6954807193829728,0.6537982723314625,4.624825011915545,1.4313362348326185e-06,0.026479922146796262
91,0.5932771232695805,0.5879136260568947,1693504505.5320766,6,7.077582039965724e-08,0.7719635344039669,0.936550743733871,0.6830299356518645,0.6763058839848681,0.6042777577147155,5.928305572043358e-06,0.016139232114803254
92,0.5932771232695805,0.5879136260568947,1693504505.6961753,6,1.5623525958135624e-06,0.7775293265947265,0.8748801096757087,0.6834065512302627,0.6414062588070322,0.5971963136858178,6.319879701685798e-06,0.017142627224846014
93,0.5931911374365628,0.5879192149238717,1693504505.8626618,5,1.0007988782210701e-07,0.7499373077534348,0.6032536982855273,0.6710171300376171,0.6769283330981586,1.5967127447805347,3.615925187040231e-06,0.061862454273185055
94,0.5932771232695805,0.5879136260568947,1693504506.0262175,6,2.1064095672437579e-07,0.7714815867853391,0.9280352083599748,0.7190174259404397,0.6564212805494184,0.9381047015754672,2.3453829691437547e-05,0.010876563189731984
95,0.5931911374365628,0.5879192149238717,1693504506.194412,6,3.873424228790071e-06,0.7614957795365515,0.5386014812159245,0.7082548198463882,0.6704502843059668,2.945847429797111,9.142720623347908e-07,0.17758472525114866
96,0.5921730941983872,0.5877347623533922,1693504506.3534143,5,4.460230184826396e-08,0.7885083045332465,0.9707010360897018,0.6871130451007041,0.691642467624676,6.966229059640152,1.7268308161381832e-06,0.01868035751913753
97,0.5931940399119389,0.5879187757986092,1693504506.5147703,6,6.304988083652709e-07,0.8354690444346805,0.706806997547181,0.6575817743448971,0.626163674575893,0.29502202219498,6.9921386930298435e-06,0.007666916503201827
98,0.5931911374365628,0.5879192149238717,1693504506.6826594,6,4.9255583091159165e-08,0.8027957433605867,0.5134237870120691,0.7022000023759012,0.6401647659133278,1.7683126725846878,2.612878162873392e-06,0.004127588088984554
99,0.5931911374365628,0.5879192149238717,1693504506.8477278,6,1.9384368049037776e-08,0.8248780911419455,0.4686920896504708,0.6763991366819165,0.6588910154455488,0.9077233242003594,1.2312721904644412e-06,0.03464727807587264
100,0.5921730941983872,0.5877347623533922,1693504507.0063324,5,9.778320727245002e-08,0.7959391041840217,0.7172942965196715,0.6687932378155252,0.6839748293693214,12.028060177800647,1.4813467357469348e-05,0.0016050672558160562
101,0.5932771232695805,0.5879136260568947,1693504507.1722724,6,1.919943255544579e-06,0.7788659474839005,0.9769140381200575,0.6872986336158607,0.6690687133790687,0.7387930772457785,6.147299324288331e-06,0.017379539150497482
102,0.5932771232695805,0.5879136260568947,1693504507.3425438,7,3.8288858195753903e-07,0.8097092768825189,0.7942081260145631,0.6518325273889911,0.646308540618925,0.5295885945489925,4.881871138791638e-06,0.04955926849613186
103,0.5931940399119389,0.5879187757986092,1693504507.5049984,6,1.0752938721216332e-06,0.7771152407746256,0.6228225669949086,0.6653725818636548,0.6201888378075235,0.24095120114583551,5.960463434916933e-07,0.016549209805784827
104,0.5931911374365628,0.5879192149238717,1693504507.6884098,6,1.8060287631471847e-07,0.7598520597181515,0.4444069776633939,0.6833864758438205,0.6404421732222213,1.3586833718835174,2.928544130517481e-07,0.010133252734834784
105,0.5932771232695805,0.5879136260568947,1693504507.8523362,5,3.928014145009798e-08,0.7849335114758437,0.9722026946200792,0.6418339357233184,0.6805437561193144,0.4842218321353906,1.0244589604941522e-05,0.0047789337912063495
106,0.5931940399119389,0.5879187757986092,1693504508.0331638,6,1.7293860296512943e-08,0.8070007638771823,0.7719438285785228,0.6974364943016851,0.65909316799269,3.168990819261151,1.8275738125979673e-06,0.030018126760420975
107,0.5922670618386892,0.5877601318174197,1693504508.2080026,7,6.365941072429594e-07,0.7708411290969902,0.5599949953963345,0.6763185676814703,0.6963427917075898,5.5937099300553275,3.243588994625787e-05,0.08982139497215551
108,0.5931911374365628,0.5879192149238717,1693504508.371854,6,1.739483342287105e-06,0.793493788776463,0.4757349312761361,0.7215892808406403,0.6712329512323298,0.30941294969589295,9.635369377323409e-07,0.002857966099442263
109,0.5932771232695805,0.5879136260568947,1693504508.5360937,7,1.3121197072381757e-07,0.7418632904852701,0.7693731896862527,0.6512016827861795,0.686412939635226,0.5957054017709594,3.92759905775757e-06,0.007648942340032118
110,0.5931911374365628,0.5879192149238717,1693504508.7064087,5,2.6071688335479186e-07,0.8181063729249461,0.6201979359770343,0.7072682976562789,0.7118296348578074,1.1520932447876928,4.577273875892883e-07,0.001395550912130781
111,0.5932771232695805,0.5879136260568947,1693504508.878867,6,6.972092350782578e-08,0.771081489204348,0.9494706009527581,0.7170778075345344,0.6548084280040548,2.242483144180091,1.6552112061946548e-05,0.01213752118812562
112,0.5932771232695805,0.5879136260568947,1693504509.0442624,6,2.709005039046084e-07,0.8309928388514476,0.9960505697609121,0.7323437665246174,0.6342346714515144,0.8688939595611953,2.3215529599500556e-05,0.020278509159331264
113,0.5931911374365628,0.5879192149238717,1693504509.2175655,6,1.7527503557071778e-07,0.7836065929455841,0.40545586317108206,0.6816979048930197,0.6609496876229486,1.2841473602707805,2.4674953335559967e-06,0.008719010416026286
114,0.5932771232695805,0.5879136260568947,1693504509.383254,7,3.301834346590705e-08,0.7590327430156298,0.7083905969989445,0.6633231568927217,0.6519066846549015,0.18017755862188567,7.243324649374726e-06,0.004248552582528211
115,0.5931791647256363,0.5879149035122038,1693504509.5437703,6,3.7309062433583847e-06,0.8417604036175722,0.3206593130446647,0.6955065053769175,0.7007972970020644,0.45127895084793745,1.3175746878936116e-06,0.06046230450928222
116,0.5931940399119389,0.5879187757986092,1693504509.7100577,5,1.0515324702012657e-06,0.8018656281771835,0.8040940662570712,0.7211406827661823,0.6773909122606983,0.765436618742695,7.042898612218876e-07,0.0022044533200280096
117,0.5922670618386892,0.5877601318174197,1693504509.898508,6,7.706028075230282e-08,0.7750562905102556,0.5260654577734503,0.6319503751104701,0.7160559214180645,3.8442103007594786,2.9011660791905813e-06,0.014190452226176506
118,0.5932771232695805,0.5879136260568947,1693504510.059919,6,4.2616655708761763e-07,0.7921146333430821,0.9938493176008331,0.6399303620252431,0.6669422578571126,0.2750637217449387,2.0149535901107561e-07,0.039481390822516796
119,0.5931911374365628,0.5879192149238717,1693504510.2383196,7,2.8543459384740963e-08,0.7282953575136726,0.3896498502562363,0.701865958078902,0.6158968686435478,2.124916665275154,4.84168437930457e-06,0.006547968160987024
120,0.5911510600565693,0.5869071709155362,1693504510.416799,6,1.250728889187858e-07,0.8259061043135579,0.6390595985255043,0.7428803386902403,0.6458649601392704,19.325687209285324,3.6251980419586054e-05,0.12623888517069012
121,0.5931940399119389,0.5879187757986092,1693504510.5846634,6,1.5778771579172638e-06,0.7765715890646547,0.8311703562331562,0.6819662490384141,0.6687980337677699,0.605051989825473,5.459142336366151e-06,0.018096534612066693
122,0.5931911374365628,0.5879192149238717,1693504510.7535818,6,2.0023442716858172e-06,0.7527831512821459,0.5956360187757015,0.6888821432997165,0.6368213308759135,0.7859679385729751,1.0327175606219993e-05,0.022642185400361926
123,0.5931940399119389,0.5879187757986092,1693504510.9225032,5,1.875173809664787e-08,0.7664638361413479,0.8154789869055612,0.6678190032084443,0.6870240812847603,1.3587086712219665,1.919143070727715e-05,0.011031193908796165
124,0.5932771232695805,0.5879136260568947,1693504511.089303,7,0.0002868394291682151,0.7796351256854898,0.9825906391306741,0.7116027591274888,0.6605217640088704,0.39011401999113876,3.050829034385352e-07,0.003095582915429016
125,0.5931940399119389,0.5879187757986092,1693504511.255142,6,5.88970815640008e-06,0.816077269266801,0.4539763105460242,0.6578039503866021,0.7033295199157464,0.19080476107697183,1.6999584783672182e-06,0.0010968010455245734
126,0.5931911374365628,0.5879192149238717,1693504511.430762,6,5.300449608031739e-08,0.8060829397934626,0.6612604667979592,0.6891919073671295,0.6731718967400806,0.9775754495933924,9.254648677473605e-07,0.005434497050241095
127,0.5931911374365628,0.5879192149238717,1693504511.6042953,5,6.37855311083918e-07,0.7445693689066709,0.5011177606038473,0.6764667100330917,0.6466715773571882,2.6443151229047044,5.954607971613902e-06,0.0325815386518953
128,0.5931940399119389,0.5879187757986092,1693504511.7914133,6,1.914181937412205e-07,0.7909697771828436,0.3485164164761002,0.6239048876087466,0.6883991614983548,1.6976964677956023,2.2641585530279006e-06,0.012755817992470534
129,0.5932771232695805,0.5879136260568947,1693504511.9629307,7,3.0169949122357113e-07,0.8357949284192938,0.8342041829802638,0.6505242327642266,0.632468955461262,0.09731986458601666,5.11794645538209e-07,0.0015431877430000167
130,0.5931791647256363,0.5879149035122038,1693504512.130602,6,1.0305037565895041e-08,0.735262920670841,0.2616863155504266,0.7034120675022068,0.6946807749861136,0.6217113405593088,9.294975651801524e-06,0.003965169461899289
131,0.5931940399119389,0.5879187757986092,1693504512.300028,7,4.1671516091064883e-07,0.8116495499764894,0.7282853427052334,0.6589180931812455,0.6472064658285419,0.6328987295339707,3.843014186577681e-06,0.06375643657833328
132,0.5932771232695805,0.5879136260568947,1693504512.474336,7,7.249847743678669e-08,0.8028869593754618,0.9927280345088489,0.6458010903774359,0.6551381656770178,0.3972235520812883,5.519209465738471e-05,0.04615354827237293
133,0.5931940399119389,0.5879187757986092,1693504512.6483498,6,1.019207290093448e-06,0.7832673144532815,0.5821008246688675,0.6362050541586299,0.6647192292797315,0.2745897894600583,4.914886463937272e-06,0.026813395026587673
134,0.5932771232695805,0.5879136260568947,1693504512.8171976,7,1.2486374265315567e-07,0.8264484573408855,0.735264423584574,0.6540394098969722,0.6765495016225439,1.0409990985095945,1.557070409795707e-06,0.016062984863955732
135,0.5931911374365628,0.5879192149238717,1693504512.9882007,6,3.2610141487079627e-06,0.7968711748593951,0.46354012510986586,0.6713648695860591,0.6403206321978889,0.5124070981366416,2.6695206745926336e-06,0.00819025028601159
136,0.5921854297187357,0.5877391136855384,1693504513.159266,6,1.1651696366267846e-05,0.8485651949883899,0.7833681340103759,0.6856102910006268,0.612217148166016,3.9582653663351723,6.843265569182138e-06,0.051436069569771634
137,0.5931911374365628,0.5879192149238717,1693504513.330926,7,4.288029001481361e-08,0.7688779245782836,0.6469967741666651,0.6935925111989478,0.6815977980492207,0.19482918712858333,8.466314574118687e-07,0.003018009601758003
138,0.5931911374365628,0.5879192149238717,1693504513.4952505,5,3.8871226603615746e-07,0.8151641180791058,0.36907796132324316,0.6139347646472204,0.6324184191175035,1.697735684589423,1.1825733483526277e-05,0.08206426079899988
139,0.5931940399119389,0.5879187757986092,1693504513.68187,6,2.070170895304297e-08,0.7535376771689806,0.5467679314298305,0.6656393960927209,0.6493061643168163,0.11641764248543221,1.6727788209220432e-07,0.006504238478473954
140,0.5931940399119389,0.5879187757986092,1693504513.8468814,7,1.9544467249812283e-07,0.8060596134334755,0.8043332919359413,0.6337479970073266,0.668302077505772,2.6946404781570514,4.194926938475307e-06,0.17585186224916938
141,0.5932771232695805,0.5879136260568947,1693504514.018899,4,4.0070783957208596e-08,0.7838458420541975,0.9710133532477793,0.6443900706438827,0.6776218043030364,0.48155538416401705,1.3137932826852898e-05,0.020154085508329936
142,0.5932771232695805,0.5879136260568947,1693504514.1919127,5,6.991853537645429e-08,0.7859608692649541,0.9980607317627908,0.6461066019408477,0.6960734021825783,0.8764318732292234,2.617045713422196e-05,0.0044756243963547816
143,0.5932771232695805,0.5879136260568947,1693504514.353896,6,3.193162573669081e-08,0.7654239277317927,0.9874403717243704,0.6229490407230625,0.6837852241322402,0.4849299856990386,9.604863597650058e-06,0.002076185181518462
144,0.5931911374365628,0.5879192149238717,1693504514.5174377,5,9.35851335883321e-08,0.795627596285756,0.6316838732696375,0.676249651963396,0.7069631153094421,0.31967382296084046,1.8983234421509404e-06,0.0008362990648860415
145,0.5932771232695805,0.5879136260568947,1693504514.690747,6,1.7856146792290185e-08,0.8188041696892912,0.7841958631759663,0.6601247962168743,0.6551415727266441,0.9147867969404464,3.528644989298668e-06,0.010095504562400796
146,0.5931940399119389,0.5879187757986092,1693504514.8539722,6,5.822760000725772e-07,0.7757949775211435,0.47639673191821025,0.6394335368782688,0.6616898504726688,1.4741380881136918,8.326813368699412e-05,0.00492963678634605
147,0.5931940399119389,0.5879187757986092,1693504515.0243695,5,2.3375026643967664e-07,0.8387125666600921,0.636339124802428,0.6535125730120226,0.7229901792319441,0.20564943669038885,4.098510607780548e-07,0.029034837891927137
148,0.5922670618386892,0.5877601318174197,1693504515.2018242,6,4.426118188733201e-08,0.8102695889257839,0.5157825462779382,0.7152167860387014,0.6726139680422801,4.99160304068179,1.2080255352631898e-06,0.013874992634966355
149,0.593010458344399,0.5877582555549345,1693504515.37771,8,1.1728332638262246e-07,0.755531333182281,0.025024432928935417,0.6976855522693084,0.6264909200803986,0.5169234332810025,1.809813001842392e-05,0.002560943676374276
150,0.593010458344399,0.5877582555549345,1693504515.5462642,6,1.8172766507293406e-06,0.8246267504049338,0.004108761364340195,0.6694994213714421,0.6885054704776007,0.04989557144029453,4.278810346306404e-05,0.04172917951570061
151,0.5932771232695805,0.5879136260568947,1693504515.7158763,7,1.233555259968716e-07,0.7421904868326745,0.7923337047497759,0.651740185134078,0.6836067155768187,0.6525821160428791,5.7462714920784554e-06,0.007740692086904263
152,0.5932771232695805,0.5879136260568947,1693504515.885707,7,5.2196773975952915e-08,0.7892627828326849,0.8166588522229421,0.6260306272185481,0.6968916561590551,0.32833513204916764,2.658558528138949e-06,0.007247832957477883
153,0.5932771232695805,0.5879136260568947,1693504516.0569963,7,0.002013345063053516,0.7623590044528766,0.9916615538555356,0.6807662021309978,0.6685535277820746,1.3096258482988572,4.168246590870599e-06,0.01988930235615092
154,0.5931940399119389,0.5879187757986092,1693504516.2386806,7,2.644380195094589e-07,0.7148450236621864,0.6887932011066982,0.6423044375097143,0.7151825372137257,0.7064893072702407,7.327591742422097e-07,0.004619275567203921
155,0.5931940399119389,0.5879187757986092,1693504516.4023373,6,0.00012540883460279966,0.7763766940869882,0.4079975744895814,0.6640637808661117,0.6572423844710813,2.08584889056135,8.137503052713514e-06,0.0016457856254147782
156,0.5931911374365628,0.5879192149238717,1693504516.5862126,8,2.3607109033080365e-05,0.745889166781229,0.6037008661593455,0.6861356168229662,0.6806464102608053,0.4108950165512425,1.3502802547392427e-06,0.009128632106443303
157,0.5932771232695805,0.5879136260568947,1693504516.7595413,5,2.5549278417993354e-08,0.7985900527929185,0.7821791851746801,0.6126200627846856,0.6423635748940467,1.048899721691403,3.285987152666161e-06,0.0006001719129729282
158,0.5931791647256363,0.5879149035122038,1693504516.97364,6,1.2832665476045967e-07,0.7358571818743214,0.32785793631258,0.7032944089597135,0.6907130142646398,0.15180037324526904,2.587670951490578e-07,0.013323790021529317
159,0.5931940399119389,0.5879187757986092,1693504517.1485941,6,1.1402714193418893e-06,0.8668301170497855,0.5343969677602282,0.6329783362994426,0.7039751383318628,2.8113816818557598,1.973096842052474e-06,0.0034618561303430607
160,0.5932771232695805,0.5879136260568947,1693504517.3475766,7,1.613707444307025e-08,0.7701255940393009,0.7968830659584427,0.6515768191515053,0.6467128981945383,0.30077444817892146,6.346356161250498e-06,0.03278112918353514
161,0.5932771232695805,0.5879136260568947,1693504517.522698,4,4.183340758633056e-08,0.7703244349260574,0.9343840984847517,0.7278494120361557,0.6578681588550848,1.8828059804375574,1.4971297551351859e-05,0.012327486942711713
162,0.5931940399119389,0.5879187757986092,1693504517.710532,6,6.970493942468868e-08,0.7822535973425668,0.8133725758940111,0.7218524942122536,0.6713502187498331,0.7193649129453639,2.200545866105762e-05,0.021888610037988206
163,0.5921787177444283,0.5876858996878219,1693504517.901407,6,4.122435906823277e-07,0.7566976019347376,0.6019439886777743,0.7145560029712769,0.6520687784921476,8.718465383598026,1.1945251889120686e-05,0.006637029856573597
164,0.5932771232695805,0.5879136260568947,1693504518.0711205,6,8.058724660428914e-08,0.8047634081654544,0.9876392900858718,0.6890943383839401,0.6623268454743136,1.156725313270365,5.910061416636449e-06,0.09446074105451549
165,0.5931940399119389,0.5879187757986092,1693504518.2635777,6,0.026689702710093143,0.7946530838882647,0.6853918071669598,0.6716621127238946,0.6790120257470541,2.241585940129921,0.000122981727898808,0.011292349823331794
166,0.5922550891277626,0.5877558204057518,1693504518.4528422,6,1.444469548735041e-07,0.8319980580299562,0.42411124260403144,0.7044293608029922,0.6338228305746774,5.769301111047938,2.9284082206889482e-05,0.005315660855174387
167,0.5931940399119389,0.5879187757986092,1693504518.626082,7,1.058009082961768e-08,0.7884502752475019,0.7664533778217194,0.6790383227163376,0.6868322671372369,0.5383286395604647,5.900079594040429e-07,0.00239044015278505
168,0.5932651505586539,0.5879093146452267,1693504518.8022912,5,2.2330003824274413e-07,0.8190730154505489,0.9836552036311095,0.6600872776964364,0.8761397843012086,3.4999892495720455,2.867164663708966e-06,0.05361258021758069
169,0.5931911374365628,0.5879192149238717,1693504518.9849353,6,7.073314120770422e-07,0.7729324538772637,0.5138011867144457,0.7419630462101988,0.6653095762641419,0.22404392664011238,1.0832737292657798e-06,0.0011309600224970436
170,0.5931911374365628,0.5879192149238717,1693504519.1729426,6,0.07699192198893735,0.8501249901657283,0.6507575489213863,0.6928559224505773,0.6521255697267343,1.6449144529202486,4.208474333784324e-06,0.020898720680702667
171,0.5932771232695805,0.5879136260568947,1693504519.3572216,6,3.0824198596548274e-07,0.8307416488853732,0.9549150125044013,0.733566135217254,0.6231121556338678,0.8928547951568803,2.1446688962433173e-05,0.016059340434506086
172,0.5932771232695805,0.5879136260568947,1693504519.542393,6,7.476718134169638e-08,0.8129244358642319,0.9804129436059977,0.7089089078155315,0.6375714138904336,0.72952770209726,4.698009155972716e-05,0.03256641864034275
173,0.5931940399119389,0.5879187757986092,1693504519.7170079,6,4.868428927935065e-05,0.8020789788215207,0.718731389585935,0.6205682043106423,0.6314594857005624,0.4608927834371959,1.0538367627249455e-05,0.009030338441558091
174,0.5931940399119389,0.5879187757986092,1693504519.9008079,6,3.0893102811239006e-08,0.8424875800985995,0.7854011040469485,0.7573152085878004,0.6097958483325171,1.2634083224388795,1.7070789107447294e-05,0.016792230756276703
175,0.5932771232695805,0.5879136260568947,1693504520.0871959,7,1.6424751427327531e-07,0.7834779565231926,0.9981529872231054,0.7347648540547946,0.6747489493031833,0.9125232653675085,6.420445399979194e-06,0.004115079348621544
176,0.5931911374365628,0.5879192149238717,1693504520.2654858,6,2.5170670366382993e-06,0.7273912718844594,0.5776473952982775,0.7185081148867148,0.6432967907213292,0.3419854592828734,1.921128756779163e-06,0.027392637262198632
177,0.5914968174357501,0.584485315252018,1693504520.4429061,6,3.6625314424331266e-07,0.8250799877049856,0.04480174865857108,0.6386080590897655,0.6936963744079339,0.09089763711642393,0.000324578432787972,0.05178904606380214
178,0.5931911374365628,0.5879192149238717,1693504520.629496,7,5.086267175759728e-08,0.9826561001024487,0.48048246164476055,0.7257727311733442,0.6585625268200097,1.8654751909774365,1.0570516131038361e-07,0.006970049294325914
179,0.5924296004597521,0.584700207187283,1693504520.827561,5,8.210440065639844e-07,0.8080544005354183,0.6470193334216138,0.6967102512890299,0.9015825241537091,0.5740610933938028,2.7134682418795106e-05,0.0028402226618198015
180,0.5932771232695805,0.5879136260568947,1693504521.0040703,6,2.5353806060437502e-08,0.750236248949333,0.9994167792997557,0.6566426844273393,0.7111196953488925,0.1526424835833818,0.00017747385800145977,0.012839305991190963
181,0.5931940399119389,0.5879187757986092,1693504521.19502,7,3.4197468323925306e-08,0.7693059501246124,0.7575386722980074,0.6714734995011384,0.646540217533697,0.19215038515681032,1.0606259457322472e-05,0.00530469868548257
182,0.5914968174357501,0.584485315252018,1693504521.3764858,7,8.95753572335842e-08,0.7663271897158154,0.00045694454890259165,0.6490567862771675,0.6533101302672567,0.38202425380990895,8.541098876702795e-06,0.004426695159526297
183,0.5932771232695805,0.5879136260568947,1693504521.5562716,7,1.6152372608957838e-08,0.7563115445135855,0.7785347828593076,0.6627431405684576,0.667314938928003,0.7780639592833272,3.9109708316126726e-06,0.0022908822648054347
184,0.5931911374365628,0.5879192149238717,1693504521.746639,8,5.5469006025763275e-08,0.7805393759031924,0.6105083955703335,0.6822540022735021,0.6798699103969658,0.24034173025989813,7.092567157535824e-06,0.0016868794102705806
185,0.5932771232695805,0.5879136260568947,1693504521.9156187,6,1.5181023005007833e-07,0.7963062207933334,0.7922598230405775,0.6661718972813323,0.6240933535982498,1.1744025363216533,2.3310683515226317e-06,0.010335180057423182
186,0.5931940399119389,0.5879187757986092,1693504522.0898395,6,3.3131420719519696e-08,0.8576917477032094,0.41244025439138027,0.6330675938362624,0.668714375010834,0.6393173073195677,1.4916322657099932e-05,0.020123803684974042
187,0.5931940399119389,0.5879187757986092,1693504522.268527,7,2.3177129598351156e-07,0.9414040541377819,0.5202685620618818,0.6466129326600827,0.6397977232964492,2.4995879908672083,1.0213649222098203e-06,0.0035424457596954177
188,0.5931911374365628,0.5879192149238717,1693504522.4430096,6,0.0005436268101095934,0.7618897788301755,0.6414552705077401,0.7127442379621386,0.6539502390074406,0.4213169149675616,1.6434560983965494e-07,0.0008822542227516873
189,0.593010458344399,0.5877582555549345,1693504522.6250904,6,1.0454302861391916e-07,0.8162095117956821,0.011085051692517627,0.6768012294754786,0.6892195923120964,1.2324076817643999,4.6734780452580944e-06,0.008164493935213664
190,0.5922670618386892,0.5877601318174197,1693504522.807963,7,4.527207537264484e-07,0.8349398051618789,0.9925512768034892,0.6902452146162269,0.6993234682796449,3.592059884610376,3.8029398991741613e-07,0.0338013394516752
191,0.5932771232695805,0.5879136260568947,1693504522.9858978,6,5.511247371998936e-07,0.7878355925563829,0.9879031060721581,0.6385795889481799,0.6654324455168895,0.2870069232738094,2.7479708474421205e-07,0.040799789728442226
192,0.5932771232695805,0.5879136260568947,1693504523.1670008,6,6.084690122306097e-06,0.7934357429959334,0.7850077816631024,0.6547277609871432,0.6738527476433332,0.25615392150378086,1.6721870224209767e-07,0.07149300621142966
193,0.5931940399119389,0.5879187757986092,1693504523.3464599,6,1.3247126213997605e-06,0.807182677417804,0.6885322319109967,0.6055323260854989,0.6618161634948206,0.5328675508815596,6.41843728051149e-07,0.11437680444682911
194,0.5932771232695805,0.5879136260568947,1693504523.5191247,5,5.900478890510644e-08,0.7773137011145242,0.8216637563737786,0.6219275856355285,0.6817125380882533,0.13824468632375334,1.5611739783631366e-06,0.020227982785583864
195,0.5932771232695805,0.5879136260568947,1693504523.6898055,6,3.0042972210838707e-07,0.7955402969751569,0.9916437618847859,0.6429841943490832,0.6507830691473924,0.8306307489312658,6.777301407565679e-08,0.01273383058308177
196,0.5931940399119389,0.5879187757986092,1693504523.8748865,6,1.8530841842817213e-08,0.9088662349307663,0.64310684077035,0.6284297589009155,0.8518614132998505,1.5593043839860086,8.03692661496924e-06,0.006537111411011704
197,0.5931940399119389,0.5879187757986092,1693504524.045384,6,1.568902973309944e-07,0.7404371285344253,0.488003028846172,0.6632986667016394,0.6336748020814347,0.35880919007113,2.5601968763370905e-06,0.0004044562189697086
198,0.593010458344399,0.5877582555549345,1693504524.2311554,7,3.23147979226861e-08,0.8222759347129927,0.019397172291499395,0.6984439507101293,0.6748813287074328,0.08946410813207037,0.0006663698408530938,3.675387422985095e-05
199,0.5931940399119389,0.5879187757986092,1693504524.4250724,6,1.0297759593324658e-08,0.7848866109103532,0.7969360967562912,0.6763793196026727,0.7290960026237855,0.1811556693335188,6.832249417449699e-05,2.9466434359113986e-06
200,0.5931940399119389,0.5879187757986092,1693504524.5981224,6,7.304979207314913e-08,0.761220792345174,0.5971779635252055,0.6559943824694745,0.6881389710795809,0.5579196751086527,3.828092041244712e-06,0.03590272430973443
201,0.5931940399119389,0.5879187757986092,1693504524.7847779,7,1.0517137030240436e-05,0.7804472648972063,0.8341612068060191,0.71968770500825,0.6612398576009243,0.3744172324877449,1.1641269503615793e-07,0.0032482350611590578
202,0.5930911834407975,0.5878363998914163,1693504524.980646,7,4.2454614792874965e-06,0.7743030287695153,0.061153265194277454,0.7146999993972859,0.6485123127119545,0.8912656867713781,2.0335973817290403e-07,0.0015832235993548096
203,0.5932771232695805,0.5879136260568947,1693504525.1557693,7,1.8746704239222507e-06,0.7916993711445596,0.9859400010848788,0.704585741831826,0.6617851259758651,0.24952351747903,2.4020113904520604e-07,0.003850801741475387
204,0.5932771232695805,0.5879136260568947,1693504525.3372672,6,8.456862639927923e-07,0.8068454161533601,0.986893919903566,0.7366123569222964,0.6714296088922806,0.0022959870819943555,3.578289945090129e-07,0.01729491557230667
205,0.593010458344399,0.5877582555549345,1693504525.5215077,8,0.0002043597575959747,0.7497022596305883,0.006783891474362253,0.6845583574732089,0.7023545033119326,0.000744632130595528,1.413481903278e-06,0.007629886702851041
206,0.5931940399119389,0.5879187757986092,1693504525.7094364,7,1.5307345830360653e-05,0.7981461931211564,0.7009374092671745,0.6392577441209776,0.6413408396687076,0.5128758501181558,5.080533725596741e-07,0.0023341603719870155
207,0.593010458344399,0.5877582555549345,1693504525.907022,6,1.1458907106557962e-07,0.7637316677117562,0.0014466890305630403,0.7311330303262201,0.657385528927635,1.0390054812300085,0.0027389958697260595,0.025627601711677397
208,0.5931940399119389,0.5879187757986092,1693504526.1077335,7,4.1909503469311756e-07,0.7033186252725987,0.7734720531484931,0.7505100816175775,0.8282208266293258,2.01584758317867,5.625022825266505e-06,0.010076022608616795
209,0.5930911834407975,0.5878363998914163,1693504526.2927377,6,2.6603782592713507e-07,0.7780767053651394,0.1205385030609421,0.6671858946020164,0.6794549550507428,0.6637237142336647,8.691772459250991e-07,0.005115784781123511
210,0.5925126838173936,0.5846950574455685,1693504526.4948514,6,6.599669093249164e-05,0.8150307713587703,0.5688476385297271,0.7060904157977747,0.811161531760703,0.41439537685951666,1.525870359500448e-05,0.001348811561825377
211,0.5932771232695805,0.5879136260568947,1693504526.6818714,7,6.159329975051588e-07,0.8399171681197724,0.8331750183550458,0.6484732760618799,0.6294918610879379,0.1581929862608096,6.137194436858505e-07,0.0005750544840446964
212,0.5932771232695805,0.5879136260568947,1693504526.8631442,7,3.994619171011653e-05,0.8254667322455008,0.8144434885412609,0.6479038790067841,0.6154828934965122,0.10214040103530397,3.666631308937881e-07,0.0010689735528122898
213,0.5932771232695805,0.5879136260568947,1693504527.045471,7,2.5618003498824575e-07,0.8824116284374259,0.9990550023902842,0.6323078327416743,0.6385637183557924,0.2850428191227949,3.130291339449668e-06,0.001960174854629866
214,0.5914968174357501,0.584485315252018,1693504527.2206407,7,5.027286704699317e-08,0.9561606124817241,5.469853227053588e-05,0.6567632170505421,0.6497737847966024,1.3278359040629604,1.900205713864727e-06,0.0030938534043039615
215,0.5931911374365628,0.5879192149238717,1693504527.4042168,6,1.3382883018461973e-06,0.8300269219179979,0.6797997728146565,0.6847023108135066,0.6274611622277707,0.7797137706053248,3.022489816752002e-05,0.05925006060339855
216,0.5931940399119389,0.5879187757986092,1693504527.5884914,8,8.753778704716681e-08,0.8029787871958485,0.7959297197832775,0.6924191038273826,0.6673536694916602,0.06695270070142585,2.2849672090676891e-07,0.014250853312888643
217,0.593010458344399,0.5877582555549345,1693504527.788763,6,2.6537192504615467e-08,0.8936718326017219,0.04152840033158489,0.6714006922429281,0.600536679503462,0.4063828202985863,0.020401338964167275,0.004934416184847981
218,0.5925126838173936,0.5846950574455685,1693504527.9801674,7,1.6782149273862532e-07,0.8353202453401526,0.5679230354619795,0.6157998287231409,0.9866303184622354,0.21376431277160268,1.241814073402757e-06,0.0015293106232527052
219,0.5931940399119389,0.5879187757986092,1693504528.1746905,6,2.3065501804620135e-06,0.849136497150418,0.9943467539134517,0.9995412203623286,0.6903390192271679,0.03260476501206562,8.941165176749915e-06,0.008681093643945946
220,0.5931940399119389,0.5879187757986092,1693504528.358777,5,4.689210068523183e-07,0.7881396963814584,0.6780917674704385,0.6428436696210316,0.6559705706264126,0.6091278250832203,1.1299114336134473e-07,0.02248575891680151
221,0.5932771232695805,0.5879136260568947,1693504528.5437615,7,5.8148823846638045e-08,0.8117140322445299,0.9811914812207236,0.6501911318143433,0.6539645793846083,0.3604483071211367,4.651026189366959e-05,0.046509922750704064
222,0.5932771232695805,0.5879136260568947,1693504528.7252624,7,9.529105656892548e-08,0.8008306200035349,0.8102534538820606,0.6268955491386199,0.6687612959989935,1.0460125730236223,6.745005901536753e-05,0.04797420256716916
223,0.5932771232695805,0.5879136260568947,1693504528.9125607,7,4.902562331552721e-08,0.8207624520732323,0.8142261317948386,0.6615764346556674,0.6443366786346708,0.4809709731456224,1.340666189829054e-05,0.03085069136819562
224,0.5932771232695805,0.5879136260568947,1693504529.093163,6,0.00045739129638872327,0.7747744826834618,0.9902466917184762,0.9817538378128363,0.682635635252633,0.29274829876559677,4.789339022789152e-06,0.01531890033056466
225,0.5931940399119389,0.5879187757986092,1693504529.271955,6,0.011487092610411913,0.7872380674142236,0.6579963704769481,0.6391661836317707,0.6631585770428575,1.5850958933276122,2.3406478119934007e-05,0.09856493376197516
226,0.5923211204425695,0.5877685550383636,1693504529.4582481,7,1.9277323640963855e-08,0.8040865446671996,0.09450192681824272,0.6478970004956383,0.6741765797956799,0.00017459572625749814,2.560954441885683e-06,0.0030585530377966346
227,0.5931911374365628,0.5879192149238717,1693504529.644292,7,2.2862946864235205e-07,0.8694022206131852,0.5609398589573398,0.673775374155033,0.6366244981893349,0.12495851689769372,0.40359188438410604,0.00024080463303786183
228,0.5932771232695805,0.5879136260568947,1693504529.8409464,6,3.1163317295763634e-08,0.7681434023635971,0.7798169100759601,0.6581297633150359,0.6563865361213224,0.0011727290386624194,1.8547008058940644e-05,0.005849316678124104
229,0.593103156151724,0.5878450227147523,1693504530.0439613,6,1.0552721603546787e-07,0.8132020430995809,0.1761774849764516,0.7243574348399351,0.6928376774156545,0.7639767497608786,7.40636188852516e-06,0.22925211199655712
230,0.5931911374365628,0.5879192149238717,1693504530.247818,6,1.0113529415065137e-06,0.7566950267716861,0.4777832377333063,0.6331430710480804,0.7395135020265711,2.425629332595108,7.640266118846652e-07,0.41922004259472173
231,0.5932771232695805,0.5879136260568947,1693504530.426471,7,1.4967006872717106e-07,0.8256979733179028,0.9881024217764791,0.6531413824734479,0.6793934932682433,0.9108285402878231,1.5216182093734344e-06,0.019069385955562693
232,0.5931940399119389,0.5879187757986092,1693504530.6023016,7,7.030842721795976e-08,0.9993761507438026,0.7036857490424594,0.6670438555403823,0.6737176000351696,0.48281457265185473,3.4433933300682404e-06,0.012468809777662852
233,0.5932771232695805,0.5879136260568947,1693504530.7838259,8,3.318154025234156e-07,0.8329797231965979,0.7871957207852697,0.6519620598380007,0.6626044509400965,1.2019411248912135,4.6847253982623226e-07,0.028850627064726925
234,0.5931940399119389,0.5879187757986092,1693504530.9739053,7,3.682509562252563e-08,0.79343818186435,0.654429741961248,0.6421141284044655,0.6473492242130001,0.7087166872337313,1.6005225640156494e-06,0.046538943726811645
235,0.5931940399119389,0.5879187757986092,1693504531.1575701,7,2.1442396622542164e-05,0.841358776647836,0.7813533783954784,0.698807830565938,0.717194055840752,0.286208874581154,5.056377484779941e-06,0.009716178492631547
236,0.5932771232695805,0.5879136260568947,1693504531.3313222,6,1.3835399544332178e-07,0.9123544191542357,0.9968426556195491,0.7099574517380509,0.6750875211374475,1.4021840052515184,9.855765546225565e-07,0.018981557035476732
237,0.5931193011710038,0.5878502323371844,1693504531.527946,6,0.0008544295366724521,0.9276092291854648,0.2187739649143534,0.6795738893651633,0.6852008985024842,0.469786796699575,1.5021990508938964e-07,0.07501742064858904
238,0.5931940399119389,0.5879187757986092,1693504531.713529,7,0.0002350206483041957,0.8220790392697355,0.49524959208915625,0.6621345734389031,0.7773389331277987,0.004184227142239676,2.239817422205917e-06,0.004827312163605008
239,0.5931940399119389,0.5879187757986092,1693504531.883928,6,7.717241062019055e-08,0.781971823382801,0.6514817440327141,0.6214282788402832,0.6209285844882592,0.20431432018947035,9.7432121430109e-06,1.776386747778068e-08
240,0.5932771232695805,0.5879136260568947,1693504532.066746,7,6.287783018995618e-07,0.8082206540219994,0.8147620287322245,0.6333981031322854,0.7016074687388001,0.010770712016546797,3.404767481543951e-07,0.013387658257520333
241,0.5932771232695805,0.5879136260568947,1693504532.2471266,3,3.876953134355626e-08,0.7823275945325475,0.8526542403363635,0.6461708371221417,0.6803958576796437,0.5351464195532655,1.3702007836948408e-05,0.03689899429979719
242,0.5922447490592352,0.5876986343204338,1693504532.4277186,4,2.2804288561856806e-08,0.7721639795167164,0.057178772756077766,0.64342861178622,0.6674152790606447,74.412743261967,3.342995737535324e-05,0.022100811924991155
243,0.5932771232695805,0.5879136260568947,1693504532.6137729,6,4.8566338687754915e-08,0.7953086201895228,0.97985828167405,0.7753264067595397,0.6546358217412712,0.8924721578239098,1.9601046950149254e-05,0.008821574102998267
244,0.5931940399119389,0.5879187757986092,1693504532.798811,4,1.9328106093816784e-07,0.7806148269460444,0.6504924186674977,0.6555212829506416,0.6940791388720405,0.4088398490354356,7.280607877566095e-06,0.013457346328418648
245,0.5932771232695805,0.5879136260568947,1693504532.9809005,4,6.746324191753862e-06,0.8590274462108407,0.9984879781671289,0.6870425715416606,0.6735407716824862,0.6633657780577893,4.431253713375375e-06,0.023766056398446443
246,0.5931940399119389,0.5879187757986092,1693504533.166115,5,9.460399434390321e-08,0.8163280928003886,0.7883078200156625,0.6692568578203615,0.6339920310313139,1.1221386945377179,1.189691859563243e-05,0.006779016937704395
247,0.5931911374365628,0.5879192149238717,1693504533.3501072,6,2.036735285443614e-08,0.7621347520254668,0.5723141799186463,0.833493701214749,0.6604301844285048,1.964702410555747,3.1801165201027447e-06,0.0023863379229427774
248,0.5932771232695805,0.5879136260568947,1693504533.5296583,7,3.589401451499428e-07,0.8023186414734048,0.9897431046960764,0.6354207772885023,0.6830349625883954,1.2844547977202878e-08,4.0528229069399776e-05,0.01677827407594525
249,0.5922612568879368,0.5877038838633443,1693504533.7153766,6,4.6571664818676786e-08,0.8277326731162012,0.08620518250047385,0.6134292231596652,0.6468049975841517,0.32825719970445605,1.277818830418529e-06,0.003544739385417771
250,0.5914968174357501,0.584485315252018,1693504533.8991368,6,9.208565530992575e-05,0.9200285610586587,0.015399286005812862,0.6507373321774246,0.7975593719273802,0.6787696738983353,2.074677185984979e-07,0.029968894055649994
251,0.5931940399119389,0.5879187757986092,1693504534.0848694,7,0.002421537435359617,0.7881525318758957,0.7404332885715645,0.7118080412983303,0.7615191672398767,0.3889961880299613,2.1232485687759557e-06,0.00929201471977919
252,0.5931911374365628,0.5879192149238717,1693504534.2634263,6,1.199974644057705e-07,0.771740083718785,0.3722314186618901,0.6975403647811725,0.7052286816331161,1.081051120067167,7.742425492840341e-06,0.016852276673608023
253,0.5915113298126307,0.587220806154141,1693504534.452147,6,2.427520235374572,0.7482286547704882,0.6688667327372274,0.6777959959553721,0.6654544667139278,0.5750077353039817,51.44246412011839,0.0056479083809539395
254,0.5932771232695805,0.5879136260568947,1693504534.6478293,3,2.5731289405710102e-06,0.7917869207615922,0.8247268630624162,0.6262522996486899,0.6883561102446458,0.2353352123512284,5.837508702920013e-07,0.0023271992550410923
255,0.5931820672010124,0.5879144643869412,1693504534.828532,7,9.029558545529591e-07,0.8124436031783652,0.9998880841985027,0.5951894886375718,0.5840765639622127,0.8674478893368751,5.4871706551312803e-08,0.010491773228363893
256,0.5931940399119389,0.5879187757986092,1693504535.0197198,6,6.734358538337733e-08,0.8350164778105809,0.5864730694586469,0.6638780305606227,0.654014000997933,0.502858959928133,2.2451946980784427e-05,0.03925683562925487
257,0.5930911834407975,0.5878363998914163,1693504535.2058358,5,2.138351960116551e-07,0.8009773592805849,0.138981170380804,0.740196679009214,0.6760846547463659,1.51637835016768,9.740360848444579e-08,0.0235418550425278
258,0.5931911374365628,0.5879192149238717,1693504535.3956757,6,1.9671044998339996e-08,0.8431344763391985,0.43862843855190126,0.7249321729727906,0.6411676056315178,0.17713756371851394,5.196472319721611e-06,0.0038705495710351294
259,0.5932771232695805,0.5879136260568947,1693504535.5775597,7,3.353024495751508e-05,0.8197845449614006,0.821942406994926,0.6419580402078683,0.6646676950675963,0.3828719425458725,1.3015213238364408e-05,0.007023249434369318
260,0.5932771232695805,0.5879136260568947,1693504535.7648916,7,3.771296328149649e-08,0.8952174868083567,0.9983936864557638,0.6895255041213316,0.6772093419812565,0.8510448861222506,2.9259264054576503e-07,0.01549930455581083
261,0.5931911374365628,0.5879192149238717,1693504535.9472136,4,3.9078073451667075e-07,0.8799807556306742,0.045683018825040764,0.6575423015805517,0.84288138868026,2.7638025902572276,0.0001757728145451995,0.001362916150782315
262,0.5931911374365628,0.5879192149238717,1693504536.1327357,6,1.0672653827088147e-07,0.779940240058399,0.6851447821160632,0.6725074419381322,0.7472837067634631,1.3622835108866407,2.7295693721190026e-06,0.04952469146762141
263,0.5931940399119389,0.5879187757986092,1693504536.308637,6,5.863780921918902e-08,0.7648292382394649,0.5314449390688819,0.6388141022575077,0.6293047826262333,0.28096791440530977,7.436932732507353e-05,0.0035266928467161756
264,0.5922670618386892,0.5877601318174197,1693504536.5229208,2,1.4013403578067146e-08,0.9551292037640573,0.7927392724321425,0.6518797346233036,0.6948894672353374,0.5822355551020274,1.7340920461032465e-06,0.026210822427543874
265,0.5931940399119389,0.5879187757986092,1693504536.7235692,7,1.8752871535173573e-07,0.9036750894313988,0.6722752145115252,0.628106994623117,0.6515117345303262,1.9981057705691219,8.569592139262384e-07,0.0106245689033461
266,0.5932771232695805,0.5879136260568947,1693504536.9203515,6,1.5256286530818057e-06,0.8522080895665792,0.9972844290912907,0.6817525674956566,0.6672314211077451,0.9392719972083767,6.1367763097452515e-06,0.0057035939938407335
267,0.5923330931534959,0.5877728664500316,1693504537.116809,8,4.648139923284999e-06,0.6278776910657795,0.529605857235893,0.7068851443861506,0.7130432203517397,0.4173579947348002,3.6678811830413044e-06,0.0016704442767123818
268,0.5,0.5,1693504537.298735,5,12822.780851296835,0.733423170919418,0.08258054439940267,0.665715291277431,0.6390445008878036,0.1478512036994595,1.10982989895227e-05,0.07319382317271693
269,0.5931940399119389,0.5879187757986092,1693504537.4914033,6,5.004651138419498e-07,0.7572313158543108,0.8211507861323185,0.7171121823951502,0.6845667246045514,0.2717816340405194,1.6032910294417392e-07,0.017691372693166826
270,0.5931940399119389,0.5879187757986092,1693504537.6847603,7,3.647555914067798e-08,0.9380316515346145,0.6906350846044164,0.6453452326755221,0.6570582095735358,0.6780839839034255,5.439218031368348e-07,0.033743603712197735
271,0.5919138668663568,0.5875258584898881,1693504537.8720171,6,0.0001462779299257888,0.7969495755679249,0.025213910668458715,0.6933189571399009,0.6723429567735695,3.8842483367891116,1.1639613924752144e-06,0.0027463874973586437
272,0.5932771232695805,0.5879136260568947,1693504538.0575852,6,8.401832979242606e-08,0.8075621107004417,0.8095581410469416,0.6025691484547391,0.7834987277486305,1.3278804204610848,2.7717941178984214e-05,0.009232129932114327
273,0.593010458344399,0.5877582555549345,1693504538.2421746,7,0.06841864948547947,0.7863891319906844,0.002730877208155794,0.7308449038556799,0.6467878967600866,0.4740410410824554,2.408329143879018e-06,0.0010226005894887074
274,0.5931940399119389,0.5879187757986092,1693504538.4339013,6,2.2555907691895367e-07,0.7719054869177779,0.3465236082644163,0.6205131934718738,0.6601793052476975,0.9069305271901977,0.0016537572341824831,0.013822191037319792
275,0.5931651965628887,0.5878178767894354,1693504538.6210513,7,0.0010341694522242556,0.8284066009731439,0.576171943998006,0.6629469202403949,0.5019812767361904,0.2572735609180824,1.7896583503209044e-05,0.004299589123726547
276,0.5931791647256363,0.5879149035122038,1693504538.8139005,5,8.643153799570048e-07,0.7474152181288707,0.2922861399994129,0.7499405534240063,0.6199402848088164,1.9874790545818626,0.0005928842978490306,0.0020231370886684857
277,0.5922670618386892,0.5877601318174197,1693504539.015276,6,2.7220412164430612e-08,0.5034703040479862,0.4316192318292083,0.6775175248925273,0.6090998791614497,0.6785366232716286,0.00010324238934548872,0.02452138513409229
278,0.5924437500272107,0.5844276301607199,1693504539.223657,7,1.0079545593424684e-08,0.8197905097209667,0.9907132012455434,0.6549494970113061,0.8137053819813918,0.39874301602324635,3.009240383788255e-07,0.051997886736494095
279,0.5922612568879368,0.5877038838633443,1693504539.4125013,6,1.2266830987315754e-07,0.7904376220512315,0.05898852174367994,0.6357248061262076,0.6846430603267226,0.12532946144930251,9.406231879760745e-06,0.006932388327777023
280,0.5931911374365628,0.5879192149238717,1693504539.6195753,6,3.209084698291787e-07,0.7768799329333604,0.6865385153647906,0.7030593244986724,0.6975871416167895,1.1960435307832047,3.7066007126409696e-08,0.03694279423333549
281,0.5932771232695805,0.5879136260568947,1693504539.8081253,10,6.198111830493618e-08,0.8083132836867922,0.7971819047222125,0.6463330880568017,0.634902221905656,0.19641504065373794,4.631333953227615e-06,0.011917886948923631
282,0.5932771232695805,0.5879136260568947,1693504540.0079336,7,0.00029275958536302684,0.8346849722494778,0.9947833885003746,0.6871816023821663,0.6773560150795227,0.5826900161619581,1.8426678964808235e-06,0.02076220329348648
283,0.5931911374365628,0.5879192149238717,1693504540.2064579,5,2.779785829195712e-06,0.8703036399540498,0.5315350287669183,0.6736175277854185,0.7217409094928475,0.35426577332594045,5.510205079150228e-05,0.005360756235174046
284,0.5914968174357501,0.584485315252018,1693504540.409813,6,7.670479553942212e-05,0.5889515487843708,0.030420767563025013,0.6147731406382791,0.6661646729260535,2.7038569537322243,7.638887518079449e-08,0.0007426788090243275
285,0.5932771232695805,0.5879136260568947,1693504540.598342,6,3.065439308706092e-08,0.7989653594266702,0.7959854685988389,0.6582109774600134,0.6470696212147189,1.4792983061732639,8.092671498082162e-07,0.003594347427321748
286,0.5931940399119389,0.5879187757986092,1693504540.7933998,7,1.1225947909608733e-05,0.7632887124220692,0.6535913758445027,0.5032505152852835,0.6918092767440917,0.8898864018478403,6.762038275195227e-06,0.0018809694969484892
287,0.5932771232695805,0.5879136260568947,1693504540.976298,6,1.573658301962994e-07,0.7404342530351694,0.8121798152468236,0.6305003099439799,0.7071612878665157,0.2691642219320726,3.437186966781038e-06,0.007416220738213205
288,0.5914968174357501,0.584485315252018,1693504541.159016,6,5.261945679147087e-07,0.8143231368407587,0.006377528396981066,0.5890549426064399,0.6570831139601494,0.5602371922621856,4.157999605427311e-05,0.07155792214867568
289,0.5931911374365628,0.5879192149238717,1693504541.3590367,7,6.474348357603752e-08,0.7834017096430236,0.22080262394048333,0.7208772978214039,0.8010231905370127,0.09302707093219162,4.445643702456455e-07,0.11590718692519233
290,0.5922423907979921,0.5877427264888343,1693504541.5378225,7,1.8429957255988474e-08,0.8425950261351678,0.45777546209363884,0.6961427619415714,0.8317304239855764,5.268075209699649,1.403990117484474e-05,0.02052865771527929
291,0.5931940399119389,0.5879187757986092,1693504541.7214763,8,1.982355068555211e-05,0.827424828143576,0.6359438958679293,0.6395808171409945,0.6746102827802707,0.9069827950528013,0.00020178801562018532,0.012536410917429594
292,0.593010458344399,0.5877582555549345,1693504541.9171207,6,0.011414244448746756,0.771580320726061,0.03766162755934625,0.6686765420042954,0.7277741905537514,1.624953939126466,1.6047101151784515e-07,0.033782114401436726
293,0.5932771232695805,0.5879136260568947,1693504542.1067772,11,2.6720578804289316e-07,0.6753757796172629,0.7905457739748076,0.6481679331161285,0.6282162387951618,0.18000580421778578,1.4325068259036837e-06,0.0025378465135598846
294,0.5932771232695805,0.5879136260568947,1693504542.2994897,6,1.0534861894676551e-07,0.8025966116188485,0.9921781489059152,0.6829946700368529,0.6655503881395749,0.3955766190063608,3.1015144106406862e-06,0.0011491647092812481
295,0.5930911834407975,0.5878363998914163,1693504542.49134,6,1.4136372358634615e-06,0.7918463640263254,0.10334601821704177,0.7122987215954427,0.6855928441388464,0.6995871691251672,2.5770258757193632e-05,0.010196944015411337
296,0.5914968174357501,0.584485315252018,1693504542.6740994,5,4.1871741519977465e-08,0.8188718655261628,0.013167604062963122,0.6579534981978237,0.6498824672606378,2.519112449081885,4.869687663181582e-06,0.004446084944213776
297,0.5924296004597521,0.584700207187283,1693504542.8829005,7,7.066038572604941e-07,0.7547082253486511,0.5588376100681169,0.6075694895590907,0.8663233838749793,0.3097991122980564,9.180299667073316e-06,0.050761731937685586
298,0.5931940399119389,0.5879187757986092,1693504543.0819283,6,1.5009522820722682e-07,0.779526586743364,0.799565930885457,0.7366350014805227,0.6413368301444361,0.5278151303666938,1.079090440322709e-06,0.007268958832951395
299,0.5931940399119389,0.5879187757986092,1693504543.2649703,7,3.0513583805744386e-08,0.8630660339797223,0.6234462704409385,0.6278705960180807,0.6717567717099958,1.097173452027623,2.268472087377613e-07,0.015844901632121433
300,0.5932771232695805,0.5879136260568947,1693504543.4586077,8,7.15603226452152e-08,0.80611389917379,0.8370691164394247,0.6676031379781137,0.8797116394180085,3.3873724286588023,2.0440686479297706e-06,0.0284745151550659
301,0.5931911374365628,0.5879192149238717,1693504543.659092,6,4.580865372797795e-06,0.9157203059979114,0.4175099558955629,0.7000133517225784,0.7903120678713794,0.17340278906642573,1.6427163551695838e-05,0.0031181919809448503
302,0.5926692360829933,0.5876011085916854,1693504543.8408427,6,1.6262530085234388e-08,0.7023006586972281,0.1919777747650121,0.6482112307257216,0.5184336276490434,0.062083372999901236,9.361365249143017e-08,0.0018317175900681981
303,0.5932771232695805,0.5879136260568947,1693504544.034279,7,3.3629350417178745e-07,0.8546822020345085,0.9929588408984327,0.7278216668845878,0.6994727201181529,1.7011604559824227,6.051547840215754e-07,0.019610869608836196
304,0.5931940399119389,0.5879187757986092,1693504544.2253323,3,5.475262878423162e-05,0.7663522854516502,0.6916214253319057,0.636497815007152,0.6575275762348771,0.6836276532065959,3.2166815577327276e-07,0.007594697457587967
305,0.5930911834407975,0.5878363998914163,1693504544.4079444,4,1.108029558288453e-06,0.78849542978624,0.0648739428724649,0.6886029221506814,0.7685460639771731,0.37318631122249324,6.424880065812531e-06,0.04187297548367683
306,0.5930911834407975,0.5878363998914163,1693504544.598917,6,4.852153541043973e-08,0.8335002606107392,0.15082689052581713,0.6781619932464552,0.6821910248500662,0.9223030982837316,3.579926592201975e-05,0.005126816797321468
307,0.5932771232695805,0.5879136260568947,1693504544.779213,6,1.1936162721474557e-07,0.814940921613381,0.993837681367786,0.6591526631898484,0.6707287034846292,0.2613098399620144,0.00010933017928651521,0.014010314968174422
308,0.5931940399119389,0.5879187757986092,1693504544.9746544,7,0.00040791846556222826,0.7974853574025312,0.522764941903808,0.6227976928407898,0.6336540385797471,0.47013285136530436,2.7878995998932e-06,0.0008026341046945247
309,0.5931911374365628,0.5879192149238717,1693504545.1708148,6,2.1184601898067697e-07,0.9720374918708844,0.2846600021652034,0.6438125984499893,0.659856956715401,0.10521033576605546,1.0534739666238545e-05,0.06053857825461579
310,0.5931911374365628,0.5879192149238717,1693504545.366678,7,0.0030652612851428227,0.7204930190088548,0.6850001862340177,0.8492879975460873,0.6467572543648553,1.265858858900931,1.4695675704230914e-06,0.025523432353724996
311,0.5931791647256363,0.5879149035122037,1693504545.5618353,5,4.900443465924174e-07,0.7773356085101696,0.0001246910401577324,0.5643100483700346,0.8537957811254145,2.1924769679227563,4.4872092723192736e-06,0.0014095186916551455
312,0.5924296004597521,0.584700207187283,1693504545.7746592,6,7.779024411762631e-06,0.929709411630007,0.8244416204321391,0.747439553633187,0.8196120191664983,0.6106535820833755,2.0183733357952507e-05,0.00011634852965473197
313,0.5931940399119389,0.5879187757986092,1693504545.9745812,7,1.9048282104119109e-06,0.9035094677929295,0.5674065531027709,0.6529549477152036,0.6923753962254839,0.22750799289001353,9.98675438909645e-07,0.0098918526531175
314,0.5931940399119389,0.5879187757986092,1693504546.1909387,6,7.044640850518223e-08,0.8439501144473246,0.9959209401020287,0.7118073142788429,0.6190156910248994,0.04487267956183084,1.5934416939989831e-07,0.10742844784497946
315,0.5914968174357501,0.584485315252018,1693504546.3921826,6,2.7193991240255723e-08,0.8230147087974248,0.0007415585149651956,0.5445906641166129,0.6798737013233805,5.172453515883841,6.969758088938062e-06,0.0030069269334777452
316,0.5932052870040213,0.5878446434702074,1693504546.5961075,5,1.6647625025875276e-08,0.7576700428004198,0.7500661680700427,0.6704646602202233,0.5569786688882068,0.8100969677197546,4.880760389475405e-07,0.005137701573024832
317,0.5931911374365628,0.5879192149238717,1693504546.794198,7,4.2874343972204813e-08,0.7412744824440326,0.48342210558432797,0.7673095837713401,0.7436009338091322,1.253368313361738,1.971705685575508e-06,0.015116418151255398
318,0.5931911374365628,0.5879192149238717,1693504546.979159,6,1.6390755891388227e-07,0.7875243187609827,0.6728421864320624,0.6880998583806451,0.7067428144995148,0.38073487774570136,1.2115987246248031e-05,0.029327800917927225
319,0.5931940399119389,0.5879187757986092,1693504547.1763394,7,0.0010325421107760969,0.808434178160665,0.9990220979879427,0.8061816657325696,0.6641384965406396,0.16629230461678388,3.4218863286112264e-06,0.0005094332957002287
320,0.5922550891277626,0.5877558204057518,1693504547.3800614,6,9.09707859944553e-08,0.768999866248644,0.37457023446453985,0.702318962279855,0.7533224528685061,7.551358990182706,0.00037069819192856764,0.008447151570965945
321,0.5914968174357501,0.584485315252018,1693504547.562682,6,3.054697623527747e-07,0.7983826010529952,0.00883580031419447,0.6351447953377001,0.6407233525643156,0.609114257146579,2.4307512858022703e-07,0.0020371178963460358
322,0.5932771232695805,0.5879136260568947,1693504547.7569392,7,0.00013087076324484753,0.7304127094102161,0.8010721701302869,0.6634935014281038,0.73398135806959,1.6386458326619266,6.591507202828542e-05,0.0037318458381713267
323,0.5914968174357501,0.584485315252018,1693504547.969797,5,7.648224270810646e-07,0.8774464386146638,0.022224541965251775,0.5803936213763705,0.6564285713673483,3.1440388635693037,5.8903392199800164e-08,0.01697665440385134
324,0.5890482166465669,0.5852499720556651,1693504548.1642914,8,124.18610651018002,0.7779179725447405,0.0016005880698376938,0.6802383432913662,0.6886522384394681,0.3948404630856753,5.721933253375005e-06,0.15779486374606683
325,0.5914968174357501,0.584485315252018,1693504548.3659232,9,2.9416859117094803e-08,0.8888773632826453,0.004747832287967873,0.6138550907173506,0.6722210292517194,0.9678966419287081,0.0034423552307676014,0.06440102989637604
326,0.5931073284600772,0.5878416095138485,1693504548.5674565,6,6.168927999794434e-08,0.7506854366165405,0.5933990347854085,0.6516789578775816,0.5935855747652028,0.2763256876442106,2.6657904697196863e-05,0.00030410247259353695
327,0.593010458344399,0.5877582555549345,1693504548.7649078,7,2.8571263118338505e-06,0.8254995893890199,0.0195962388476068,0.7232043934904488,0.649998671292958,0.5906628741022905,7.468232240300924e-07,0.03947046242355845
328,0.5931940399119389,0.5879187757986092,1693504548.9715044,6,1.0637219504508348e-08,0.8121833783642427,0.7968409121499089,0.6955652931100225,0.6778290415579815,1.070994297195063,0.0002424477654316568,0.011117623078117159
329,0.5931940399119389,0.5879187757986092,1693504549.171618,6,1.3577002251359586e-07,0.7926441617556369,0.6626938102579252,0.6416902309999514,0.628290012895453,0.10770061906008718,2.529398560918027e-06,0.006162248430133674
330,0.5932771232695805,0.5879136260568947,1693504549.3837154,6,4.5508723983699526e-07,0.6518108384930081,0.9956039319429144,0.6246545905882891,0.663205053811686,1.8084446678266757,8.642489084767768e-06,0.0024187277432374107
331,0.5931911374365628,0.5879192149238717,1693504549.6113377,7,0.006206574961893091,0.8358628499709179,0.4707420511266616,0.9404482580461082,0.7129493959308008,0.45557090406486656,1.1365769381412514e-07,0.026665366225392798
332,0.5922670618386892,0.5877601318174197,1693504549.8198338,7,0.7797567964245792,0.7640691166836922,0.7829263919557028,0.6733587691933269,0.6965315563456371,0.20509583656042638,0.0011836022185937691,0.01953169779206726
333,0.5931940399119389,0.5879187757986092,1693504550.0287092,6,2.29254573792171e-07,0.781163834114295,0.5987817603105902,0.6598022674060194,0.893773753342438,0.8058900302964852,1.713257239259915e-08,0.0014540124744010622
334,0.5930911834407975,0.5878363998914163,1693504550.2315612,6,1.19507554656057e-06,0.8030882280402156,0.08877206149730091,0.7391777606407811,0.640877143961097,0.318376554417869,0.00056424679304028,0.004496653461111446
335,0.593010458344399,0.5877582555549345,1693504550.43957,8,8.882310189223136e-08,0.8475956196045497,0.0002576028056789026,0.7091841759064267,0.653789423080466,2.6236157127418513,1.3279356236239928e-06,0.010485653690478412
336,0.5914968174357501,0.584485315252018,1693504550.636479,5,4.044752304750263e-08,0.7874994554832128,0.0024606398022355555,0.6491822117090528,0.6845146173267194,1.2638230583165921,1.6666803251686065e-05,0.04362214161616699
337,0.5567956381600048,0.548684240991944,1693504550.8313608,1,0.00017957900768340558,0.7718393474386197,3.486928669768704e-05,0.6323496638993417,0.6694349497695968,0.5120936223626992,3.8899548898951006e-06,1.7006778594697734e-05
338,0.5890482166465669,0.5852499720556651,1693504551.0265474,7,2.096490742477678e-08,0.9482410842440988,0.8105916375231221,0.6658381071729916,0.8376808032117113,0.15422698686956318,3.539775615065576e-07,66.21560509013904
339,0.5931940399119389,0.5879187757986092,1693504551.2267237,6,7.031320364564574e-07,0.8199851220661852,0.8168784093166067,0.7581634005034326,0.6786909538466367,0.0781781777912941,5.121610926815637e-05,0.006760575761016533
340,0.593010458344399,0.5877582555549345,1693504551.41733,4,9.852623937510754e-06,0.8017379588484584,0.034526242730352846,0.8745372152378326,0.6519014688789033,0.8085600153119489,8.136191953183449e-07,0.0007580152602446253
341,0.5931940399119389,0.5879187757986092,1693504551.626511,6,2.967718584330097e-07,0.8606224644907747,0.6521056719445119,0.6004221847141475,0.8551712903125567,0.2780187944832753,0.05041477687836192,0.07525951617633155
342,0.5923211204425695,0.5877685550383636,1693504551.8326766,7,1.7604859122186545e-05,0.9648189881347559,0.24598890247192723,0.6899482993083207,0.6120321054358056,1.9028677440277588,1.9530560516749776e-06,0.0032167970060583595
343,0.5932771232695805,0.5879136260568947,1693504552.0243778,7,5.902036484894264e-08,0.8310068613030595,0.997329856487667,0.6406184797682876,0.6645441554685171,0.024353948790024702,8.73732357165623e-06,0.01505906421443503
344,0.5931911374365628,0.5879192149238717,1693504552.2265527,5,1.4798262917147355e-07,0.7579346741589998,0.3486136428339519,0.9088631004139085,0.6354438372945664,0.5664858478367604,5.17678773798404e-06,0.0011595128058322203
345,0.5931911374365628,0.5879192149238717,1693504552.4316611,6,3.0434549825471227e-08,0.8140745786135669,0.5313152970780589,0.7178792136565336,0.6972336033626542,1.1828058274156457,4.283979898505066e-07,3.8057582562875515e-05
346,0.5919945919627554,0.5876040028263699,1693504552.6250262,6,8.174760794030958e-08,0.7933628162642735,0.04590843039980406,0.6745487761163881,0.6871303595551953,3.713101748201063,2.1009929331328322e-07,0.023341249080712112
347,0.5931940399119389,0.5879187757986092,1693504552.817283,6,1.653823418410589e-08,0.7814757530597524,0.6913097407117007,0.6590607187060193,0.6723269796148548,0.34993246949370227,1.5162670712689047e-05,0.0097323697034509
348,0.5925126838173936,0.5846950574455685,1693504553.0216424,7,1.9022762984817207e-06,0.8087378301582238,0.9910570057232426,0.6993804345507343,0.8175709288230615,0.7310400006802775,0.00015615749966050782,0.004804470814173359
349,0.5931911374365628,0.5879192149238717,1693504553.2220604,3,0.0013451471502388557,0.7716382868608387,0.43713129105295206,0.7301155720431165,0.6464619123858458,0.15002073110709951,3.440768860610923e-05,0.0020746249497120258
350,0.5918104661810825,0.5874546004359317,1693504553.4296765,6,4.3427360578657405e-07,0.981228075799171,0.0316630828606565,0.681120500412322,0.670212465982449,11.391970706544253,1.2829846020680732e-06,0.03272236730938609
351,0.5909705623691165,0.5840762501097813,1693504553.6301606,7,4.2483356042803895e-06,0.5388943277485377,0.12719606586465343,0.6493866618138324,0.658530976869441,0.4193479184709575,3.307920115761764e-06,4.441848752318288
352,0.5931911374365628,0.5879192149238717,1693504553.8358037,6,0.000793096826165419,0.8903041983210718,0.18392485283594995,0.6203166282536071,0.9142317789557346,1.5968474748456574,1.4867944496673104e-07,9.35458594556735e-06
353,0.5922550891277626,0.5877558204057518,1693504554.0373101,6,1.9429075993438457e-07,0.7456446666267009,0.8168433213098955,0.6394948086589869,0.6263958497698136,5.235047645401265,2.260120640109058e-06,0.013289592149080381
354,0.5931940399119389,0.5879187757986092,1693504554.2401524,7,3.493042981928996e-05,0.8394446913308875,0.6633745540933105,0.607565355529119,0.7036278540050881,0.9200302176830222,6.992073084713281e-06,0.1080306512838297
355,0.5932771232695805,0.5879136260568947,1693504554.4443328,6,4.323085537233126e-08,0.8244152536755281,0.8138851628477012,0.6286870659663516,0.7592869964647031,0.21777000413853528,2.4857894344592722e-08,0.006700703114439078
356,0.5931940399119389,0.5879187757986092,1693504554.6416388,4,1.2558796406810164e-07,0.7954484695925274,0.5370927339546823,0.664880506281871,0.7219349391972766,0.5662869822440403,8.74045704357447e-08,0.002951380337973048
357,0.5914968174357501,0.584485315252018,1693504554.8441026,5,7.675941193080845e-05,0.7616682521504179,0.015880604528564157,0.6539592287504127,0.6808019538187969,0.00027001819221289693,5.738024353690355e-07,0.02012299258793956
358,0.5931911374365628,0.5879192149238717,1693504555.056032,6,0.003245447463327422,0.7824878806984237,0.681058861714557,0.7070621668247792,0.6418067240881878,0.31488165559726083,9.242971250654855e-07,0.04662580769278347
359,0.5931940399119389,0.5879187757986092,1693504555.256952,7,1.1044446149508716e-06,0.8513784629869726,0.8256096616494937,0.6742630862828125,0.6588696006973401,0.04837606864571093,1.3971438275274419e-05,0.0004948813800393293
360,0.593010458344399,0.5877582555549345,1693504555.4659054,7,8.392993310002629e-08,0.7238850477963369,0.00789394023844997,0.6884100199746069,0.6890309036449626,1.2932901157041692,2.054638615614126e-05,0.008706365930862858
361,0.5922612568879368,0.5877038838633443,1693504555.6740997,6,4.3633715959475496e-08,0.6632881780348903,0.052501290909188064,0.6455674838628159,0.6692550289176165,0.003232954708950156,2.9738179528048318e-06,7.046772953698058e-05
362,0.5932771232695805,0.5879136260568947,1693504555.8828392,6,2.8823740109059006e-07,0.816937777731747,0.9850528009076457,0.7417901697413913,0.6514264434741128,0.0070157335248163515,1.7242945102698998e-06,0.001494253703375234
363,0.5931911374365628,0.5879192149238717,1693504556.0801878,7,6.077628069447283e-07,0.8712531366032231,0.5400071820460173,0.7165355053757839,0.6787048401105684,2.485275927125667,9.963003528620581e-05,0.00013365755047325435
364,0.5932771232695805,0.5879136260568947,1693504556.3013968,6,2.2652179432014058e-08,0.8043612513993293,0.8070872841172044,0.5578277417242156,0.7819205907714326,0.711545011819277,0.0078990541448262,0.004132903949096458
365,0.593010458344399,0.5877582555549345,1693504556.5176673,6,1.2124681537730102e-07,0.9297690352532079,0.010221933734583351,0.6959156406603965,0.6349681936584776,0.01769480369200304,5.81393224522633e-06,0.015120858269850856
366,0.5922612568879368,0.5877038838633443,1693504556.7290921,7,1.1395505274031076e-08,0.7722507877959388,0.0737528228903921,0.6320267799754566,0.772599277667855,0.10641882812768813,3.864505549864569e-08,0.00019352436900500988
367,0.5931940399119389,0.5879187757986092,1693504556.9349606,5,0.0002844891538721691,0.7536237021362503,0.42646748193613376,0.5330551736560051,0.7148504394900003,0.4612640540593506,1.003487796364053e-08,0.031778635602332884
368,0.5931940399119389,0.5879187757986092,1693504557.1498945,8,5.550396527274794e-08,0.7377504574330982,0.6506579355571998,0.6653107888702768,0.6638911120834355,0.24430547474834666,2.5787356525646546e-07,0.0009166323552902303
369,0.5932771232695805,0.5879136260568947,1693504557.355778,6,2.569437463901553e-07,0.7081314871631781,0.9832312787964027,0.652895558346442,0.7363464286533905,0.001418602050398462,1.090641312580254e-05,0.07627850848523644
370,0.5923211204425695,0.5877685550383636,1693504557.573431,6,0.0005927679214240285,0.9029505021971552,0.3214109722583544,0.6821980801371673,0.6944447005969863,1.0670705028583316,4.412649211952632e-06,0.022483017790590414
371,0.5914968174357501,0.584485315252018,1693504557.7755115,7,2.833328590324384e-06,0.7888413343321663,1.3944877350961827e-05,0.5946175712220368,0.6501222795747801,2.108348744665986,2.7098824312500508e-05,0.005874526827638229
372,0.5932771232695805,0.5879136260568947,1693504557.9852514,6,2.8456215225838686e-08,0.8309805058894464,0.9942216221383696,0.5705722925959114,0.6258153133391087,8.969415316690899e-05,0.00036237557796949915,0.0024688362900121886
373,0.5914968174357501,0.584485315252018,1693504558.188771,6,8.260269055651297e-07,0.7953739234980715,0.0066165203900101855,0.6139447035412203,0.6044573360053015,8.027868143990808,5.4462346257191025e-05,0.010021000676047895
374,0.5931940399119389,0.5879187757986092,1693504558.3896894,7,7.328660671495282e-08,0.8120203867346358,0.6975518453155182,0.6417157275270153,0.6808620415214037,0.5175006746870473,1.1842145310460366e-06,0.19674388949916893
375,0.593079210729871,0.5878234656564124,1693504558.6065013,6,6.860583041405656e-06,0.6916382314730181,0.5311948541323401,0.7251636387453442,0.5680320101944158,0.8504546813218545,4.617324989025989e-07,0.03981557182795942
376,0.5932771232695805,0.5879136260568947,1693504558.8301396,5,0.036635867662086326,0.8821162417503979,0.7849068814724526,0.6591654846719773,0.6563013239851221,0.20113168844529822,8.16522254979531e-06,0.01563097004965856
377,0.5922670618386892,0.5877601318174197,1693504559.0225453,4,3.7997578132122686e-07,0.7652468877473328,0.6298470665495691,0.6719259888217334,0.616160972760928,4.193432535848232,1.2037958142440648e-07,0.004301042869838174
378,0.593010458344399,0.5877582555549345,1693504559.2324977,7,1.7471775853274445e-07,0.7787325798571851,0.0006744904773328076,0.6941184133942838,0.705609960623979,0.3277059821158054,3.5663336907823523e-06,0.008134325722558894
379,0.5923211204425695,0.5877685550383636,1693504559.4444668,6,0.005109038460893251,0.825326552818701,0.1136653346701499,0.6257424505983743,0.6669275567619446,1.8030262313330048,2.0420612633054194e-06,0.058540073585573775
380,0.5932771232695805,0.5879136260568947,1693504559.6573951,7,2.334953820964453e-08,0.8036534499169206,0.9954480167566826,0.7071094637900597,0.643377156785483,2.679444994387496e-05,7.101780350869049e-07,0.024959784928113994
381,0.5932771232695805,0.5879136260568947,1693504559.8715417,6,1.6963130007388763e-06,0.8435253682374928,0.800339456834126,0.6390418548659058,0.6881067486892561,0.6556412974066772,1.1779615683540753e-05,0.0017047848475059723
382,0.593010458344399,0.5877582555549345,1693504560.078736,6,0.0020051177700355144,0.6359478922325051,0.0012049952901726294,0.7998009882298481,0.7520731892288843,0.07202278026803154,3.076377684613569e-07,0.00029893898341534536
383,0.5931940399119389,0.5879187757986092,1693504560.2919142,8,1.0125265268354956e-07,0.9998753514430752,0.41913602821475665,0.6495232207391811,0.8093942733254368,0.009606829944547113,2.1038042175126524e-05,0.5747693303939292
384,0.5925126838173936,0.5846950574455685,1693504560.5029328,7,4.110518070220897e-08,0.6171567891032459,0.5549895188568352,0.6839225240603165,0.8017988875172232,1.0619490635757651,0.0007169070541939423,0.013613894206185287
385,0.5931940399119389,0.5879187757986092,1693504560.7053592,5,1.0148174291143104e-08,0.9564891496553549,0.7956883696081223,0.7493708136111584,0.6745250067731281,0.030424430856167875,5.270659609041816e-06,0.0036388077888673855
386,0.5,0.5,1693504560.9175348,6,52370.35655560259,0.939740594892738,0.689000022102351,0.7314236429109325,0.6590868971935939,0.14159423495443837,1.299342010832911e-06,0.00649402667230276
387,0.5874914014166982,0.5841403424378637,1693504561.1194148,7,2.038136338972473e-07,0.7872910293694033,0.9889180989844178,0.6599368224125773,0.6969420415014635,0.40408983764244094,2.8278735836828543e-06,49.45217585019197
388,0.5931911374365628,0.5879192149238717,1693504561.3218882,6,6.421415886549207e-08,0.7727837097459691,0.6216998676396511,0.6691712162196986,0.6744601829824092,1.4462428628313106,1.9994641135978616e-07,0.032553671205015365
389,0.5931940399119389,0.5879187757986092,1693504561.5272603,7,5.511958245614285e-07,0.8178032486692791,0.8090474519808933,0.7639423454891912,0.6375607484341043,0.0007440753641807733,5.239646060200382e-08,0.001027461025627546
390,0.5931940399119389,0.5879187757986092,1693504561.7560377,6,0.0004447143100462183,0.7521121146910169,0.28878274188612335,0.6331512907107139,0.6519642406036651,0.6543711252505522,4.406567255519334e-05,0.0020929103664944415
391,0.5923889658044863,0.5873452782058141,1693504561.9704475,6,8.86605894247823e-05,0.7994106704307729,0.5173121979720794,0.6198124089538697,0.5398820132249371,13.991241350709583,6.902193183835068e-07,0.02013546549997476
392,0.5891195086979931,0.5836488614679558,1693504562.1842248,6,9.627728510744286e-08,0.5676732613880898,0.9997823199858237,0.7880382725637102,0.6661828151607978,3.442128281198543,1.6702467370791636e-06,0.011884913685957288
393,0.5931911374365628,0.5879192149238717,1693504562.39511,7,1.906401867412944e-08,0.7309836691630941,0.712739411909629,0.6795622975343552,0.6850923401994372,0.28974271160172405,6.709169999381263e-06,0.14647877215293223
394,0.593010458344399,0.5877582555549345,1693504562.6025147,5,4.0288821809970574e-08,0.9193152706704558,0.03966469376469702,0.7015460101678798,0.7247266535799676,0.4663091822110293,0.0002773111743126027,0.05248937185777228
395,0.5931791647256363,0.5879149035122038,1693504562.8070633,6,1.7542445421067271e-07,0.8625031074623248,0.1542021902899072,0.5862187670240969,0.6310467874423701,0.9938960487325414,1.1519933228829342e-05,0.0031308844920334734
396,0.5914968174357501,0.584485315252018,1693504563.0071664,8,1.1552009860851524e-06,0.8339318708017307,0.00023313459352760689,0.6518742645871812,0.6467883072671919,2.325924885923511,3.802704149747968e-07,0.0061102786708406975
397,0.5909781813669789,0.5840782461337016,1693504563.2085006,7,3.262646710517103e-07,0.7859519798762445,0.0951441682222522,0.6438750879099377,0.7877473768199972,0.2578888513731658,7.65002697010323,6.44053040911162e-05
398,0.5931791647256363,0.5879149035122038,1693504563.4186049,6,6.003542372580763e-07,0.8083784980138313,0.8205708195996708,0.7139243881761033,0.6615020101107972,0.7135510846029578,3.7443432837347133e-06,1.6715689184894018
399,0.5899131543086521,0.5853981568715119,1693504563.5636399,6,14.99696072765762,0.7603418243443646,0.005972897786431967,0.664673055537647,0.8415547999912292,28.172406438402835,3.039303364151792e-05,0.010306400641145522
