trial,score,test_score,time,max_depth,min_child_weight,subsample,eta,colsample_bylevel,colsample_bytree,gamma,lambda,alpha
0,0,0,1693506194.63168030,0,0,0,0,0,0,0,0,0
0,0.5743195235599895,0.5750201601583547,1693506194.7271411,6,1,1,0.3,1,1,1e-20,1,1e-20
1,0.5763108967092666,0.5762085978083917,1693506194.8130696,1,137.70328448258485,0.7192046157204468,0.04143104515916126,0.9889947559983013,0.7692479352052168,0.0010261353203244576,5.254257267419562e-08,4.8349256610810355e-06
2,0.5761996276732498,0.5762232372055354,1693506194.897472,6,6.760673296843502,0.9018695180521877,0.0008029817331845199,0.5329681734529526,0.6440727996539968,12.47197630824431,1.3609856177171345e-06,0.00033207762793950894
3,0.5752445312088048,0.5773399518594983,1693506194.9823918,11,2.107123342283561e-08,0.8002744587320613,0.5631803612766828,0.6151514395104825,0.7742449596180152,12.339107528093438,2.1463199265042954e-07,0.0017144538798133766
4,0.5763108967092666,0.5762085978083917,1693506195.0680637,9,4.9793440088114735,0.7338764298724904,0.00010574149626882931,0.7453829445455352,0.6861923446925295,0.0005943079619102761,4.559359716869249e-05,2.3943075946345096
5,0.5754611110995259,0.5769460616269709,1693506195.1568248,9,0.00012076214091926246,0.786312666321977,0.00024001878979773068,0.7264214662732003,0.6764891829721973,0.03749683638756821,5.0525524419215045e-05,0.0003898789420439064
6,0.5754611110995259,0.5769460281272063,1693506195.2446177,8,0.002338265266234887,0.9532116345821693,7.984690669061547e-05,0.8705594364566321,0.7111870218215701,0.00018388052153184043,0.02206981467632001,0.0016945797419706538
7,0.5614342116983528,0.5607717052679988,1693506195.338251,5,1.0436369509739081e-08,0.546131172923376,0.03523481281311652,0.7621727983825985,0.8480802317584845,35.86602360941106,0.06747432423890629,3.3984971239658156e-08
8,0.5753312227469064,0.5768193320173731,1693506195.4309537,4,0.5055113781276411,0.6175602036287322,0.6681208080297684,0.972524111896397,0.9242004404188444,0.0005287373169317066,2.5987658371531395,2.0469461776236616e-07
9,0.5761343855878744,0.5759036159511943,1693506195.5165617,4,0.01044607462424567,0.8709236003417333,0.0026861245340082875,0.5684380593987255,0.6717682648521792,1.7549376718417834e-05,1.0096922973844574e-05,4.5187051557074615e-07
10,0.5,0.5,1693506195.630781,2,14204.21770939705,0.6487606078304543,1.3463800962700105e-05,0.8887406357671115,0.5318838199502134,0.04429055505085967,1.0606318484667324e-08,81.48990232736692
11,0.5,0.5,1693506195.746076,1,1598.1262065627639,0.7045744455545861,0.015337095263193098,0.7436399415458945,0.77741204399285,3.021161041208148e-05,0.000764589750472142,37.19386107406834
12,0.5596836980286464,0.5571721388085528,1693506195.862972,9,252.16693515408338,0.7058940529093748,0.010657305735316557,0.8372229077343509,0.8155641031770731,0.0090218819809231,1.8371545357454873e-08,2.561741246664488
13,0.5614342116983528,0.5607717052679988,1693506195.978644,11,69.05826630978868,0.7766453381243287,0.0015613056074875655,0.6523260715826098,0.6028230964242771,0.0031432526142127276,7.765833766906535e-05,0.5844952797535018
14,0.5,0.5,1693506196.0935907,8,19511.520226606437,0.7341683466320832,0.058306269955157385,0.9347001189597676,0.7252588618624924,5.1103090066360115e-06,1.7012635068974038e-06,0.1288851727288929
15,0.5763108967092666,0.5762085978083917,1693506196.2113469,3,63.24679377144745,0.8409410769398726,0.006281420857081654,0.8237253893945023,0.6043861146368275,0.15918507654370403,2.1843595982511888e-07,0.0344534979820158
16,0.5,0.5,1693506196.326763,1,34172.40693112789,0.6461674283189036,0.00046014121170537037,0.7945360750189695,0.7285790741113151,0.0010166579972351074,0.00026222138605419413,8.136120492089427
17,0.5492562849130805,0.5582789040324203,1693506196.444929,8,4.338625224824971,0.7453642817021411,0.10444036881978769,0.9206349104740442,0.8522960570811111,8.815302055791459e-05,0.004491223558158481,89.46057165856458
18,0.5,0.5,1693506196.559349,10,1116.5610973831517,0.8181915832754655,0.004509956321331847,0.6984485284762785,0.7710247750868644,1.2933857868991812e-06,55.15470651063421,3.1548457779323598
19,0.5754240214208535,0.577421691285197,1693506196.6773982,7,0.3239377536375205,0.5435471540404412,5.524574564823602e-05,0.8109818473920279,0.5586584372313745,0.41942896310789374,2.4809454406206747e-05,0.01964632534740738
20,0.575351331608837,0.5773286624388178,1693506196.7952337,3,23.729254331946095,0.7185843291295739,0.020853577780397415,0.6850689412518821,0.5183016780639809,0.002235597610201836,0.0009762442336731534,1.3491481566229035
21,0.5763108967092666,0.5762085978083917,1693506196.9139493,2,98.5059621282574,0.8580972698594153,0.006371204487989495,0.8399288973603233,0.616965923561968,0.26165746473424395,1.6194794985634418e-07,0.02384757511269387
22,0.5,0.5,1693506197.0296562,3,767.0622696206451,0.8265656498366252,0.0016624388565707375,0.7775877204006731,0.6839690874635401,0.019156457028706275,1.8499826300963461e-06,0.21018684146115005
23,0.5614342116983528,0.5607717052679988,1693506197.1462436,2,17.79651864346617,0.7770448301858597,0.007034631852721608,0.9484069420273538,0.5821380975556619,0.0006253472550051454,1.0603638338881771e-07,11.08286724864885
24,0.5,0.5,1693506197.2620835,1,2866.91483569352,0.680868174706528,0.10465605301721667,0.8964274219165947,0.6345094242742979,0.6223168260446309,5.685014228375372e-06,0.39602670821346314
25,0.575351331608837,0.5773286624388178,1693506197.3804216,4,174.97445672918775,0.7572544862024485,0.003009268597077227,0.8540291027897565,0.5727534275253818,0.004736650677228068,4.035013051327543e-07,0.06833876369308238
26,0.5,0.5,1693506197.49832,3,73363.3131148051,0.8267679154327032,0.016558616708861298,0.8095295193455925,0.6602252138809815,0.21172786223791296,4.09405991570713e-08,14.323607577734691
27,0.575351331608837,0.5773286624388178,1693506197.6173353,5,3.03630852479722,0.7496233148487053,0.0006439109988973129,0.912144817266359,0.5024841537003546,0.011089703616323499,7.039060670450789e-07,1.533007148757762
28,0.5763108967092666,0.5762085978083917,1693506197.736665,2,29.37074955978544,0.8611813580086527,0.03302228757125128,0.9704798670514257,0.6139273202281146,0.0003578346202433327,6.477429407955178e-08,0.041024341420006244
29,0.5764451047433381,0.5762901027357382,1693506197.860118,7,1.4267815466481257,0.6748942950897238,0.20592600292113197,0.9910959523442849,0.695233884711877,1.0151787696312735e-06,6.870338903992643e-06,5.76247076025881e-06
30,0.5753812714699341,0.5769472006189684,1693506197.9846995,7,0.19324170100321636,0.5990351406373577,0.31357865582981637,0.9995994949012703,0.712994609461047,3.9660346794459173e-07,6.4910513260352554e-06,1.6264955372812368e-05
31,0.5763108967092666,0.5762085978083917,1693506198.1070838,7,10.808860974753497,0.6764523596946478,0.14202811611618885,0.9436512992430531,0.6942394946651657,6.281671898930235e-07,5.874147029668543e-07,1.48812647129744e-05
32,0.5763813522032909,0.5761345633285582,1693506198.23172,6,1.580349082902667,0.7145332390069127,0.008474428400293834,0.991595290281258,0.6511478537388423,4.674793267328202e-08,2.760568296288464e-06,3.213821485567926e-05
33,0.5763661588409431,0.576111448490963,1693506198.3561313,6,0.7982728413751613,0.7251244039263516,0.23160663535353235,0.9822415865722112,0.6425020974607119,3.452702062639978e-08,3.956317066152679e-06,2.292523125046604e-05
34,0.5763661588409431,0.576111448490963,1693506198.4816494,5,0.9060039993071874,0.6851670502086433,0.2578481663097398,0.999884068214389,0.6420393993546951,3.080972477897338e-08,1.8769855105798713e-06,1.927444019498997e-05
35,0.5762371642155205,0.5756457347630675,1693506198.605404,6,0.12919660052359797,0.6946232608062318,0.9583354909569433,0.9995547599242934,0.6450447677556664,1.5362652280946543e-08,2.661638350088547e-06,3.197530882060004e-05
36,0.5764451047433381,0.5762901027357382,1693506198.729336,5,1.4518500320333174,0.6587512091532891,0.2476271447478169,0.9609373736437451,0.6444255782166535,2.1683370043006515e-08,9.195353019382716e-06,6.67629564594631e-05
37,0.5751274529460079,0.5769445876373273,1693506198.8528402,7,0.043678254544355206,0.716074334609547,0.3715487488148653,0.962361659523761,0.6582629064776031,1.1112065588258348e-08,1.130342293325301e-05,9.895095731066555e-05
38,0.5764451047433381,0.5762901027357382,1693506198.9772115,6,1.7849351671030842,0.652450899131198,0.17031773222095176,0.9690097093940806,0.6841079384083031,6.562527430564392e-08,0.00014061792250301823,1.9103842968398744e-06
39,0.5764457005614694,0.576310169094752,1693506199.1008053,6,2.9389928479442373,0.5927990957863958,0.07034920366782237,0.9501290344492304,0.7416887539905638,8.512205496269568e-08,9.943643307370687e-05,3.2711514239922773e-06
40,0.5753756111976869,0.5769377201855779,1693506199.226479,5,0.01361459025099391,0.602665957462374,0.5225274935834829,0.9526424498729548,0.6909516119866123,7.818816345656424e-08,0.0002712383229537074,1.845280704036903e-06
41,0.576201117218578,0.5762245771961206,1693506199.3491418,6,5.666740491466722,0.5737519021015847,0.07366206018580887,0.9287113400520013,0.7426913370219977,1.0538117401742345e-07,2.6215571649223155e-05,3.3770183294335736e-06
42,0.5764451047433381,0.5763094990994594,1693506199.4738925,6,1.7623674642661762,0.6565199052775066,0.13709580081128253,0.9754511691524221,0.6995544714708332,1.283190174154901e-07,0.0001676036310178509,1.1222713444364147e-06
43,0.5764451047433381,0.5763094990994594,1693506199.5996103,5,1.7093973587019102,0.6422744528259985,0.16353649329276473,0.9667913917367504,0.7060899106409257,1.8060644046168717e-07,9.941037673091965e-05,1.0448491948646244e-06
44,0.5754265536479115,0.5769284742505398,1693506199.7244225,7,0.08176512190675232,0.514470404663773,0.056692597692777735,0.8876432424593066,0.747390530004411,1.8477524107271758e-07,0.00013181475764728468,1.0864949790016616e-07
45,0.5754903061879587,0.5771033095221472,1693506199.8488715,4,0.37679686784505606,0.6606091272644433,0.17107369403285785,0.9131828675764149,0.6719986559807617,1.5284512597172896e-08,2.58156424036293e-05,5.392864359365481e-06
46,0.5753601199262736,0.5769324272227663,1693506199.9735596,8,0.0021559675612431695,0.6190663296813493,0.5177065511289111,0.9482883715090786,0.6960520301401227,2.916815764573923e-07,0.003119078228487555,6.094320791119122e-07
47,0.575351331608837,0.5773286624388178,1693506200.0951571,6,7.27728141351203,0.6300826257067295,0.9593897874122377,0.9739594956354743,0.7286033057338963,1.0645718484236857e-08,4.5705696522966735e-05,3.535806790440462e-06
48,0.5763819480214222,0.5761349653257337,1693506200.21977,5,2.0389284178212663,0.6749267053794399,0.037629666910967856,0.9327189964737307,0.7579620915963368,1.0021107639866005e-07,0.00021171065424173603,2.2983618100148243e-07
49,0.5754903061879587,0.5771459547225221,1693506200.3448222,8,0.47310074133806884,0.6594571704828747,0.11264906625326317,0.8760559996575105,0.6707014767478185,1.4123040871353056e-06,0.0004092485098702517,1.3430304088828424e-06
50,0.5753812714699341,0.5769472006189684,1693506200.4697635,7,0.045621248912779876,0.6367108414449488,0.21729177429960583,0.9043314864800949,0.719794354158364,4.6031081217120835e-08,1.2958503034536755e-05,2.2676287623406574e-08
51,0.5764457005614694,0.5763099010966349,1693506200.5951955,5,2.09106223947129,0.6440694493007807,0.15442818606477338,0.9684650438156533,0.7055167936888195,1.6177843618220423e-07,9.859294049652359e-05,7.69338845137602e-07
52,0.5763108967092666,0.5762085978083917,1693506200.7175996,6,9.592288213015594,0.6092262322571271,0.37393844083479505,0.9705714129348372,0.708074493450382,6.384482032261132e-07,8.093211413424789e-05,6.503301213667508e-06
53,0.5754262557388459,0.5769283402514813,1693506200.8424783,5,0.18619843519292795,0.6564194407420826,0.07034190403753342,0.927943223405932,0.6823739660656405,1.3539390459180704e-07,5.4324952957550026e-05,4.632084575002812e-07
54,0.5763108967092666,0.5762085978083917,1693506200.964719,4,46.14401863194559,0.582448467427467,0.14208925558929847,0.9818964566673979,0.7388821696968454,6.484934850525875e-08,0.000558506716072933,1.994192853144145e-06
55,0.5764457005614694,0.576310169094752,1693506201.0882392,6,3.0879362063989526,0.6226791009597749,0.08940903822339573,0.9514684687420345,0.7894487975294199,2.675758131867053e-07,0.00014780486032547777,8.673374663226706e-06
56,0.5763108967092666,0.5762085978083917,1693506201.2103379,4,25.581299364988656,0.6330203207477207,0.07668613500480441,0.9540469587901412,0.7927521813026525,2.001688600864578e-06,1.9977735963440725e-05,7.264476564235438e-06
57,0.576201117218578,0.5762245771961206,1693506201.3330398,9,6.054643470768507,0.6218633393534783,0.028606771348480695,0.9403921217021303,0.7894784549843694,3.31679149337958e-07,0.0016690345798477822,0.000150181718465266
58,0.5754897103698274,0.5774077553831107,1693506201.4590838,5,0.5761887768082248,0.5951816030953037,0.22890039489178016,0.9156368265899012,0.7507884805714645,1.7205772843966508e-08,1.1523623345124015e-05,9.846902776618225e-06
59,0.5,0.5,1693506201.578608,7,272.8153792438255,0.5746410111994209,0.043909363081756574,0.8640537235667632,0.7621506554902095,2.987062538032573e-08,5.047024606771595e-05,2.963272974319437e-06
60,0.5761200859527237,0.5761810610018654,1693506201.7044027,6,2.882905901083373,0.6999202251667992,0.35190198866818384,0.8934706970371675,0.7284151958333366,3.0470326545573653e-06,0.0007535264746499537,6.37981394060908e-05
61,0.5764451047433381,0.5763094990994594,1693506201.8308246,6,1.1967237770657326,0.6631934611049652,0.09309200203256356,0.9846741260509214,0.7014935833743178,1.412020546887433e-07,0.0001856099763962293,1.4350547443529148e-06
62,0.5763108967092666,0.5762085978083917,1693506201.9537358,6,15.019947236360224,0.6228882488691501,0.05440926426884186,0.9613919652285566,0.6661746456439254,7.670946510695106e-07,0.0001396469757230704,8.038241110777686e-07
63,0.5764457005614694,0.576310169094752,1693506202.0791018,5,2.708442943777318,0.6428534223638019,0.12958115030061265,0.9294939920986411,0.628169548842349,2.520718804076324e-07,0.0002734734407141912,6.958330585714977e-06
64,0.5763108967092666,0.5762085978083917,1693506202.2021239,5,53.63907333056408,0.6411488272846838,0.09772044102596998,0.9374885154926839,0.6311848266913972,2.604829195448824e-07,0.0005341690612285272,9.47564129406911e-06
65,0.5762309081251421,0.576244141058665,1693506202.3256364,5,4.076177102721027,0.6802251457118738,0.18346449473405355,0.9575267046240502,0.6174692035727154,4.020972659625112e-07,7.23181261995827e-06,6.262835386062404e-06
66,0.5754265536479115,0.5769711529506794,1693506202.4523566,4,0.24761606897775312,0.6188102308219652,0.02515479752975189,0.9241805693349601,0.6798993754450287,6.334883690682987e-08,7.176510126216067e-05,2.9982182607741014e-06
67,0.5763108967092666,0.5762085978083917,1693506202.57493,7,15.84620528746292,0.6903006102861422,0.04675920147232027,0.9852157483004479,0.6580974848545318,9.638222129669765e-07,0.0003438713409596096,4.563706338588479e-05
68,0.5764451047433381,0.5762901027357382,1693506202.7027223,5,0.9110824586429688,0.6687617913497067,0.28248698305844716,0.9105462945300571,0.7166851322330748,2.6369249870296018e-08,2.845522719390205e-05,9.804492325072945e-06
69,0.5762656145312892,0.5761772420286975,1693506202.825732,6,130.88849830598357,0.6458068741402322,0.6440358350971569,0.9448963469177178,0.6286725993759629,6.27265367159626e-08,0.0020421796025120315,1.828743790650076e-05
70,0.5752761095697627,0.5773619947046251,1693506202.9484873,8,0.121583858812276,0.5901462715410498,0.12221307504961855,0.9613027471774559,0.5941717042054191,4.283398647528301e-07,3.877488168531315e-06,5.673161004449537e-05
71,0.5764451047433381,0.5762901027357382,1693506203.0740983,6,1.526286278551473,0.6501185775474021,0.17199549725111582,0.9766028640717632,0.6928050371646749,1.4839465867518135e-07,0.00012599089360983135,1.8265946495737896e-06
72,0.5754897103698274,0.577145686724405,1693506203.2003272,6,0.4941183854312035,0.604014439585885,0.08161967384704706,0.9896333790285842,0.673949905052035,9.314361671574565e-08,0.001047249794504252,4.800956442078146e-06
73,0.5761349814060057,0.5761859519675014,1693506203.325186,7,3.281934850431794,0.6679746218565081,0.1321200799691212,0.9719385564959891,0.7347349256889937,2.7282876876480703e-08,0.00025382145184372736,8.44526339427257e-07
74,0.576135577224137,0.57618608596656,1693506203.4495451,5,2.787178229444897,0.6996677932787456,0.4290787731024324,0.9364031311511684,0.7113126941486914,1.03092704389202e-08,0.007349854153470425,4.1361411211275903e-07
75,0.5763108967092666,0.5762085978083917,1693506203.572601,4,8.907001505186255,0.6319417578314492,0.26289733506449114,0.9516482778504534,0.6485192234515567,2.3512891251830154e-07,5.179558710754486e-05,3.126274483803228e-06
76,0.5763108967092666,0.5762085978083917,1693506203.6966362,6,35.20365841454859,0.6563828044216065,0.19789862372779068,0.9961782806514218,0.6984413093702213,5.708910711208937e-07,1.6359704346023885e-05,1.14346061850248e-05
77,0.5764451047433381,0.5763094990994594,1693506203.823419,7,0.9956665542551207,0.6136187767343184,0.061212162079445964,0.9232208417298222,0.6844885003963017,4.8244732459758625e-08,3.34415177230267e-05,2.387965583653015e-05
78,0.5754265536479115,0.5769284742505398,1693506203.9498067,5,0.3310817109214391,0.690161063064837,0.1122133812035967,0.9785085586871657,0.6584981532759108,1.9651965913584285e-07,0.00011286929960124786,1.2089985933534879e-06
79,0.5763108967092666,0.5762085978083917,1693506204.0735333,7,7.518530470565157,0.5633896688751743,0.2945224690735036,0.9629145515093629,0.7205792378538676,1.1188805555739979e-07,6.312716924397397e-06,4.975850648311842e-06
80,0.5753750153795556,0.5769369161912268,1693506204.200639,6,0.09993341091854967,0.6097461661907081,0.535791021824278,0.9017566627365233,0.7695323659589538,9.297155293669084e-07,0.00032844854859278335,2.5418049053891556e-06
81,0.5764451047433381,0.5762901027357382,1693506204.3267727,5,1.4975912899293295,0.6435023606432825,0.16639415963625004,0.9620546392195362,0.7088845387793037,2.1491732561105823e-07,7.397400269624353e-05,1.2963866023918765e-06
82,0.5762309081251421,0.576244141058665,1693506204.4511368,5,4.423435864014881,0.6331130077353996,0.12403252698275093,0.9406891881419808,0.7410105537401582,8.014197696935117e-08,0.0001652581411489268,8.425060925067682e-07
83,0.5764451047433381,0.5763094990994594,1693506204.5776997,5,2.0122018521382254,0.6791958937540065,0.08856032387247761,0.9713319629340957,0.7045908807626988,3.689934534426833e-07,1.739491110696894e-05,3.0513467041481303e-07
84,0.5763108967092666,0.5762085978083917,1693506204.7010982,4,20.292938262999325,0.6541084731355022,0.2137474935959581,0.9919316840103276,0.6823743837374778,2.2960199852337404e-08,8.95093953117706e-05,1.4713273833224478e-07
85,0.5764397423801565,0.5762803208044661,1693506204.8288586,6,0.703806843367264,0.6741488546179805,0.42560029061461824,0.923476754469881,0.6672633845586335,4.5591876978825036e-08,3.195609128873551e-05,1.5435286391242014e-05
86,0.5753812714699341,0.5769472006189684,1693506204.9560337,6,0.31131646716480676,0.6250665283625054,0.1505860079784857,0.9531245225193857,0.7219160990991513,1.765377572761843e-07,0.0004560615758712079,6.336845845979371e-07
87,0.5763108967092666,0.5762085978083917,1693506205.0797157,4,10.869574232175275,0.6445023086659347,0.038230400867577535,0.9807730146788862,0.6946368156183838,1.0248410703763764e-07,0.00015168454577173403,4.154587960297901e-06
88,0.5763813522032909,0.5761345633285582,1693506205.2064514,5,2.1134085635140027,0.7088431161932098,0.07019832568759635,0.9447677118908387,0.7291450777082811,1.7885167680672386e-08,0.0009698567652652807,3.352620701436239e-07
89,0.5763108967092666,0.5762085978083917,1693506205.3304968,7,66.23846303868129,0.6002125881574423,0.3199590240725674,0.9698202540601462,0.7462375404244485,4.0048784482099013e-08,1.0869997356391591e-06,7.1811348207128446e-06
90,0.5761084674991637,0.5756805410185187,1693506205.4564583,6,0.1981049188416683,0.6695539496182599,0.7498604011881495,0.9339679522378402,0.6504345570885612,5.260709945340271e-07,0.00024021007678221842,1.9977103027777167e-06
91,0.5764451047433381,0.5763094990994594,1693506205.5833278,6,1.0049907619471237,0.6647323272177302,0.09384995133095832,0.9834159244335338,0.7096910514703162,1.769806111772109e-07,0.00020138168885298037,1.3314180374187159e-06
92,0.5762309081251421,0.576244141058665,1693506205.7076426,6,3.914389022862223,0.6377352280805467,0.14582602095599898,0.988418563959272,0.7000301394881085,1.4387148714133764e-07,8.786895795914524e-05,1.0036129906748605e-06
93,0.5764451047433381,0.5763094990994594,1693506205.8359015,5,1.290322988033015,0.6616091609878486,0.09433067312065103,0.9657917639368926,0.6783213606230072,6.624747914354935e-08,3.7232888810188384e-05,1.936750652298702e-06
94,0.5754903061879587,0.5771459547225221,1693506205.963348,8,0.5465424192060493,0.6498362329832074,0.053652116611697075,0.9521698299389559,0.7540921287528388,2.8654815989126694e-07,0.0005453973000653868,6.210380939802132e-07
95,0.576201117218578,0.5762245771961206,1693506206.087846,6,5.373400997780641,0.6145157394386492,0.20916796622546904,0.9982792370637517,0.6881591916759286,1.3285489829942169e-06,4.906324418326982e-05,5.576899869447511e-06
96,0.5763813522032909,0.5761345633285582,1693506206.21548,5,1.3089194062075373,0.6299092022239432,0.06817256417794271,0.9765369723400219,0.7000900808706882,1.221660586793675e-07,1.7424271658611575e-05,1.2182931513160941e-05
97,0.5763108967092666,0.5762085978083917,1693506206.339114,7,15.76426007042024,0.6880483734514585,0.2617330831692751,0.9999436198489461,0.7345503035150165,3.699112326374736e-08,8.364703457342717e-06,3.425626230000819e-06
98,0.5753812714699341,0.5769472006189684,1693506206.4665265,5,0.0631300640706901,0.655168685211973,0.11646008836735132,0.9165280489710038,0.6642007075075378,2.851794696087017e-07,0.00018634612785004383,1.3496555346567904e-06
99,0.5763108967092666,0.5762085978083917,1693506206.590685,4,28.655967815138535,0.7261562489987563,0.1621061216863922,0.9862572836610355,0.7199889736841376,8.413366157082909e-08,0.00010570909461134239,4.941184097345706e-07
100,0.5754262557388459,0.5769283402514813,1693506206.718386,6,0.027202360970328784,0.6406968493536408,0.09067389831950497,0.9588243562777431,0.6730680118243377,5.408874414860956e-07,0.00033200345698801214,3.0108463519605386e-05
101,0.5754897103698274,0.5774077553831107,1693506206.8469238,6,0.6593086754965858,0.6641298459541611,0.22723880256089318,0.9322475930015987,0.7116256502132547,1.9675774623301163e-08,2.540098397191517e-05,2.1064946283784967e-06
102,0.5761200859527237,0.5761810610018654,1693506206.972785,5,2.4734939059182746,0.6789144078285143,0.31424131671676286,0.9449615154787439,0.688463228331499,1.0781578434921279e-08,6.505035044903772e-05,9.667673780544285e-06
103,0.5764397423801565,0.5760197596351687,1693506207.1005948,5,0.9284298136707377,0.6710753306322306,0.450349167712067,0.9669627677193355,0.7180073697812439,3.028743782187921e-08,1.179663654313891e-05,8.641769781204434e-06
104,0.5763108967092666,0.5762085978083917,1693506207.2259035,4,5.9425018726668934,0.6236620036936085,0.27269081513130267,0.9098317177617647,0.6362402779688953,5.3874824710934414e-08,4.031562431123586e-05,4.436951417224283e-06
105,0.5754265536479115,0.5769284742505398,1693506207.3536563,6,0.353717638607016,0.6984735503899631,0.14599040092982768,0.9503166206613542,0.7334206769912603,2.572262562930019e-08,2.2929969797676037e-05,1.9919779461582074e-05
106,0.5753812714699341,0.5769472006189684,1693506207.4814098,11,0.13335113894754905,0.6516167474585046,0.18535917019996953,0.9791184161208418,0.702663817675591,1.5180913422239323e-07,0.00011775851491253545,1.40217709863523e-05
107,0.5764457005614694,0.5763100350956935,1693506207.6090121,10,2.3611338880276054,0.6085812337258195,0.11822951524879993,0.9080250008507709,0.7636419965394043,7.11014364615062e-08,0.00019970658986457246,3.158286180988296e-06
108,0.5764457005614694,0.576310169094752,1693506207.736316,10,3.20740976365913,0.608626279855314,0.042758168985503595,0.9282857347137187,0.764871049102862,7.050559414958744e-08,0.0007422414330677879,2.752367539154321e-06
109,0.5763108967092666,0.5762085978083917,1693506207.8630807,10,9.474496411661908,0.5939001636914442,0.035179349975914403,0.9274883257896472,0.7819943242445103,7.480942997261762e-08,0.0006934189649764032,2.5915041759279764e-06
110,0.5764457005614694,0.576310169094752,1693506207.9908097,10,3.33625893291143,0.6062355558570875,0.05427948469037807,0.883928249915443,0.7617371834086194,2.7101150539454704e-07,0.0003847087070515667,4.143509036123923e-06
111,0.5764457005614694,0.576310169094752,1693506208.1191685,10,2.720561743491114,0.6086495912223864,0.04496378317087723,0.8849513169431203,0.7605786789172259,2.280389116759213e-07,0.00039717169080883796,5.126723830949465e-06
112,0.5764457005614694,0.576310169094752,1693506208.2475424,10,2.808777416191052,0.6049097632000487,0.047072315740309,0.8907196798394003,0.7606839332336582,4.0263248763873687e-07,0.0014940440175841084,4.510121793670309e-06
113,0.5764457005614694,0.576310169094752,1693506208.3755958,10,3.3723506603133195,0.6061924078126424,0.027682142478463442,0.8949715291210043,0.7760457371673825,3.575136272235583e-07,0.0011075040683347316,6.04397202947067e-06
114,0.5762166084899913,0.5762392835927935,1693506208.5029778,10,3.902448451657742,0.5817574966578662,0.04475794098660796,0.8836379076362626,0.768409384873004,8.214521963881549e-07,0.0016990549232734813,6.767149206912458e-06
115,0.5763108967092666,0.5762085978083917,1693506208.6291122,10,13.179605478520353,0.6121773112447663,0.02777156758896143,0.8968336834675402,0.7596957595651851,3.835669793428937e-07,0.0009733937945096435,4.589978089587458e-06
116,0.576201117218578,0.5762245771961206,1693506208.755461,9,6.93538129861068,0.6028323180985988,0.020595440618526372,0.881425297386305,0.7843012950084868,1.8199656354453376e-06,0.000386637289793185,3.7869310668531305e-05
117,0.5764457005614694,0.576310169094752,1693506208.883228,10,3.036850003507903,0.5915647005116109,0.05062524252518516,0.9019611790644878,0.7971465286904835,2.572291412656023e-07,0.001312170237086021,2.4895830462658654e-05
118,0.5763108967092666,0.5762085978083917,1693506209.010656,10,23.746874575856605,0.5881995218429927,0.05163610126643641,0.8933399492046415,0.7956269491484442,6.786144084363604e-07,0.0013577516208902612,2.1074344910007132e-05
119,0.5755209908217197,0.5773906537532667,1693506209.1426365,11,2.9327687253591153,0.5684852251344152,0.0650456678752485,0.860507089522859,0.8031806698136422,3.2773932248790694e-07,0.003829634598606723,3.009821762763836e-06
120,0.5763108967092666,0.5762085978083917,1693506209.269115,9,45.909786592909064,0.6057602969495374,0.032271988284637704,0.8760550333247705,0.7638794804670263,1.0698607280963133e-06,0.0006974606355724347,1.2356119612753211e-05
121,0.5764457005614694,0.576310169094752,1693506209.397497,10,3.047210087144053,0.5929804659924504,0.03947180023560236,0.9007563814867289,0.7688101438984699,2.3679877921635603e-07,0.001336449611013059,7.107128020895971e-06
122,0.5762541450322621,0.5763507373097196,1693506209.5241904,10,4.183987504681771,0.5846900228995141,0.050302030815227355,0.9002792295026282,0.7766675595060487,2.5674971865418716e-07,0.00215426609055683,5.344308734902925e-06
123,0.5763108967092666,0.5762085978083917,1693506209.6513307,10,9.26292313284316,0.5947297053617376,0.041627930312822255,0.9068296131159037,0.7781475374111329,4.968707096463843e-07,0.0025200192386483854,3.601617423515618e-06
124,0.5764457005614694,0.576310169094752,1693506209.7801387,11,2.6040804235319275,0.5594121405691048,0.02176466227561812,0.8724643132583484,0.748516774044215,2.224452625950716e-07,0.0012658232313069158,7.199208150699694e-06
125,0.5764457005614694,0.576310169094752,1693506209.9097705,11,2.3054714052732925,0.5520930519226543,0.013338389960328371,0.8871505695900418,0.7528867050533765,1.9121065216554847e-07,0.001225130540778145,8.571194852093773e-06
126,0.5763108967092666,0.5762085978083917,1693506210.037863,11,15.116381601900294,0.5751166717441376,0.024690643352879058,0.875120845009978,0.7722529426270428,1.0084539107067429e-07,0.0006306742488291254,2.6718370215468037e-05
127,0.5743752325552643,0.5749864928949009,1693506210.1737158,10,0.5367573599315424,0.5944022750133596,0.035241647225458896,0.8667609810612187,0.8072776998357295,2.534887251257228e-07,0.0053124739371365175,2.1117801863428363e-06
128,0.5763908852933913,0.5761730545581186,1693506210.3011515,9,6.793271188235765,0.5568551806679156,0.02209882640487209,0.9030965416587207,0.7620210553852725,6.29923518510585e-07,0.0015063960400132203,1.4194854755935226e-05
129,0.5764457005614694,0.576310169094752,1693506210.43022,10,2.8885580469467547,0.5763527281971276,0.016825121231606177,0.8510480436633787,0.7459546807901745,3.76987973260866e-07,0.00041632847278396876,7.354482970079682e-06
130,0.5763108967092666,0.5762085978083917,1693506210.5572708,11,81.25702246712967,0.5646157559936561,0.06097033949752692,0.9176902936797457,0.7873038425106448,2.303670417139797e-06,0.003282892563125701,3.2778343626424352e-06
131,0.5764457005614694,0.5763099010966349,1693506210.6869564,11,2.088659393546607,0.5883076903266475,0.030345610164210335,0.8894837774141688,0.7553005020006325,2.016028894947758e-07,0.001049337823679058,7.757108438301e-06
132,0.5764451047433381,0.5763094990994594,1693506210.8174372,11,0.8354370639723591,0.5535246276662279,0.042081133744572057,0.8909235608099803,0.753361212842155,1.3461083431142465e-07,0.0013091285558183977,1.1341737089603944e-05
133,0.5764457005614694,0.576310169094752,1693506210.945876,10,3.817564235650654,0.6161973034662932,0.011054891646722319,0.8813509228819969,0.7724793407224668,2.2711359389409646e-07,0.0008831039463364497,5.46041359448311e-06
134,0.5764457005614694,0.5763099010966349,1693506211.0769877,10,1.6156259096758276,0.5423256018145355,0.02067264738311452,0.9157646344946578,0.7947459045708892,9.136959370135647e-08,0.00032214207254451915,3.40162389034084e-05
135,0.5751098763111351,0.5768273719608845,1693506211.2131867,9,0.2573689202477947,0.5995191290237881,0.07379211829391817,0.8703666893614749,0.8207977878423646,3.9169221662396674e-07,0.0023622587255997733,1.8086001859011527e-05
136,0.5763108967092666,0.5762085978083917,1693506211.3412776,11,26.85731108537457,0.5806006999787487,0.03055446309029148,0.9016554515696699,0.7426592335285808,7.66662695454209e-07,0.0004934493142664815,8.35033236730692e-06
137,0.576201117218578,0.5762245771961206,1693506211.468771,10,5.774217022564383,0.6117603758006379,0.05138270482232322,0.883416697996772,0.7641280578601048,1.3383719083317984e-07,0.00024638652500797,2.3954586677082045e-06
138,0.5764457005614694,0.5763100350956935,1693506211.5985382,10,2.3614010441900537,0.6256982999985767,0.07804749010731672,0.8532616821974991,0.7812555325028591,6.351254864709835e-08,0.007784165901698703,4.199673137096405e-06
139,0.5763108967092666,0.5762085978083917,1693506211.7261143,9,13.85692339332026,0.603815299078912,0.014214254828626195,0.9211326836184888,0.7467068662427145,1.2036945304495634e-06,0.0006944074962855454,8.906045821086561e-07
140,0.5764448068342723,0.5760288380713836,1693506211.856993,11,0.5224101312513617,0.5874154746359022,0.04082457970351756,0.91111645618941,0.7689246288469141,1.941028815640683e-07,0.001506047732023778,1.4966320768459887e-06
141,0.5762630823042314,0.576452476094903,1693506211.9860406,10,3.976190684124285,0.5649490736736773,0.01848340850488118,0.8560045997707849,0.7548681814082588,3.8537526032908494e-07,0.000498865902787683,7.583508244413639e-06
142,0.5764457005614694,0.5763100350956935,1693506212.1177528,10,2.466353654130521,0.5739824415496056,0.015021560722549166,0.8437586466919986,0.7407336293656621,3.978192588187357e-07,0.00035133306167878806,6.446922286081024e-06
143,0.5764451047433381,0.5762882267489189,1693506212.251534,10,0.7377709229397924,0.5439759511817088,0.025885879913091006,0.8913378908623323,0.7479522486379653,2.828252883682244e-07,0.00023791273156235804,1.2139599123593885e-05
144,0.5763108967092666,0.5762085978083917,1693506212.3797154,11,9.69823041644162,0.5791209992074774,0.01634808465092174,0.8723872033410167,0.7774982626270738,5.347260647154644e-07,0.0008959620059713743,4.012545446450474e-06
145,0.5764451047433381,0.5763094990994594,1693506212.510787,10,1.0542480080986938,0.6046790145768318,0.060505718838060996,0.9017355946940313,0.7597650585274324,1.0444276393093502e-07,0.0005008682647759929,2.596386546182009e-06
146,0.5764451047433381,0.5763094990994594,1693506212.6417537,9,1.6163959825409213,0.6228740315438975,0.02611060662782214,0.8634906685517807,0.7372797962831056,4.4068627390961145e-08,0.0016841228983244469,2.3316676526315354e-05
147,0.5764457005614694,0.576310169094752,1693506212.7722998,10,3.1848526653688882,0.595538166013624,0.03684432953065563,0.9293179181374914,0.7883374398063879,1.51611482474273e-07,0.00018130394420123503,8.483562256832898e-06
148,0.5754262557388459,0.5769710189516207,1693506212.9038644,11,0.34590306510330415,0.6143220496033579,0.08412736781733662,0.8846406332771486,0.7299106879453257,1.910462212957434e-07,0.0031760234997219214,1.5832092806075208e-06
149,0.576201117218578,0.5762245771961206,1693506213.0323212,10,5.80454352996428,0.5730045927785724,0.04976555969008488,0.9077046133054454,0.770363139320659,7.310108543815176e-08,0.0003820339062706999,1.464709920624806e-05
150,0.5763813522032909,0.5761345633285582,1693506213.1646664,11,1.2014280738164853,0.6301625316512689,0.11573152460644746,0.8951718997779219,0.7507104346801763,9.212805770353967e-07,0.0010482045130127716,4.65112697136118e-06
151,0.5764457005614694,0.5763100350956935,1693506213.295079,11,2.232726212904101,0.5906630893668725,0.026510275659134556,0.8885701124774346,0.7542519877774578,3.06304569979545e-07,0.0011322847822070777,8.987450154841814e-06
152,0.5764457005614694,0.576310169094752,1693506213.4245207,11,3.3190030102534913,0.5819552195253046,0.013119642841595175,0.8711394779051261,0.7628823017170855,1.9524647764949762e-07,0.0007309426481482567,5.356446779881757e-06
153,0.5764457005614694,0.5763099010966349,1693506213.5555084,10,2.1331926497367286,0.5539939155066302,0.032312579433962846,0.920315467270892,0.7468731775842837,5.573262567536417e-07,0.0002916307578120232,4.8283974907794364e-05
154,0.5763108967092666,0.5762085978083917,1693506213.685539,9,7.093652980929443,0.60592800987686,0.020964353536667507,0.8294583349851197,0.7815785206549744,1.1576639560323763e-07,0.0022417047872517483,7.725736663528848e-06
155,0.5763108967092666,0.5762085978083917,1693506213.8137386,11,19.6602502766214,0.5854329088684068,0.007806215004928018,0.8804684034545311,0.7965413008370799,2.2497825889472657e-07,0.0058544903201677425,2.4540128450026335e-06
156,0.5764451047433381,0.5763094990994594,1693506213.9448423,10,0.8973655428567164,0.534809314103341,0.05876088836240077,0.9067360886144128,0.7570800301865263,3.7503387813332725e-08,0.00013969524172960254,1.4719021992508156e-05
157,0.5764457005614694,0.5763099010966349,1693506214.0758147,10,1.8497370319342443,0.5670956066864634,0.017725039946610822,0.937063812103341,0.7369427228197067,5.696301218704722e-08,0.0012672230027134092,3.413147556082348e-06
158,0.5762166084899913,0.5762392835927935,1693506214.2069995,11,4.14415739502842,0.5966045382532373,0.010979612947906694,0.8901882508213318,0.7273874627290995,1.5202885733892678e-06,0.0006566070539637337,2.0950577026130217e-05
159,0.5763108967092666,0.5762085978083917,1693506214.3356636,10,14.923694837510455,0.6177117123646901,0.032026270110574954,0.8520045028840276,0.7722597867337562,3.7392471241578327e-07,0.0004164599466903471,1.0065276067584475e-06
160,0.5763108967092666,0.5762085978083917,1693506214.4679384,9,9.963640331820203,0.5871161568741659,0.040518965814340314,0.8968576107008971,0.8102445592008133,1.6814220674756166e-07,0.004337204845925321,1.8327595475923525e-06
161,0.5764457005614694,0.576310169094752,1693506214.5981994,10,3.6500851676636357,0.615022375684837,0.010299374620081032,0.8815105956431989,0.7638029973786984,2.396788767414122e-07,0.0006709867359599852,6.030618958141186e-06
162,0.5762541450322621,0.5763507373097196,1693506214.7295609,10,5.392822902567696,0.6198770334873108,0.012997065435138977,0.8640380145260651,0.7806258597977892,2.297345936400598e-07,0.0009815369669818428,5.041560245383253e-06
163,0.5764451047433381,0.5763094990994594,1693506214.8615935,10,1.5684584041986245,0.6091001271665137,0.021754414949164056,0.8768043127910681,0.769160426856161,9.598211346308802e-08,0.001993221723142399,9.431115418627238e-06
164,0.5743752325552643,0.5750291380952758,1693506214.9987664,11,0.6571561751992488,0.6345930417949069,0.10297739438571814,0.9117970538845659,0.8000805513870437,6.737452903813051e-07,0.00028162584742056024,3.24380056449149e-06
165,0.5764457005614694,0.576310169094752,1693506215.1312716,10,2.8216701535768616,0.5984698522450045,0.07291761359534861,0.844570687411166,0.7555254754890469,1.3974959862704834e-07,0.00020905349210245298,6.852959022581695e-06
166,0.5763108967092666,0.5762085978083917,1693506215.2615457,3,39.34394839000974,0.5747870781803867,0.04775592728923496,0.9256064768087197,0.7893646891728899,5.075883794673591e-07,0.0009571234606825419,2.7685607346473193e-05
167,0.576201117218578,0.5762245771961206,1693506215.39135,10,6.648601104472332,0.6226977775161028,0.009475924518381846,0.8902994141720889,0.7754411827400028,7.077536095616867e-08,0.0001063936933761531,1.1626968158053127e-05
168,0.5764451047433381,0.5763094990994594,1693506215.5237877,11,1.132598400393209,0.5585690547771264,0.03122576098795627,0.8714014324346927,0.7444484680627831,2.922560516600548e-07,0.002573950671053135,4.933397432895007e-06
169,0.5763108967092666,0.5762085978083917,1693506215.6515338,1,0.4997250232602543,0.6070382082105636,0.015768269503908874,0.8985648792808322,0.8208481708832472,8.282927163440222e-07,0.00043600935295421865,2.535570066261224e-06
170,0.5764457005614694,0.576310169094752,1693506215.7832348,10,2.3817049458832313,0.5998276341772321,0.05986183039780231,0.9400754502718509,0.7885813277726255,1.7976606813572113e-07,0.00949775675525217,1.5248572516470218e-06
171,0.5764457005614694,0.5763099010966349,1693506215.9151783,10,1.63391356383278,0.5316097612651809,0.0055986385498397505,0.9107841289760823,0.7966865777826704,8.927440179071642e-08,0.00028191611342212564,1.7043082108712132e-05
172,0.5762475910328181,0.5764377696982301,1693506216.0463502,10,4.378126504391273,0.5401826347135877,0.022146763315613657,0.9148328465426527,0.7730350226526238,9.893301467197006e-08,0.0013808725218853602,7.496274125054854e-06
173,0.574963900868971,0.5770140996489359,1693506216.1873374,9,1.2356062400605088,0.5531056145859933,0.020439700531084997,0.9202040809140222,0.8110306221579735,4.767261238442092e-08,6.823362450439771e-05,3.6255089182344416e-05
174,0.576201117218578,0.5762245771961206,1693506216.3201966,10,8.790318991463575,0.566514559157564,0.01805013215853666,0.8841441270874741,0.7587004105975358,3.1473239632288274e-07,0.0005177848061056536,9.044316104746153e-05
175,0.5754265536479115,0.5769285077503045,1693506216.4528954,10,0.21442931074006388,0.5246348604887062,0.011725578301804767,0.9314598289023073,0.7459916351341582,1.2365665742568076e-07,0.00018686437043342354,3.3857669197499225e-05
176,0.5764457005614694,0.576310169094752,1693506216.5845034,11,2.854484689449189,0.5877193955472045,0.027652374052052772,0.900315842492282,0.7842709225835003,4.5305404430154596e-07,0.0009082502240242924,1.0671247449448039e-05
177,0.5763908852933913,0.5761730545581186,1693506216.7153635,9,4.814612332594724,0.542305378263878,0.03555715278709352,0.865047339274073,0.7942323932541754,2.1322211824345385e-07,0.00013997347621194599,3.623048136357885e-06
178,0.5764457005614694,0.5763099010966349,1693506216.8494065,10,1.6285327869537352,0.5747472867728577,0.04394784567833607,0.8776056793896556,0.7661483874213769,4.2132676342944135e-06,0.00036384825145135296,1.947399175016915e-05
179,0.5763108967092666,0.5762085978083917,1693506216.9792185,11,12.897265046778276,0.6326492242112353,0.07550210711593842,0.9177457844177328,0.7369386015471475,5.365811075496609e-08,0.000674847529639052,5.633126414318616e-06
180,0.5763108967092666,0.5762085978083917,1693506217.1087325,10,23.616588384870862,0.5586245435730837,0.014372171266953936,0.8916698579223534,0.7276212246718068,9.841210115359435e-08,0.0016279116254107066,7.136385708062999e-07
181,0.5764457005614694,0.5763099010966349,1693506217.2419014,10,2.3531544949914993,0.6181711913178143,0.09536535452622537,0.8165159585744671,0.7768161887257619,6.172347738145279e-08,0.009960730486777486,3.938314037565782e-06
182,0.576437657016697,0.5763070536166414,1693506217.375186,10,0.781050108606161,0.5055810058775552,0.0778347751900921,0.85645330081112,0.7543365554214646,1.504412167412872e-07,0.0034090619611496097,4.229642324152049e-06
183,0.5764457005614694,0.576310169094752,1693506217.507543,10,2.6840137983927006,0.62522068867408,0.060952659389890904,0.8531836431592255,0.782640220933602,3.4815830034557936e-08,0.00037109039850023425,8.087276936178763e-06
184,0.576201117218578,0.5762245771961206,1693506217.6377172,10,5.263592917597067,0.6418280537111577,0.12459737007336164,0.9043285385386945,0.7683220806195956,2.9294127152172516e-07,0.0052555114021520565,2.3297132543152715e-06
185,0.5764451047433381,0.5763094990994594,1693506217.771288,11,1.1219625722285889,0.5928453822573383,0.04192337980444893,0.8409803072878982,0.7961321020812113,7.0773974275508e-08,0.014021361427780014,1.228204935842579e-05
186,0.575351331608837,0.5773286624388178,1693506217.8999145,10,8.421968214400138,0.6085058234895337,0.008377582929388344,0.8847193322321505,0.5698760733880054,1.943990871717482e-07,0.05391440550952696,5.492116906496924e-06
187,0.5763813522032909,0.5761345633285582,1693506218.033109,9,1.8616321227159836,0.6284411204147089,0.02440417224963363,0.8674979944446408,0.7495574431398164,5.42392855511449e-07,0.0025753417046395512,1.5604262822821092e-06
188,0.5751098763111351,0.5768273719608845,1693506218.1723282,11,0.4253919721324651,0.5819993097023698,0.05280610417736831,0.7935439164163768,0.8033198900191212,1.0259323120592762e-07,0.0009643371085309123,3.087223277779341e-06
189,0.5764457005614694,0.576310169094752,1693506218.30562,10,3.524877551125702,0.5468323018409197,0.030051373120277256,0.9371600281456118,0.7616681632117025,3.528455784344508e-07,0.0014729063015626216,1.6544278155755237e-05
190,0.5764448068342723,0.5762914092265589,1693506218.4392238,10,0.744077990248148,0.6117977276326452,0.0870219074094332,0.8343533401621234,0.7774372086208742,1.0940989194125123e-06,0.0002444137213652798,5.178023375731885e-05
191,0.5761582183131257,0.576283185034342,1693506218.5707417,2,2.3767084651120918,0.5749754260345338,0.012860902706540013,0.8487155259691601,0.7353006414211948,4.354367476579729e-07,0.0004958219283817976,7.1890848825931995e-06
192,0.5762166084899913,0.5762392835927935,1693506218.7024338,10,3.9573983682360496,0.5975186346858083,0.015983364003913935,0.8383724613200639,0.7418376965239967,1.870150456017915e-07,0.00034516616639437354,6.321966383191214e-06
193,0.5764457005614694,0.5763099010966349,1693506218.8364506,10,1.7125146301195622,0.5737951154065585,0.018856452364666078,0.8469225642990531,0.753444945054672,2.9110713238807793e-07,0.00011506098108712045,4.999657635580337e-06
194,0.576201117218578,0.5762245771961206,1693506218.9676743,10,7.757475746298228,0.588708686626055,0.009928645573222645,0.8598786826551799,0.7203745837638977,1.253603715037037e-07,0.0007076082040061351,1.016001394263709e-05
195,0.5764457005614694,0.5763100350956935,1693506219.1011739,10,2.340676728527413,0.5655451168433164,0.041698666757521076,0.8924160101293046,0.7668981176784148,1.1470178603540098e-05,0.00021096523240258695,3.4743352251633525e-06
196,0.5764451047433381,0.5763094990994594,1693506219.2352445,11,1.144655392943652,0.6008380604652992,0.025929228180284345,0.879495913257622,0.784883051321621,4.576180153623435e-07,0.0019721854887048353,2.339304140547384e-06
197,0.5762309081251421,0.576244141058665,1693506219.3682928,10,5.036606419918563,0.6178480583124211,0.06587198470329339,0.7621336754595863,0.7414316447556321,6.185200386637512e-08,0.0010930327187633415,2.6120400475960476e-05
198,0.5763108967092666,0.5762085978083917,1693506219.4998615,10,12.663103609398387,0.5502098342172499,0.003669649902666025,0.8712887965067125,0.7592162532793616,8.308228219268129e-07,7.241993122512899e-05,1.0347219991954042e-05
199,0.5761665597669637,0.5763942535039749,1693506219.6328287,11,3.216585309872728,0.607813538168857,0.10470693938912767,0.945411972329706,0.6048141167516434,2.354896174369691e-07,0.0002951935153567254,1.1989111758616884e-06
200,0.5763816501123564,0.5758544382967165,1693506219.7667158,10,0.46675415095047834,0.6366659097977764,0.006848455460740078,0.8287581097256063,0.7742093175741692,1.5181018234688178e-07,0.0037665724453721915,6.397709203418037e-06
201,0.5764457005614694,0.576310169094752,1693506219.8995163,10,2.7469808138780434,0.5943209947122792,0.03435492927122923,0.9315994985050389,0.789553970657288,1.4738184228422884e-07,0.00016140419741467201,9.61647076745126e-06
202,0.5764451047433381,0.5763094990994594,1693506220.0337832,10,1.390393484482336,0.580402024631443,0.03746766140313077,0.9092608036048992,0.7836941891764199,8.9706221097143e-08,0.0005254914824397175,3.6489833542123847e-06
203,0.5763590090233677,0.5760761564889245,1693506220.1698673,10,4.852145890126448,0.6247156295086057,0.017211072439618513,0.9224298847926722,0.806276776462071,3.197259316939768e-07,0.00017374686728411273,1.6385667872855547e-05
204,0.5764457005614694,0.576310169094752,1693506220.3032207,9,2.7407844414796907,0.5944440122353547,0.04988774703762913,0.9007491285149851,0.7490492325400847,1.8328551112194052e-07,9.912800229392425e-05,7.539480444927709e-06
205,0.5763108967092666,0.5762085978083917,1693506220.4396002,10,10.757707883745853,0.6048066032625018,0.022400811186481028,0.9291703833885847,0.8152899124172852,2.3835032467529105e-08,0.00033393373132618116,5.04033290209197e-06
206,0.5764451047433381,0.5763094990994594,1693506220.5743322,11,1.1166742872456183,0.5604103391995363,0.03224546653175489,0.9492176015607783,0.7667724944505195,3.8703423288528383e-07,0.0006850950726949006,2.275034681983669e-06
207,0.5763108967092666,0.5762085978083917,1693506220.7051396,9,6.468337214071659,0.5875139793708998,0.07605860001106582,0.8903706252601986,0.7918584161725186,4.387582472210767e-08,0.00018958948072853084,1.0289599669302917e-05
208,0.5751745225783792,0.5772253491646967,1693506220.8444421,10,1.9332606955530127,0.6135066934983787,0.014236580995759716,0.9134034281564615,0.8279902775368397,7.844487902577999e-08,0.0012990019647159392,1.6230081915528934e-05
209,0.5752686618431216,0.5773596832208656,1693506220.9744954,10,0.7330095871953242,0.5683747600565754,0.05025337375926697,0.8756871591093746,0.5334225084670039,6.460767906366044e-07,0.00045895440175120926,4.214534525221318e-06
210,0.5762166084899913,0.5762392835927935,1693506221.1073256,10,3.6495083802569956,0.5998160773653581,0.03802346047011902,0.8595921593207054,0.7759143491047727,1.3121717742126091e-07,0.000883028834751966,0.00015823328898707635
211,0.5764457005614694,0.576310169094752,1693506221.2418168,11,2.310018677389716,0.5914637598047389,0.021631662824561353,0.8916806584858159,0.7551148020468981,2.406544155479223e-07,0.0012360261972172275,8.140234735719941e-06
212,0.5764457005614694,0.5763099010966349,1693506221.3766274,11,1.8943758916365316,0.5818678265392011,0.02933522342230797,0.8821028528771012,0.755875524145296,3.0942793400894806e-07,0.0018257482400469522,7.3900957879176745e-06
213,0.5762541450322621,0.5763507373097196,1693506221.5099273,11,5.265750349442219,0.6132684186807256,0.02570570353522386,0.8862433584643113,0.7316138171548459,2.3277377425750224e-07,0.0009028777308279076,1.2324912904062223e-05
214,0.5764457005614694,0.576310169094752,1693506221.644253,11,3.3129903520451043,0.601188935185119,0.026861434655323486,0.7233358053983185,0.7440677030796412,4.269492541391486e-07,0.0003127186794610633,3.1057621235705194e-06
215,0.5754262557388459,0.5769283402514813,1693506221.7806675,10,9.475007243978235e-07,0.5887758003031915,0.06248971487709455,0.90290551548762,0.7680727671113208,1.413706887037039e-07,0.0026967639486443467,2.5643875486964126e-05
216,0.5763813522032909,0.5761345633285582,1693506221.9158463,11,0.9640841942066564,0.62884274840834,0.1187752147277442,0.9246639665815903,0.7900915290613274,9.345813882776095e-08,0.0005509675800897449,6.679877171252814e-06
217,0.576201117218578,0.5762245771961206,1693506222.0473335,10,9.643391869213046,0.7546319462548469,0.002191706884212923,0.9573825362670262,0.7604996594862992,1.3250892714975268e-06,7.949716827816078e-05,1.9101174112008335e-06
218,0.5764457005614694,0.5763099010966349,1693506222.1834035,10,1.9894730824383333,0.572187886797308,0.011453726928346985,0.8985193134186231,0.7769876634064773,6.232647082876857e-07,0.00014543100172978343,4.5413436640211776e-06
219,0.5,0.5,1693506222.312404,11,6888.198537231312,0.5277119983770128,0.018506567465512023,0.8694084918322781,0.6199943317424073,2.186145636569209e-07,0.005382084161983302,1.2445348185430946e-05
220,0.5,0.5,1693506222.4410462,10,405.0366883108408,0.7819568297794539,0.043097860359697586,0.915451241213427,0.7499176450290987,3.6963682187700217e-07,0.0011924190872644753,5.483814013942104e-06
221,0.5764457005614694,0.576310169094752,1693506222.576368,11,3.6451275669794647,0.5808318767637131,0.007943463131440145,0.8748388645524302,0.7628088328496758,1.8022213674006854e-07,0.0007366745416407211,4.367969785352215e-06
222,0.5762166084899913,0.5762392835927935,1693506222.709965,11,3.768327247524814,0.5932678324626299,0.014556074605884982,0.8505131836094231,0.736190711287201,6.920235903801235e-05,0.00040221277731660154,7.166161635214221e-06
223,0.5764451047433381,0.5763094990994594,1693506222.8454244,11,1.3596465667346505,0.5792728946027642,0.011091023617668193,0.8654391113435091,0.7685030040712348,1.4344399076348965e-07,0.000639201247755258,0.0007783968450370449
224,0.5763676483862712,0.5760664583070639,1693506222.980746,3,6.362016564666771,0.6186732872196049,0.01829927434685886,0.887356135408093,0.8003902392232385,2.830362078378349e-07,0.00023735418493770461,2.7149129615998907e-06
225,0.5764457005614694,0.576310169094752,1693506223.1151338,10,2.296619175580459,0.5483248352376318,0.03405321788558578,0.8962229476324205,0.7544874055243237,6.105335283021053e-08,0.001830929257104632,9.042485472660818e-06
226,0.5763108967092666,0.5762085978083917,1693506223.2473567,8,17.54562256033946,0.6060018870385248,0.012875692489927443,0.8778535231377625,0.781399187740063,1.0429628333342893e-07,0.0008621827590912701,1.909660940024525e-05
227,0.5764451047433381,0.5763094990994594,1693506223.3828325,11,1.2595233636599226,0.5638291760723025,0.08213268666804953,0.9053400971718261,0.7426243902402924,2.2199537672669594e-07,0.00027042626358743306,5.178676993882784e-06
228,0.5762309081251421,0.576244141058665,1693506223.5170243,10,6.07931677034333,0.6398895570248416,0.02341282607701261,0.8544367265912814,0.763060664998338,5.27093544911524e-07,4.997998800766185e-05,3.2468377299720092e-06
229,0.5754265536479115,0.5769711529506794,1693506223.6522272,11,0.6209415311041431,0.731554087621484,0.004923592537021988,0.9396220806788015,0.715607204070069,3.252504114302155e-08,0.00047597739043994837,1.8391693442328732e-06
230,0.5764457005614694,0.576310169094752,1693506223.7867703,10,2.7013910312626916,0.5886640018130489,0.06105862195741862,0.8856597316304903,0.7879273822233057,1.7046018614738023e-07,0.0028357791621642196,1.0035057296564243e-05
231,0.5764457005614694,0.5763099010966349,1693506223.9222426,10,1.9077610706483323,0.5577236300085507,0.031575094410091896,0.9216336332310314,0.7442274119344561,4.172201349443087e-07,0.00030247659232961806,3.0002483282422563e-05
232,0.5762630823042314,0.576452476094903,1693506224.0561378,10,3.5435637441223564,0.5461739713564961,0.04672032123916364,0.9120541659570147,0.7269627332891307,6.285882963199e-07,0.00012031977563996556,1.4520561922097249e-05
233,0.5763813522032909,0.5761345633285582,1693506224.1903892,10,1.670801590884934,0.8064074608256003,0.037253411994641085,0.9297181657926212,0.7499454633336163,3.0490405003194184e-07,0.0011374683340676184,3.4749858521786115e-05
234,0.576201117218578,0.5762245771961206,1693506224.3230736,10,5.690345067015506,0.6032731653591108,0.02811501224444782,0.840200201225207,0.7601170884047027,2.039030612293574e-07,0.0002448612560443014,5.8103465822773085e-05
235,0.5764457005614694,0.576310169094752,1693506224.4575067,10,3.152410425859628,0.5368049999378116,0.017345625984948387,0.8973699331652969,0.7726051032564836,1.082807892979973e-07,0.0006526339635182464,6.193191748604499e-06
236,0.5764451047433381,0.5763094990994594,1693506224.5952878,11,0.8848717161910524,0.5742972726241622,0.1392279358438282,0.8677373817220501,0.6298728405796528,8.044307087076874e-07,0.03210289379534518,4.827422855950622e-06
237,0.5763108967092666,0.5762085978083917,1693506224.7281947,10,9.011468656792246,0.5223094272984128,0.022042984915713066,0.8189969366213784,0.7390836027553582,2.06632134890085e-06,0.00036223625418936974,8.848512998110226e-06
238,0.5764457005614694,0.5763099010966349,1693506224.8637354,10,1.7662365503260982,0.6171336319261168,0.009088832930135205,0.9186786109353692,0.7536194541307384,3.5576511475753627e-07,0.00018090983580214533,4.872258263870629e-05
239,0.575351331608837,0.5773286624388178,1693506224.9966617,10,3.5896936864652687,0.5612582076520399,0.053920530578058595,0.9460771881621639,0.5947632379503467,7.603124079880691e-08,1.4598750390622675,3.1079513375672246e-06
240,0.5764451047433381,0.5763094990994594,1693506225.1336539,9,1.0224521156619555,0.5533017579182647,0.013818963550930504,0.9350739490588911,0.7741699101336419,1.5934742936761476e-07,0.001690945109695966,1.9578222542031533e-05
241,0.5763813522032909,0.5761345633285582,1693506225.2695205,10,2.0813034520991835,0.7645657614821696,0.015857520835699385,0.9400281138218839,0.7351591435615499,5.3485272208878536e-08,0.001211207143314947,3.6931761759662873e-06
242,0.5764457005614694,0.5763099010966349,1693506225.4057865,10,2.178867585316086,0.5686301756892105,0.03520403840178385,0.9048147393751397,0.7483301045161702,5.025425765666526e-08,0.0009044436396176572,6.428592486287802e-06
243,0.576201117218578,0.5762245771961206,1693506225.539664,10,5.314601806541707,0.5837377144838701,0.019811138653951038,0.9559734790908146,0.7204726377480312,2.2454720424125526e-07,0.0015012473211091417,3.239940457500422e-06
244,0.5764451047433381,0.5763094990994594,1693506225.6779013,10,1.2894368167526942,0.5941500114223216,0.001200350957880843,0.9285856545862495,0.6571323647219006,8.522424404699625e-08,0.0004724537477612542,1.143906442803561e-06
245,0.5763816501123564,0.5758544382967165,1693506225.8148744,10,0.38602012240209166,0.5691336388885503,0.02531621353492267,0.7978995849911612,0.7626869096114621,1.573480231442031e-08,0.0023148773842304403,1.3103975660239745e-05
246,0.5763745002947811,0.5761325198429157,1693506225.9499235,11,2.994409275841125,0.9990018555857951,0.10203438638221553,0.8844952030391535,0.7379336685322925,4.613803792373627e-07,0.26031424659067787,9.024755533813846e-05
247,0.576201117218578,0.5762245771961206,1693506226.0838966,10,8.162526681810402,0.6089830363488259,0.04679577488398629,0.8751276749765725,0.7278753965034832,1.195795552957717e-07,0.0006260713028791556,1.9681938607701027e-06
248,0.5764451047433381,0.5762885952463299,1693506226.2210798,11,0.7327938837133011,0.5385940885400297,0.012195061236790063,0.9164573089184584,0.7566338432756947,0.00028186366363872636,0.004057363266300567,4.753898834484993e-06
249,0.5764457005614694,0.576310169094752,1693506226.3571994,10,3.646119071732953,0.5524936299029187,0.0276381749940942,0.8907023980655401,0.7817528544227085,2.88224102095668e-07,0.0008885260484495299,6.84816306195516e-06
250,0.5764451047433381,0.5763094990994594,1693506226.4943044,10,1.391153654986096,0.5962943413673952,0.01652575821024608,0.8575112602120409,0.7687709151498966,3.4737184911483394e-08,0.00012879036470493768,0.008708520355374026
251,0.5754611110995259,0.5769460616269709,1693506226.6327498,5,0.0165000113326462,0.6266937076334422,1.3053289398838086e-05,0.9487474498616741,0.7465187905728254,1.510124538760807e-07,0.0004011227162986306,1.050146878517027e-05
252,0.5754262557388459,0.5769283402514813,1693506226.7706554,10,0.0016940950255063723,0.5802622698787879,0.06706839920030706,0.9055921596421297,0.7965501228819126,7.946301661320778e-08,0.00021475662934417774,2.334176361910127e-07
253,0.5751745225783792,0.5772253491646967,1693506226.9125636,9,2.176225765312335,0.7202590268670414,0.03510917777023299,0.9357379626302355,0.9282856697539907,5.821737463832085e-06,0.015856155488921334,5.919502301830161e-07
254,0.576201117218578,0.5762245771961206,1693506227.047132,11,5.332195090797179,0.6026373616341442,0.006125434220843713,0.9249038520842969,0.7625584386463667,2.6449475750519915e-07,0.001241875308586941,2.8002530293188565e-06
255,0.5614342116983528,0.5607717052679988,1693506227.1786623,10,12.773386699173555,0.5893847877605201,0.019691761659170866,0.6415491298469839,0.775805924347275,4.702335840436227e-07,8.935818617906988e-05,4.43471508431527e-06
256,0.5761349814060057,0.5761859519675014,1693506227.3147674,10,2.6190362697687672,0.6218894496918227,0.15605167018399826,0.8930339770634076,0.7445393063696419,1.0598984517288907e-06,0.002086874702940252,8.691606737834743e-06
257,0.5754265536479115,0.5769726604400878,1693506227.451823,11,0.6754798062438556,0.745333919262876,0.08294161648302245,0.8732400275669376,0.6374746353596343,5.754785571652543e-08,0.0006475175331911021,1.8671663104648527e-05
258,0.5763813522032909,0.5761345633285582,1693506227.5891757,10,1.4440818248202774,0.6475780876419199,0.04170696413004241,0.9114423530011652,0.7099001978883889,0.0030252580192377046,0.00041047247591776917,1.4834245228229572e-06
259,0.5596836980286464,0.5571721388085528,1693506227.7238622,10,154.56574409826854,0.5610656631812723,0.057503758655941095,0.8625753546535382,0.6709393314829868,1.4199423428357442e-07,0.00026236254281643165,6.204755957481305e-06
260,0.5763108967092666,0.5762085978083917,1693506227.8584876,11,5.542637993291863,0.5756549865929522,7.135994143291435e-05,0.8471301701714194,0.6476230844401352,0.006209871892192458,0.009050007839121087,2.4241078963780482e-06
261,0.5763816501123564,0.5758544382967165,1693506227.9956949,10,0.3349917276043144,0.6138532093992141,0.009648879107109222,0.966129316030486,0.7534372478081167,2.030170548411869e-07,0.0011287772645145696,1.3400423763265723e-05
262,0.5614342116983528,0.5607717052679988,1693506228.1278582,5,21.443505377721337,0.6329767135589032,0.0001288047136089209,0.5051484345811903,0.7877090938182054,6.740003408153056e-07,0.00015217942733477023,0.00019376247354148114
263,0.5763108967092666,0.5762085978083917,1693506228.2622483,2,9.124615081028837,0.5962144814746667,0.022146971498584883,0.8285608782829903,0.7317817872975436,1.0969895076314969e-07,0.0071196039659422354,3.335417641948386e-05
264,0.5764457005614694,0.576310169094752,1693506228.3982334,9,3.7230758060815745,0.7100240204854986,0.029064481741352215,0.8813756347562279,0.7666543094427523,3.4073673847358363e-07,0.0033504814775482117,3.831029897089392e-06
265,0.5764457005614694,0.5763099010966349,1693506228.5355215,11,1.8622646578051187,0.5817793216983835,0.11618303924310089,0.895028284558803,0.7760902669373602,0.0006233898711726813,0.0006939394118021105,8.444850765523749e-06
266,0.5752686618431216,0.5773596832208656,1693506228.6699548,4,0.9732828734705307,0.6105210218543557,0.013995151722456559,0.9225958945173719,0.5758303130356472,2.906206599396566e-08,6.660076977306859e-05,9.202181902883459e-07
267,0.5763590090233677,0.5760761564889245,1693506228.8115985,10,3.739883404484908,0.544562339165553,0.042969424639043526,0.9496903957518856,0.8011601225840207,2.2783454510508512e-07,0.0015391214404356717,5.549037906270921e-06
268,0.5763108967092666,0.5762085978083917,1693506228.9464548,10,7.17416375746483,0.5697297775344579,0.07579045676713436,0.903284682685068,0.6206843669700568,0.015035191574659535,0.00030235608968007504,4.3976763234519654e-07
269,0.5763813522032909,0.576115166964837,1693506229.0830872,11,1.82703761548438,0.8526511118226288,0.03341903266226964,0.9375887432088107,0.7545274904795705,4.919889020244615e-07,6.553368636344677e-08,6.370439458362943e-08
270,0.5764451047433381,0.5762885952463299,1693506229.2221603,10,0.588784446438156,0.5161695993280035,0.0038290650956082093,0.8835382434768224,0.7396356521904697,7.68102235931285e-08,0.0004818195279108709,5.1612733413598516e-05
271,0.5,0.5,1693506229.3536694,9,1627.0124362159813,0.5337375138494282,0.018528139669996686,0.8692826885311559,0.7840849670832394,1.5489578281433858e-07,3.56316853106866e-07,2.3306937510798916e-05
272,0.5764457005614694,0.576310169094752,1693506229.4916527,10,2.7350278498269756,0.6021074588403685,0.05341241996095055,0.7815451779350137,0.7240109963093609,3.117750105624388e-05,0.0009903338994436365,2.6726908325483264e-06
273,0.5763108967092666,0.5762085978083917,1693506229.6268222,10,16.073163689358655,0.5543801497083557,2.2248680922754635e-05,0.8998708933642544,0.7621122967614417,1.0419499115343139e-08,0.0001963694426389428,1.0869447048122173e-05
274,0.5754265536479115,0.5769285077503045,1693506229.7662237,11,0.1668259117598199,0.586623982959403,0.024750793516640463,0.7485025259402306,0.7543760660208926,5.009257210156773e-08,0.002324749050193145,4.1904110277710295e-06
275,0.5763813522032909,0.576115166964837,1693506229.9030135,5,1.248530489506996,0.8750497303073117,0.18921331654436677,0.9131658177950678,0.7704449517069629,0.08028080249405296,0.0006040203026703795,1.9360068773542483e-06
276,0.5614342116983528,0.5607717052679988,1693506230.0359445,10,4.35249428655833,0.622121347641072,0.10002058750944992,0.8906066748599595,0.5618799977619124,0.0013461327258750314,24.840483420604485,7.640001362248418e-06
277,0.5,0.5,1693506230.1682453,11,39117.17963585637,0.6378153208892244,0.010156046853686483,0.8121039216455532,0.7373349326710129,3.2334061186360364e-07,0.00031375165710522546,1.3404287281023462e-05
278,0.5763108967092666,0.5762085978083917,1693506230.3037083,10,36.2805964201704,0.6087223315421035,0.015580651257114624,0.9284086126976201,0.7902657392661343,2.0763080331925618e-08,0.00011642539349566582,4.006648359364545e-06
279,0.5763108967092666,0.5762085978083917,1693506230.4391074,10,8.74068948038143,0.5917257185429572,0.04021386526772005,0.8769169013142162,0.7468526519876435,7.999989680863082e-07,0.0008350101117433712,6.164486025396169e-06
280,0.576119043270994,0.5761605591459115,1693506230.5744212,11,2.393839939338529,0.5720055863690359,0.03004748554233168,0.57232490865886,0.6887540149934708,9.916875600773309e-08,0.0017436480540338741,1.4456827224409107e-06
281,0.5764451047433381,0.5763094990994594,1693506230.7127864,10,1.026513715740063,0.5999439931993806,0.13018304952363524,0.9617452012509099,0.7789886455560259,2.027106270022745e-07,0.00041250310020699504,8.12000090930861e-05
282,0.5763676483862712,0.5760664583070639,1693506230.8541775,10,5.2794501030214835,0.5581673070502515,0.06948986808313402,0.8580202912781164,0.8036446200921592,3.786669216873484e-07,4.78968642998177e-05,3.0963871431209954e-06
283,0.5764457005614694,0.5763099010966349,1693506230.9932833,10,1.9520733663171894,0.5798861234371311,0.007847387138699298,0.9422765781015434,0.6029562624499805,1.3171572329499108e-06,0.004668513725946601,1.88420511035986e-05
284,0.5764457005614694,0.576310169094752,1693506231.1300797,11,3.877720807530479,0.6160084835520242,0.012213537446532792,0.8399203245560699,0.7626293287883757,1.534179829245686e-07,0.0002094720854884085,8.984457190795561e-06
285,0.5754903061879587,0.5771459547225221,1693506231.2689352,7,0.5114889867126627,0.649691902525735,0.05054655271254706,0.9167876495990214,0.749212978811896,0.00017716090507041913,0.0011828100317745492,5.0610474299751775e-06
286,0.5754265536479115,0.5769285077503045,1693506231.4079313,9,0.06569994027292375,0.6300798349795078,0.021711557618212723,0.9082048463016952,0.7179835335028311,5.80915919641482e-07,8.235133590595573e-05,0.00032043264955137005
287,0.575351331608837,0.5773286624388178,1693506231.5433655,10,11.27490036166823,0.5874269075159761,0.035971514995910565,0.9556730150134788,0.5822336869697433,6.867315114590194e-08,0.000654026281014611,8.537706476230692e-07
288,0.5764451047433381,0.5763094990994594,1693506231.682539,11,1.3160555748963385,0.6069104153060771,0.09203587876048622,0.887437833850475,0.770488126563795,2.7872916955503386e-07,1.523440747251934e-08,4.883474336032904e-05
289,0.5763108967092666,0.5762085978083917,1693506231.8191957,10,2.7373129998567824,0.5471613842010488,0.026683649842527656,0.8667059487701142,0.7290958213264174,11.90563678661208,0.0029497591383719503,2.6598801544565372e-05
290,0.5754265536479115,0.5769285077503045,1693506231.9599867,8,0.24499942612982978,0.5676017213738563,0.0006823046680164643,0.8257029578506399,0.7588536141754936,4.3837128471275856e-08,0.00014624498300222188,2.0765527350336174e-06
291,0.5763108967092666,0.5762085978083917,1693506232.0957718,10,5.845855007384954,0.598453193727665,0.06168429884355244,0.8958363573273608,0.6989610398294879,1.0580015485405732e-07,0.0015012597643550385,1.3377512477559827e-05
292,0.5764451047433381,0.5763094990994594,1693506232.2351658,5,0.8399746485011051,0.6151638628391632,0.0025778368933746416,0.9322441454213738,0.6582210433739066,2.305946873753481e-07,0.0003560014930081108,6.238434211151286e-06
293,0.5763819480214222,0.5761349653257337,1693506232.373742,10,1.7673832884477814,0.6226964890643537,0.018004226472879935,0.8791885693200688,0.7948600657049266,1.356267769504806e-07,0.0008348923659194272,3.4128740470347787e-06
294,0.5764457005614694,0.576310169094752,1693506232.511407,4,3.239765706464486,0.5821120627122914,0.04676152026313981,0.8514915727011294,0.741750368334541,3.8990967364829054e-07,0.0005080914815655593,9.145606794371424e-06
295,0.5763108967092666,0.5762085978083917,1693506232.647321,11,7.1344613881659,0.5933324204438609,0.17099114747355426,0.9215253764173323,0.7798359853305938,8.423955931053616e-07,0.00027138758073244135,3.540243902224233e-07
296,0.5763108967092666,0.5762085978083917,1693506232.7866368,9,18.015240341279384,0.5664400464325826,0.014968103255709835,0.897942649437037,0.8105567439771512,1.9538447807890852e-07,0.027303202927177733,1.3807289840123424e-06
297,0.5763813522032909,0.5761345633285582,1693506232.9264932,10,1.7067865515576879,0.6814294195387742,0.032015642481324186,0.9070684349438491,0.7633368643305763,2.814183879803193e-06,0.00231393199196493,0.00013022645354133645
298,0.5763108967092666,0.5762085978083917,1693506233.0631692,11,56.14823546499291,0.6086067094203739,0.022741253610586883,0.8712890321552104,0.7483042514756222,6.963627021567901e-08,0.006566840634432512,1.650165610518106e-05
299,0.5764451047433381,0.5763094990994594,1693506233.2026074,10,0.8832267348152235,0.5343289206954103,0.012093666696971398,0.9425329242599807,0.6143018214084801,3.6568376076846066e-08,0.00017881370808672307,0.0017321682154526716
300,0.5763108967092666,0.5762085978083917,1693506233.3386483,10,4.027768318235921,0.6383283152358916,0.0806459968318588,0.7358731761719265,0.7106566456078796,4.609413637483206e-07,0.001172001513816551,0.5265710862347813
301,0.5752719388428438,0.5773641721893261,1693506233.4738498,10,0.49564172013958896,0.701661459909844,0.006263158876639753,0.9728129108125229,0.5058061865678942,1.74383745543667e-06,0.00010176863862035317,4.569679753068795e-06
302,0.5764457005614694,0.576310169094752,1693506233.6128066,11,2.588853738115065,0.5010261663440253,0.04026535679391963,0.8830944706029973,0.7717688743891038,1.244874369774567e-07,0.0005186590590784816,2.457539525401655e-06
303,0.5763108967092666,0.5762085978083917,1693506233.7492974,10,8.753489584463507,0.5774195244779833,0.05813844825558956,0.9171100829448485,0.6821384401959575,2.495370262040614e-07,0.000804618780881721,7.836775149805255e-06
304,0.5752686618431216,0.5773596832208656,1693506233.8854034,10,1.2551849714118528,0.5596030750659983,0.018215701133053673,0.6762797885269174,0.5384660225609958,9.183080276259134e-08,0.01146039889698422,1.2191863890878627e-05
305,0.5753812714699341,0.5769472006189684,1693506234.0263133,11,0.1299854523306496,0.6551720256823249,0.1369129004553866,0.8614280146240125,0.785193367598407,5.287828267838335e-07,0.01810478429253323,3.704564679301209e-05
306,0.5762541450322621,0.5763507373097196,1693506234.163386,10,4.915590804046765,0.5985619945483748,0.02643735330742827,0.8001842183694796,0.7313803975702557,1.883921096763792e-07,0.0839740682192016,5.591633927115734e-06
307,0.5764457005614694,0.576310169094752,1693506234.3026476,5,2.5606829766327626,0.6248504344987009,0.09500846704673582,0.9307562984253096,0.7583799810066472,5.665576614165565e-06,0.0037986877330713075,3.68477550011701e-06
308,0.5751256654916141,0.5767883112353251,1693506234.4486725,11,0.0270620623246272,0.5859989949940755,0.049425895952052254,0.8363219846631161,0.8309061882134728,3.310610325639841e-07,0.00030406804027757484,1.9062477667213653e-05
309,0.5763108967092666,0.5762085978083917,1693506234.5849886,9,73.15653285045644,0.8332350482275335,0.03479463173332605,0.8882647148978864,0.7949704683361457,1.8744039441994803e-08,0.0017839334345969718,1.3993560584525226
310,0.5763108967092666,0.5762085978083917,1693506234.7215343,10,11.825865312652564,0.548823424637633,0.07377908747536147,0.9517077437544966,0.7397136563720413,1.0140970759183942e-06,4.604688045272848e-05,2.0358983818125255e-06
311,0.5763819480214222,0.5761155689620125,1693506234.860872,10,0.7964617257717682,0.7771289195870743,0.010344927383896559,0.7195155140878814,0.7706814434368724,5.550453266107784e-08,9.079830770333233e-07,8.984795653547278e-06
312,0.5763108967092666,0.5762085978083917,1693506234.9983306,11,112.66467598930411,0.6951619667112683,0.015074073276562096,0.9033447633048801,0.7535065813558458,1.24067957189314e-07,2.860932297907031e-08,2.980256356297956e-06
313,0.5753741216523587,0.5769344372086441,1693506235.138061,10,0.0033959592603109634,0.7638275969016918,0.8346966618348992,0.8455755459061484,0.7798163199962288,2.856537461329279e-07,0.00018646829117326369,7.350399353787619e-07
314,0.5763908852933913,0.5761730545581186,1693506235.2743466,1,5.15533090293768,0.6073277064092678,0.023518832861486726,0.7547644692948091,0.6403979735999744,6.449760324923778e-07,0.001108752791274731,5.721590358863113e-06
315,0.5764457005614694,0.5763099010966349,1693506235.4156086,10,1.5716630409003476,0.5202079299435876,0.11645190366649524,0.8934747191487259,0.6265154352572118,1.8037392946740634e-07,0.0004619506036669743,7.41082047002199e-05
316,0.5763816501123564,0.5758544382967165,1693506235.5566502,10,0.264327142421095,0.5709039325557446,0.04258520498034081,0.7822430804828691,0.7233032321487178,3.187362631075417e-08,0.0006976442296043902,1.6717228066338008e-07
317,0.5754611110995259,0.5769460616269709,1693506235.6971643,11,1.796496870457919e-05,0.5937414751239591,0.008006975449242539,0.874702927968252,0.7469757933339386,9.453286161925684e-08,2.8334127853106398e-05,1.1282914871380492e-06
318,0.5754265536479115,0.5769285077503045,1693506235.837413,9,3.473889277187053e-08,0.63222033382721,0.030800086582538005,0.9106635069602179,0.6630855117711396,0.0004389126437864141,0.0003018306876538944,2.6666572565201792e-05
319,0.5763108967092666,0.5762085978083917,1693506235.9747403,10,29.029309245436313,0.6169919377712031,0.06128440084664449,0.9245907118396913,0.7656956826309765,3.758188984625718e-07,1.085637000856041e-07,1.2258613952334818e-05
320,0.5764457005614694,0.576310169094752,1693506236.1159565,6,3.201682538955974,0.6442976694730301,0.02133182865175489,0.9589552379991789,0.7891567765060946,1.4885477029762939e-05,0.0001181686708150724,7.713537939574762e-06
321,0.5763813522032909,0.5761345633285582,1693506236.2561822,10,1.5918514163361708,0.7450073155828962,0.004798404973871232,0.9385618443806744,0.7384271126408234,6.17444649193904e-08,0.0021219110582854296,3.7974077824730187e-06
322,0.5763590090233677,0.5760761564889245,1693506236.39846,11,5.985959295998938,0.6654259913082983,0.039279087264816465,0.7727080599306242,0.8078296806310725,0.0331093453904293,6.608090951383164e-05,1.7147261410264854e-06
323,0.5763813522032909,0.5761345633285582,1693506236.539027,8,2.646003074367739,0.7939753098895634,0.017642810479294026,0.8614943768715475,0.7551406240235793,1.5670484867003766e-07,0.00119525046847012,5.742048984206636e-06
324,0.5,0.5,1693506236.673397,5,321.32826463049867,0.57940498092668,0.22735343343009584,0.9002182560633306,0.7748337036636296,3.565546649914432e-06,0.000461499153767327,2.6745375163224266e-06
325,0.5614342116983528,0.5607717052679988,1693506236.8098454,10,0.45329562729743417,0.6019752690074862,0.0009894337645111814,0.8815811545439155,0.7049580682766708,0.00196050284532389,0.00018689050646493623,9.153546073108162
326,0.5763108967092666,0.5762085978083917,1693506236.948386,10,10.11273111343455,0.5275782239887661,0.0033928276691261583,0.9119739021917005,0.7640601186761422,3.7488826723030756e-05,0.0007824050301079476,1.2110509721921908e-05
327,0.5764451047433381,0.5763094990994594,1693506237.0908904,11,0.9380217193442969,0.5605035284253326,0.013798457587241792,0.9661626385306581,0.7982617136352672,2.7051369419589766e-07,0.0015130200920559634,2.1890393371299458e-05
328,0.5,0.5,1693506237.2254255,10,93517.85319028533,0.7262363235648648,0.1693602996613274,0.8708645156546297,0.7336307269208279,5.574425279725044e-07,0.00386321717249852,3.899111143494656e-05
329,0.5764457005614694,0.576310169094752,1693506237.3643856,3,3.2853300310248645,0.5863014135480262,0.029542851898721724,0.8872733821013629,0.7498324750314583,1.255659763885157e-07,0.00024381947202748645,4.632971444322736e-06
330,0.5,0.5,1693506237.4992576,7,17471.34969898477,0.5377636408840589,0.06819825430255223,0.9780403140591352,0.5860381223107015,4.2345542684597836e-08,0.0005439751070408051,8.063863928614856e-06
331,0.5763108967092666,0.5762085978083917,1693506237.6368806,10,1.5756369495405287,0.6129310180663313,0.08527006318772289,0.823604798721624,0.6773518303977557,1.493238660736494e-06,0.006397660813382809,4.884967647789543
332,0.5762309081251421,0.576244141058665,1693506237.7741387,11,6.129588161138942,0.9135139701583876,0.048565842057319696,0.8543251182723366,0.7840910798432236,2.2854019658485828e-07,9.3756355869473e-05,1.754281622059317e-08
333,0.5763108967092666,0.5762085978083917,1693506237.9122796,10,14.693391753126685,0.5931847934075709,0.11058364247108142,0.9220454316578834,0.6482200154620068,7.194464353037832e-08,0.0003778644654106519,3.8123255939409167e-06
334,0.5,0.5,1693506238.047403,9,1033.5458721417936,0.5733872312414233,0.011472641002815523,0.9471037868321143,0.7723231547444108,3.6643754837454123e-07,0.0009587387257670519,6.2873135622369225e-06
335,0.5752686618431216,0.5773596832208656,1693506238.1857033,11,2.3243619195413716,0.6233609978947894,0.020445796873971012,0.9318664189292959,0.5917317450239288,1.750135491761052e-07,0.002719403283178264,1.0690355171170367e-05
336,0.5764448068342723,0.5760289720704422,1693506238.3273818,10,0.6692796880960465,0.6041988368943306,0.028171791919738703,0.8964346060136911,0.7193151691340821,6.010619180183493e-05,0.0015594270949361793,2.925532065895861e-06
337,0.5752564475714304,0.5773544237578186,1693506238.4659781,10,4.7728725755713635,0.5671756549420378,0.05568848208486147,0.8754772370803501,0.559523210918508,0.0010147593508763183,0.00014672614340331146,1.58164563183018e-05
338,0.5764451047433381,0.5763094990994594,1693506238.6090164,5,1.3252352175550692,0.5512797561686429,0.0004140567432106946,0.9031364396305478,0.7591212344158266,8.459169937041067e-07,0.0007056762544400525,6.373418174968481e-06
339,0.5764457005614694,0.576310169094752,1693506238.7499864,11,2.6048317787981174,0.5891118451170696,0.03805285333013197,0.8342139078070242,0.7440933357848162,2.1941755907187815e-08,0.00027102487792446265,4.359342007815543e-06
340,0.5763108967092666,0.5762085978083917,1693506238.8892915,10,8.880897007343094,0.5117567306111472,0.13917364355124925,0.8076777709320916,0.766748558947675,0.004430294729538482,0.0004470166131607006,1.1041195505924287e-05
341,0.5764457005614694,0.576310169094752,1693506239.0293453,10,3.9460725229429934,0.629290550846638,0.015980761152439283,0.9162394567809594,0.7850169978839154,1.5534464359482826e-05,0.000985611296056756,6.649895200945627e-06
342,0.5752129528478469,0.5770079021924792,1693506239.175072,11,0.850090083266336,0.6143277307949555,0.02445707319374631,0.7081865079630101,0.8204993709132309,0.0002644757063569538,0.002417532971234448,2.3406759000175752e-06
343,0.5,0.5,1693506239.3104026,9,9869.41509433321,0.5431414240245216,0.005342994892590666,0.8884805571848949,0.545124455429117,1.2479957564144124e-07,0.00014790073956046917,4.182295157756092e-06
344,0.5753732279251618,0.576825328475242,1693506239.456669,10,0.3345666634170488,0.8151255968519558,0.0017349804992716944,0.8678340223187617,0.8699795274717184,4.7575565766960087e-07,6.0914538178905215e-05,8.727460367509894e-06
345,0.5763108967092666,0.5762085978083917,1693506239.5956964,4,19.043662996052635,0.599387908360503,0.04956345903429314,0.8801542715155152,0.6066905802944585,2.68801771188272e-07,0.009617816111003501,1.6388127219997926e-05
346,0.5763813522032909,0.5761345633285582,1693506239.736942,10,1.9962879965035472,0.7150348414365494,0.03286370828350925,0.93992466337877,0.7517087990637789,8.245490719734117e-08,0.0003383513548886138,1.6074541690955476e-06
347,0.5763108967092666,0.5762085978083917,1693506239.875942,7,7.025154963365581,0.580940680501371,0.06950049330531705,0.9074368630584333,0.7402471565751487,0.011666714000154744,0.0006868959043791668,2.8699150313321007e-06
348,0.5762630823042314,0.576452476094903,1693506240.0163395,10,3.7910268383699792,0.5588168012440347,0.00929371273336798,0.954305206068845,0.7300154650149716,1.3885133527234064e-08,0.0014840602050551178,4.7577952269780095e-06
349,0.5763813522032909,0.5761345633285582,1693506240.160054,11,1.2286764367780696,0.6414906497369351,0.004215904386750894,0.8492126984518558,0.778001964108012,1.877005391791716e-07,0.0002217961437288134,8.793837149211584e-06
350,0.5764457005614694,0.5763099010966349,1693506240.302673,10,2.127454440697092,0.6077523593824338,0.013201062797226819,0.9869181169376728,0.6674557476247798,4.5555414087231046e-08,0.004249432173873431,1.8953993829241755e-05
351,0.5753812714699341,0.5769472006189684,1693506240.4457176,6,0.04630968175160816,0.5918823232852813,0.10297284389407259,0.8962897335106186,0.7612114379248193,6.726709402588802e-07,0.0005840258413756964,6.32297475510398e-06
352,0.5754110623764982,0.5769656924890445,1693506240.5868764,11,0.703497072205791,0.6854652269968555,0.40099176845690143,0.9305515384671728,0.7922474331113997,9.25125453831397e-08,3.243181342560372e-05,2.04919302034906e-06
353,0.5761196390891252,0.5761613631402627,1693506240.7249403,10,4.029947814436721,0.6239837198158557,0.01994394365440044,0.6025278964373559,0.6310830440237447,3.678578921877052e-07,9.187575546773315e-05,1.228914969948592e-05
354,0.5763108967092666,0.5762085978083917,1693506240.8632936,10,188.61248869646124,0.7910289762526425,0.04541147716411502,0.9204916175635166,0.688426486156126,2.3210135160648356e-07,0.00098051774102196,3.8043214179142177e-06
355,0.5763108967092666,0.5762085978083917,1693506241.0025904,10,27.59834937569443,0.6698881227914738,0.006954913158334331,0.8627143007661887,0.7558715349131987,0.6250311254858384,0.0021399500136677564,2.5746597252728902e-05
356,0.5763108967092666,0.5762085978083917,1693506241.142051,5,11.215190060620367,0.5751382747612547,0.026349630164563837,0.8886272056122919,0.7146631207283187,1.3660168465621592e-07,0.02159118433473129,7.964587602231114e-06
357,0.5,0.5,1693506241.2795355,9,442.2985214762942,0.6548255052207411,0.03617654649945405,0.9056126744703475,0.7762097726724716,8.670096442748466e-06,0.00036611534566813954,2.746771043485021e-06
358,0.5763441135700856,0.5759601300541263,1693506241.422171,11,0.1459255546667416,0.5984914815770959,0.29670775214147566,0.7647856310897417,0.8012360804678577,6.114866019398486e-08,15.653999194684866,1.3887284741719802e-06
359,0.5764451047433381,0.5763094990994594,1693506241.565974,10,1.2731684679889022,0.6159791329540532,0.0860414850668198,0.8784403415659618,0.7477506042218464,3.1574660589310614e-08,0.00016467672217428415,5.174012035687227e-06
360,0.5764457005614694,0.5763100350956935,1693506241.7084007,6,2.365994227508093,0.5631048590309451,0.0031244144760284834,0.9655425529280316,0.72796491077562,4.2219376506564087e-07,0.0012571642073146375,1.3183446596457519e-05
361,0.5752564475714304,0.5773544237578186,1693506241.8474257,10,6.244945966778983,0.5834852676783385,0.016761310592043097,0.6838360582040677,0.5458494578739527,2.803783685166221e-06,0.0005476511559855301,3.4555675994564236e-06
362,0.5762315039432734,0.5762441745584296,1693506241.988199,11,3.86716542158277,0.6321148026616752,0.05904039718054721,0.7393252839016906,0.766131046769849,9.185907952761318e-07,9.497096009023769e-06,8.63343272724941e-06
363,0.5754828584613176,0.5771009645386231,1693506242.1320834,10,0.40526945181221863,0.5471908144994997,0.172970006059314,0.9419188303961188,0.6181021374586166,2.6053072045433607e-07,0.0003228390933701357,5.528415422750719e-06
364,0.5752686618431216,0.5773596832208656,1693506242.2738452,10,1.3052084620789235,0.6076410014173972,0.021947226460667088,0.895255865981497,0.5689383493556727,9.950516762896458e-08,5.908655008052798e-07,2.8167313437172145e-05
365,0.5763108967092666,0.5762085978083917,1693506242.413912,11,7.810304930288725,0.5716804053712139,0.011477310574358754,0.8441086731727641,0.741597853487319,1.6362681355209274e-07,0.03509491216900174,1.0812297990177455e-06
366,0.5764457005614694,0.5763099010966349,1693506242.5571697,10,2.2355745060811656,0.5904470427045637,1.7529157500011532e-05,0.9125131318867168,0.6951725235578698,1.8886949650879733e-06,2.851063842540379e-07,2.182846360950891e-06
367,0.5743743388280674,0.5750286020990417,1693506242.706548,10,0.644141946991018,0.5532380476626337,0.206367849603066,0.9257446126464595,0.9858526473229318,5.40885999885009e-07,0.0008241017397045242,1.4634194354840379e-05
368,0.5763108967092666,0.5762085978083917,1693506242.8473063,8,14.73004880120461,0.6008201438762691,0.032368655325710954,0.7855949918456506,0.7707587665493074,3.110532566532393e-07,0.0031510875692938463,5.0815697988290654e-05
369,0.5762315039432734,0.5762441745584296,1693506242.9896572,9,3.911070120901848,0.6447553020471064,0.04182473722358631,0.8568603609068839,0.7879986831927325,7.086668724930792e-06,1.98479504922617e-05,8.940993519204507e-06
370,0.5754262557388459,0.5769283402514813,1693506243.1333394,11,0.0008914326283878407,0.6164258759796855,0.0732417745031819,0.8685711852405419,0.6509506969665818,1.661062522899305e-07,0.0018267571444711087,4.629912625789815e-06
371,0.5764451047433381,0.5763094990994594,1693506243.278245,10,1.4212671968371442,0.529185041372248,0.12569907529193625,0.8835024814457254,0.7562416032622741,1.1555057740843295e-06,0.00023209556112452055,2.977180341517435e-06
372,0.576201117218578,0.5762245771961206,1693506243.4197154,5,2.6265445284512725,0.5795685619854203,0.5637952507491254,0.818740083363468,0.7326845946789692,6.855138876241906e-08,2.7812251326577773e-06,1.7763583594437667e-05
373,0.5,0.5,1693506243.557974,11,37570.19136218289,0.5395448179120232,0.02456230576943259,0.9482276408567936,0.6397815276441386,0.0007724489915809109,0.6422031452374716,5.626581582092665e-06
374,0.576201117218578,0.5762245771961206,1693506243.699337,10,7.139711392457874,0.5958896998307738,0.05535526322376202,0.8987409477504976,0.7793305417705633,1.1751099760167437e-07,0.00012821565627122927,1.5840069772375853e-06
375,0.5751259634006798,0.5770678332714034,1693506243.847564,10,1.0424484624966204,0.7736477361851913,0.014487397160580751,0.9740270354666367,0.8139002765864481,2.8605540106717824e-07,0.0004965840190308038,1.0911444925651266e-05
376,0.5754262557388459,0.5769283402514813,1693506243.9910905,10,0.06644016236718944,0.624904558285268,0.0941145244171028,0.9156188990920245,0.7639265956133129,0.00016639903913990303,0.006346049379519231,6.981795419232783e-06
377,0.5754611110995259,0.5769460616269709,1693506244.135523,11,0.09487997457797533,0.6084763026125986,0.009146485560176363,0.9319190760996124,0.7471163990680433,2.33270216846776e-05,0.0012175254647393459,6.66826849321024e-07
378,0.5752564475714304,0.5773544237578186,1693506244.2768552,10,5.133581295515235,0.5671587857822499,0.002046691074908641,0.8758735177392808,0.5942077958056389,8.288891127490082e-05,9.245529710710027e-05,3.816485918456287e-06
379,0.5754191059212704,0.5772307761265669,1693506244.4205487,10,0.2942757214577166,0.73263436747295,0.018847401000295104,0.8903307356580321,0.7051087827333601,4.6148350812982716e-08,0.13115290821217598,2.4959749464756148e-05
380,0.5763108967092666,0.5762085978083917,1693506244.5616767,9,51.28622017141686,0.5844988714291108,0.029994355800513885,0.8319330947590495,0.7553878323060825,6.242807285154844e-07,3.9878615548688487,2.440084459514959e-06
381,0.5763819480214222,0.5761349653257337,1693506244.7057006,11,2.02298918348494,0.633473518867362,0.04686415194957371,0.9583058743860055,0.6747394781343734,1.84494607232433e-07,0.0002326737594203456,1.1563073084719511e-05
382,0.5764457005614694,0.576310169094752,1693506244.8485308,10,3.3634124164900694,0.5564617783772984,0.00042375008781795324,0.86321841057007,0.797844301582956,1.0013115116892505e-07,0.01368709510618628,6.13727046950358e-06
383,0.5,0.5,1693506244.9867601,10,3442.3597585727284,0.602904682150426,0.035022951251771926,0.9036198860428347,0.7715702469644103,3.818037846314689e-07,4.853299058120111e-05,3.703991882339313e-05
384,0.5754265536479115,0.5769711529506794,1693506245.130791,11,0.5383517917531241,0.7084345077320322,0.06613538904822895,0.9387578921615877,0.7234186995928175,2.258411446699819e-08,0.0006657298725700386,3.816463613494979e-06
385,0.5763108967092666,0.5762085978083917,1693506245.272236,5,9.952422318086589,0.5745637134887744,0.14711967901953138,0.9229297548429048,0.7389622717254349,9.21678858499689e-06,0.00038069748972516704,1.153042638708977e-06
386,0.5763813522032909,0.5761345633285582,1693506245.4178548,10,1.025939765637247,0.657928683302253,0.0249574069938912,0.8847406701838471,0.7851317916916039,2.247934763610957e-07,0.0015336940692541033,1.6854824909925e-05
387,0.5764451047433381,0.5763094990994594,1693506245.562612,3,1.6001832634252768,0.6182521526439357,3.294486364526757e-05,0.7972282651472835,0.7620486253496042,6.799788955876611e-08,0.003135191025450377,7.715900916205188e-06
388,0.576201117218578,0.5762245771961206,1693506245.7040422,4,4.906627167769057,0.6926160242512261,0.006606125395802929,0.852505635017459,0.7503040639537968,1.0940112636819166e-08,0.0006947831865130309,1.83698662343694e-06
389,0.5764457005614694,0.5763100350956935,1693506245.8484492,10,2.4188775971143563,0.5890947901570638,0.016455669703983055,0.9081579542236686,0.7762558246388624,1.4096638982000026e-07,0.0009816547980478106,0.00011821784689678965
390,0.5763108967092666,0.5762085978083917,1693506245.9894583,11,28.306087003919835,0.7369208645543545,0.01225411401041176,0.8742247841087513,0.7903494909601214,4.844618119069726e-07,0.00018586845215659434,6.293922547957452e-05
391,0.5753574387446828,0.5768201025119597,1693506246.1401935,9,0.008905560146207907,0.5948963156911443,0.00020764776359392422,0.8930784562147475,0.8064661996546297,3.111611989539344e-08,0.038698874715986556,4.192195297159756e-06
392,0.5763108967092666,0.5762085978083917,1693506246.2825289,10,14.197387855557693,0.6099464099833936,0.0436114353697136,0.8417500019444679,0.7363728767555566,4.973565134465597e-06,0.0003798147917688469,1.0547362013453129e-05
393,0.5764451047433381,0.5763094990994594,1693506246.4291673,5,0.7456922587360114,0.5169540860634954,0.0797670064255016,0.9349116924600489,0.7672843517021894,2.6785876838450817e-07,4.80257946673015e-06,2.8174664352843024e-06
394,0.575351331608837,0.5773286624388178,1693506246.5701237,10,3.6704297456719432,0.5632124050490201,0.0012559314017300902,0.7462048412748208,0.5234709579546732,7.986252085924507e-07,0.019116753296009835,3.696953868166375e-07
395,0.5752761095697627,0.5773619947046251,1693506246.712052,11,0.20846929708771053,0.6435808248655173,0.10931818216100053,0.9918553741151899,0.5037291091210168,1.0100537028852588e-07,0.0022088550523605473,6.967399075915815e-06
396,0.5763108967092666,0.5762085978083917,1693506246.8541949,10,106.09909294022536,0.5788612404949335,0.030241596689638887,0.949906447768581,0.6108305686191201,1.8618750906419207e-07,0.005331495241853717,2.1834588346088687e-05
397,0.5761996276732498,0.5762232372055354,1693506246.995296,10,6.94569229902129,0.8075768371977982,0.002516104457180702,0.5508328284557568,0.7558470159150013,0.0005196986710108056,0.0001433407835383008,4.851047146802487e-06
398,0.5754265536479115,0.5769285077503045,1693506247.1405509,11,0.0002513296208335997,0.623967037548573,0.018938518666075287,0.6671760858355559,0.7190692327054382,4.157162280220795e-06,7.728062765720923e-05,1.1776300487263002e-05
399,0.5764457005614694,0.5763099010966349,1693506247.2858646,10,1.6419852298846558,0.5417287430705472,0.2390831570752371,0.914191640251751,0.7462379214847028,4.7105736058884235e-08,0.0010199447496402933,5.26223444868484e-07
