trial,score,test_score,time,max_depth,min_child_weight,subsample,eta,colsample_bylevel,colsample_bytree,gamma,lambda,alpha
0,0,0,1693505738.70343760,0,0,0,0,0,0,0,0,0
0,-0.43418202044558796,-0.2018414695851365,1693505739.0584676,6,1,1,0.3,1,1,1e-20,1,1e-20
1,-0.14994303021812083,-0.26825019592650556,1693505739.3493767,5,2.172906373407696e-08,0.7748312389393546,0.0015017995265951538,0.7101839010437445,0.6651674105019371,1.112977386395679e-06,0.01558510252222362,9.920800965244338e-06
2,-0.15573734164413366,-0.27808657234731116,1693505739.6121733,3,1.187790441340144,0.7645710471385195,4.708685960549632e-05,0.7567890606328732,0.5922199328234576,0.7134301815779208,3.4653964518555913,0.0008757262618707403
3,-0.15583540973154197,-0.27825024365324924,1693505739.959143,10,1.0849037269315996e-07,0.752623045060852,2.1204719013178307e-05,0.7140611637986947,0.5482654578303063,1.8689587538335184e-07,0.009277972689158196,1.8202037553340975e-06
4,-0.14786261153839608,-0.2640779749330595,1693505740.2109065,2,7.311065788565077e-06,0.6749131425016497,0.002182415426974914,0.6008716131324827,0.8202033626074574,0.0006771710069246091,0.0011281509155511395,7.394801338955241e-05
5,-0.07122107620092688,-0.10983109686944159,1693505740.6088212,9,0.34678022609057996,0.5811492992511569,0.03189787362045474,0.9822755400446276,0.7500041805851083,7.8559848898666775,2.6069729606071557e-05,0.004692899743405533
6,-0.13835988887113748,-0.24690124924761325,1693505740.921,5,0.004761178012767861,0.8882795924985502,0.004764538794676591,0.9768711134724333,0.7721040800740511,6.621390825772811e-08,4.607061574576499e-05,3.224816743524893
7,-0.1558259282707981,-0.2782361480792448,1693505741.2616231,5,2.257515582082828e-08,0.6235886194986766,2.166316231158394e-05,0.9969260057106364,0.9852901566885868,1.0059664836452487,0.010427284283418707,0.44627093679379526
8,-0.15367326263748526,-0.27443646778991715,1693505741.5140634,2,6.446173844347787e-05,0.762033437650182,0.000606905964470846,0.5228394826227001,0.9915767226786063,0.00025914879486117515,0.0010964892893556906,1.719543533748475e-05
9,-0.04398992728860862,-0.07505317776201847,1693505741.7653086,3,0.0010704552319721462,0.9160084498172505,0.04827644495354312,0.6896052834708187,0.5065086683472753,0.9419967194117421,4.941831985203758e-06,0.006711952668910744
10,-0.15591089762637922,-0.2783911517575357,1693505742.046183,8,8395.134325479103,0.5055588790073944,0.6565945388470559,0.8327678923238666,0.5392320513185636,58.46068010779832,1.9304015457431958e-08,40.38188953711194
11,-0.0680180029370645,-0.08788933902789497,1693505742.441604,11,0.06294989547801805,0.8891350816563748,0.04944641842217218,0.8815975315533263,0.5034354502879981,84.25271256673184,4.986953095423423e-06,0.02469053618887042
12,-0.06407724961287387,-0.0683645305408207,1693505742.835833,11,0.002580430049180794,0.8858226705087259,0.05886535945240718,0.8674911832582646,0.5090330596853225,78.4802379556655,1.5627528549407224e-06,0.0486171583510175
13,-0.0708122775180624,-0.050912067994887567,1693505743.2145631,8,0.0003292292474619405,0.870989003369039,0.061036314803679714,0.807190158816822,0.6223177036408275,0.8039382624513265,2.1918877826307658e-07,0.13417063249809796
14,-0.02336724219142572,0.028861563089742526,1693505743.506746,3,0.0033882389127360734,0.9900382139329307,0.17762216919589705,0.6526827539828703,0.5170501226839802,78.00416304909392,1.4141381773395292e-06,0.034182871840866276
15,0.03475689165907758,0.05910547545326095,1693505743.7847466,1,4.701749671440266e-06,0.9895990964008645,0.523155251943204,0.6438539815201912,0.6483198179936224,0.16062469017457778,2.6857528262989717e-08,0.002433452453832764
16,0.037218086227377656,0.060608049800053965,1693505744.060759,1,4.9404238867723735e-06,0.984003703392144,0.9207120635468079,0.6326708042444714,0.6789071943813942,0.042714873588444065,1.0879410579552588e-08,0.0005857332596270663
17,0.035530282329397034,0.05941432033861105,1693505744.3394191,1,6.198246150902039e-06,0.9590659095003606,0.9060298475695755,0.6114160194013487,0.6839773354893591,0.03728844551206725,1.141104196717999e-08,0.0005936286300469708
18,0.02697175485066794,0.05841628478847405,1693505744.615249,1,9.08131606941405e-07,0.9319596241908703,0.6586737422518371,0.5593228899492133,0.6972919333086586,0.020623938625114975,2.799989512168897e-08,0.0003099896249997254
19,-0.243360744700728,-0.07012755454804087,1693505744.925093,4,6.035428177781993e-07,0.8278519322105,0.7868053739768146,0.5890742604447577,0.6779449453315002,0.020539637012033044,1.1448276851861893e-08,0.00023537136714199886
20,0.02415103573227262,0.03989465691454919,1693505745.202724,1,3.0760799081634876e-05,0.9474178885399338,0.21575307399202923,0.508613219628684,0.7113148753799374,0.013799225526712434,1.24427120442127e-07,0.0009453284507971978
21,0.03600593002129582,0.061487231776004125,1693505745.4742591,1,3.5703399757346433e-06,0.97559098485341,0.8221584615896526,0.6314715086175309,0.6293515810393735,0.10336144347256819,1.4989721844964035e-07,0.0019098601944124692
22,0.019822495358878145,0.06313254100765109,1693505745.7633278,2,6.55128535059879e-07,0.9508352792289775,0.8695405586513362,0.6274035593524694,0.5900893895465503,0.06124149333206485,2.4591926184509217e-07,0.002563051891554974
23,0.017933622186030118,0.026940567036702334,1693505746.032491,1,5.330276870103153e-05,0.9619792396683043,0.17450229658810526,0.5656288803048927,0.6198014061329559,0.004270325000863721,1.2599734175720966e-07,0.00012177292977605843
24,0.04379340325133507,0.0702282453612113,1693505746.3205466,2,1.3339603234604575e-08,0.8345875603066436,0.21012239317863904,0.6578467298257362,0.7105877887562704,0.17083048565874723,1.2182174058179841e-08,0.0064894227649385985
25,-0.16008278577650414,0.03376952718752968,1693505746.6266024,4,3.052572989942019e-08,0.8499248479366899,0.22612376584084176,0.6709150499024332,0.705713492631943,0.12077967817582677,3.261917597996847e-07,0.010250371251571803
26,0.013656085753188107,0.02198821553539998,1693505746.9145916,2,1.6240680590889268e-07,0.9152268717021115,0.10078671279352594,0.6485594433124755,0.7329214898513967,6.086170410657181,6.60464566615075e-08,0.2563490771904227
27,-0.08706526890401989,-0.15379917388191489,1693505747.2181025,3,1.2460252336532127e-08,0.8096645212835538,0.02375390788004029,0.6710351336330062,0.6410906236732683,0.1963927848967737,1.093247716611715e-08,0.01812046780400195
28,-0.1395515341957696,0.011259040846709034,1693505747.5222785,4,3.779575730502984e-07,0.8411165525098805,0.3746935770782095,0.6168199698193142,0.5804170858215074,0.011539511329524533,1.1823930992887757e-06,0.0033782722099595453
29,0.03750337476933341,0.08529588708016744,1693505747.8469007,7,1.7859004228759267e-06,0.976745575388998,0.37799851064000634,0.5638490751650843,0.6555548287801723,0.0008583198803322847,38.351371258329785,4.8980164833298224e-05
30,0.03872466605400138,0.08180658134060126,1693505748.1832528,7,1.2405729625157152e-08,0.989490563309153,0.34039512767752705,0.556215531179074,0.7726570901017031,0.00018278308395484446,99.79813129007817,8.360563956177414e-07
31,0.04263807914375295,0.08410318509812187,1693505748.5173233,7,1.0851984951191037e-07,0.9869306827848979,0.3610493059072759,0.5552459852640752,0.7863289426937479,0.0013411310024398146,39.904989255631975,7.619689098154312e-07
32,0.039185220650498676,0.08014264098187418,1693505748.8572426,7,8.168048947306606e-08,0.9186835915780469,0.3090402108815201,0.5428800389620314,0.7922917478071445,9.737167917241182e-05,98.97710555194774,2.5107142444269384e-07
33,0.02013228711093451,0.038739801610868985,1693505749.177772,6,1.2420073404943658e-07,0.91824053867333,0.12163199562704265,0.5322426474886495,0.793160950066011,4.246048207660547e-05,89.1889329389409,4.870361759975021e-07
34,0.002115717722899424,0.07131698187046054,1693505749.5231817,7,1.5301888511845186e-08,0.9361190389555929,0.2881642151313999,0.5412849149892767,0.8332875629173376,3.292147194346039e-05,6.191582837878815,1.1945607588170332e-07
35,-0.07124623099364635,0.006195071155105536,1693505749.8752592,7,1.1158319697191637e-07,0.9064948474066509,0.0992577860627922,0.5745146095229033,0.8273523497831,0.0033291630890806743,0.30870896128209185,7.642381673196996e-08
36,0.04415362355149566,0.08540794697593812,1693505750.1992068,6,1.0315556439160476e-08,0.8698079697972143,0.3665103058697655,0.5089308581008455,0.7555946336874387,0.0001382489296473066,15.154870600095006,2.214263463798286e-08
37,0.018117173689839006,0.07722666007744805,1693505750.554519,9,7.806029243471331e-08,0.7895625132635385,0.3648670066736929,0.5098027426651996,0.7434236821935001,1.157974694202372e-05,13.113923179929918,1.2535940545899392e-08
38,-0.09155488671747625,-0.16561227665426115,1693505750.9035878,8,5.4146832421320555e-08,0.8612322271643374,0.019114899945241196,0.5000880355650705,0.798869604801984,0.0022448000434138215,1.5764006112126405,3.1503466263718186e-08
39,-0.040769775162224464,0.032523289824254786,1693505751.2474911,6,2.4944243024096453e-07,0.8195863418966295,0.1494294668639033,0.589355121598641,0.8521241199707099,0.0003654871307128707,0.45188566554668674,2.5037558223060456e-08
40,-0.10690323297568671,-0.19183520948379096,1693505751.5618105,5,1.0710162977872328e-08,0.7337932743377235,0.015051521729350733,0.5300789189581888,0.7348404216734015,4.868605768920823e-06,20.19692673980805,1.1301708138891292e-08
41,0.037495726783672745,0.08277838060384479,1693505751.8900106,7,1.2124083719041149e-08,0.9974797909585889,0.35924107749272877,0.5560516934332536,0.7580474013849917,0.00011618365445179424,84.61060411237204,1.6635779929388672e-06
42,0.023938293472800853,0.07035459172503489,1693505752.256664,9,5.109005570402986e-08,0.8982778343017339,0.2646168709123209,0.5960388098439042,0.7760539650568582,0.0002577862222066582,7.139162379968381,3.2672713677664006e-07
43,0.01706570637663596,0.0335353665337198,1693505752.5768697,6,3.247338500422116e-07,0.9358951157473436,0.11013287710515808,0.5433067119384145,0.7767091034916827,0.00010446170012661302,33.14618620647369,2.8209993064523283e-06
44,0.0030910605195141327,0.00016207855264438464,1693505752.9246564,8,5.1712105390703917e-08,0.874441662433775,0.07894050810247091,0.5218308101082725,0.7206701931742754,0.0008090219100809066,2.9787351296956044,1.3693203795771988e-07
45,0.03879681727271689,0.08147524909036985,1693505753.280377,9,7.110818445583399e-07,0.9585437318542442,0.47476223073306856,0.5813823301343914,0.7545833632121498,0.0018058054961890577,91.59485251456259,9.872940697670663e-07
46,0.03366422086906651,0.07278492985335205,1693505753.6435683,9,1.8581179830060786e-05,0.8861207528989636,0.17757047070523252,0.5907206835415766,0.754024201992548,0.0016474966903937136,15.734217288378405,5.276039843048561e-06
47,-0.06897065965118787,-0.0737713658897261,1693505754.0175161,8,8.507715759840735e-07,0.9229438773977536,0.043751094414825165,0.5765576380934457,0.8621598134436911,0.006202328399885157,0.05862442279095622,2.89380966708963e-07
48,-0.17042682374427187,0.0015221117053794142,1693505754.429114,11,1.7480144530744714e-06,0.870579949960126,0.4603401251780353,0.603516851546777,0.8004775596000606,0.004555340052287508,3.6806193792910555,1.247218781736439e-05
49,-0.20631530485738026,-0.024580806740218453,1693505754.8474567,10,1.552826801771125e-07,0.9619747053614164,0.5413621435839806,0.7170094137991637,0.733653136834429,0.0005507059056913832,0.0002065251101156033,1.4026470539850509e-06
50,-0.003674975166420902,-0.006578500076269034,1693505755.1929348,10,4.560461611011603e-08,0.9081117446265966,0.07661009641224734,0.5411434362091141,0.7158851053889339,0.0015736619761805774,28.89844205921898,6.956125090554421e-08
51,0.037224438952182526,0.07566880311083302,1693505755.5296881,7,1.064731714073709e-08,0.9679648756754194,0.22814841086396176,0.5465131057174651,0.7675622021722683,0.00017066053104231846,87.57211906868227,6.405266229192365e-07
52,0.022676571178041227,0.07863589351237898,1693505755.8663137,6,2.1955398211972818e-07,0.9453757121382139,0.5383538668528509,0.5171753459201922,0.7532331151316212,0.00041135597632969517,9.345127497239085,9.250100165421423e-07
53,0.047388087841217286,0.08387071506832322,1693505756.203202,6,3.3229403320205095e-08,0.9936738996548299,0.2906846793299668,0.5735070278496404,0.7810304084234033,6.142829648513333e-05,39.081860647327446,2.759995024048847e-07
54,0.03043861227582101,0.06323077747316985,1693505756.5297472,5,4.107574955688896e-08,0.9971245853228616,0.14959171553807038,0.6090585623461948,0.8148754892584914,3.588100845787288e-05,38.53195342364905,1.9206155968725085e-07
55,-0.7530633897654389,-0.25170729318579843,1693505756.8558166,5,1.8881388874550406e-06,0.9323399389167708,0.5883825041517678,0.5766575472811691,0.7937794141447854,0.001494243085046722,0.003946996369782731,2.9717346739914335e-07
56,-0.006912339052585148,0.06834406888764133,1693505757.1673424,5,5.492265452656874e-07,0.9695108424834071,0.261482216383238,0.5018931703344091,0.6924283280431822,6.514039615153617e-05,1.159486161523891,4.53332917648408e-08
57,-0.011898653340969956,0.033561522810974354,1693505757.5259092,9,1.1731387241566883e-05,0.9494039025377048,0.8896150738708873,0.5223058514226118,0.726593559520872,9.593361780113386e-06,13.245933294970051,1.4730603953157638e-08
58,0.014256881258158605,0.056691571151815556,1693505757.9081185,10,3.382171366766731e-08,0.8971464271777464,0.15085986206880933,0.6204160187499657,0.7450948163468917,0.0005881984939718177,3.490706410859063,1.3830599243831143e-07
59,0.04209354114427344,0.0862597211082402,1693505758.2130628,4,0.00021822253842495188,0.9764472896052877,0.4791809734861481,0.574408869042667,0.701758053222471,7.491809098160172e-05,40.34836383477514,8.009458790216108e-08
60,-0.007555901552277922,-0.018498383013886732,1693505758.519103,4,0.0007174905306448158,0.9823538964534054,0.0715117383640122,0.5539379506538785,0.6650427808304343,1.6578202141973838e-06,32.884946890443366,6.946549114451752e-08
61,0.002195285095069499,0.06858099223520009,1693505758.8466744,6,0.00013073556853946254,0.9568439642677715,0.515971022971386,0.5838022144515483,0.6966592666207019,9.877427606079567e-05,6.983787941570834,3.1893483166397834e-08
62,0.04084468046449974,0.07829390590088037,1693505759.1512744,3,8.777640971040805e-06,0.975123021460628,0.24472622562071236,0.5719966237416781,0.7099494628789889,0.000267116588644669,48.302078173478186,3.972603970854445e-07
63,0.041237224373377956,0.0822531737129184,1693505759.4554088,3,8.324659866199546e-06,0.9966899416339499,0.25445958956890646,0.528959219945653,0.7169961410039404,0.00023031368303699727,19.504779156525075,2.1497064806487356e-07
64,0.04145512022899356,0.07586122392563088,1693505759.7617447,3,7.282250515282714e-06,0.9971109539706786,0.20185129582087655,0.5960716777767325,0.7075254871147654,1.724059630543406e-05,17.468894016377824,5.248237301223465e-07
65,0.028853999970572586,0.06913573087759439,1693505760.0646045,2,4.120070201739548e-05,0.9990198058919509,0.7104068155987948,0.6041985441820044,0.6843806367915412,4.744551951107076e-05,18.8016161968438,5.9105106377561965e-08
66,0.029903611270319486,0.06312061570378502,1693505760.3702106,3,1.7518088611555902e-06,0.9767387946559918,0.1806577111003644,0.5313259657270243,0.6738424333342845,1.9048219327713964e-05,2.008958989323077,1.172881613310491e-08
67,-0.04984874293349839,-0.09317932132401174,1693505760.6757867,3,9.415404853131257e-05,0.9830688834007728,0.039758771021677144,0.5639761199427884,0.7057557746563046,1.5262041841853628e-05,5.424899947582064,1.0454051442964994e-07
68,-0.015138120842761227,0.009818831285261731,1693505760.998843,4,4.207083659573896e-06,0.9438354204006648,0.10164489027699206,0.6233230350450342,0.7203051861738645,4.533480488049659e-06,0.6200429386292381,2.5347045115597266e-06
69,0.027611281299014467,0.0676107198553717,1693505761.2942152,2,2.0863888897612485e-05,0.999327881976292,0.21694917179056594,0.6377175080233111,0.6957003000713365,0.00017677731004294515,10.505392736275498,5.436880258758219e-07
70,-0.03442464674700796,0.05790679911317054,1693505761.59171,3,0.00021511021438097572,0.9300724355816561,0.3979019487099184,0.597277548157431,0.6693706255281954,2.912158245586041e-05,0.17933795549363507,4.459622398425842e-08
71,0.042718617100380496,0.07548587181323352,1693505761.8885217,3,6.677750723476713e-06,0.9755012640815011,0.27264783741959475,0.5707329177690172,0.703937969903383,0.00025968026937488024,36.70081418160092,3.9066503038223094e-07
72,0.022595906873666305,0.07317851101269557,1693505762.1786928,2,1.4749023751025893e-05,0.968838247752358,0.6913550041219835,0.5626782620336919,0.7381681733771049,6.808053179450286e-05,20.985869668890604,2.0754667407811188e-07
73,0.038928637972978075,0.052313346680368245,1693505762.4914446,4,2.7069693375486735e-07,0.9528549651111943,0.13644401619649177,0.5135495614405612,0.7108333270149019,0.00024493542086402955,2.212752131618134,1.3059643296682545e-07
74,0.03775228051769808,0.07589644877425328,1693505762.8005497,3,4.55421243011076e-05,0.9848688479881801,0.3111254208608221,0.5297277666844057,0.7293608930275544,0.0007798679045879541,48.34974964130003,5.288108834554132e-07
75,0.03959417995583203,0.07190907788607415,1693505763.0994122,3,1.1415063098264417e-07,0.9994303706110291,0.204279917271226,0.6099626958894913,0.68565007039769,6.096500616557591e-05,6.1020303359441215,1.7363110805512868e-08
76,0.026145190853613776,0.06645327904388887,1693505763.391167,2,2.5028758851056676e-08,0.9672681564224147,0.8946397117205811,0.5506589423616166,0.6598915776436884,0.0004950010790668996,18.65997906490119,3.6425042598064874e-08
77,-0.3444758910364325,-0.04023843829606899,1693505763.7039678,4,5.262734110893183e-06,0.9860748874166857,0.41691190443494663,0.5713460662125563,0.7658821181246701,0.00011860717135959403,0.8299994830936898,2.392616152312928e-08
78,0.01622841117905982,0.0700658750644515,1693505764.0069606,2,2.46001385244278e-08,0.9381692756213985,0.9771256454539042,0.5888048357747178,0.7429128737700361,0.00035495361559946846,9.96672693248089,2.1638497362611325e-07
79,0.04029613701055801,0.08112654438503264,1693505764.3272178,5,4.350568096812223e-07,0.9574184527422572,0.3374733358859223,0.532629605727412,0.723256565298623,2.6104731501439665e-05,47.805540167927425,8.808378448191808e-08
80,0.02552281182486482,0.03856241684825945,1693505764.6476874,4,9.56016514749449e-08,0.9232043378543022,0.12082503593468734,0.5575958819243183,0.6468889028652971,5.775332165981816e-05,4.5979710496738235,1.52233572162596e-06
81,0.034256761323565144,0.07001950116531142,1693505764.9464936,2,1.382881140991216e-05,0.9819349741846362,0.2832813666440121,0.5708671656802413,0.7134055903214203,0.00021229355723468397,41.89169881982937,3.018617219512066e-07
82,0.03448016107693197,0.07212107172646731,1693505765.2494483,3,2.736790167463993e-06,0.9764765423026629,0.2337326642530056,0.5142701314060766,0.699569187879781,0.0008042747844866555,23.92621371348355,8.946318296666089e-07
83,0.034546295762853285,0.07667297948050888,1693505765.5549955,3,8.292970475504975e-06,0.9712345756753409,0.646817707604909,0.5818455805322154,0.6836460107644613,0.00013693788974595696,12.204403238869553,3.1508290447089703e-06
84,0.03551127624347772,0.06592882034543035,1693505765.853435,3,1.267497567567017e-06,0.9539249009866954,0.19257192075058402,0.5398884253707366,0.7059226435366518,0.0002911890276804629,57.75026270767975,4.456965253477888e-07
85,0.03416735586607311,0.08832024019083629,1693505766.1551619,3,5.503399274569436e-06,0.9415400498881308,0.4569181171332192,0.5507902874243527,0.7420001360659914,0.0010440578447469273,59.00386139586865,1.288989265622421e-07
86,-0.017239222501272522,-0.034720139526403626,1693505766.4691157,4,1.1536973473141712e-06,0.9899010676471609,0.061957622546519195,0.5954122358575212,0.7277441417102922,0.002672619849500843,1.3658952277268779,3.8834376269854525e-07
87,0.04174054604236921,0.0828834712460933,1693505766.803171,6,3.2368950077926656e-05,0.9650041868447607,0.2718877306154766,0.5000803167769179,0.7577571339101864,2.4271971711039058e-05,29.44131611335109,8.559955932786994e-07
88,-0.0009382656218621666,0.018604544674607593,1693505767.1497717,6,5.8452090844163e-05,0.9055806061941656,0.09050025436050839,0.52124320586742,0.7624655392916017,2.4120549395873965e-05,2.4860976185921357,6.225168784853096e-06
89,0.02929999421088869,0.05346259331757652,1693505767.487363,6,3.2185705702601415e-05,0.9256872787594427,0.1291612056035191,0.5073378818260966,0.7820137048105132,1.3633944418325993e-05,21.063177340002465,1.2291111684036134e-06
90,0.02072731743470746,0.07217155563597144,1693505767.8294423,7,1.968661528630407e-08,0.9623778544702448,0.34405423392851486,0.5021846502830508,0.7521243730354483,3.6939020101375534e-05,4.246171205284924,7.51411907553753e-07
91,0.04133354620532259,0.07883715961098514,1693505768.1591115,6,8.653346837107869e-06,0.9784780198324367,0.2409683644885942,0.566147100215624,0.717596637935086,7.948827127056537e-05,29.01389416667912,1.9208276214555104e-07
92,0.03337948943114977,0.06423035822590106,1693505768.4900644,6,0.0005202670790567301,0.98800139508712,0.15503649790831678,0.5471423848806929,0.762384644239608,7.829218983879243e-05,30.734050067004627,2.0646040620901285e-07
93,0.021911288605329093,0.07898322901473298,1693505768.8110297,5,2.7020269112350114e-06,0.9662050004178343,0.5533531082812896,0.534401986290925,0.7836184027877819,0.00014326194788499843,10.620425885042197,9.171267360372119e-08
94,0.04005398947224659,0.08423684813605348,1693505769.146945,6,0.0002488660710860561,0.9468325559514612,0.2934737244281185,0.5578982043976931,0.7344723266718441,3.954332594264202e-05,15.532464098737634,5.2051743959416924e-08
95,0.01116417739724096,0.06494363649154022,1693505769.491704,7,2.2466919974330055e-05,0.9997869670025641,0.4223346841352708,0.6137269119123215,0.7175255700086849,9.194213521544719e-05,6.867177322036493,2.0122276054417264e-07
96,0.036354112166056995,0.06843724434213505,1693505769.8095303,5,1.9240308909811353e-07,0.97686223961413,0.18515824928783833,0.5198259872366857,0.7479142887328952,0.00037902441058176216,67.78507076461266,6.311001488173375e-08
97,0.03421263391683671,0.08317557542769949,1693505770.1473258,6,0.00010841817175847923,0.9870094603508082,0.6838108578661813,0.5666606515505942,0.6979877882932836,1.968088148740907e-05,33.913163695980224,1.9225557312322902e-08
98,0.03943570470325086,0.08146854919275504,1693505770.5112107,8,0.0019392790528264187,0.9598802301452716,0.26492469264763124,0.5839525249616895,0.7723215176584551,9.275667165734235e-06,62.33918616733355,6.516298258329809e-07
99,0.020509170046965286,0.038114686700143396,1693505770.851532,7,4.05580360983342e-07,0.9349662600512944,0.112215296887342,0.5379971310759247,0.7243852965957804,6.767336150280112e-06,20.70687693104598,2.0412986336367188e-06
100,0.013240806365020674,0.06917204245731423,1693505771.1825964,6,6.471591571393649e-07,0.9457209148591144,0.4540758948703369,0.5249297856609285,0.6916279488773909,0.00016357538246556037,8.185094072801613,1.001268179957473e-08
101,0.031341627054256804,0.07303025882745462,1693505771.4861064,2,8.117194569968968e-06,0.9764794112886792,0.24910855060792403,0.5742213454490235,0.7067286083717997,0.0002247499677592147,44.96552168045837,4.3647431174393835e-07
102,0.026022940619246815,0.04144789724522824,1693505771.7805634,1,2.7914105922955022e-05,0.9724300062801503,0.1900429498182631,0.629497405675393,0.6772826283456678,5.098544564733799e-05,27.35049314753858,1.2996990017093784e-07
103,0.03583230610113319,0.07521519145727606,1693505772.0878043,3,7.921723660902263e-06,0.9925661827691535,0.34999514686412486,0.5471966801450685,0.7145374569107873,9.141070093680843e-05,98.19218917475743,3.5334872857585494e-07
104,0.03964362035864377,0.08190458276215784,1693505772.4361277,7,7.42156153398291e-08,0.9151081565713135,0.2568769680143323,0.5726732644475447,0.7352924233312705,0.000284089744872112,11.810774089362019,1.1916576310246371e-06
105,0.03243721778081299,0.05629039929308921,1693505772.762202,5,2.812800790249291e-06,0.9892910836717841,0.16792266533717776,0.5113066929450163,0.6690085243984064,0.0004284163737826406,48.11553875372898,6.738353180117498e-07
106,-0.10821364340612538,0.040262761794769286,1693505773.0758038,4,1.12377089519064e-05,0.9532212728827013,0.5515832850866572,0.5574149924857577,0.7559201923679119,1.6750410172448744e-05,3.27282377794056,2.816567988134269e-07
107,0.011108212607695789,0.07693212123379645,1693505773.388966,3,2.4251100626567717e-08,0.9651493396593904,0.7517295147816453,0.5873221442622704,0.746213758571442,3.384721446006399e-05,14.587334109123475,4.113289923135434e-08
108,0.03981323878464005,0.08312041318759633,1693505773.711267,4,1.1189777988518735e-06,0.9784003050527394,0.30526195559638186,0.6037312583150422,0.7051414127449708,0.0005758557883025711,26.031348862662345,1.750763080494311e-07
109,0.02958028091482079,0.05003724655937647,1693505774.04361,5,7.550210538235589e-05,0.9914465426724889,0.1423757954805672,0.5960445892821927,0.7199587960515916,6.67551800984623e-05,66.48004707115888,8.584965775019658e-08
110,0.0024558410220624216,0.000972168201139656,1693505774.3456135,2,4.641239695548357e-08,0.9998736664613178,0.08738343632162798,0.5675313811129293,0.6896931872728138,0.00100247340712036,4.9287447904890005,3.420387996712985e-07
111,0.04533912083975766,0.08400600086631094,1693505774.6774359,5,3.772374643140793e-07,0.9551386561721119,0.37794127403502586,0.5248451552635941,0.7280059415036587,2.47788314834816e-05,41.413531888133825,1.0968658099204288e-07
112,0.041293707871402185,0.07428032491166858,1693505775.021933,6,4.445383499089706e-06,0.9735731718445882,0.22335439544616617,0.5277399523044889,0.7302001256823295,0.0001344430260804403,37.32337978259384,1.7323786402104256e-07
113,0.04305416457883138,0.08255981558995273,1693505775.3553188,6,3.7776398539606684e-06,0.9622364320402712,0.4209097702193941,0.5267270562284102,0.734904427703087,2.2491136557816665e-05,30.111156459185672,1.4481574826012274e-07
114,0.04043739352400322,0.08546853127661813,1693505775.6949644,6,1.7816709445342445e-07,0.9316187793249266,0.4928294492889057,0.5429499889295563,0.7355562280474366,2.3028546620037645e-05,98.80558888290084,2.6953181285448794e-08
115,0.03226879393511983,0.08264318626634537,1693505776.0327337,6,3.761323865848245e-06,0.9535452285982691,0.3690021848061351,0.5129867430379725,0.7524129777238332,1.206500453885579e-05,7.995658117729022,9.930996770560554e-08
116,0.03606655536208403,0.0840932405852618,1693505776.3647497,6,3.019815030054467e-07,0.9422204679334351,0.6282269949661584,0.5025792513627564,0.7283697796422135,3.819069477158871e-05,37.13232765737488,5.7982681563857403e-08
117,0.03752902853934781,0.07711920989255105,1693505776.7168374,7,1.700986960898008e-08,0.9652164084468031,0.21368855636701298,0.5222600686165506,0.764316828313755,4.641778059942993e-06,28.52818864661301,1.4358294568264406e-07
118,-0.38005805964007333,-0.12402495547686088,1693505777.0488288,5,7.527612845396058e-08,0.8927527380330708,0.3751111072921885,0.53468123339823,0.7792636762950511,0.00010549665827697466,7.958353689012301e-06,3.16749208967018e-08
119,0.032149730745171134,0.08174849487707703,1693505777.380281,5,7.827574537450306e-07,0.8766154889944048,0.4356132466580248,0.5500495287003594,0.7366551826505784,5.3000721215092057e-05,14.820889293593376,1.603131965729243e-07
120,0.044724553820604696,0.07971586492402472,1693505777.7120028,6,2.2345081641446355e-06,0.8575119997732569,0.966745634780972,0.5234420717814284,0.6992956980506452,7.743005055817381e-06,62.07009163067144,7.146018196863268e-08
121,0.04375138544692325,0.08670438027332994,1693505778.0474093,6,1.894873236875594e-06,0.8503037323149173,0.8004821023797811,0.5212905679515112,0.6988419385264206,1.0756565894017916e-05,63.70752577479332,6.77650146293331e-08
122,0.048656812420878826,0.08165046160225409,1693505778.3854268,6,1.9037539945542218e-06,0.8498270173383918,0.8650735103498385,0.5134378618323483,0.6785292648713505,8.680866521483043e-06,61.17979529539625,9.694154292462021e-08
123,0.0411915596780017,0.08868913250378463,1693505778.7198725,6,1.506592640825385e-06,0.8548094803213838,0.7900037369533413,0.5016817812122918,0.6816877199563646,6.923186850364505e-06,69.84759972689845,6.331272556447172e-08
124,0.043218690362763046,0.08115057364386324,1693505779.050026,6,4.2900598692785773e-07,0.8477133363573452,0.9910870511820541,0.5336907579205399,0.6718992482594957,3.940600617773529e-06,65.61926430034777,1.8945918099760374e-08
125,0.042315025749951496,0.07638577201601582,1693505779.3718553,6,1.3179371570024594e-07,0.8339948759033317,0.8005729525057631,0.5140224292163512,0.6601364802379095,1.6156431387362118e-06,52.794229062596166,3.407524451679512e-08
126,0.04082755068344801,0.07721525015084463,1693505779.7138674,7,1.2376729085324e-07,0.8361345186473913,0.9504046029137025,0.5186701175163411,0.6728511970789564,1.5734519136288305e-06,57.66790026787177,1.8244666626223368e-08
127,0.027552434678606352,0.08072450394421593,1693505780.04435,6,4.3147537285454633e-07,0.8529092783189555,0.9892430252833749,0.529582740503496,0.6582564129830545,2.8790263297350065e-06,89.65142836211271,1.0658826785179866e-08
128,0.03532220868258629,0.08080618644985793,1693505780.3789132,7,2.1426309424711042e-07,0.8432160436101439,0.7260088013866719,0.5109424835281,0.6365175307290809,7.601449206752997e-07,61.88265543615746,3.6267573016987064e-08
129,0.041052718109349406,0.08726313916181172,1693505780.705124,6,3.6372284913909654e-08,0.8639342275000383,0.5751874138467101,0.5378467327936493,0.6891455837967413,2.5293516191453964e-06,98.9869549328195,2.466211064458064e-08
130,0.035811036246284456,0.08730925066695638,1693505781.024803,5,1.0890415473120474e-08,0.8222230553517037,0.7663459870357573,0.519946585476199,0.6585093858309967,9.61862731492594e-06,47.15769441077067,1.560893115730443e-08
131,0.028323010166996565,0.08160402680362244,1693505781.3568814,6,5.429902606859258e-07,0.8312160639860833,0.6143446495647353,0.5067220482686127,0.6512653520215473,7.158041369701849e-06,26.976079421814333,4.4983577760551514e-08
132,0.0385999918606863,0.0733956301907498,1693505781.69719,6,2.212560905172343e-06,0.8421743017725799,0.7978500695991521,0.5135242751656184,0.6972731126642333,1.5201240795509118e-05,16.83608624642247,6.695946832965542e-08
133,-0.09258806095760042,0.045534949613299625,1693505782.0471845,6,7.3258615528202e-08,0.8083623925137391,0.5157947237947611,0.5404236271915811,0.6997833780059793,2.5491080923725824e-05,7.161196784424828e-07,8.585597913908505e-08
134,-0.20838346249073303,-0.08017847690296587,1693505782.3878913,6,9.192719468973742e-07,0.8793910598074177,0.6188613009840126,0.5255907511802518,0.6693637002581901,5.144515390888074e-06,0.00024565258057986816,2.4719176604746602e-08
135,0.041644740726109575,0.08265243541075595,1693505782.714296,5,1.208196997676819e-07,0.8559859259045632,0.938920214354847,0.5505118157082499,0.6800669242458945,1.089272362806833e-05,39.281962167825135,4.678754458367876e-08
136,0.02130782214106064,0.06268873818083975,1693505783.05171,7,3.8085030315088715e-08,0.8625709148742936,0.44390015857557014,0.5032562584844383,0.6650938588040183,7.614610755785156e-07,10.280124992193402,1.0398938285390718e-07
137,-0.41991649261392583,-0.14892852374114196,1693505783.3865478,6,1.9773380760508196e-06,0.8844061148163573,0.9816959797310417,0.5345969528634686,0.6459247124383223,3.1477550105513014e-06,6.68135681526603e-08,3.34958379829908e-08
138,0.04587605661652572,0.08205034500668806,1693505783.70658,5,4.6185346049274117e-07,0.846742908743733,0.32757837798397205,0.5002453298292505,0.6849942547125588,0.20758250391524666,21.824447193366872,1.8564749822972557e-08
139,0.0429981935450271,0.08976648600872994,1693505784.0232103,5,2.2047207149490217e-07,0.8673536567991669,0.5055116001350386,0.5181048298948185,0.6883881634149867,0.33206922541301365,61.74134484130722,1.064789398618544e-08
140,-0.16452158940609385,0.05421995629094767,1693505784.3479345,5,2.636329327239876e-07,0.8435986104757652,0.7167721615572671,0.5226951939354472,0.6768021920663941,0.3559567874049226,0.029594242203884614,1.1334016543248282e-08
141,0.04804995431629688,0.07659171298422063,1693505784.6649253,5,4.401614810485145e-07,0.8683826938274865,0.4999924957086507,0.5139613327386339,0.6904241050918151,0.11872847045477737,20.66011432978158,1.907604706695425e-08
142,0.042781947167563006,0.08286635011501087,1693505784.9915786,5,1.6168063327966846e-07,0.8707362747726338,0.3455192148980411,0.5116351056414938,0.6903953758505125,0.22149109631728295,19.71047495546224,1.9059432235341743e-08
143,0.043038080506080045,0.08293207661207769,1693505785.3137007,5,3.096885702523686e-07,0.8656737382350713,0.3558762107763183,0.5123809706356441,0.687348784591951,0.20352573065690863,20.051983782297096,1.7241527113777225e-08
144,0.048084879084076326,0.08378841174344254,1693505785.6366172,5,4.0687033681990184e-07,0.8684975630818393,0.3460251439320505,0.5113656401237091,0.6898872609404942,0.1803000125865654,15.969571209426665,1.6727411048074232e-08
145,0.03528631325245957,0.07615433075204192,1693505785.9619586,5,4.5488211448053735e-07,0.874929922827997,0.39740593189884177,0.5127759001468994,0.6881456101192414,0.18102185715072658,6.82230775158972,1.7388427721382598e-08
146,0.03000889684279806,0.082682697271526,1693505786.2846348,5,9.156157783618286e-07,0.8703998470035977,0.5724429195096596,0.5263510367922353,0.6893577197563188,0.311632997922369,17.309380635011962,1.695254405831832e-08
147,0.03197795697210093,0.08292393797144182,1693505786.6148093,5,3.9164493205996223e-07,0.8688100228310287,0.34337976257679775,0.5120379501201564,0.6763518217379606,0.0992995373116772,12.615270136486544,1.0828748047576447e-08
148,0.04784834546218042,0.08436125688207385,1693505786.9375672,5,2.0985422212690312e-07,0.8497358057975252,0.48267788631587477,0.5008542017644915,0.697848735070556,0.6537750815152051,23.55627287791489,1.7566611439320824e-08
149,-0.03430382912377028,-0.005654511891023173,1693505787.261011,5,6.145601291543005e-08,0.8512534709413696,0.5223963338019727,0.5316586401227957,0.7120472610190022,0.39677722005257793,2.571249332980686e-08,1.0128369259064607e-08
150,-0.1538486773858978,-0.0032639038025281675,1693505787.592695,5,2.9975320751093886e-07,0.8608691041519072,0.4271725784208239,0.5012113991435766,0.7023628172079427,1.1530022071859116,0.00580056275924745,2.3286576140433933e-08
151,0.04788699034196631,0.08287987609488667,1693505787.9173048,5,1.9292579387582053e-07,0.8879778570972872,0.3203697803132705,0.5004083914168689,0.6903791830261311,0.051335281586541805,23.93219052848146,1.8535209134774854e-08
152,0.029536756863584812,0.07899406116409069,1693505788.245831,5,6.545929539865813e-07,0.8917811216696032,0.4893426620838493,0.51782366666698,0.6841628659924506,0.07591711719475724,9.656928607265193,1.7994660180075324e-08
153,0.028168676347393173,0.07178990012398423,1693505788.5814617,5,1.4087883143131626e-06,0.8461837779372602,0.6260491561491038,0.5016676782176464,0.6695795135798769,0.04620482137894372,23.41804871319737,2.9341652259916755e-08
154,0.03099948866145774,0.06380148645007488,1693505788.9087908,5,2.2659150891280327e-08,0.8627156122903346,0.3206777260576579,0.5231029510238865,0.6951514447566068,0.08374867028375547,1.9015459319038552,1.409172654159883e-08
155,0.043616030685411866,0.0840615028950874,1693505789.2434707,5,1.9897297108348377e-07,0.8891662539928241,0.6926905483497792,0.5354069778495156,0.678029759098739,0.12438446314889917,71.11931316296901,4.1317174990860076e-08
156,-0.008183611487770914,0.056227806739823194,1693505789.5704713,4,4.059427541790639e-08,0.8852534879474211,0.638414214954434,0.5367481079514286,0.6792663585543588,0.11092560546660085,4.747426308349436,4.428867378070714e-08
157,0.04211044956485066,0.07258113313669157,1693505789.9085476,5,8.976904991489299e-08,0.894625189736843,0.7783875721172298,0.5418109765566119,0.7114855413690824,0.5811466111235573,25.581896917034083,2.5541890757093863e-08
158,0.03922966733059996,0.0769810703840712,1693505790.2450418,6,7.923609392955473e-07,0.9024288661639004,0.3898907313630118,0.5084476287741919,0.6511872338267684,0.02659961877078585,98.42313048067707,4.584095126411865e-08
159,0.045039419829111416,0.08138902461689279,1693505790.582148,5,3.2822267941742296e-07,0.8485237746862181,0.29704473263308384,0.5277877426874097,0.6989626489680949,0.18943542552093925,12.478879904669917,5.769928361700841e-08
160,-0.1340551227390847,0.027813787469084805,1693505790.9302986,6,1.684246101761045e-08,0.8300460255985347,0.2989736554215375,0.5264127804070048,0.7024803041078942,0.14263653342644134,0.0016079425357586915,6.300934499613908e-08
161,-0.1318281793385887,-0.23651714489793396,1693505791.2598252,5,3.615699713468199e-07,0.8539988962524518,0.006745175972971242,0.5004929633787573,0.6687452345320857,0.05339714002114007,12.988174532786088,2.558480358420424e-08
162,0.038333534541287406,0.08041803714945461,1693505791.597885,5,2.1051811130573692e-07,0.8783512182004853,0.29342976125557985,0.5310926292490868,0.6964740432100742,0.1466307201485347,36.62199334654736,4.047712378431828e-08
163,0.029757385285717697,0.06924607130585536,1693505791.9223611,4,6.267208309779277e-07,0.8486484976283543,0.4284863757764334,0.5418347509738297,0.7212153205512375,1.0465968843553535,6.33875892792141,6.746330114721616e-08
164,0.03560875842925415,0.07397135411528066,1693505792.2521365,5,1.324344314697968e-06,0.8404613839429719,0.9965729902365309,0.5122940054006561,0.6790064181460088,0.1681978730198842,61.400748066340846,1.7913102788401174e-08
165,-0.24045706402628375,-0.0813343973766798,1693505792.5961928,6,1.5237390743269002e-07,0.8203549610590906,0.7221123388060989,0.5203963241399935,0.6619594186504865,0.06434948087019984,2.7547655970050233e-05,3.412972724294456e-08
166,0.035102057482788496,0.08100108134393358,1693505792.9394734,5,2.6007695374974236e-06,0.8856543673739374,0.5147484766608666,0.6673257835130924,0.7061881778133481,0.619877420082726,23.853352238644828,1.0062736617314768e-07
167,0.047418887097424145,0.07576902748050929,1693505793.283218,6,7.063144517357171e-08,0.856607131791718,0.21152081972702916,0.5507775424307013,0.7153770668245445,0.25910177606268686,14.08725032110401,2.3254579560459262e-08
168,0.03871931168885856,0.062153272671102155,1693505793.6254861,6,1.0739948201908596e-08,0.856661511303988,0.15557330773192957,0.5583140993163224,0.7194944275028187,0.27589402982986366,2.90747370799398,5.4065616560284024e-08
169,-0.04280614181128395,0.04508952924931087,1693505793.9689648,6,3.198501725753934e-08,0.9070349582020139,0.21717979290604794,0.5455852832058663,0.7095885601229783,0.11508033964936049,0.13508117997718977,2.6639514227005915e-08
170,0.04139559114960645,0.0759996579840907,1693505794.3257563,6,7.057479373785969e-08,0.8368268198969621,0.19092348124486272,0.5530145289493553,0.7267517147456363,0.03459314873741075,12.816764404855686,8.361833698244895e-08
171,0.0450358308231843,0.08268913036679015,1693505794.6602774,5,3.490775992925477e-07,0.8630427842540661,0.3438412942113976,0.5000040975538145,0.6969211412928046,0.20419411819125424,43.81376123051549,1.6417969933666437e-08
172,0.03445793080822057,0.08559786198216446,1693505795.013102,6,1.2690469254194145e-07,0.8785920431666153,0.5894069681094738,0.5002520161062163,0.6938455589847672,0.20496672031509203,43.84251004650486,1.462882985100241e-08
173,0.03767846047906065,0.0774559384740694,1693505795.352474,5,6.022548108810692e-07,0.8492270574283511,0.2659748759031024,0.5287205602228195,0.7008414078666071,0.42663485068863566,32.469806112973366,3.090407304860543e-08
174,0.038165138580945945,0.07381299203409308,1693505795.693988,6,6.477335570953014e-08,0.8579050732050747,0.3214545605576705,0.5206657861173578,0.7117590193871427,0.07929060208088658,66.85381985495314,5.727787904153522e-08
175,0.027713834729692022,0.06528756444921457,1693505796.0184073,4,1.217878580696907e-06,0.8108822097509005,0.7885250025614173,0.5344393557624639,0.6775090636330494,0.8582258089114136,8.190955705609136,2.4910950352020617e-08
176,-0.13265579593066845,-0.03916298463695833,1693505796.3700514,6,2.303421812027409e-07,0.8912683804649264,0.41240232062369664,0.7058944740514347,0.696788842884734,0.5972588430939358,4.5680780615569054e-07,4.113979727202941e-08
177,0.0440049314575921,0.08997017300567411,1693505796.6980639,5,0.009498583161082567,0.8285779087295811,0.48227330973877214,0.5102810591837249,0.7414542405426527,1.8222902588002148,43.94168024083724,1.0276721537770194e-08
178,-0.15040481222206337,-0.26897667883990173,1693505797.0255857,5,0.006697170844568848,0.8275382159444701,0.001399553834361867,0.5120741722103039,0.7205751925535442,2.3124774340240712,8.07170556075994e-06,1.0818058761859748e-08
179,0.04592495179955758,0.09262516989655833,1693505797.3528202,5,0.15915661646912596,0.8392436738338751,0.6398134605853676,0.5007527350072908,0.6821748609520765,0.21667084646030063,51.37757627173565,1.718276739763833e-08
180,0.01931587777986854,0.04092582376418785,1693505797.6713479,4,0.1440741211036551,0.8381928750148514,0.12871995854482673,0.5077618642399659,0.6873801158382832,0.22826267253111335,0.7912999951705249,1.0684780301174058e-08
181,-0.27384830157414464,-0.026346957834980866,1693505797.997937,5,0.2585722248336655,0.8601659213769814,0.6498253153542349,0.5007321294497945,0.6664387685533211,0.1282521456827579,2.065576443364772e-06,1.7933166293897827e-08
182,0.04410545843204883,0.09076773738644994,1693505798.3315654,5,2.99848238007842e-08,0.8456505106955894,0.5072872076343874,0.5198580943106553,0.6805704732510988,0.41340265622824157,61.59067133282716,2.1337362726642713e-08
183,0.03728166845868375,0.08065826821908173,1693505798.6664503,5,1.9059465507306008,0.8289038411222651,0.5330232632322315,0.5184650839343136,0.7054003273008446,0.3177162889181918,45.237283385160154,2.4742709172907137e-08
184,0.04467238653507055,0.0815193867315851,1693505799.0063727,5,3.324260133367744e-08,0.8700158622896043,0.25817439826560257,0.6392226968359709,0.6819698473554084,0.5002154824117407,17.401758302436512,4.2078238203389165e-08
185,0.03976022919949329,0.08658920375782164,1693505799.3602383,5,1.8848178717945895e-08,0.8729625291356429,0.2951379291792137,0.7427889921960907,0.7445724744727059,1.684549754401764,16.99628011353192,1.5146724296571363e-08
186,0.0451753553091927,0.07808319866935276,1693505799.7099547,5,3.38618266178815e-08,0.8417373430834763,0.22258774360259487,0.653895128039833,0.6955098478839665,0.4796736582513421,21.258167842454167,2.973892212406486e-08
187,0.04127734397420979,0.07853177268582312,1693505800.0552223,5,3.5876718691829254e-08,0.8140756107250784,0.22111934652215162,0.6730080684760993,0.6848612363205208,0.4638945018981219,10.454974089390909,1.0174063773738883e-08
188,0.037634588608864816,0.06219094809564818,1693505800.3981276,5,2.598725899852062e-08,0.8388904499721852,0.16171133269514962,0.616751453117323,0.7107315237413042,0.6953879553440567,24.3208105072991,2.3553812241670964e-08
189,0.06465683922516818,0.084861071379702,1693505800.738233,5,1.5268404551690877e-08,0.824677481678241,0.2625731956205552,0.510379800616316,0.6946509894529128,0.25030084371182754,4.422354295604239,3.5848681295860376e-08
190,0.045816246770266966,0.07924824906832906,1693505801.085363,5,5.423130179086107e-08,0.8222281268653265,0.250039569809737,0.6363355035781737,0.6947114317654907,0.4595330966765842,16.463489309895696,3.686540856129091e-08
191,0.042505329568552686,0.07937956234219812,1693505801.4349627,5,6.026460473567344e-08,0.7985521597167677,0.25642973666439367,0.6407631988783163,0.6932647582983942,0.4787309486574535,16.952571462908963,3.197834635362964e-08
192,0.045626479695457633,0.08534581460838142,1693505801.789549,5,1.5823477068377756e-08,0.8283799884769626,0.3409950406089876,0.6537712478783176,0.6843157516923337,0.25912650717410635,8.95039802235023,1.699213891536313e-08
193,0.037974080990050396,0.07358870765359726,1693505802.14742,5,2.2890932747559368e-08,0.8169678625133349,0.21057987830594066,0.6519999403576566,0.6827504432653407,0.2811884148290071,5.534078071803383,4.552240466319884e-08
194,0.03002230023764707,0.08229026747047852,1693505802.4981768,5,1.4801029495115969e-08,0.8475307308121481,0.3370132409509888,0.6577218700196511,0.6715303426191793,0.3600604210797915,9.281806903230057,2.007164793004933e-08
195,0.028081391861424443,0.07771664930662037,1693505802.8415956,5,3.687141849770355e-08,0.8656902532838171,0.27923517729524006,0.624294641665138,0.6930008190575164,0.7833223919728886,3.852362476675542,3.2502203240673775e-08
196,0.04020481071617299,0.06367972881565731,1693505803.177489,5,9.59233697320497e-08,0.8222069593721055,0.18259361058482038,0.6232657611879702,0.6605885002563007,0.22940971417436806,15.505477707389623,6.195634354954525e-08
197,0.038327930934010435,0.07841709110915118,1693505803.5101314,5,1.0124777505919882e-08,0.8378408621209932,0.343741665223298,0.6277528111834364,0.6845741250848233,0.5628020632227523,7.7709961288804585,1.776644300542481e-08
198,0.04692360188092182,0.08290120567183601,1693505803.8318725,4,4.7041959318379146e-08,0.8566279928769545,0.2522975199502478,0.6328210638936701,0.6991191956771948,0.17174062468902754,23.89460777708607,1.0066762827553921e-07
199,0.03524288498816641,0.08106406314415548,1693505804.1577458,4,5.126553845681255e-08,0.8580467398179452,0.2526805788140803,0.6431407724584421,0.7033855114605647,0.17305497193528865,13.367108201752899,9.70942574205272e-08
200,0.03058141734416986,0.06440720576127767,1693505804.4811053,4,1.0007040749937284e-07,0.8761621585061012,0.1664426069786253,0.6456322571740115,0.6973455099818288,0.06869413377710627,28.379753550045937,9.816339220950738e-08
201,0.05167882609423913,0.08830051729148714,1693505804.814225,5,2.5562218194484165e-08,0.8444392794596817,0.4082800422513363,0.634325746042607,0.6877132064323777,0.25863507981566586,21.657950828463907,4.301380743555979e-08
202,0.04598210330814356,0.08461389649969608,1693505805.1502628,5,1.0103440118345247e-08,0.864964881538629,0.3664850849651063,0.6405569061973452,0.6926346788117556,0.27832791496136217,19.064669546796623,4.793438393579052e-08
203,0.045916339509601056,0.08025664842266855,1693505805.484337,5,1.7253074333146723e-08,0.8543642211666288,0.22633370185135812,0.6473854312075389,0.69172627128295,0.23151846233368284,21.58039144718978,4.504218063302966e-08
204,0.04688778164719354,0.08430519651456925,1693505805.8156633,5,1.578153034158045e-08,0.8544042185379356,0.34993915686790383,0.6319056718624619,0.6925888538364794,0.22754674056530064,24.416905055026092,7.184598480889246e-08
205,0.04567527636909563,0.08311246616361789,1693505806.154608,5,1.7135657396142862e-08,0.8330131471466161,0.35339827122716233,0.6325601007465002,0.6915167026594173,0.23086546117698017,24.42074982892647,5.464873228723972e-08
206,-0.07457457548493474,-0.140630150093501,1693505806.475577,4,1.918247227789448e-08,0.8246021617706505,0.026093064020107862,0.6340803598820949,0.7151151610025148,0.2772460487956669,9.35830621098257,1.4388463043951465e-07
207,0.04936650859703917,0.08635366264696376,1693505806.8121424,5,1.6801464485748664e-08,0.8327420839301523,0.39489107819749547,0.6549712186345398,0.690073366611929,0.109359448702016,23.52899368262716,5.53497770113269e-08
208,0.03676677286588137,0.08302431689871104,1693505807.1484826,5,1.2065471876112434e-08,0.8033937087144016,0.39985056190807505,0.6550157721028352,0.67069729644724,0.11955820271987758,22.74946252446087,1.2331944280579587e-07
209,0.03949607335282723,0.06991790761514471,1693505807.484659,5,1.8848967862277064e-08,0.8318083142371986,0.18733561855692668,0.6314100484754495,0.6893779808679026,0.08862386348717871,26.9448435754074,4.257378542772979e-08
210,0.026471502026569893,0.037216813720354014,1693505807.8291237,5,2.1578897082007345e-08,0.8388690374817406,0.11079660937123684,0.6481159372662803,0.68879834289435,0.046811469367578254,5.490774758930647,7.327660708683238e-08
211,0.037286986278943,0.08310967879800768,1693505808.1734731,5,4.9565104750859504e-08,0.8174472059642159,0.31198317394828023,0.6620061550657268,0.7072204224389536,0.14663183636798394,14.473142688739836,5.1759229349965616e-08
212,0.036811362813773396,0.07601476070113067,1693505808.5297787,5,1.097319059690893e-08,0.8489313359923023,0.21894216504574673,0.6364741876082535,0.675047040633755,0.262430304745151,11.632440009459355,3.1870474481608785e-08
213,0.045479403519937844,0.08378095993109214,1693505808.8665261,5,4.175923157829565e-08,0.8341898203090061,0.4002150748154532,0.6164004244125617,0.6964451127742498,0.17681873163116632,22.876112208602912,8.125884377139391e-08
214,0.043760651170078324,0.0834344942683376,1693505809.2077322,5,4.6695894243853224e-08,0.8294772764540678,0.3959890438432366,0.6186415829493835,0.6905732108093822,0.30516594728419516,29.700732722642957,1.0124776128601506e-07
215,0.04302987677326542,0.08934492807539873,1693505809.5419533,5,2.0570231637699192e-08,0.8387077669319204,0.42246631484619424,0.6089936259851734,0.7062729330644689,0.0922355545190705,20.95183178516337,7.352131029861759e-08
216,0.04096994989139957,0.0752700055064266,1693505809.8718681,4,1.0144573275882097e-08,0.8202093729657701,0.23076583947222712,0.6520899469532272,0.6776033942098856,0.14900843068480132,29.085719432313955,3.307896066331847e-08
217,0.04551624444802449,0.08500306810471436,1693505810.2088485,5,6.203658836005755e-08,0.8054424820281516,0.390633195765547,0.6386901843430192,0.6893614229804185,0.37700347251482497,19.486451207104786,1.3313086562560352e-07
218,0.03783831413304195,0.08183678814030149,1693505810.555693,5,7.786056139418188e-08,0.799569838719958,0.3552606689375933,0.6401949796054277,0.6843020433212736,0.23678986225654394,7.67956271939208,1.8400123425088913e-07
219,0.03486593386517545,0.07500938762035847,1693505810.898314,5,5.766549109120391e-08,0.7829261458798016,0.29637630806232396,0.6340417420452414,0.6601962809811556,0.10852785426659702,37.51846151372054,1.1983708247045554e-07
220,-0.05296675232553438,-0.10024902373211786,1693505811.2408695,5,2.0236619859172387e-08,0.8073121425435813,0.036606390978822026,0.6155754719965644,0.716551526012267,0.058256706020774866,17.979455319723773,2.085491096986609e-07
221,0.04911614973512579,0.08434136739579134,1693505811.5909522,5,3.544296261414651e-08,0.8333792723620532,0.46160606048540753,0.6465856741250918,0.6943074952477639,0.4176337740196047,22.556575415777157,5.1065646649754946e-08
222,0.041594302188691534,0.08484841539159949,1693505811.9382536,5,1.0847442583043801e-07,0.8281560297832977,0.4492393907229193,0.6278643415237856,0.7044302256591082,0.2839576142461929,34.568917698466116,5.281654729714417e-08
223,-0.15527346438157763,-0.2772665460778685,1693505812.2852178,5,2.731056284270861e-08,0.8544314811697438,0.00016826661192316893,0.6413443632173139,0.6922389923526985,0.882001014132337,10.618980462086208,8.334401750535439e-08
224,0.041281241895625986,0.08356007802395715,1693505812.6346853,4,5.1933822336407344e-08,0.8178058352901064,0.4154569606767025,0.663319937324822,0.6766381065953717,0.17022190700008924,19.78472893533435,4.849627249291081e-08
225,0.04648028727518472,0.08985535138590617,1693505812.9826362,5,1.5718234060209852e-08,0.8333325479382716,0.4913106131254486,0.6779423661279486,0.6861657884368529,0.35842247657169635,37.789988368271004,8.414384845495496e-08
226,0.04033929366407807,0.07422407547612009,1693505813.340366,5,1.0035880532210126e-08,0.8358467913964626,0.49068519113572306,0.647198588177438,0.6684712814455442,0.41237572056630056,16.802516228502377,6.846700678973108e-08
227,-0.05027019848727998,0.06896808789371922,1693505813.698251,5,1.7852305282545165e-08,0.7917606031272509,0.5548548979163331,0.6281215980724263,0.6864840829107074,0.6989290036090183,4.331301669312698,2.4711047823327626e-08
228,-0.009214900900721634,-0.020685272234367336,1693505814.0459094,5,3.376832011637984e-08,0.813193663952272,0.06789020227733057,0.6738239904129009,0.6819607353809167,0.30634392513555814,28.301751256101458,1.3379972948010893e-07
229,-0.11057263338073442,0.01765023366253471,1693505814.4019346,5,5.92550746283956e-08,0.8274066174903586,0.3166074195892177,0.6109922475512352,0.6982613748549975,0.17522896515109265,0.012651087108492188,3.7515652916373776e-08
230,0.016675049878959625,0.07537762538813919,1693505814.7649028,5,1.8685378243938567e-08,0.7506628688251032,0.4413582410266879,0.648811012355177,0.6703422258989472,1.1617134203082828,7.734027544365708,5.508388352754189e-08
231,-0.07904463642954052,0.024585666268578166,1693505815.1235328,5,1.362035891059199e-07,0.8449338990338344,0.372909092616366,0.6605138554576665,0.6922710932606886,0.44510011169807195,0.41608871643719536,1.0587619626869072e-07
232,0.04166874578343682,0.08060258467211223,1693505815.4664571,5,3.642861471359041e-08,0.8602258737308901,0.27817779628239125,0.63767708590947,0.7072323602727009,0.21547668727924385,46.80973467327703,2.927072338258481e-07
233,0.03788455349443842,0.08580157749251471,1693505815.8027074,5,8.53349138469068e-08,0.8532769019842353,0.5945707786769221,0.6267042402119796,0.7017702460498632,0.1328567405290095,39.272738817022415,8.800732597394157e-08
234,-0.0333668641572189,-0.06538776224581322,1693505816.1464393,5,1.682258905823999e-08,0.8335468192465175,0.04722112910749075,0.683303890083942,0.6889216127542569,0.33593877183268656,14.93158173982212,2.5111573698805374e-08
235,0.03963572522414882,0.08341697875715715,1693505816.4861908,5,3.568546641949597e-08,0.9145916872806331,0.3720785488907754,0.6469520893712437,0.6793613461983248,0.08669846058154611,25.792687813517933,1.5481238139611848e-07
236,0.04103821709264022,0.08836125463822908,1693505816.8368607,5,1.044532724103551e-08,0.844194656719474,0.48688608632076924,0.6597289380985507,0.8081651979100256,0.5550868090930717,36.211383277185064,1.7291020495824443e-08
237,-0.06812873008284415,0.02725828000926922,1693505817.1788623,5,1.2565836808149527e-07,0.8224990004785638,0.29369294140685875,0.6214272653580719,0.7163746931076779,0.20053982926656275,0.03161501090579128,4.2169728764348e-08
238,0.04891100599100495,0.08539537422321009,1693505817.518051,4,2.6247132882777846e-08,0.8532620259823505,0.3552103076868632,0.6375359634822235,0.6968328531857124,0.30528772354585776,11.945692263884816,7.057070138114131e-08
239,-0.11830663020361976,-0.21163788204331357,1693505817.8540697,4,2.7052204683759374e-08,0.7775254360666426,0.01099708258316448,0.6355087795523999,0.6948486767028136,0.33619384370329786,11.496551029512823,7.010481715899394e-08
240,0.04364528018304126,0.0790165418200699,1693505818.184607,4,5.897285355183663e-08,0.8648771795137449,0.24831044113691406,0.5982246435418563,0.6824808929130102,0.12403510093847246,20.164228615101393,2.3389112012899057e-05
241,-0.04981979245640522,0.05866790762529628,1693505818.5223832,4,1.687942207227274e-08,0.8537098964769426,0.35173858683886655,0.6432392999963988,0.7033874937071104,0.21171094413632305,1.4749355948397025,3.517527214052221e-08
242,0.04611375848669197,0.07912201752515469,1693505818.873455,5,3.047989683125242e-08,0.8350786287624461,0.44280204122262024,0.6529697169577928,0.6919647281722472,0.007131214510963247,13.223289550725832,9.68010568314601e-08
243,-0.0229747111951768,-0.046628293530445175,1693505819.2256289,5,2.5385301295603595e-08,0.8337668391321621,0.054078299748574025,0.6680263500063962,0.6891425446058763,0.016642259066680667,11.106768654977973,5.4296479978855655e-08
244,-0.031216826373275497,0.05830926164800965,1693505819.5876632,5,4.49713270449634e-08,0.8101305780774112,0.5733780394208117,0.6576228418371024,0.675190507075698,0.02850491845818325,6.614042351523799,1.5832597860962845e-08
245,0.051595920274329576,0.08448652683390567,1693505819.9206862,4,2.7868168280184955e-08,0.8444948274525558,0.45375585545045405,0.6347515392421086,0.697331982222956,0.013900122625699559,15.464851258942618,2.5264363126703437e-08
246,-0.03886029774686839,0.06592203941872943,1693505820.2517757,4,1.6287583005498464e-08,0.8462640164544879,0.4733523366175421,0.6493054117138652,0.6850964731622483,0.03757046107837395,2.4467821643250027,2.418176097247649e-08
247,-0.04337869529801863,-0.0025392595270437024,1693505820.5816953,4,1.0216940138329878e-08,0.8789131421551971,0.08565097191998641,0.6313275003386633,0.7098391219921423,0.013383033380504731,0.22312153450509445,3.277851321809763e-08
248,-0.07505030695772752,-0.13646591382002482,1693505820.9240406,4,8.470586808112101e-08,0.7412865207778091,0.027206307042358907,0.6848513717602875,0.6660893479238063,0.056625968353194736,15.000444839939096,1.4298206703360558e-08
249,0.04503466473750972,0.08255300343623706,1693505821.2602994,4,2.5249165803078362e-08,0.8567349835788393,0.3031002880328323,0.638956148316237,0.6972908949982608,0.012222895209602834,9.646337075197154,2.4165420801725883e-08
250,-0.007372508764879493,0.04593263072340181,1693505821.6300569,5,1.6582118075848243e-07,0.8674116396875107,0.6728361021112041,0.6758214634214117,0.9317291637778875,0.0861795299553202,5.571408814538337,5.008343707755849e-08
251,0.03400550750071418,0.07669111191055311,1693505821.9805675,5,2.75503300893151e-08,0.8427772407063316,0.23799171684486917,0.6061619169708135,0.675925411244514,0.004997894873838331,15.524659641503705,0.00016796476218589425
252,0.02819916468138506,0.06808860485047663,1693505822.315539,4,4.8487808845255107e-08,0.8231350896295067,0.5053585081772921,0.6530828534311994,0.5485663665155431,0.43184538186651894,26.873069054877003,1.9839168546678394e-07
253,0.04641408054690077,0.07991786025765535,1693505822.6714768,5,1.9411434518446206e-08,0.8518931820697098,0.34808014396244197,0.6644158170189354,0.6883360389730374,0.0034906362767895193,8.518821649721179,1.616426811290875e-08
254,-0.057340587988350844,0.04326277749342833,1693505823.0192425,4,1.655071880004763e-08,0.8510081851423192,0.17745591088979498,0.6668078861528361,0.7029321719370284,0.006722988762968164,0.08416370456572074,1.4755642614873528e-08
255,-0.00633116352725871,0.06379226907452307,1693505823.3730724,5,1.5815796358141136e-08,0.9010042032841926,0.30798343347022633,0.6615554696399818,0.6551043723242741,0.007891237418450088,3.754580396366387,2.3831256835735466e-08
256,-0.1484324988972041,-0.26564193864600116,1693505823.7302032,5,2.7474524731439277e-08,0.8691450805373799,0.0019267965469978512,0.6797457151104547,0.6868908912319753,0.02186867018721925,8.662947763917828,1.4841680356494686e-08
257,-0.08573762496957493,-0.16308835397531674,1693505824.0891907,5,1.0466006190989696e-08,0.8596782265884364,0.019941306393462522,0.700039102274439,0.7135099215103565,0.6492447592075017,0.41430026418504573,3.395819263536844e-08
258,-0.15585765302130206,-0.2782967597134225,1693505824.4407618,5,0.043747584264907026,0.9236708103685469,1.404005520973251e-05,0.6527991196809434,0.6768500078679512,0.0012964721585752024,12.87207192115559,1.058419304314858e-08
259,0.042447309331797634,0.04777527066240839,1693505824.7883527,5,8.77358704612265e-08,0.8811799130106378,0.13676770039993308,0.5891393314585661,0.695779838248448,0.0033555314419053016,0.7457483528492961,1.955873771525678e-08
260,0.039152798021736435,0.07648841994502986,1693505825.1365304,4,2.9397070834507045e-08,0.841103863594329,0.25745290861510384,0.6673171497163976,0.7025133797579411,0.007673408230613043,48.38805646096257,0.0011538294464237303
261,0.021327420191452617,0.056205726671426315,1693505825.4905682,5,1.8338091360247415e-08,0.8529337343297096,0.6151930927750673,0.697033993469458,0.6666850148799666,0.0035729069028002133,6.134920178988997,4.1400750251500084e-08
262,0.04906853780888165,0.089029871744844,1693505825.8337383,5,1.373727243407253,0.8711467375631468,0.44194189288431324,0.6265653258712277,0.6832305567954697,0.28562196129255313,28.82343455582881,2.9188125260090287e-08
263,0.04120465512332683,0.08357716632803136,1693505826.187732,5,0.019214097258144557,0.8748639799837421,0.49788055481384647,0.6221479277452646,0.7919454365893479,0.010630486847229502,96.52508150347055,6.328159967144251e-08
264,0.04501293077680746,0.0840022988280078,1693505826.5332794,5,0.07861198450665302,0.8638879232888727,0.4196797551120447,0.6305293494069176,0.6932586341473619,0.11666856314470755,30.676701512209995,8.767990253423962e-05
265,-0.11003920277230161,-0.19791238067638317,1693505826.893413,6,1.6614215246039833e-07,0.886681375804423,0.013890032037010652,0.6215044093167598,0.7224627812666188,0.032674634436090345,53.22833367854242,2.995404580582057e-08
266,0.0375635681465063,0.07269124588788589,1693505827.241416,4,4.5502034929533846,0.8476038298496119,0.20482071930003098,0.606175004840986,0.6751467920668566,0.0051462441431910115,21.877983086145093,4.388829739868073e-08
267,0.04041725789423056,0.08787904561694371,1693505827.5866344,5,4.387188731413651e-08,0.869193796690682,0.6762486217363195,0.5801050202951137,0.6848994139350503,0.059905115141237024,31.87679012640832,0.00038494512302088236
268,0.0473239600736548,0.08170285361813923,1693505827.936297,5,0.37717415735082405,0.8554158427833207,0.44764244249735735,0.64331571645886,0.7115070236932534,0.002437780032387608,16.139585563874434,7.370294320761783e-08
269,-0.2206922804275615,0.0004612899875638954,1693505828.2847993,5,0.4501557388525119,0.8600844122213753,0.5383718805710576,0.6460208061105185,0.7021755147281081,0.0018550918628349813,0.00035817890209831175,8.781235532689884e-08
270,0.04390140961095501,0.0765089734081359,1693505828.639424,6,0.250391395883339,0.8761061788324587,0.42916046955722476,0.692781686041458,0.7148849348856295,0.001797256571775805,13.306153737605149,2.5426717731399175e-08
271,0.047633069320905164,0.08760882059433273,1693505828.9831278,5,2.1075749753581921e-07,0.9100963710216972,0.7177084578716872,0.7164852444545197,0.7260839585019762,0.0022580719398518356,46.077043069135414,2.523011505220051e-07
272,0.051150385445100754,0.08018533141474216,1693505829.3281682,5,2.501906860613503e-07,0.8918013064714061,0.704185685479741,0.6841386603052227,0.7191449873155971,0.00215019965801256,60.83523730184547,2.5935830503988234e-07
273,0.04307717714658821,0.08548843456822874,1693505829.671364,4,1.8803498079488328,0.8921774555453128,0.8732940581786623,0.6851258044025513,0.7266004366161506,0.003110664412865145,71.4463330325669,1.3529739024856376e-07
274,0.0385459534159216,0.08205977497613282,1693505830.0201328,5,2.26194508769558e-07,0.8818032546057406,0.7132135748538558,0.6758289961505747,0.7240003718752289,0.0022093698450656226,41.92589867038166,5.224124017247554e-07
275,0.055187720904966264,0.08365179805567913,1693505830.3649192,5,0.5986372946319874,0.8956954704451822,0.6559836908554642,0.7239850234567143,0.7117472316305428,0.018219097998331275,54.62849327006267,2.4304915185200883e-07
276,0.04471201516176193,0.08249609731091989,1693505830.721403,6,2.2322660577883884,0.8920462058289288,0.7432618736534901,0.6898423427965563,0.713160656561249,0.00367121367930873,74.45868205434873,4.4691259141889596e-07
277,0.04160776451900883,0.08453512232405658,1693505831.0617425,5,0.7082151067565594,0.8970596268409403,0.6400118263774017,0.7036431638646562,0.7283791081562035,0.0024983760135263195,50.332909055124745,2.909656241397912e-07
278,0.04818971833064112,0.0846288281248353,1693505831.4182465,5,1.29447791768273,0.9099671296839644,0.5877087127853251,0.7562321088951653,0.7121715346664005,0.019601210145363476,89.39504988964974,2.0089831014044562e-07
279,-0.06143483653389081,-0.11437624499166898,1693505831.7570987,5,3.396378450746638,0.9006242902641761,0.03439501685074386,0.7387769493130096,0.7202411685117751,0.016310805535010686,99.31646878081692,2.0485376784483828e-07
280,-0.14301413165035992,-0.0533769062484164,1693505832.1158745,6,0.7289841276392712,0.9132689059463113,0.5644767786769092,0.7119890307338343,0.7126027355140144,0.008608149943822868,0.988812186997902,2.2311203086109435e-07
281,-0.13950155695871813,-0.2495802076853315,1693505832.451823,4,9.33709902290487,0.9089256353733312,0.0046118384944823666,0.7118901657414912,0.7355774395088323,0.004814615354243264,63.103065433216095,2.2494012070742923e-07
282,0.03314714886785097,0.08343572797619847,1693505832.8048162,5,0.7646329756413419,0.9159866936522756,0.7785219755543019,0.7266796508655339,0.7071052560155648,0.017676826284630826,35.051308185945814,3.998252535729888e-07
283,0.048932084083553984,0.08234880677092149,1693505833.1546407,5,1.5220128679548786,0.9332921519617559,0.4934540531245679,0.7345708412813076,0.7132800578846958,0.023249407552296646,41.87671053552577,2.6177763884978614e-07
284,0.048820840123660614,0.09100374139801903,1693505833.5125692,5,1.4253463745421766,0.928378105503961,0.5235411135454631,0.7618580056700234,0.7219168692508352,0.025728190924144974,97.04900860084027,3.9235818023843857e-07
285,0.038349877817600686,0.08343613493366508,1693505833.8716493,6,1.0382943524433408,0.920664951019956,0.5876718971604442,0.7378963397200491,0.7312450370799132,0.02548245901938695,95.5303126177379,2.861014258233692e-07
286,0.05190154373242406,0.08961970156598664,1693505834.2258432,5,2.9646537055034585,0.9042535414187755,0.8101981088257224,0.7666831526759103,0.7248189588672641,0.0011440749559720137,69.28067611977876,3.359758316919437e-07
287,0.05658103051107255,0.08585209910142622,1693505834.5694268,4,1.382821133678685,0.9116896331900505,0.8667750846415166,0.7560022430308587,0.7215948604765942,0.02028522799717745,69.72902544285193,6.7795507191304e-07
288,0.046377558534625885,0.08392841606334311,1693505834.908903,4,1.8133434846091199,0.9331313050043772,0.9699875719174289,0.7595518484127217,0.7242901749038309,0.026885910589137838,72.84686397430805,2.8503115987482333e-07
289,0.036448751547713654,0.08638706612837266,1693505835.2510517,4,1.1111692944075038,0.9043613812095281,0.8277748304707957,0.7617350163444769,0.7416197325838794,0.0007049876247779608,90.64646528688606,2.6576168766315464e-07
290,0.04719638800416337,0.08049326657891676,1693505835.596827,4,4.355027475317988,0.9265787080287567,0.9791905679548281,0.7179420800272894,0.7317095157604301,0.0215823192953059,55.95992985456351,5.252471262711453e-07
291,0.04054118615333768,0.08980392016263228,1693505835.9427707,4,4.695358951234691,0.9304891596291109,0.8191952313248452,0.7640353982270013,0.7371248509643519,0.01758259560426773,56.93113026997296,4.660013840930544e-07
292,0.045162846561698444,0.0859061173701886,1693505836.28697,4,1.3416719544800908,0.9399022541028981,0.8200788956095965,0.7231415161241849,0.7276264787152308,0.04106952966847848,96.73879426385038,6.477630613847808e-07
293,0.04972268962714266,0.08520765751669801,1693505836.6331635,4,2.906930997423868,0.9241916169563672,0.6971775303058768,0.7520162648855141,0.7207601736820977,0.012178100351940238,54.669451574407155,8.229321320530861e-07
294,0.043272475818130984,0.07110830833732984,1693505836.9782898,4,7.619232337379954,0.9240851128079858,0.9320859126184682,0.7507343461488496,0.7195238952206322,0.022474045192667064,56.89097678599196,8.204482039091531e-07
295,0.04354291402043964,0.0889229567656935,1693505837.338321,4,2.4819657371108144,0.909874219832445,0.6795688179157054,0.7798970616153719,0.7358874961625935,0.012256622011562928,53.44380575732106,8.3905167711134e-07
296,0.04935155270209446,0.0823077077714579,1693505837.6952326,4,1.0295459834058414,0.9187486072056555,0.7248062147730678,0.7509310272159433,0.722084893868918,0.0011642921184775148,46.21293481173779,5.125339383295396e-07
297,0.040349303058450636,0.08836828166807698,1693505838.0738797,4,0.8723367790370327,0.9169857391045245,0.6917047399728135,0.7497303790977955,0.7502482851682609,0.0014446336552882005,98.29197790295561,1.0527784198380788e-06
298,0.03263581454893005,0.07697262636535873,1693505838.5162742,11,1.2574398518344416,0.9013913872823088,0.6017523758039695,0.7332173902149073,0.720945401235867,0.0005863600796386184,39.61286245112981,3.2607050467288703e-07
299,0.045864768386029486,0.08355281693151484,1693505838.8692112,4,0.4217895312335386,0.9124028400725539,0.746083987502069,0.7521074344612377,0.7144120537737481,0.011349938317025477,63.50802482205653,6.469520366296817e-07
300,0.053905152226197406,0.08439662374946899,1693505839.2493274,6,2.216035936130333,0.8960601020198741,0.5491794143219952,0.7713654684254996,0.7231711366409012,0.0013953165345013778,41.51792244040407,1.8592718678635933e-06
301,0.055907528523026495,0.08542623826564089,1693505839.6359725,6,3.2530000982783016,0.9003661984225635,0.5721616793881762,0.7706492303256528,0.7253694832255945,0.001126262782171986,39.9581072807774,1.991135560509218e-06
302,0.03670250462844016,0.08256396805972765,1693505840.0086732,6,9.321017561847091,0.9033760736872662,0.598160783998678,0.7762219872184138,0.7265051329815236,0.0010289350940571981,39.830779263524555,4.2772663623359375e-07
303,0.04943942387628486,0.07762030777998186,1693505840.3836305,6,2.2901315040350743,0.8971942079222857,0.9982133946717385,0.7750080555044737,0.7199784735183552,0.0008788095384185482,66.98499963928631,1.767574251088302e-06
304,0.05082324375380798,0.09141655928695636,1693505840.7640543,6,2.6803271001912954,0.9001170821470478,0.7827175958799515,0.7719051594285943,0.7313887656347494,0.0012918389240454142,67.15159292917284,1.570954743729959e-06
305,0.02886929219939982,0.07462581060620888,1693505841.1470182,6,2.8550391603676046,0.8948545780033057,0.9972106293886284,0.7729207509855232,0.7405454677994274,0.0012939969908004,75.74351189094565,2.0734160590086447e-06
306,0.033885350749014775,0.08380830754325208,1693505841.5213754,6,1.6893330538197062,0.8965816222827714,0.7819205434355776,0.7826871410011719,0.7414713989010671,0.0008883067833441441,92.17657605522433,1.4284946058582438e-06
307,-0.08159508908460489,-0.010940127619434747,1693505841.8959475,6,3.858869360782351,0.8891795717604001,0.5784849971673566,0.7698753966797736,0.7209400321245049,0.0005541807013705513,0.006307365348212466,1.4600831616719305e-06
308,0.02672179687192222,0.07797080100423603,1693505842.2771463,6,7.796790961172524,0.9185549343390637,0.9917422362428949,0.7904171448640378,0.7318209579420074,0.000962650563969153,64.51640134884445,2.9256283372058343e-06
309,0.04701061358118064,0.08594983332652206,1693505842.6510437,6,2.7096955832096894,0.9003049405121025,0.7606225051520988,0.7655070927240241,0.7110741548028551,0.0003841486777190607,99.59847289849364,4.730392264998365e-06
310,0.044974413686799886,0.08204111219217858,1693505843.0302296,6,1.4770994782593865,0.8849784582092244,0.5229258649616912,0.746792882996354,0.748942768983861,0.0008344591858718586,38.350161158557924,1.8435360623263393e-06
311,0.03786898716912357,0.08321632859798356,1693505843.417165,7,6.094803098106347,0.9072265129867685,0.634218428441689,0.755742776868287,0.7188859453379505,0.039591295322914784,53.20287622778221,1.0928836096802658e-06
312,-0.15003155644184973,-0.1311005892742776,1693505843.8017886,6,3.199986007750553,0.9286025789155794,0.817869009672632,0.759239187228039,0.7344141199345454,2.2490545411738924e-08,0.018606344279005076,2.9561142961339906e-06
313,0.028970625187278665,0.07469141891528086,1693505844.1547034,4,13.94401594969808,0.9222205760281154,0.5665302708591229,0.7426484434657201,0.6075802119873686,0.001483813985822315,37.789311627186116,1.1215159397645737e-06
314,-0.11115585066308942,0.0218824562034029,1693505844.4999616,3,0.5920264891156283,0.8906312326922748,0.5109542306792826,0.7707425679962067,0.7061830367634708,0.03504966178669566,1.6611453001650673,9.174265299685609e-07
315,-0.09962427072120983,-0.01145287018572727,1693505844.881675,6,1.3939778345467184,0.9091610263923825,0.692399539699939,0.7866948141258373,0.7207915575248037,0.013383699798189472,0.001380703328793281,4.234307691866122e-06
316,0.02858294780489412,0.07612386427593254,1693505845.263097,6,17.2375468938713,0.9400176507476824,0.8076897306716226,0.7549329311746779,0.7120276016232323,0.027193742269104627,67.25319299235733,1.3270217635585776e-06
317,0.05347789417708759,0.09061551508831511,1693505845.6179338,4,0.9675722973755124,0.9006722533729268,0.5038541031529742,0.7698474818461759,0.7275549919322035,0.017891595094846127,32.966219226435996,1.7948640639816156e-06
318,-0.3630738629383956,0.05270633221001275,1693505845.9802625,4,0.9282836976853184,0.9000968742945482,0.9832109198038926,0.7692455859614891,0.7302824976549545,0.017470650539017498,0.0036571047217594335,1.549852112428445e-06
319,0.038451031931885926,0.09552544180224243,1693505846.3409104,4,2.2490651451677315,0.7683193069405542,0.6197120465931178,0.7932733130450859,0.7458886850414784,0.009647181003869656,35.748166857009366,8.651145316162619e-07
320,-0.14695610738260623,-0.030446647989325948,1693505846.6921737,4,0.6467908093611707,0.8854743957946551,0.5252779516142626,0.7314614105690538,0.7195453226938636,0.0558036730295369,0.16935218758464166,5.130527007773157e-07
321,-0.15277969822039483,-0.27292668044067825,1693505847.0372603,4,3.2601342161937263,0.9183758020992943,0.0008376283257318956,0.764925646247429,0.7258674072041271,0.01966551984190393,56.35623630323866,2.074875488016925e-06
322,-0.14581729914338504,-0.26078663780327127,1693505847.39068,4,1.1842834670943785,0.8961498386121792,0.002702344384724735,0.7437690748046416,0.7601573949405673,0.03710272822468134,30.3112025545355,2.257662795726301e-06
323,-0.00461171129417548,-0.010767350817838306,1693505847.7316465,3,1.9755136824595152,0.9086114059731651,0.07490908228382134,0.7771740488261077,0.7364857466410576,0.00913264921861093,61.97968706191797,4.422963141192579e-06
324,-0.12354663745067773,-0.22228656422190163,1693505848.118149,7,5.22044676068748,0.8837103659729392,0.008853591274686315,0.7607017385650214,0.6377168927070415,0.005761206799896587,0.4696580590674788,6.960036443083152e-07
325,-0.14191403872827224,-0.25423909073710593,1693505848.4596276,4,0.3996024283015538,0.934435387298314,0.0036483227906510545,0.7486848134858282,0.7070721291311194,0.0010949467610345848,0.0613776562734236,1.7472374836535743e-06
326,0.025273443458988964,0.08051967762610657,1693505848.806945,4,0.9561662859910578,0.9014106399301515,0.7913214430778654,0.7280670709957682,0.7493795925537721,0.0018106047613858308,32.772196660464985,3.1705223212716625e-06
327,-0.02047578525038718,0.0407019383440308,1693505849.177179,6,2.3153576452191094,0.9171152745875213,0.48482794453150724,0.7789390880215116,0.715072213088765,0.015449986914129597,0.10104994084385034,6.511123427119627e-06
328,-0.10318063744631378,-0.18648375132443995,1693505849.540707,6,0.0006311049355105078,0.7168239468613858,0.016513557798909142,0.7980168634603735,0.7305360219805065,0.0504579738131939,96.63253880519632,6.580400555644202e-07
329,-0.04538815446223032,-0.08354745638841576,1693505849.8912706,4,4.5974054137139175,0.5582966891449275,0.0436392034379499,0.7557927261548716,0.7069544703048072,0.028226040497851258,45.68636594798943,3.8283204603540746e-07
330,0.035263647139639476,0.0776137431724172,1693505850.2435954,4,28.46642881330415,0.8925620532016766,0.6465853056749948,0.7728713216099674,0.7224423032716399,0.01158075006234959,6.166611133986136e-05,1.162967374183424e-06
331,-0.1557722527076495,-0.27815244976675135,1693505850.613292,6,1.5730755348981438,0.9253237378514535,3.356892375142715e-05,0.735752949953879,0.7387354157980028,0.0007298584398201474,1.0676215303718987e-07,6.208264895116827e-07
332,-0.23868803781970516,-0.03207361582310675,1693505850.9705844,5,0.4374581615805319,0.8812430821840419,0.4601548600502458,0.7666469695871019,0.6260668446637124,0.0005157865618807874,0.04561258944120912,3.6813144558257465e-07
333,0.042836097192318734,0.07862994539340096,1693505851.340371,5,0.6836924872966944,0.9078984441558279,0.6268417279839309,0.7450801110903896,0.7141344845377205,0.0012872524968767373,30.766409848446756,3.900235013851247e-05
334,0.04532967700488122,0.08363358618714511,1693505851.6920812,4,0.22352192674465435,0.891264107561831,0.756397880264809,0.7843746656590035,0.7261378086918574,0.006209404112567193,99.93643635432407,1.9779914990883893e-06
335,0.03060170385462535,0.07457582776990601,1693505852.0715582,6,0.00039195215676001436,0.9306608946847703,0.9912772062359425,0.8041849800677849,0.7081416610711475,0.06882627354188228,52.60129604823827,3.06813676456743e-06
336,0.040527385204420674,0.0866647843153191,1693505852.4447904,5,0.0024951128680789207,0.8763214257852032,0.4539815201840513,0.7545386007838306,0.7335855429914324,0.02354010555633192,31.44281952463548,1.1141572996344479e-06
337,-0.029808813823311686,0.02221478451275627,1693505852.8124998,5,2.6267897684879804,0.9137148123025651,0.5598950058877608,0.7720918199870181,0.7052009916079672,0.001996074135569807,1.1404911996889262,9.113763070265665e-06
338,-0.06344881540786274,-0.017754227679344092,1693505853.1543334,3,1.3701698351355676,0.9016564196283551,0.6960226332174427,0.7243175346506258,0.747893036345978,0.003450517696179923,0.0007319575819992942,1.6929407052460104e-07
339,-0.1260125738862925,-0.22710071298937007,1693505853.4986084,4,4.911978458944415,0.9444264518718241,0.008538768621814671,0.7607158748231674,0.5562711759159953,0.04569659526595661,2.371825711972056,5.376184196577849e-07
340,-0.021995645694547594,-0.041582194541297524,1693505853.8599114,5,0.6392827145542885,0.9223854879313206,0.05916049278722955,0.8197462407493562,0.7179197747765075,0.0003569433249365656,64.43341605421607,0.0044283636310968435
341,-0.18513747121487567,-0.05418454151698349,1693505854.2386546,6,0.0001417024174395128,0.8852855500536515,0.4208080044146478,0.783493456136093,0.527846009343225,0.013873716362143065,1.9915609332919953e-08,1.7716933793044202e-07
342,-0.16634564459170864,-0.036017168806863786,1693505854.6017027,5,1.2968320146520411,0.8967687585149943,0.8320464553117302,0.7459710518708685,0.7276786649118363,0.030314146241780273,0.010094099513318433,0.014476736557654715
343,-0.13737033401090604,-0.24607861575597467,1693505854.9483395,4,0.00401112197612256,0.9150678221335691,0.005134805641696667,0.7658454996996156,0.7046758687396087,0.009857751626527482,40.14030204300709,1.0629513254877641e-05
344,0.03737719437147702,0.08242508343135158,1693505855.3141947,5,0.15502558319821655,0.6492106579095118,0.5768503631079208,0.7304931887917904,0.6461712525418529,0.0008577148634124355,24.66985963879021,3.167634533164971e-07
345,-0.07114848539238428,-0.13024790702152167,1693505855.6958907,6,2.582390806370862,0.904400717921098,0.028300651896918962,0.7366291874940231,0.9530067844032639,0.005361592375174796,60.32611589894538,8.695025123599002e-07
346,0.039964997242527,0.08623169043616175,1693505856.0577369,5,0.3070314160847485,0.8715524997120999,0.42631398581758845,0.7767556423662662,0.7401992548166864,0.0013512070505934774,38.55743962360032,4.421218464735299e-07
347,-0.05280766060734443,0.03372793178522482,1693505856.4345262,7,0.0013417606088291568,0.8802050753540986,0.5286329878936702,0.7074184593218692,0.7557580171964703,0.07165025260769635,0.00013181871844315728,12.324355423220508
348,0.04042889164229002,0.07959584901276684,1693505856.7936277,5,7.290384534678114,0.9065386497021221,0.9965033115481612,0.7535628001675376,0.6132473770824594,0.023751006614054465,97.05238531828759,1.5168523419001608e-06
349,-0.22470118405459405,-0.024941157593452168,1693505857.149479,4,1.0552156623430646,0.8918868227685158,0.725666686107998,0.7873080353210844,0.7161520013258512,0.0023674450082990213,0.2214618532826381,2.912089696584376e-06
350,-0.06472443858008936,-0.11637320185699407,1693505857.515659,6,1.0594512599788695e-06,0.9257737392660412,0.031887908139665334,0.6960487808149204,0.7015968220659732,0.01645906574968895,24.674787679166506,1.9217095474234195e-07
351,-0.0006459111756367264,0.05036466321853805,1693505857.8671513,4,3.3531841371129603,0.8765716159240143,0.40641688286205746,0.7651489414935322,0.7655900340032648,0.0005793868370790596,4.15654160510565e-06,0.0019596121266249947
352,-0.15359463270502505,-0.27429580400147624,1693505858.216809,5,16.73049272544437,0.9451828635722171,0.0006249772263827807,0.7219483822784478,0.7246070941733821,0.047164632328556604,53.15203764392741,2.1729244633799337e-05
353,0.04857606562905492,0.08173928205917502,1693505858.5771008,5,0.00017338494999112958,0.9362925931804217,0.5913737789686836,0.7970491666507818,0.7123018850659917,0.09353399274973812,29.176565275593557,6.286189161263314e-06
354,0.034179262989976866,0.08059222590945492,1693505858.9653864,6,0.00011979615338356066,0.936858737273405,0.7009783344730047,0.7981961536424212,0.8639830045691831,0.08564362086467991,62.05032058437673,4.97391549801474e-06
355,0.04866248332908196,0.0799571505144634,1693505859.333572,5,0.568021812941352,0.9363169648627536,0.5765005290659274,0.7972987149379359,0.7174610408408713,0.007193575590125281,39.068024875157015,7.045688629855831e-07
356,-0.15498012814976314,-0.276768538447568,1693505859.680033,4,0.563942517490499,0.9503918203706477,0.00024565296661256024,0.7933934555759512,0.7167826081159423,0.0072117763475571806,43.83413564836601,7.66904497095595e-07
357,0.028987581087314473,0.08756595539650991,1693505860.0445964,5,0.8842536949995616,0.9355156414591415,0.7956726414456514,0.8023233651134897,0.7323812675288001,0.00448321313211641,68.06214363653,1.6159478840183223e-06
358,0.04933012957952454,0.08297224894628585,1693505860.4102793,5,1.5663753589892875,0.9297885454700947,0.6026074285296739,0.8064100488283805,0.7120504178963,0.007230347684068085,30.38809105340502,7.188749232243292e-06
359,0.031943422665244636,0.08164107543393229,1693505860.812272,8,0.39646113204098926,0.9323947365603508,0.6001444886673121,0.8092700978801945,0.7241928151157638,0.009439180369892849,36.25694698031682,5.569387773341257e-06
360,-0.26463998418113976,-0.008207655920646761,1693505861.1683822,5,1.9164981758466446,0.9416929535281636,0.8107840384541067,0.8186296381465359,0.7139368209184062,0.007271103593213021,2.5239799353219205e-07,1.078589413556312e-05
361,-0.1077400111118274,-0.19440561083530805,1693505861.5458453,6,0.00032195838265709954,0.919260563266157,0.013571619690209497,0.7904834841240769,0.7439285956918146,0.0033678775903199284,0.31461050543951624,2.6743056815085502e-06
362,-0.21627532654964865,0.0032800010677157543,1693505861.9213746,5,1.6189431832683323,0.9518650738040946,0.6182847361771424,0.7724125467215219,0.7323206457902823,0.012282587739794095,0.0035745871321769206,7.281812063641587e-06
363,-0.35468298929207887,-0.08601023704034749,1693505862.29248,4,7.118569775999303e-05,0.9260321146252662,0.9947358143909464,0.7811483972542067,0.7134990329405743,0.017887702673240708,0.0023038927254611452,4.252236889086097e-06
364,0.043828026800582176,0.08906832939797382,1693505862.6511357,4,4.881562851708011,0.9123639614674804,0.5017342876955085,0.8078117473122715,0.7221579776527812,0.004695008214050709,66.7640915808788,9.947039010990601e-07
365,0.04125404322332071,0.08872225824400182,1693505863.014723,5,1.015271170181392,0.9331700822335831,0.6662230825584531,0.7411955057291443,0.7057697910385926,0.0023647379131937402,34.25022953153778,2.10543944438553e-06
366,-0.09009733006621534,-0.14336166353309165,1693505863.394965,6,0.11530384091360435,0.9213878444858705,0.024424751662569934,0.7535554355158992,0.7382989680700695,0.009066434077413378,0.028960909820317415,6.703827859732081e-07
367,-0.08315624371484076,-0.06850524869751284,1693505863.7619123,5,3.849374755742265e-06,0.9416600273897935,0.05265690070066539,0.7898877023962533,0.7225019814376883,0.0014855903213560851,0.014442584811642668,3.739085339648547e-07
368,0.011739479072840675,0.018616325638964315,1693505864.121277,5,2.3872581572663343e-05,0.9118708820639783,0.1012677922605323,0.8656399617835853,0.7077384853651575,0.00540517473723838,94.02586857761001,1.3447415275534945e-06
369,0.027526031377977156,0.08104175428190352,1693505864.4964101,6,0.0011948776605218135,0.9272886541875585,0.5212907618003157,0.761813524372887,0.7296073208740894,0.016726256774918888,25.655960723168178,0.03868565868998367
370,0.04685263240795379,0.084109994117196,1693505864.8494475,4,0.3236764214463433,0.903043640798346,0.7973228492488637,0.781282596684914,0.7150093668753115,0.002763882963648207,45.87053667963617,1.5733128691075232e-05
371,-0.14909502832940036,-0.26633149327569816,1693505865.20266,5,3.533492058912513e-05,0.755361671570855,0.0018555374196673148,0.5945788865924732,0.7031854227199987,0.01229318797042722,24.58947922319579,2.860554862460131e-07
372,0.015382904342660986,0.06525970377280765,1693505865.5439112,3,3.1965214931892025,0.9574010607364549,0.6220599945213159,0.7078202632170808,0.745244522583155,0.0010197661797675297,0.7740231523644575,6.569979064032546e-05
373,0.04708750099926995,0.08802945589458844,1693505865.9141312,5,0.01363660573618109,0.9175115559415751,0.4780218462025883,0.7453975780187964,0.7218285214270777,0.029259738504607523,96.56105344472942,6.942758609213548e-06
374,-0.08543787921979873,0.06423624766516545,1693505866.2684476,4,1.8432134778315687e-05,0.9354036808415005,0.7844623431272066,0.7733633884660057,0.733604670699628,0.007046287423589671,3.284270749671874,3.4876594111700426e-06
375,0.023703066457730015,0.07931162239695777,1693505866.6334782,6,0.701167303968477,0.9482568482523962,0.9981984746338629,0.6865150637124079,0.7091586916554183,0.0019078055338059342,50.75575633330703,5.810993133327442e-07
376,-0.14150141159823382,0.02647393634587658,1693505867.0129375,5,1.8761517363979203,0.8994369123322893,0.425412433051511,0.797544125080048,0.7139068500560452,0.0004621776089597551,7.106462091830255e-07,2.111273454853874e-06
377,0.038730180292439575,0.07894782036234715,1693505867.384591,5,7.222691438581048,0.7951397029260999,0.5986842849454653,0.756097481375675,0.7032945854772324,0.020949287207398967,18.797944019260875,1.0892689828715158e-06
378,0.03179253876769472,0.08594145510830231,1693505867.7372227,4,1.0335384827127314e-05,0.7822979693501441,0.6843966389460545,0.6944162766904345,0.7288571064619106,0.00026602844876461864,36.77293850332665,2.8488197440308995e-05
379,-0.15566946767577994,-0.2779711103861433,1693505868.0933814,6,0.020418512649753782,0.6986583824236264,6.515563298901477e-05,0.5659418194163502,0.7215210562161413,0.0008324912645379798,66.78112731925701,0.7621089666927302
380,0.023046431660629252,0.0771667750769559,1693505868.4442258,5,0.00017510727536872197,0.9080995213869901,0.5184326478624055,0.7349059916947427,0.568283896836348,0.009914494536709223,30.69092170320896,4.5545912657730026e-07
381,0.02325124372567844,0.06889921250944742,1693505868.8031611,5,0.6057084314034251,0.9234470241364174,0.40702467388254615,0.9832331328771169,0.5059401021060593,0.0031802854127993534,46.92155790033212,1.5795680239703228e-07
382,-0.015083136854741497,-0.03223068825252251,1693505869.1406746,4,2.6972908602521315,0.8939335620064215,0.06653670951548643,0.6020383208073117,0.699103553459335,0.004514586305411091,98.81308101089213,0.00013368090380360098
383,0.00971532623492688,0.07676029059734923,1693505869.503518,5,0.199723912369114,0.9150140617866175,0.7856432486444632,0.7643152425998588,0.7399690334676109,0.015467156504106,16.46371264276597,1.8330596171902446e-05
384,-0.05943270627070674,-0.08851551268115121,1693505869.868992,6,1.3000720863831552,0.9304145695719838,0.03876266279990469,0.5782508438149743,0.7522189476119188,0.03102339706960955,3.001595915559873e-08,2.473531297289053e-07
385,-0.13080213827159493,-0.23433978538755662,1693505870.2111583,4,12.541897884983102,0.9087000418444835,0.0072068710889130645,0.8111749013664582,0.7119617109882374,0.001712137678318173,65.07220388319078,0.0003070336534428913
386,0.0340923553844763,0.07974810264950882,1693505870.6051235,7,0.00415310726922231,0.7383929206447151,0.5505293486707435,0.7777232250115013,0.7005578481587333,0.0006133192294936296,26.537247564237664,8.331190967374647e-07
387,-0.10386709301113028,-0.18714814683318814,1693505870.9589686,5,5.349484298302065e-05,0.9424666120166721,0.016029136197819396,0.7145363454024212,0.6557983439296762,0.0011240605728293,44.22725768562944,0.006432954885545605
388,0.03793968567653694,0.058689994846126026,1693505871.320482,5,43.13810352933442,0.7777976970810039,0.8140866290843061,0.7508039079703706,0.6058981667761705,0.020447354415392485,0.0008334854555864705,1.3269782382496925e-05
389,-0.2232351208572967,-0.07131210542355482,1693505871.7014198,6,0.07962652971216565,0.8994386322119072,0.388937360979821,0.8244261871946466,0.7217554877137099,0.007394544270679522,0.008167080533887863,0.07853004020710948
390,-0.04119880118246133,-0.07505616083129318,1693505872.054274,3,4.539292061236272,0.506508468398339,0.04451000278354322,0.7892002727866059,0.7338451525416088,0.03490079877490437,11.619858387520662,3.7665221934988937e-06
391,-0.015024055938174907,0.04760950011676146,1693505872.4004378,4,0.3833672716671558,0.9184939191807996,0.6536934087884376,0.6155311978159363,0.711206547625081,0.00022684214282852713,2.0462446061083535,1.7167896083523746e-06
392,-0.11656675590418164,-0.20914194905406713,1693505872.7678292,5,1.6927921992032837,0.8928740543689616,0.011336531548097419,0.7259315056761264,0.7680106292091302,0.011728070488132604,19.675090794403875,4.1589543462668915e-07
393,0.037322257463373365,0.08329577852848102,1693505873.1536136,6,0.05701510826189067,0.9287421236557254,0.47886184829875755,0.7704633325113166,0.8222670758341414,0.004050651342533862,62.085314436094784,8.069735962258906e-06
394,-0.3420922014122454,-0.3316058510365918,1693505873.6079485,10,0.8774094393368281,0.8077763447157343,0.996968030866242,0.7986339716103965,0.6981187005856893,0.0015556302581129285,0.1688816909523618,0.0011530338064826137
395,-0.07031201431511125,0.016157277957991933,1693505873.9726257,5,3.3199799667906427,0.9092563119929905,0.5758793652806359,0.6696635174559619,0.7250069322961118,4.233139646754156e-07,8.646123221724669e-05,1.5184108318908417e-07
396,-0.15111926693446653,-0.2700454087033497,1693505874.3453343,5,0.00020056156684588987,0.6669852902165765,0.0013207538172463134,0.7357211129226914,0.7430258839448286,6.94315955966507e-08,99.59978397513055,1.2021578722702276e-06
397,0.006374009936142233,0.008667838853559706,1693505874.7178476,4,6.407757293986493,0.7880900273201616,0.08807209679299263,0.7578301747440207,0.7149693728716146,0.006491098118191222,31.362461792696912,2.425763522107032e-06
398,0.039871183296306234,0.08138561176298276,1693505875.0699337,4,5.52982201795492e-06,0.8873226293761423,0.37006398691272546,0.7475020411316207,0.6285302426077021,0.00039947346079745885,40.317531089683264,0.0006174252623699454
399,-0.3528473552286866,-0.04738420086482109,1693505875.4350448,5,1.735488019866179e-05,0.7589890778232896,0.6912751258872434,0.683073734700177,0.7025083600484042,2.5785240525149274e-06,0.06899259595493781,2.4442160480035726e-07
