trial,score,test_score,time,max_depth,min_child_weight,subsample,eta,colsample_bylevel,colsample_bytree,gamma,lambda,alpha
0,0,0,1693503373.28130030,0,0,0,0,0,0,0,0,0
0,0.8027277697900003,0.8003263780579202,1693503373.9158864,6,1,1,0.3,1,1,1e-20,1,1e-20
1,0.7477199832694187,0.7505396586573158,1693503374.4990368,6,112.4982267716455,0.9352138428624064,1.097071019172986e-05,0.6548679627526021,0.9788018696829455,0.0013525929600228667,1.5235062798814841e-05,0.0024660357840991143
2,0.69882928431763,0.697332507394886,1693503374.96283,3,304.97037446555635,0.6711273128073422,0.004948165823594901,0.5029368927755291,0.8365762390902627,1.2596289161699271e-06,21.162936497945456,5.526465902278503e-05
3,0.7737492627868818,0.772916141775614,1693503375.5805793,9,83.33108259436256,0.9352497276358751,3.5526783653395266e-05,0.6500459901968919,0.7374528829752343,0.05362498598213738,3.7663816841879152e-06,0.10268646353299093
4,0.7943264778451051,0.7961117867670217,1693503376.211302,8,2.3232762363163427e-06,0.6610314964145504,0.2739600801554821,0.5416745805248784,0.873282060070204,4.2024300166333775e-08,0.20644827846733244,0.2661420819637749
5,0.5,0.5,1693503376.6450396,5,77264.31981043464,0.7260686493791959,8.900055515621278e-05,0.6758132360496913,0.85740583321263,3.752784554670441e-05,3.282354924304638e-08,1.4427465468577488e-05
6,0.7963124218566595,0.7962449254587212,1693503377.4483733,11,5.5304839465120556e-05,0.730897935707903,0.0474614011126012,0.9718394753726798,0.5877013213327719,1.3311094266412297e-06,2.112399857432639e-07,1.22127065665337e-06
7,0.7900778302045995,0.7918316013068558,1693503378.3010066,11,1.6084064829295514e-05,0.5550265793054414,0.0032478890969962347,0.7280609076116813,0.867245114472941,0.016197030993347145,0.016244347332379977,3.174872886389257e-07
8,0.7754621973113565,0.776949065795733,1693503378.9274056,6,3.6687166072637643e-07,0.5765127610106981,0.0017819387991359799,0.7145361736033544,0.8668310404191173,5.441460746504263e-08,6.135617784806894e-06,4.497153855645483e-07
9,0.7734560025960902,0.7775769711616717,1693503379.4791045,6,0.3390509640356293,0.819303964113748,0.00011752452963445593,0.7087888242114652,0.7334070902996495,6.771613407024368e-08,0.005043465803615394,1.928304552838876e-06
10,0.5,0.5,1693503379.9124367,1,34584.429567564584,0.5373299732788908,0.04491601355928845,0.7513149618053108,0.5463054173930131,0.0017357754579028957,0.0002198769048037133,0.003021092808249163
11,0.5,0.5,1693503380.3478653,11,86229.11691302698,0.8311590368902981,0.0005897274731643689,0.7195785070161682,0.8877579382663159,0.019360037224874657,9.547929672655962e-08,0.032798999841660396
12,0.789126922160545,0.7908063656601751,1693503381.1396432,11,1.2033045858449316e-05,0.6963618735100583,2.5901569052680938e-05,0.9117754002302418,0.6447481518959375,4.36496558690991e-07,4.279080956252479e-07,6.020560538515756e-06
13,0.7565340395578748,0.7596589412004006,1693503381.5721164,1,54.177975135258784,0.9269074470028484,0.4251206119609163,0.6510724559040895,0.7370651807097246,0.25301989938387903,0.03209018551807258,4.744355499186722e-06
14,0.5,0.5,1693503382.0057373,5,5863.155694607841,0.8654210833212155,2.4056402248032946e-05,0.6031391350885846,0.9441591927908093,0.00013398338614169965,1.1094557486159201e-06,2.946549041211676e-05
15,0.774043398008081,0.775759147203745,1693503382.5367558,5,65.87165983945577,0.5665420256908735,0.18797738082492807,0.6899040880785352,0.7384390020041869,2.0023360696066016e-07,5.271980128379121e-06,28.732916938042518
16,0.754814604807517,0.7589126060562096,1693503383.1263695,6,9.583982786477127e-07,0.7760735175866136,0.012686622754036024,0.9245132950440265,0.7142844122475831,38.095134863873476,9.055324130182844e-07,0.0014651866059117705
17,0.7699437555455052,0.7713076286357461,1693503383.6572244,5,4.213207703767192e-05,0.8020447477522868,2.5024308459428013e-05,0.7475739539136401,0.7370359927542968,0.22806275760727926,8.601278903225262e-06,1.48213831664565e-06
18,0.5,0.5,1693503384.0926623,3,58432.52428750618,0.726461850264327,0.6214766931628518,0.9480532798629169,0.7204535183844857,0.00012578240492771084,0.0407044340137985,21.868217441050614
19,0.7904708438618242,0.792820931493547,1693503384.7163281,9,0.014729192310826662,0.74697180706632,0.00018922349601895093,0.803747079106188,0.5316345365055801,0.005184830164562648,8.218498019712605e-08,0.0016045065472137165
20,0.7547192264931206,0.7555597051726969,1693503385.2947493,7,110.7484862206809,0.7625560140777063,0.015717218391607043,0.7701834460451753,0.6327912176189019,1.2876117091120359e-05,0.00026959465623227507,5.867707504074926e-05
21,0.7574770723282633,0.7664738002151944,1693503385.9186945,7,0.002330114239545617,0.9767009626755561,0.009624874557112816,0.7370430135211314,0.9977497692645456,1.7944764688291702e-06,0.00034931599788609304,0.00021977414960625108
22,0.795082629121362,0.7908012188948805,1693503386.4934568,9,0.2691351094569677,0.8440280908468059,0.0011478422508765925,0.6087115140449371,0.5734333730450677,3.5241042593846294e-06,9.102484684538397e-05,4.835484703643903e-08
23,0.7889635414830667,0.7878759329426325,1693503387.1340363,9,7.824692692478575e-08,0.5186477721751701,9.919080268406207e-05,0.6111401176291834,0.6323279757680365,1.3966736831970545e-08,7.119265011836167e-05,0.06716654840972078
24,0.7710382935807021,0.7712679172782626,1693503387.6086843,2,10.64445199927315,0.5459350644275658,0.2507504901190201,0.7240179651782876,0.7821551209408892,0.00016488447055997766,1.0731410002375523,2.3207758551139528e-05
25,0.7622423629221116,0.7595978030463486,1693503388.0958853,4,3.1205861625464983e-07,0.9088783115907777,3.1786777724417273e-05,0.5478533075561531,0.8485057471636288,24.257867883389313,9.684273638868709e-08,8.605376717589176e-06
26,0.7557585126083132,0.7600162486089175,1693503388.5632286,2,0.0014783062960563693,0.7840294544450601,0.14097672702039707,0.7142169591472841,0.8883171437843399,9.40183151420105e-05,0.0004941501481287423,0.0003343119022678631
27,0.7474582241732901,0.7475729277003269,1693503389.0328748,3,0.00013965574291942927,0.98602453348047,2.7073866011978864e-05,0.8160432720636454,0.5712722547703779,0.0012613958252021174,8.442173309363862e-07,1.784718162968521e-08
28,0.7603884234977164,0.7576587592216153,1693503389.6256905,6,0.005988660098832606,0.8359060887862416,0.00017087611111883964,0.9829942039404488,0.7146510831018287,0.0336541191189401,0.08018008242684667,30.936546754610948
29,0.7982862404468554,0.7981418199845158,1693503390.2993531,8,2.3886072174526876e-06,0.8251195772059816,0.11574087165263998,0.920312652236422,0.7323216626500265,0.049390629521137416,16.259040691146957,0.0008917569127292337
30,0.5,0.5,1693503390.7297454,6,29478.820902447744,0.9938274397336369,0.5287397264886378,0.9799718546878574,0.6277414500193026,0.014060756171024145,0.0008500114887147445,0.0006273982809832276
31,0.7579392133876652,0.756763425222146,1693503391.2204695,4,0.00957057843633127,0.7503143511532028,2.246935820288818e-05,0.6737197146616152,0.6429888974756295,4.7758215582478524e-05,2.081559173267126,0.002015880973524279
32,0.7368216045507581,0.7349860120400177,1693503391.6869984,3,3.649125890745209e-05,0.9624336390862935,5.192223939821836e-05,0.6889345920800265,0.7365991705080239,0.0039608572521635885,55.428049804652424,0.00016721157146366064
33,0.6403492521365117,0.6450302387359588,1693503392.199577,4,623.8202269679718,0.9812777767540886,2.024349396074708e-05,0.9963838226310598,0.8663390958651838,6.941234127704476e-07,1.3142958781565966e-07,5.6467166002684524e-08
34,0.7643580614426351,0.7636549033192328,1693503392.8627067,7,0.00013302630322763022,0.7636408178480133,7.950471521594914e-05,0.983605649839135,0.787244374801829,2.352453847244828,2.1722596429200695e-05,11.837897091508626
35,0.7640601760911191,0.7675336004540638,1693503393.4088795,5,0.0016126570953039097,0.8961106745545184,0.0010566031813754105,0.9418650799736851,0.7050148443638087,9.133329570370098e-08,0.0006741508512830653,0.5093448443179751
36,0.788945415853201,0.789329433638299,1693503393.8651466,2,2.692954395243535e-06,0.8447711224869415,0.8331090117233078,0.5811625019018989,0.9985582467430041,0.0002990081926025445,0.5580844569506217,0.030129324535940718
37,0.5,0.5,1693503394.295859,11,1106.6274129935848,0.6838319067407004,0.0003076972601298506,0.7778046045712517,0.717783632211646,3.1159043550605153e-06,0.0010668505569955719,0.0005678271059224399
38,0.5,0.5,1693503394.7285745,8,83699.09851122802,0.7646396567820347,0.827706440029291,0.9161540279546119,0.6765271510987612,0.003061437656901686,12.686932213036632,4.0258229052635935e-05
39,0.5,0.5,1693503395.1552505,3,34787.383223253186,0.6269961184649048,0.37863495981080675,0.5396198762971456,0.5883109937158475,0.26223878631723824,39.69966847514918,7.644768082188096e-06
40,0.7558351402711245,0.7525587617706184,1693503395.7537518,5,0.024915497971837397,0.7433536085126432,0.016144925009122166,0.9967045958156893,0.8320663024436629,33.99948143897,0.004462773525060992,3.861090264012308e-08
41,0.7616254664849602,0.7553868009470373,1693503396.2898138,6,16.24652627456927,0.7731513344561975,0.002926704100605325,0.5364926110670356,0.8297432998907666,8.823087319515633e-05,0.2711484573266516,28.500004676532104
42,0.763697038472087,0.7698742003247284,1693503397.005836,8,0.0029640103102763615,0.8623264535453161,0.0002740252608638692,0.8245245854147576,0.9923917930810111,0.005632099466270313,0.0162750091620311,0.001870571336898073
43,0.5,0.5,1693503397.4533808,6,96930.25000152069,0.5881258535255351,4.473735428621581e-05,0.8560537940022142,0.9389529368953358,0.0002221012923913967,1.1212199754430363,0.1684887291761445
44,0.5,0.5,1693503397.8819501,9,4704.684428712437,0.8533341556004297,0.0016103283802892073,0.9882101522356079,0.6056405477645515,0.000872288213944438,0.00037779490521116973,1.7897949939671396e-07
45,0.7981517357728181,0.8021834257850394,1693503398.5282028,11,6.878947136663311e-08,0.9056943640906787,0.11616858651954186,0.5544297463948877,0.6888180160102697,1.7165069511324223e-06,12.080888212200126,0.03921050621657381
46,0.7896593156612193,0.7832402143535645,1693503398.9988487,3,0.009557608405669977,0.9435351975550486,0.9585537093081551,0.6875609746704429,0.7395899036785754,1.9785940824626383e-06,9.29346350366776e-07,0.0010978701865724271
47,0.5,0.5,1693503399.4374216,6,48673.754488401304,0.5286108549373834,5.566154804463141e-05,0.6405062706940864,0.9040132730412819,1.4248992424558045,1.2460765583501404e-08,7.788566285224087e-05
48,0.637211518100254,0.6479324048767389,1693503399.8767452,1,1.7094063524006955e-08,0.9038689186700546,0.00023737616979541246,0.8561895506021133,0.8641664602457779,0.001035126214635995,2.9251197827653597e-07,0.00025897597475483056
49,0.7852459122954523,0.7884001309878856,1693503400.4904995,8,61.44500851617092,0.5211811610958257,0.3963378541483999,0.9566139236505113,0.5556553841513985,0.0009255041556864915,5.802044250080292e-06,0.0004472931272717992
50,0.7474838500637898,0.7470175240044457,1693503400.9460282,3,43.281097151962996,0.9016655634685649,0.0005680844647898106,0.6572647811726922,0.6215431449061214,3.835098259730422e-08,0.004695239692324097,0.771710095877867
51,0.7473950969796203,0.7546458563622864,1693503401.4241786,3,1.4701405298778443e-08,0.7740226229458471,1.2883782583339374e-05,0.6898378878522171,0.7125110004603,0.0024172210054148402,3.2676454297258e-06,0.03429431471175393
52,0.753098295165757,0.7546907280291836,1693503401.9012582,3,0.36371607107639303,0.9595629713850004,0.00026986010545325287,0.604573393317273,0.7602434865765322,7.742153149807684e-08,0.003193538201299358,3.808963631090985
53,0.7736490093030733,0.771626646819295,1693503402.465732,6,9.808569341122968,0.6315596749848231,0.001092984554727193,0.6533123486738726,0.6886790927261298,14.632284877625157,7.194147382404026,2.2659537556040277e-05
54,0.7846461414534155,0.7882969383437293,1693503403.3205965,11,0.2191368856447346,0.8392926814521358,0.0001319851629503417,0.8629145400797301,0.8786550359601389,5.121888379160436e-07,6.60077691391766e-08,0.004454217488953056
55,0.7847221440945071,0.7877017420256492,1693503403.9266853,8,8.494161078007037e-08,0.9914425389741415,1.5031649110119097e-05,0.9627416749203896,0.5252247805033455,0.1164013635914333,5.0832968146408515,8.555286433678201e-07
56,0.7246563068066616,0.726880290112866,1693503404.4013937,2,0.2261934018005529,0.9713453534789678,4.0188149299949996e-05,0.9493457946576231,0.6854335860237315,5.921785546889766e-06,0.20890774027693218,0.007901982211206736
57,0.7067211835611287,0.7089226029705883,1693503404.910255,4,191.76999875602976,0.7994507656342781,0.0018453547789779629,0.5869462690789684,0.9183654132281838,23.661087311310144,0.024781224189826558,28.789896759520218
58,0.7802629891388726,0.7812345605506238,1693503405.385192,4,0.00260070572283126,0.8728182498179954,0.12980023826063403,0.5845732799433664,0.5305834815299026,0.2106617409963708,1.018857415148691e-07,0.013654975824890553
59,0.6758182346836553,0.6798503136452314,1693503405.8384693,1,0.16697397541238823,0.6950473486702358,0.053519108038974104,0.9492592358710501,0.7489059460181539,0.06685891881379755,6.897155113487e-08,4.689866505095394e-06
60,0.5,0.5,1693503406.2917624,3,5131.819953825648,0.5124644067269204,0.0001488526669876003,0.6019888606716413,0.9813810071365647,0.5911666469459042,9.844003124709821e-05,0.0008255656297917567
61,0.6816550625134223,0.6879838145608547,1693503406.7266872,1,0.28590317718827396,0.6277938327882846,0.00039383974190068124,0.5281047952738434,0.6666778202840957,0.00334944883506542,0.011485558716662358,3.007470943224812e-08
62,0.7885005253932574,0.7901156291252848,1693503407.2614474,5,1.1240856608495238e-05,0.7662579871112523,0.6447237180417955,0.649606526455971,0.795632379452484,1.3987760857172125e-06,0.00041538265318740364,3.359243731952045e-05
63,0.7532285496921018,0.7459646583546046,1693503407.857229,5,5.243259615060939e-07,0.5318704715022724,0.0200389978575344,0.704115549574106,0.958776025954317,0.0025780638851452746,6.144267212807506,96.97572233874001
64,0.7530651690146234,0.7511585707281084,1693503408.3647883,4,0.4328867408511612,0.7911944724375767,0.0011472157828820114,0.7513271862888353,0.6861376352326051,1.2761607494044393e-07,78.70359064301194,0.013930780990781141
65,0.7845502631216434,0.7858511142110288,1693503408.8589435,5,8.917097424846824e-05,0.6470332688098983,0.05752259462238599,0.5133819928046994,0.5041833646931679,2.0899385044126273,0.00016650850326151888,3.5579009285389534e-05
66,0.7940569684796547,0.8000574595712783,1693503409.3697531,4,2.564785922005589e-06,0.7524020606920645,0.5349082103069291,0.7647579375354574,0.6012721734288943,2.3028938078632133,0.01744695640509322,6.679507944211074e-08
67,0.7770803785431544,0.7819664034872749,1693503410.0618627,8,5.802058610829052e-08,0.701435866725777,0.008062165650704044,0.6470766090133081,0.8882550076328475,1.841582631776123e-08,2.723538662021886e-07,0.00012646431494757568
68,0.7910862402468487,0.7913676339596686,1693503411.0342398,11,2.044269477282356e-06,0.5711472523303796,7.690512074941764e-05,0.9656544766899362,0.8156056996400833,1.1397459819951632,1.939374786629657e-05,0.03282458389690016
69,0.6827320999404729,0.6746929162170809,1693503411.54757,11,315.6187783926171,0.6036031451946278,0.00022413057260032407,0.9247764625368489,0.661225785585611,1.264354192501127e-05,1.6289167433060299,0.0004053538934578193
70,0.7869390961335907,0.7865022477413894,1693503412.101049,4,0.0005895224967415355,0.6414090724661947,0.19862928122792953,0.8964608278060291,0.713594814756247,0.018866805453692084,0.0002168821540840074,0.0002949330920615119
71,0.7652768433703072,0.7685322760830007,1693503412.694494,5,1.1765687265225238,0.6653307155934951,1.3345900089267276e-05,0.9174320529393774,0.7464124654841797,0.009470153576449043,6.055467189379466e-07,0.02643383501510446
72,0.7505279558464657,0.7554897497970483,1693503413.178861,3,3.293105967127846e-08,0.5033749323102135,0.0011740829707363356,0.6560271731135853,0.6102846726141692,29.996475672078326,8.71527509500116e-06,2.6117462510584433e-07
73,0.7783157964739275,0.7827473438560122,1693503413.97273,9,19.716021513383115,0.837407155690532,0.0227024265303811,0.9543538815632021,0.9423006388858222,0.0009606776198720653,4.268648777484858e-06,0.011191528772892123
74,0.7803664927356226,0.7818603259457296,1693503414.5307853,7,0.0024859675610676415,0.9310080923725321,0.9316260211914675,0.5067311403972198,0.7105793288619798,8.05000488526782,0.30662962973324787,5.401409128029546e-06
75,0.6758302351006698,0.6797450758390765,1693503414.9654696,1,0.37503946325971876,0.9092311371281048,0.05876943785765681,0.9404871878953053,0.5157456290436442,1.3550147334246652e-06,7.695792896767885e-05,3.183618853149173e-07
76,0.5,0.5,1693503415.3957074,4,34423.18546778394,0.8640793373814948,0.626573823053747,0.7378388894813808,0.5572995248442287,1.2365408408241837e-06,0.005911090498077477,8.590951825565047e-07
77,0.783893490298788,0.7814094963941628,1693503416.0538197,11,0.0006499963876768923,0.9782776972531306,0.03448595062534029,0.5219232050076246,0.9519478496329932,0.027119976331332226,0.9834003658591856,11.763406056059331
78,0.6777173006761985,0.6762317854960416,1693503416.6154604,4,0.0034647009974074047,0.8059057785123773,1.0087476635164148e-05,0.891298830558813,0.971457499437524,98.30605580127227,1.1249375230639977,0.9568737927351164
79,0.5,0.5,1693503417.0580072,7,25629.22813309226,0.6578697424678368,6.589390329971488e-05,0.980738951025145,0.6381058030930147,4.5668743890747e-06,0.09580611901848474,9.145688286738718e-07
80,0.7523192680945664,0.7562754983281005,1693503417.5807655,4,81.77262088940145,0.8305920331533152,0.0004463102220660724,0.6155271504668297,0.9940448749885675,0.993966317876946,0.0014782102168901389,0.00031331681251867507
81,0.7694712391255597,0.771394365175079,1693503418.190394,7,77.66752306968024,0.8264918795991916,8.96677120108578e-05,0.7235003798839383,0.8017964418670331,0.4184911615940582,4.567677115821964e-05,1.793444436682372
82,0.7559242683683258,0.7592575747721385,1693503418.7358177,4,0.0003687927306276512,0.5409224280299834,0.0013467454880279279,0.6429546546471965,0.8936441677287094,6.640900334709936,0.03023429409508798,0.15323244328514765
83,0.7942858514333373,0.7972398087342829,1693503419.3048782,9,0.012067212512947524,0.7577011789172332,0.09111276715959832,0.5240954216647846,0.5579132261639478,1.5285085046616254,0.09625977483524678,3.438461563610437e-07
84,0.7293638453936274,0.7362491636845,1693503419.794048,9,185.23018420640304,0.9147561710438389,0.06065307581761854,0.5272392473024924,0.8000735990489074,1.6294036055877663e-07,0.0002497838983453035,19.845547010199702
85,0.7929535551360409,0.7954575110010077,1693503420.4771442,7,0.01184301880870161,0.5112564161267819,0.6713357967884417,0.7825481466637914,0.7824509160876758,0.0005227030610759815,7.828568508258434,0.0016419762331772998
86,0.7715425611039983,0.7706178672774379,1693503421.0876667,6,0.004883584906662113,0.8126137977220154,0.005195930329910998,0.9824958627691137,0.700959901626996,0.018418443843675792,2.906493786654062e-08,9.219299292991462
87,0.7896396899792267,0.790406922496839,1693503421.7072647,8,1.2956839457930087e-08,0.7877346246141932,0.04475105621830951,0.6899351530437556,0.696321746355949,9.41547598836833e-08,3.2443668379164006e-07,0.2734267108338476
88,0.7933974455612333,0.7943442114913128,1693503422.2920918,7,0.00017696839363899806,0.5614597250181557,0.17675389476718437,0.6577473868128003,0.5328756679454945,0.00015173477099300403,5.2155453160670155e-06,9.321315013595815e-06
89,0.792654294736742,0.7979144142232106,1693503422.9915295,10,7.412207246625255,0.6814631026798971,1.9608548545810808e-05,0.7754996657285755,0.6381188057802547,3.4165489626915506,8.708150503065017e-05,0.0036864588080904944
90,0.7670192789199425,0.7656853428603029,1693503423.624597,5,0.014506420852829697,0.5022178285305376,3.14048811729655e-05,0.8045736648075733,0.9006233381100085,3.489703009405124,2.55928971654775,9.90166251929256e-06
91,0.6381655512529061,0.6473880802703601,1693503424.0764103,1,0.32976980741767564,0.5755629112514133,9.429479712938385e-05,0.8007440228843834,0.7595845835642596,1.840964559684839,0.00032177304933427844,0.0001944078803419691
92,0.791066614564856,0.7871081168253962,1693503424.6193008,5,0.002159477373758531,0.5785576335397498,0.13893754547470683,0.689213414667132,0.5898870665607414,2.6685184646193504e-07,11.297333172444624,5.825442313280682
93,0.7367118507368131,0.7352671202339363,1693503425.0966005,3,3.2756321869175413,0.9464193359472579,0.001532051313879158,0.532341396105291,0.947991477945121,2.1681092042906016,16.943560039866245,0.05229145358153
94,0.7962807957576525,0.7980458869882486,1693503425.715724,6,0.09920199039847818,0.9690730345861958,0.2506535253480759,0.8290165485436547,0.9815249872779379,2.822014488099636,0.0016718894127628668,0.0001232774876685602
95,0.7832169667895961,0.7841154082477888,1693503426.3794622,8,0.001622481214020173,0.7584148220449273,0.000137624428602304,0.7803457197640216,0.7673950062034602,6.271697542664719,0.32408673010743083,4.7314267195683374e-07
96,0.810908554072254,0.8129902243152641,1693503427.158103,9,4.107227246855808e-06,0.6562179220010587,0.3496925797980485,0.8023607311969934,0.8493948984941333,1.249941451733196e-07,55.069963055644216,1.495693777832616e-07
97,0.7632560231468044,0.7628890917316377,1693503427.7807047,8,1.1147401124782383e-08,0.6359103452560111,0.0030941062135599606,0.5883456131170729,0.8168264010184847,0.5748262636385194,2.2788658278237963,90.9523503542354
98,0.781452655479778,0.7861384797880162,1693503428.3403254,6,2.365265031750138e-05,0.7004563605731251,0.0001528332878110359,0.8769758148716498,0.5122216700853408,10.419211715369652,0.023942800593780258,0.1352290234751302
99,0.7730766144123509,0.7769083928057864,1693503428.8869731,5,0.004937570634955183,0.5342903294751449,0.014171329622303353,0.6604063989923801,0.6733014337576213,2.8845629696937163e-06,8.401220704372122e-07,9.523913744630022e-05
100,0.5,0.5,1693503429.305331,4,38254.0424479366,0.9171949767600562,0.0007564239081037583,0.5880700545397799,0.5605481612838494,9.540627203486043e-08,0.035176346747562585,4.1268862713255115e-06
101,0.7003470870612754,0.7006726361739964,1693503429.821651,3,0.00765859085306299,0.8017989673158249,0.0001568234950021051,0.7862155293148361,0.9369607130234489,96.2671016134264,0.2991070013847445,0.00016490354163916425
102,0.7856296756312281,0.7885452291368351,1693503430.3824258,4,5.714356440995347e-07,0.7173507828711925,0.9622262352178563,0.6947762014413122,0.964269129735158,0.16889951054642027,9.703750793863486,0.003314852853809385
103,0.6384333105575419,0.6483025656543728,1693503430.8265214,1,0.0002469800335846761,0.7986922544749772,0.00013560739955988834,0.775591301565473,0.7188387420546114,0.05937224441154279,2.316332263436605,0.00012675182489145956
104,0.7134169162378392,0.7120166621921412,1693503431.3245785,2,0.0003646650962966808,0.6464454457941201,3.043093509454688e-05,0.741566185144759,0.9981735037624266,5.717912790588466e-06,99.69441768246796,0.27971154632263534
105,0.5,0.5,1693503431.7600513,1,30926.13294051009,0.7063259396808345,8.089818677135002e-05,0.6559357708415335,0.5825194121107911,1.2936353617816603e-07,0.000633254783040685,3.327895734013119
106,0.7654817254899607,0.7679004970989717,1693503432.3116908,5,0.01630743051306538,0.8794735841245003,0.00014758893830716508,0.9271602389884785,0.6579774558563042,0.002295157037189635,0.10076067940641455,0.0012016512227823468
107,0.7627645060665857,0.7709556576101927,1693503433.071985,8,1.5094422181350464e-06,0.8826993376686336,0.0008208277086624185,0.9951782231089074,0.9374058172796385,0.06679747055325252,0.0001554084911281045,1.253763184645849e-06
108,0.7828900804302951,0.7837379878222657,1693503433.6022058,6,5.22191421595153e-07,0.7446765016130584,2.1218550004520446e-05,0.5918535604647024,0.632030150716095,4.780717416397906e-07,0.006869667413020919,1.0433706554659579
109,0.7794382104778141,0.7776352108742157,1693503434.1488144,6,43.994654234275124,0.7287533777873105,0.003304328598200984,0.6800547747881627,0.5695660405769136,0.05924932866826953,4.5101287231289593e-07,6.039925934327483
110,0.7187963531732728,0.7156064090880389,1693503434.6249988,2,0.01087857625551634,0.6579246720593541,1.9822959210211796e-05,0.9022511165949239,0.6118474113627774,8.087598713212879e-05,14.771362417064257,2.4921349144359603e-07
111,0.7816124110312834,0.7825079650933374,1693503435.1365926,3,3.866142394160734e-06,0.8810941666568425,0.23249953218631456,0.8328444347328443,0.9309691149119926,6.865098670212229e-05,1.012372211204362e-05,0.0013751969016525878
112,0.7997807923825352,0.8047285960320445,1693503435.6689188,4,0.006612289435584573,0.9037653096705514,0.657571462324789,0.8395272857624982,0.8566903557268797,1.8825842078625715e-06,8.00215914415885e-07,3.6305570036466075e-08
113,0.7777587771175047,0.772533493320081,1693503436.308649,7,1.1168658612993272e-07,0.6075245297606848,1.2243070760874024e-05,0.7933503005709595,0.6976940265742396,2.707843017062002e-06,5.00871406907413,9.654382968318647
114,0.7800059802078123,0.7801575999127324,1693503436.8293536,5,0.2763033779476778,0.6023382290778638,0.9742022561566257,0.5069667742364488,0.7273063822153023,11.810897070870594,0.0025005138044647255,17.776952319491844
115,0.7829254566596191,0.7842898971353944,1693503437.4383974,9,0.005976797165858892,0.9475864687659734,0.004775071790609847,0.530052174220567,0.852450116966906,4.4360559210683493e-07,0.051881339539568576,0.00020512488519389697
116,0.6548090046129103,0.6613456878815699,1693503437.8808117,1,276.1772148532171,0.8890125464848377,0.0011119337549613817,0.8105585771003627,0.8728592993350098,0.0002363861787150515,0.4142107823639463,4.360134656342403e-05
117,0.7237435250874968,0.7230429025415839,1693503438.3519437,2,15.318150723560006,0.5059627048331868,0.014912058248996055,0.6043208198731378,0.814140823551684,0.0015119857478189246,0.0060437322844840565,1.6033151726654666e-07
118,0.5,0.5,1693503438.7922919,6,4059.5923627230104,0.7538068236844591,0.06085504189745997,0.7264416505786542,0.61732199814921,1.6895307307465586e-07,3.895244831007303e-05,0.00010667459117758272
119,0.7648464534142563,0.7692679790936227,1693503439.319504,5,30.986318330142975,0.8268394968463659,0.0010065002746054335,0.8097218405445613,0.6164622338653206,0.09096879281426537,0.014752945770296772,0.0004470432575175025
120,0.5,0.5,1693503439.7695882,10,72055.12508914634,0.5648702645839545,0.0016442313948425733,0.8237479656144459,0.6966691728416542,0.00024005097410312968,0.24930180272644067,0.5918590222463364
121,0.756976554935284,0.7585050905978323,1693503440.31986,4,88.6931881248946,0.7085601035101553,0.00036350580771609396,0.809931113849071,0.801590636609187,0.002483786595236498,0.0002287997100217054,0.006338485179535138
122,0.7716533149526947,0.7711630993398026,1693503441.0189493,10,2.4191604810592748e-08,0.7070876341469794,0.00019417740672069913,0.5755817656894868,0.8839026598872038,1.9173536500321193e-05,3.706117866533924e-05,23.543780635269787
123,0.7920251478738888,0.7927664435020205,1693503441.787732,11,5.409549594978284e-07,0.9064509864838339,0.08829982383622094,0.6533269042226761,0.9116745320607642,1.0923759638054988,63.641944042637505,0.0668898933048749
124,0.7076263400153155,0.7101249956963561,1693503442.2944338,11,253.35154031103497,0.6419084471934176,0.021263856483532722,0.6364044498562939,0.7979315692289275,4.718627771108799e-06,1.0245524794274307e-07,5.278894903657566
125,0.7794032092615218,0.7880229949888655,1693503442.9043198,7,2.538248652066632,0.6514113261716935,0.577084316862244,0.5083936135486065,0.9594794443966089,1.6326353532099557e-05,0.009727730518922138,1.2825844379592158e-07
126,0.6383881839893937,0.6480454982720277,1693503443.3537552,1,4.984692141687274e-06,0.5756363717454639,0.00014386164882773913,0.5775806677253819,0.9892881431446863,0.002554058449468304,0.2329000300864458,9.25865464773891e-07
127,0.786872968835667,0.7878881903705051,1693503444.1430333,10,0.005681472851256407,0.5542541524057603,0.01111639498379979,0.773858665784035,0.741734019817216,1.696361038194121e-05,0.0013774120255483095,0.00182406718498834
128,0.7719750761338955,0.7729324218068879,1693503444.6353657,4,0.5946098033567639,0.5679679273027003,0.00837603846639762,0.5735226061821126,0.5947172445221975,0.002387627608138535,1.133188626059382e-06,2.1824551871164493e-07
129,0.7565896664909105,0.7471379447682195,1693503445.226049,5,0.3170432907056415,0.6172074950012896,0.00038157058743815614,0.8979219135418369,0.7313924395958165,0.00027454709708989996,0.0010655497371852478,81.13137608343287
130,0.7811983966442834,0.7822514665639985,1693503445.7928803,6,0.00010979367388941957,0.5027908596259949,0.000560095782080407,0.6841363750514612,0.591955347990255,0.09641507904005366,0.00012576364667263572,3.715619870735026e-08
131,0.7820759271384681,0.7857150229013448,1693503446.386117,7,4.7475141122453996e-05,0.8889863169354748,4.034866112883882e-05,0.8824420949242899,0.636935079462344,1.1339818286582624,0.8789563196446573,2.7089875350839334e-06
132,0.5658361628066575,0.5520186277147189,1693503446.8386598,7,1053.9744354133857,0.948862950101323,7.63819740301951e-05,0.6455636880871372,0.7565293592673212,2.320134421674741,1.7848342045809986e-05,2.773615101135419e-08
133,0.5,0.5,1693503447.2715852,5,22897.328036363277,0.9607390297333489,0.04017115081447634,0.68709356929467,0.6277487775514098,3.2191167039372767e-07,0.0023591219352171113,2.529254160427591e-08
134,0.5,0.5,1693503447.725543,4,11178.81266855876,0.566705067559756,0.01865967210674131,0.7810532514178896,0.8335022772093078,2.59350797956079e-08,1.1191796401262264,2.90296555530893e-07
135,0.6437667458944198,0.6423755101087752,1693503448.2181838,9,388.4028909370374,0.5326266682384302,8.640136257020715e-05,0.6286007977989387,0.9398831835708339,0.19050423441968226,0.7013265586209446,1.3599138493306963e-08
136,0.766753519684809,0.7597609284179484,1693503448.8484852,9,11.949253583526644,0.8547783396155632,0.000698642130480844,0.5467286615803011,0.9076235934559511,0.003270890803211578,0.03914130161420848,77.60383002793303
137,0.7656641068277122,0.7669586796824207,1693503449.4941678,8,0.010493292536949392,0.891680440113092,0.06055751984428929,0.755748848257902,0.8403392760657171,31.757957907715188,0.004080426861503504,2.07472371736974e-05
138,0.7972277036627023,0.7991095337569698,1693503450.1685681,11,3.395644468255937e-06,0.9811852935346601,2.534813174892019e-05,0.8706558989065593,0.5119590753363003,0.15454019407425953,1.1114331810539959e-06,0.000739022984141965
139,0.7867069630669666,0.791934712686297,1693503450.797578,9,3.7444970594995606e-08,0.7382048175840317,0.010396488819678166,0.7172247706574764,0.5673714294541957,4.857550915623403e-08,0.0017909765318409369,1.2107838816690835e-08
140,0.7318814328797927,0.7338914440471715,1693503451.2751665,2,4.2758305397889614e-05,0.7069223341376528,0.07888991655147358,0.7709028988528279,0.8454210305860188,0.15633488200934523,6.766516765438538,1.3541025923217562e-06
141,0.7725255952644354,0.776747989802145,1693503451.8860989,7,0.2770747241824533,0.9542723351573683,0.00041356181913719157,0.7665681911087772,0.8436458218029359,0.008522156860643249,1.762522675313081e-08,1.387009001368313e-06
142,0.7728066050295247,0.7753911670293013,1693503452.4473977,6,2.2012408520761046e-07,0.7274371191120617,0.00022220315551539928,0.6984227558249763,0.6627040041184182,2.931175661676962e-06,4.300963779671149e-07,3.017960530498534e-05
143,0.7779892851276581,0.7809145401022544,1693503453.1005263,7,8.156956944516853,0.7548594607549368,0.01034219288384718,0.7914480478056528,0.8796211143024668,1.2995697645537154e-06,1.5385412837947262e-06,2.448906310395459e-07
144,0.7694901147814887,0.7693182006876025,1693503453.8261,8,5.671998147974225e-06,0.767202906839361,0.0004560605999959733,0.8282255914372312,0.9029856776994278,0.10591002471153199,15.002366045250714,0.008616225189127481
145,0.7359847004683412,0.7339738735565998,1693503454.453002,6,0.46439397750406763,0.8262951801583063,0.0004999647702915961,0.8325040791201436,0.9423984491728499,34.26793196337604,30.70564347460776,0.002276498308074827
146,0.5,0.5,1693503454.8904986,10,64199.474137922785,0.8236814637177963,0.0021701584167241896,0.9097872378582041,0.6432918979855529,2.20728167427129e-05,0.09088408604903603,3.4075140217512665
147,0.6355194593012107,0.6436704227127727,1693503455.334176,1,1.7224714908135107e-06,0.5732890694218077,3.206001300610177e-05,0.5252404028230355,0.9568209378345851,1.4924325742842154e-08,2.3288198593753564,1.682946755116764e-05
148,0.7765599854594949,0.7815088695967057,1693503456.096896,9,1.8660143698318154e-08,0.8261672733445907,0.0002712527293139871,0.8259247855033585,0.8851074656587663,0.07671170000609227,1.6999021938789382e-08,1.2090164245929866
149,0.7967765629855638,0.7917482237090835,1693503456.6968906,9,0.0011121201633447052,0.86081511528676,0.2689875677533738,0.5797934725913094,0.6700456168989732,0.0010241448159257036,0.012639090395525543,6.292409499649933e-08
150,0.5,0.5,1693503457.1275213,11,18107.02131823691,0.943841379810791,0.0184071420066102,0.595229883727534,0.6994277929340315,0.00029232995562760686,0.07981184682017423,6.811266365614577e-08
151,0.789508060405099,0.7931591552381164,1693503457.9781122,11,4.41283914776298e-07,0.988218199501419,0.30513342655149855,0.966835827954285,0.8504497500685279,2.6355627143212232,0.005154800225973824,3.2055960153790243e-06
152,0.7741202756795799,0.7794438519193275,1693503458.5961788,8,0.00017732575070684143,0.9294372161297209,0.0016686995072912384,0.6276452508716038,0.8586937905989919,0.0002809571308706174,2.4885636009633554e-07,0.26671385105605333
153,0.5,0.5,1693503459.0422616,4,1824.3762026363547,0.9184141559781058,0.00012365055310942894,0.8850872396724487,0.9931328798264374,10.104407748280096,0.0021296759555963687,5.508629787353683
154,0.5,0.5,1693503459.4927487,3,82925.18017052792,0.8102210713165868,0.004921553075695826,0.92408938311456,0.8038930668176055,0.0023925991023027076,1.7441456217673161e-07,0.3958778870184743
155,0.796218418590046,0.7972062870392721,1693503460.176208,9,0.0013222296562488572,0.8540393371944324,0.2169422527945764,0.8619121011516917,0.6816835575528173,0.3838087367098508,0.0013820772711801927,1.3745299240903994e-07
156,0.7717646938231102,0.7758301725648099,1693503460.6949503,6,0.0005771491508293332,0.9141199990599534,0.0001265416757321815,0.5999005815930638,0.687427675257626,2.812044256113815e-05,0.005537700040839156,2.2209368533572596e-05
157,0.7809768889468908,0.7822010959847078,1693503461.4075274,9,1.0850680840472124e-06,0.979699602502524,1.970695901863856e-05,0.8787986920767403,0.822119774094504,1.549262847186052e-08,4.3031573713705695e-05,0.062083568787290606
158,0.7787136853005642,0.774152855299425,1693503461.9282978,6,72.58731606443048,0.9902083189896587,0.002131541007500884,0.6581468702766131,0.5745983621278672,0.012273997115718192,0.004686285591309159,0.22595542472001587
159,0.7951567566972952,0.801121688737125,1693503462.477166,4,0.00015277821468223562,0.9254738072179072,0.9763267695953871,0.8417834358263391,0.9531683870086598,1.9449728255423855e-07,13.398865397449251,0.0002790439564914972
160,0.5,0.5,1693503462.921009,8,52636.917346469854,0.9966042970232805,0.006404934419619827,0.6897959912382378,0.8468373656993684,37.00180378443975,0.5794615276792106,21.170895563207086
161,0.7621958613061804,0.7604768705586632,1693503463.5578535,9,4.3890148519041326e-05,0.7434868098803079,0.0003640842204835234,0.5507911268607292,0.7892823511345358,1.373502050455699,0.17728674361349042,97.65510876285695
162,0.8021585000078751,0.8041406051853769,1693503464.0543525,4,7.253679165157142,0.9640674933827178,0.5400314626250713,0.7425918495369768,0.5314247930166831,0.6325034581220558,1.1638790502852594,0.07918761142522127
163,0.8042540728290309,0.7991974621787922,1693503464.8513513,10,0.0011745828789630837,0.5056804944245961,0.16642353726684173,0.9259673061945517,0.6363694410349993,0.030665469986843042,50.10897388146727,9.147579642553533e-07
164,0.7032939394643963,0.7029087431650617,1693503465.3126204,2,1.2239862223580515e-07,0.9704154485221974,0.001256502015727045,0.6951620179570799,0.790906464525357,6.069607612215397e-08,0.0002497400374297752,0.0002545100050856425
165,0.5,0.5,1693503465.744891,2,42256.89574406615,0.7793438766534118,0.001683043395805623,0.77972699851498,0.5212431464119112,0.9187523151339411,0.09520608118216956,4.325934019601796e-07
166,0.5,0.5,1693503466.185201,2,3457.474858713901,0.7199366414336497,1.3039569490704106e-05,0.6867411454806054,0.687274155263988,3.407850960127681e-08,4.954999367441075e-07,68.28226141977767
167,0.6744713128781226,0.676408197648573,1693503466.6306958,1,0.058478702135395605,0.5337429525039004,5.1956194375735006e-05,0.5970239739923122,0.9356978526925969,0.002786963069905812,7.451531221837169,0.019769077120056072
168,0.5,0.5,1693503467.0807347,3,1097.9434385392221,0.6145219526299839,3.79156192963e-05,0.833770859003203,0.8490371403831496,3.0496539618618815e-07,7.020929747287453e-05,0.0027802276740244466
169,0.5,0.5,1693503467.5160787,7,32367.867460953163,0.7116523341716527,8.127344431271771e-05,0.9171942045923396,0.5328366217851692,0.007594206115135461,0.4741958115126682,0.060743777968900015
170,0.7940115919028187,0.7998612188282437,1693503468.1525066,7,1.585979647771994,0.515303688895002,0.27453230599861206,0.9145088171375622,0.585154225363078,0.0006376235449376172,0.0001204036914838542,0.022595418467868732
171,0.7934805734499274,0.797289298945826,1693503468.789328,10,2.3865315963631448e-05,0.8016479245178477,0.0033927104482432487,0.67763390531359,0.5576810867102235,1.2835694459595707e-06,0.0029872771234971595,0.00035662740252442393
172,0.7665546377736626,0.7734864440026112,1693503469.749113,11,1.4880512687802752e-07,0.6771800134561063,0.40078921385277105,0.9836965858559186,0.8724688438952122,0.029069137102385127,2.607689460359916e-06,2.9813406687988e-05
173,0.7710301682983483,0.7759377264153474,1693503470.3278565,6,2.2783691760367402e-07,0.7323000379650302,0.00289193379689117,0.7209253938426086,0.7361808417497604,14.458205111685302,0.4039631926467596,0.00018873300948509835
174,0.7800166055770439,0.7797875474880521,1693503470.877212,6,0.25726237171873484,0.708307530028603,1.602889703896246e-05,0.5596489323394607,0.7616393307393651,0.005842811235029329,2.437282527143114e-06,1.5613868689246215
175,0.7956828999807742,0.7952993427770336,1693503471.5259435,10,0.0014219472714105444,0.9666228952686249,0.00035574017576121554,0.8092037420669744,0.5702967191585259,0.0233721850180891,0.00016811668665054608,1.2951785979816594e-05
176,0.6736579096123592,0.6761928596974714,1693503471.9949944,1,4.422244709152758e-06,0.5782941279507519,0.01908432302496961,0.9838953509498665,0.9820272998469519,0.08522297264264371,1.4130800538698482e-05,0.053902041425287046
177,0.7926267937810839,0.797143212076175,1693503472.564553,7,4.9827918528006965,0.8224124791549692,0.6929190301521463,0.6491967534422147,0.7498886618878038,0.13352306680358272,0.0002037668826505845,0.3060156277266024
178,0.7913228734698531,0.7886262906902249,1693503473.112826,8,0.5932349549811998,0.5281697991275063,0.009347147746180473,0.5005444246750909,0.5022617738647231,0.0018438534084019448,7.183790022957427,4.8132957179517246e-05
179,0.7741507767394918,0.7832860476529248,1693503473.7003798,7,0.0006367634565316034,0.9017129156910717,0.00013034642424201125,0.7869863634187602,0.6486168330426,0.13684753110154022,0.26174290540697703,0.006319582180069803
180,0.7668200219957645,0.7724950686539213,1693503474.325187,6,3.1740001978095668e-06,0.7634737403933489,6.110119508423812e-05,0.8720245747669347,0.8144414906366197,0.4600043208279928,2.327526300225586e-07,0.08873270760448511
181,0.6384935626513022,0.6481998064220308,1693503474.7671142,1,161.65376817533325,0.9421508358746788,0.009652560162975962,0.7900970792598881,0.6156256114851297,5.943857454448845e-07,1.5082151166261898e-08,5.6118482810739184e-05
182,0.804388827511756,0.8015576739340528,1693503475.3835955,8,1.0160668557205079e-08,0.6468337776410163,0.2761523820252135,0.7319375387513174,0.5841472883989778,3.4614047621826335e-08,0.39022824955099517,33.68656427121795
183,0.5,0.5,1693503475.8478417,3,560.8057376427892,0.5025538538206937,1.1445579623586923e-05,0.9595258522776904,0.8437905173100915,0.002576547637042586,62.913403396457475,0.015359303395257623
184,0.6378734161012095,0.6479574208648944,1693503476.2961419,1,3.596565776941499e-08,0.7505517755119036,2.0735238024790013e-05,0.6681063285347689,0.9286873476817337,0.0003413987655699968,8.300122678788555e-06,0.005414313962951551
185,0.637806038759847,0.6481320316495727,1693503476.7407217,1,4.6475833408209854e-07,0.7659881966219049,0.0004831027496524919,0.9621812614413385,0.5976520468266907,4.496407210969929e-06,0.3321912748712062,2.5415999417117335e-06
186,0.7672662875034907,0.763651530833553,1693503477.232674,4,1.417553747868674,0.5835654620541351,0.0438005508601276,0.602751901120091,0.5201434290119317,0.0005029193315928977,0.004222963375129429,13.587570476672495
187,0.7984789971451507,0.8002897547596135,1693503477.9510896,11,0.0008856642978127352,0.7326439357314001,0.10505096239995017,0.5026989989188633,0.8550008528906257,0.021005759532465387,0.00013603370351553552,1.7973576264982534
188,0.765464974907878,0.7660673682863527,1693503478.416784,2,1.1312286283383473,0.8546783011339727,0.2440190691479933,0.7703459984270277,0.7867002175824706,0.014329653170108734,0.6239274364389075,5.214175988483721e-08
189,0.7713296787063351,0.7734953831212807,1693503478.9649422,5,1.6515710547495754e-08,0.629549318535982,0.0014805633337195909,0.6919920303501153,0.6868724224505767,3.8748059294632453e-07,0.01975784310510719,0.2050540760198641
190,0.769360985294239,0.7702897880781466,1693503479.7112825,11,0.02501691756067973,0.7841599250101714,0.008928093191302952,0.9422026457044674,0.6187191230481681,0.2696014728781583,0.0015275372060888624,65.91630083821171
191,0.8097798898511723,0.8009330868773169,1693503480.5386703,10,3.3945894223922695,0.5736525930000038,0.37228463018600455,0.7401584733670381,0.9501994560901669,0.15777204696120473,0.15954922950263706,4.127135223716059e-05
192,0.5,0.5,1693503480.98859,11,95139.16568976414,0.9774301903584259,0.042010935225192864,0.9372230241780988,0.934264799090063,1.9181810779509494,14.284505231021447,2.3161038597038401e-07
193,0.769152603052956,0.771149866735348,1693503481.6458755,9,39.23235459192003,0.6496302661082414,0.0003531727910858225,0.5368467116937282,0.9160997799017648,10.163984437329818,1.0580740403934586e-06,0.0024702566047456686
194,0.7214938219103114,0.7239937403415193,1693503482.1179733,2,3.192603950440064e-05,0.8364132291369997,0.0001843238427628208,0.9992419055546609,0.584091594856605,89.75814725757218,7.955110245836366e-05,0.001589059148670627
195,0.7727089766369382,0.7714449930926347,1693503482.7895741,9,0.0015935635847588623,0.6888321019644492,0.0013513615592601524,0.6902280284460862,0.7412832573941214,7.345867076890157e-06,0.49560861522857214,24.89125192461587
196,0.5,0.5,1693503483.2300444,7,3826.393429944677,0.641160707079796,0.562051003066494,0.5501932657775347,0.9344401408500391,18.495824304956834,68.10914481744666,0.0008764042352084295
197,0.7830039593875886,0.7802473838788845,1693503484.1112318,11,4.456231397015351e-06,0.5753448277138422,0.005977799299735551,0.7626004179983414,0.9382145059663417,4.818239621663423,7.594346070091821e-05,8.899012896660846
198,0.5658361628066575,0.5520186277147189,1693503484.5976496,11,947.7957754101884,0.8593851460023667,0.015917255283109017,0.9661868240281322,0.9528381074875829,5.139772125012611,4.100760970872108e-08,0.0005108771175715671
199,0.7803472420666616,0.7850807517993836,1693503485.336216,10,3.90868483866769e-05,0.9547100616398914,0.00039102565071483654,0.8554676211088968,0.7893961027803233,0.0022789204455282933,0.06692628449071257,3.648653871158558e-07
200,0.7682506967117108,0.7647148660875327,1693503485.8357098,4,0.005022484815905023,0.650011059008758,0.027659082845005553,0.6543064797084168,0.5913178958993056,0.00027388923883332305,2.1595089563851142e-06,8.606198391234113e-08
201,0.7191258646237957,0.7149946618563011,1693503486.300798,2,6.394750182578347e-06,0.7597167939668998,1.2843921387020294e-05,0.6568964600289102,0.899353337025002,0.0025345198405818596,1.4143029311331334e-06,4.245940496924418e-06
202,0.5,0.5,1693503486.7346685,6,3581.5725516480356,0.8601610312964163,7.350464268003811e-05,0.9266761290816848,0.595956753141984,0.006915327759561149,8.532915477150723,0.00021002713149224594
203,0.7718514468377776,0.7830083254888053,1693503487.3637896,7,0.0001952397931224726,0.5948685499763213,0.47470934265724124,0.943397202694522,0.5411774388039243,0.26402432397360864,1.1947110684268578e-08,3.835413968226317e-05
204,0.7029850537306171,0.7000337058950319,1693503487.837098,2,1.2614099571677105e-06,0.8403283062501317,0.0007087320703468754,0.7297281755785748,0.9745875611752737,4.872086917628766e-06,0.005158264103127216,6.228572080333161
205,0.6384773120865951,0.6481520227695063,1693503488.276212,1,0.003652408448974991,0.8517477668805036,0.0027810784721577658,0.7364339802401629,0.7731732414324795,0.005282571627755179,8.905880096336401e-08,0.014340255809798322
206,0.5,0.5,1693503488.7098172,7,7090.3704329038665,0.973942538271546,0.000468911960184007,0.6621397494038253,0.7668108636223598,9.545202161761555e-08,0.0006267358045535198,6.410483563491971e-08
207,0.7385187885279013,0.739567513519943,1693503489.1706986,3,0.7083257428326429,0.9039861274964578,0.0015253244158655705,0.6217494524932297,0.5975254643852554,8.481252423358042,0.005403005262633423,2.3569476174610847e-07
208,0.77782302935027,0.7817397561966446,1693503489.651497,2,1.1777234158030094,0.6447930893786267,0.9015107540428301,0.6766187249878455,0.8946650351910761,7.226103460510273e-06,0.00381647418131252,0.00010782478068630777
209,0.5,0.5,1693503490.0951426,10,94067.61427496305,0.5601582452838666,0.0040998800964232775,0.6344438648731434,0.8478267819359755,1.8433216419799285e-05,5.14751694722627e-08,7.490919267263067
210,0.7643511862037206,0.764077520470514,1693503490.7953372,9,3.952716676331865e-05,0.6511074880744514,0.00351779664745838,0.6337966567145168,0.8420498035497193,25.54422183317012,0.03393932904513287,0.002485282607377089
211,0.7358895721626325,0.7378648958398996,1693503491.2389562,2,52.53302518836886,0.9439452401457986,0.028703695480790492,0.5439615648166651,0.5475917107314046,1.6014869312399438,0.046002580957992444,5.791721832722148e-05
212,0.7848843997328909,0.7892875010452675,1693503492.004551,11,0.0006916175497014251,0.7954793770298573,0.002555513157794931,0.686864155360593,0.8166284228549301,3.450283796606374e-05,0.27206033595736107,1.2889043772351914e-06
213,0.7532890517945497,0.7515471244196108,1693503492.5545948,6,0.03323522469167364,0.8020067535543356,0.0013644099041943952,0.6797997118691156,0.6999757342973336,35.16734889364614,0.08797424607092239,3.7627355240187734
214,0.7919792712796768,0.7972543551182996,1693503493.2169824,8,8.232331157281181e-06,0.9265712632150273,0.19893857660015293,0.6789292081441397,0.966407936514164,0.004870105349934062,0.00019566846352678493,0.022365569161037963
215,0.6340052816835385,0.6431598229631926,1693503493.6754448,1,1.7508367961132452e-06,0.8474779642466672,1.7779090465226744e-05,0.9628547570242639,0.9542242487164758,0.0010047794559999647,1.1363427741423765e-06,2.5978500455939237e-05
216,0.7644268138317805,0.766081955302727,1693503494.4560575,10,0.01802176030726061,0.8913754384500052,1.3429934374035173e-05,0.7429091522985815,0.9405970163340599,0.020673462855199283,38.87345721464709,0.01987881341842323
217,0.7585483595554946,0.7616538816050572,1693503494.988691,4,0.1185625680523337,0.6524169214669131,0.0005556916359232661,0.879938115708794,0.5690412755406025,6.296449934372396e-08,0.7844531162129559,0.0001446084406040525
218,0.7229806235766694,0.7253306803473828,1693503495.4426188,2,3.8644208089196454e-07,0.8247001164307574,0.0007287373784186799,0.5709376116028604,0.7082298634185735,0.019770134511131562,0.0006710775509381828,0.003948945800426875
219,0.7690803505421815,0.7701690151672737,1693503496.0217469,5,0.009515675387876912,0.8208622770195401,0.00042404096343157067,0.9588112282921252,0.7606636566655273,3.8334784590326166e-07,0.002449518717812571,2.0255224931294973e-05
220,0.6380124209316274,0.6480717196867918,1693503496.4579103,1,3.672281471829028e-08,0.9018623441885947,0.00042363695938315047,0.5413830051134406,0.871584630362662,0.03697450734125685,0.09753168159021273,0.03230947126329187
221,0.7453460257743957,0.7479097022241421,1693503496.9787436,3,102.6955182198081,0.5880154865251794,0.0004918325101718733,0.8352630164616133,0.7924842988280738,4.421532557341011e-08,0.00669365583437539,0.02048846654848559
222,0.7828159528543616,0.7842895179000569,1693503497.7777789,11,4.553519974289802e-07,0.9750303257657069,0.05158564293584504,0.7361774635018035,0.9027278043547698,0.01920377394839529,0.00565125841058563,0.017384691518181568
223,0.6380767981687364,0.6480933496451481,1693503498.227898,1,0.0029287518468249477,0.7828469996255588,0.0011358594397526485,0.877857504611185,0.7261581591671875,8.735818191423837e-08,5.213048883185668,0.011749307893623743
224,0.7823305609869942,0.7868442773834528,1693503498.815311,7,1.3305154083975404e-05,0.8527101678118457,0.000509724657471572,0.8022091774037191,0.6223094569949743,1.1495458972731851,0.00015757602396997491,2.8058403025108835e-07
225,0.7669666520911602,0.7715918790653181,1693503499.4024243,7,0.002380873873098807,0.9160998892885173,0.00018103752521493656,0.6056309010560591,0.8385526303494459,1.91965757475417e-06,3.4442019157530333e-06,0.0021821029091314836
226,0.6368061290129832,0.6444433314188269,1693503499.8645833,1,13.071319394041772,0.5630313990936808,0.0002805951525455365,0.8247551765964387,0.9436008613491056,9.268965820241187e-08,0.0008182377061603613,2.3153847733272268e-08
227,0.7842037510803501,0.7836367184430354,1693503500.6659975,10,1.0422965538673072e-06,0.9251610115901931,0.41776360657845774,0.8274649886164073,0.9794817679277431,0.0014848596644402223,9.24310887830717e-06,0.000829469928391557
228,0.7277120379933203,0.7294130674908065,1693503501.1283755,2,2.428940495743838e-06,0.7583763516555586,6.505741036993749e-05,0.8330218237461178,0.5124994929468722,2.1920662769314934e-06,0.0014069231337639604,15.531019396519383
229,0.7878532529005382,0.7946085385215473,1693503501.8866496,10,0.0001709238441996583,0.9323661832018836,0.3266022107808107,0.9484080395876489,0.7172631555539839,0.07844306387036332,7.518606076673152e-07,2.4365043940763433e-08
230,0.7265756235029167,0.7274063301583298,1693503502.3675098,2,0.12723517505781767,0.6753782927036456,0.004449237382219297,0.8302676335714487,0.8158173569672746,2.978216638739787,2.6980610315176893e-07,2.319671649438533
231,0.762416118960134,0.759736874062256,1693503502.826565,2,6.726980161259945e-07,0.9488511121184675,0.17747938108090724,0.9257988706173038,0.5186034426012719,9.688404047351799e-07,1.2845444037850273e-05,0.5258441893353709
232,0.6384773120865951,0.6481520227695063,1693503503.284051,1,9.02777527951685,0.5751425845123171,0.0012245211581782922,0.9535837895597998,0.6741888719605209,0.13064524259676757,0.015686371952723203,0.010426346334202283
233,0.7236123955307447,0.72530730319765,1693503503.778084,2,0.0020306101256790075,0.5225182618881427,0.025053353041397698,0.6806223905150357,0.8561408843742155,67.27265174596245,3.579745914848305e-05,6.97031750109853e-05
234,0.7317844295089254,0.7306383497780158,1693503504.2443607,2,0.0011643322205148778,0.7097310304086106,6.846852978253472e-05,0.5966005126253866,0.7867557402827519,0.0001571857366319873,4.41276616393003e-05,3.8103524898676767e-06
235,0.7897284430633965,0.7957073322795827,1693503504.9515514,10,8.752728275983245e-06,0.7289321636165305,4.4687818169914604e-05,0.7560690315574872,0.6469869897510097,0.01282135398918353,9.31984671398513,2.3629793345291816e-06
236,0.7539915762072732,0.758680283779636,1693503505.4572914,4,3.1427706744981194e-08,0.9437185195865527,0.00012859781151028986,0.6198101400619848,0.868007451422008,1.1059080093736025e-06,0.01001182679805455,7.603976563707162e-07
237,0.5658361628066575,0.5520186277147189,1693503505.89221,9,909.0919984285596,0.818369787548026,2.3191606271613664e-05,0.7590003036312729,0.5484287170620868,2.4197369787830546e-07,5.6547846284101906e-08,17.782709726596146
238,0.7462789331929285,0.7509728673098082,1693503506.3926165,3,26.287543594380676,0.6263553007595515,0.0008099920169778354,0.6503520488437214,0.82957404824935,2.8039612503522227,8.88750639833668e-07,0.00010013470418180953
239,0.7766181124794086,0.7807804804104497,1693503506.9500463,6,0.05777887207658612,0.7841416701640724,0.035871227038147095,0.7471336101779436,0.6472298453178824,0.01195334022610239,0.0019267118078778555,3.481083408293864e-08
240,0.6726493745657661,0.6715468746660528,1693503507.398936,1,0.00023935402356963298,0.6570038691443154,0.019445682312784485,0.7939648838231861,0.802257107740695,0.07385804408948446,1.3006629432749217e-05,0.3036425764477078
241,0.737553629988642,0.7400751741956574,1693503507.8859541,9,118.47497699123015,0.5601632517696373,0.21401535427291482,0.7683134013138819,0.6585806647840411,0.002083786213810248,1.1067906925594727e-08,98.18430824070238
242,0.7742752810660172,0.7850723544454821,1693503508.4790857,6,0.08544885369329562,0.7977138465740041,0.05736052482602752,0.9114389663548076,0.6935587870127455,0.25079492513926716,7.324189456154243e-08,0.0006897869948333388
243,0.7625071221224939,0.7617723384715479,1693503509.0953262,5,0.00011529326440654002,0.6767598488463242,0.021556019289092804,0.9746692388321274,0.8082792559009296,0.0719029304034834,1.1804016402802877e-07,9.792086817367101
244,0.7757639577975336,0.7837351300131152,1693503509.643042,7,0.0002088028595175587,0.7866620129353774,0.013149625566058493,0.5590837430978057,0.6455541900340849,0.004589986921742001,0.04670793213031981,0.16655445794617288
245,0.7814971570262067,0.784684247709913,1693503510.3619108,9,4.9992503481839016e-05,0.6458879769839536,0.10228240171873729,0.713364549842719,0.7795942282838099,1.3967787008868458e-05,4.53126848235517e-05,1.64453271592945e-08
246,0.7895188107786747,0.794546547087986,1693503511.0492651,10,2.5953046539428744e-05,0.680226213203238,0.17034635131612025,0.7708735710660606,0.5459176305188314,7.030902412557997e-07,9.281469210366715e-07,1.5779619444792934e-05
247,0.7852754133206128,0.7814628195914385,1693503511.5296981,3,0.3705771268058259,0.6631122839162799,0.7937134625018935,0.703096809036639,0.5942532877029306,1.031825153106863,0.2524152445027343,31.652172467857138
248,0.7833189703342192,0.7827655877845697,1693503512.3885865,9,5.009313641578853e-05,0.5786200289027958,0.00025328966413132726,0.8325338014700395,0.9543941318345073,1.464720942185817e-08,2.6188814925361256e-05,0.09559015191199553
249,0.7991542706109037,0.8046943294104778,1693503513.2731023,10,0.6657751179776497,0.6587707695922471,0.25128441471016494,0.9182125289500702,0.8829606042441686,7.631182286837999e-06,0.08581220820166235,1.4777793168911109
250,0.7170075410120502,0.7141001540481028,1693503513.7412965,2,0.01496112245232566,0.5509312704926803,0.03424170188238972,0.5579629385163634,0.7571542113907297,0.004807578007116526,34.64038050176181,1.2099883237605909e-06
251,0.7437457201637757,0.7384227916537129,1693503514.178607,1,1.0403087703659761e-05,0.7114199533851633,0.23553954083905848,0.5399058230329904,0.6759551830793882,0.0002504353767526502,0.0008147113289080908,0.4511313572033637
252,0.7856079248753894,0.7878786282223523,1693503514.9534438,11,0.046766801047058326,0.6401195795123349,1.6231559457751685e-05,0.5908732580263705,0.8510783823051777,1.1541271833404914e-08,1.9953727433707463e-07,0.00048325389423458184
253,0.5,0.5,1693503515.3979056,4,3405.887291107068,0.8607606387882363,0.18809992677635193,0.8833135079843384,0.7471012739205966,0.010627518656529797,0.0012027158197789715,3.0589053567372474e-07
254,0.5,0.5,1693503515.8290062,2,3317.7088387565773,0.9732407663895126,0.0002480449782902352,0.5125199336224356,0.7405741435683959,4.695443732397002,0.04905385476527239,0.0005382535081633777
255,0.7482575019481928,0.7409710635040136,1693503516.3645356,3,9.286669822688802e-06,0.6206916805364731,2.6653248625379518e-05,0.7491605569564391,0.995778976770118,6.715751215379367e-07,16.01060708606409,1.3987995877992922e-06
256,0.5,0.5,1693503516.806086,10,30840.82294619151,0.5768348347329224,0.04147869064859871,0.5235168467303044,0.8503354128226646,9.170889014032832e-07,1.8082288995086963e-07,0.013863593759360278
257,0.5,0.5,1693503517.2567377,5,7724.6297362764,0.8915263559645226,0.03624668282255491,0.9293324719544898,0.8792091793631602,0.1970198123225845,8.39921178220156,6.316020578464778e-05
258,0.5,0.5,1693503517.6969285,1,1378.4383286074867,0.7728930150426985,8.896993476893279e-05,0.8785419305847781,0.774576394854843,8.059649338138094e-08,4.885103062608493,1.6328442421258467e-07
259,0.7676111744883134,0.7622484819818925,1693503518.2658763,5,0.024698543482252783,0.5365358939197926,0.00012176593504076953,0.9558198382949556,0.5079706166380764,1.236624800721736e-07,46.76602597982623,0.3468202945835987
260,0.7744536622647636,0.7782561274746495,1693503518.9788907,6,0.00012117614396756615,0.5929470881063728,0.00808294566580604,0.9315189901866241,0.8962502690536556,3.783929038262822,1.8407469481317528e-07,8.182746193297288e-08
261,0.7603729229590728,0.756068449377947,1693503519.4236522,1,0.0003136502079848673,0.694375280447227,0.45138458312595375,0.8001112534725014,0.5400578966407077,2.611640013907549e-06,5.285498245573002,1.4316576480709112e-06
262,0.6245700788102386,0.6118148304367022,1693503519.895554,8,598.3561722083193,0.6854175778349507,0.00017964914264277253,0.9360201620029874,0.530327379319709,1.2100684534870153e-08,1.11700316756473e-08,0.2554229230975043
263,0.7952241340386578,0.7931161932920258,1693503520.5609806,11,6.043987098983182e-08,0.5759199602327533,0.01478407412984646,0.5309066649480125,0.571917040618481,0.02009879091309075,2.356777055047597e-05,0.00031572346495272423
264,0.7797587216155761,0.7758017976350938,1693503521.135178,9,4.274606959902544e-05,0.5289935192345239,0.00035569940569334243,0.5349523197596749,0.5162162595568665,0.0002480666987400086,3.1990727788792746e-06,13.012427252132571
265,0.5,0.5,1693503521.5721393,2,3600.371676363134,0.949687019846591,0.4625030051124873,0.6769582454074027,0.8487416412938684,9.332406568466122e-05,0.002058488828239016,6.969575924819657e-07
266,0.5,0.5,1693503522.007547,5,4875.13041402413,0.8984035785735689,2.802615606795904e-05,0.8726975137971018,0.5711618234662794,0.00043481190496283634,0.010797352611364627,1.6319518401127875e-07
267,0.8000554269260856,0.80051124174083,1693503522.8388956,11,0.20599236660866097,0.6649894221734256,0.09812493825634835,0.7045258600692323,0.8831600952146793,4.118611856482454,3.7277792064575834e-07,3.589439809221243
268,0.7919998969964206,0.7919365275982693,1693503523.6472464,9,5.491241489992973e-06,0.5521647234424161,3.285929458034063e-05,0.9576824352455804,0.7097520588298772,0.010858236522821788,0.0009982648847984394,0.004869687405628253
269,0.7973975845660637,0.8047142934421732,1693503524.3086984,8,0.02628596677886212,0.7572666813972513,0.7920397522675794,0.9143430182020206,0.6560076772108454,2.156167083193065,8.830138859600583e-05,23.998213432373305
270,0.764836453066744,0.7651318624293475,1693503524.956224,8,0.006452859129948258,0.9194861632542648,0.1981347563883128,0.7314928374859404,0.8493171823815793,84.37175591841486,1.630312745335796e-06,0.00018907116290804612
271,0.7455494078419225,0.7405123377309554,1693503525.5117605,7,146.4849241855758,0.6272765985209101,0.01318473899547585,0.8481975917755913,0.5051358545995647,0.08661428264051757,1.8480261918055848e-06,1.1942385591860974e-08
272,0.7283970617978974,0.7290087349004402,1693503526.0263417,3,14.124595866530338,0.7373229210165235,0.002823102176560536,0.7972117048995225,0.9430443978233526,0.00033671621215346687,0.0010972330260841932,9.470805657961103e-06
273,0.5,0.5,1693503526.4587617,10,2901.5047842815807,0.6831034736652768,0.00038987190527892666,0.5492478938260903,0.7931422611156589,0.3241276538584868,1.6450772753346347e-06,88.82441117017301
274,0.722332226044855,0.723476165370553,1693503527.2601857,11,2.6947008949564437,0.7426052432637495,1.5854062810591832e-05,0.699347843528328,0.9538801538723689,89.17051143146743,2.5950002563131432e-06,0.0011917082141369745
275,0.7302743770346021,0.7337998180808086,1693503527.7041116,2,1.015464133902701e-08,0.8376455505332256,0.03577463554650342,0.6800099635200963,0.5070032622535114,1.090198864144369e-07,0.019464104066806324,4.2017598463367065
276,0.7423384212601387,0.7445609593852227,1693503528.204885,3,10.313038020688793,0.6739774235145144,0.0020584420698928543,0.6714793047238343,0.7772177333388377,9.321483775319282e-05,1.3738767909164376e-07,0.01153631561839035
277,0.803298414619908,0.8082067393857649,1693503528.9570909,8,0.0015594516712492672,0.967102527469337,0.5784581868778386,0.9413786355172764,0.9824407316792723,0.01086756851415721,4.6688790435659155e-08,3.593918220042399
278,0.7732137441776102,0.7708265821542523,1693503529.5926702,6,7.090316611711703,0.6451434788096339,3.2488279806225313e-05,0.9242482309036237,0.7622720811710091,19.569299824245988,4.131073697666414,0.0004531910043722602
279,0.7595011426647077,0.7608996908717323,1693503530.23085,8,3.929308834674896e-07,0.8548260349854502,0.0002066440944094993,0.6515047492906048,0.9565324351003744,0.0029047321910361176,1.0950025535786605e-08,20.729993707938796
280,0.7807797570965591,0.7803691590545782,1693503530.7591946,7,0.39094550486883045,0.8197447136159153,0.00019206844016130822,0.5425108511833535,0.5933479620026236,0.014662087752276344,31.111540375720118,2.3104761323923078e-08
281,0.7545260947817936,0.7514795257207022,1693503531.2879183,4,8.87785038956936e-05,0.5331381761699149,0.013195801617032482,0.5525550369871708,0.8698909081854069,0.11727138495764261,3.1260009776095594e-07,6.7123030514797195
282,0.7451452687980908,0.7446941928857563,1693503531.8502724,7,17.12477846103798,0.9908400035988494,0.03261724893984924,0.8557861812573189,0.5846304616217186,81.52984700053518,0.08015109928936488,1.2867113338169044e-07
283,0.5,0.5,1693503532.3253767,4,566.5173835412397,0.58692748787758,1.2989496652037574e-05,0.5997178256259061,0.934110646567377,66.06980841295916,0.0007993638806219308,7.551616450589048e-08
284,0.7898311966340831,0.8015030234130959,1693503532.815278,4,0.12471807328681508,0.6620409117575572,0.5680787282875356,0.5415532898611427,0.6184618690355952,0.18344705085861218,1.1080183499669081e-08,2.1220816177779445
285,0.7509483454550047,0.7558374544250548,1693503533.2529461,1,6.568444252154369e-07,0.9477050648591985,0.32221600034852044,0.506874277261847,0.9342017318581668,1.6666834469989226e-07,4.095523807075094,7.674586202527774
286,0.5,0.5,1693503533.693761,10,1959.7851891827154,0.8835706392230032,0.0020813524968756377,0.8361292801727427,0.833438818049268,0.00016584963051105163,0.7218327579268764,0.037157654559755976
287,0.7787985632500731,0.7825812387781892,1693503534.3212545,8,1.986997992894324e-07,0.862453755484076,0.00033599582626456557,0.7224431378481141,0.7294623252397405,7.38950378220367e-08,10.927865955785219,0.00034156685134062383
288,0.6384233102100298,0.6477254642795391,1693503534.7477882,1,30.989129586723,0.647825484830026,0.00020867189035664744,0.5477844367651361,0.5725740946793128,0.21617304503350987,2.5554981154414994e-06,0.001098055510466258
289,0.7515906177739676,0.7448843523192719,1693503535.2698586,3,1.2937065460532933,0.5283290684765198,0.004872739354716524,0.6500919746712341,0.9176740676987581,0.059103036908712325,0.014333719643648098,7.783067718047546
290,0.5,0.5,1693503535.7158046,7,38415.21958998433,0.5128852979918818,1.2924261492509416e-05,0.7628076069095453,0.5881050950929692,9.955907744262515,1.6049862866532256e-06,0.00039976761541658015
291,0.7651029623279408,0.7721489080555031,1693503536.3516402,7,0.1481640344589362,0.8897342907199512,0.000782563713176669,0.7107538358812456,0.9081618130402391,4.559156004552136e-08,5.06398678798808e-05,0.49078577028878334
292,0.5,0.5,1693503536.8029726,4,14545.22862260174,0.8427999736504415,0.12401304563073463,0.8325425898549934,0.974216055164153,5.362237824894262e-05,1.154188397124677e-08,3.3246848557556743e-07
293,0.5,0.5,1693503537.2450688,10,27157.854708947027,0.784817068328763,0.03863351785224464,0.7609110594532319,0.755232118490045,0.00935073631649387,1.07792899450986e-06,0.04432807013869593
294,0.5,0.5,1693503537.6903782,9,16601.482151128923,0.6841567179794688,0.0008738897227442123,0.6490238991942501,0.6931883102865561,1.3253203391947724e-05,2.8273797280538794e-07,1.1959653958505183e-07
295,0.777850780314616,0.7827900484638382,1693503538.4848592,8,8.692805282291398e-05,0.5738987238995722,0.00015123983951744095,0.7814451864888494,0.9671276932378954,0.353299885687055,1.3511810439948058e-07,0.011168524926146476
296,0.7965448049319716,0.7989583272102629,1693503539.271987,8,4.799930297949489e-06,0.5364790336846061,0.20056457828046467,0.9124448353842824,0.798411373676302,0.00014852643683744356,0.8456661457322309,0.0021739716304947283
297,0.7643581864469791,0.7680675502651384,1693503539.7876382,3,75.7837178909389,0.5945710022349222,0.07118938270527686,0.9823028439975834,0.5887082199148453,0.02019666224339205,0.0007337416589973352,2.120456280689363e-06
298,0.7556212578387099,0.7575659549168823,1693503540.5458562,9,1.104522902634085e-05,0.8319277308612283,0.0016269513544773294,0.7859824299213022,0.9970187205797135,0.009002653896463349,0.003642115678320533,12.115988505819193
299,0.7916925113147683,0.7963058469068658,1693503541.1639013,7,8.443985275924203e-08,0.7234538544872944,0.08368657321232675,0.8097414779673475,0.6424957597367407,2.324236905583921e-05,3.9979726835813754,8.786843526738142e-07
300,0.5,0.5,1693503541.5991223,3,19089.383302322578,0.8400210946792424,2.9416141168959275e-05,0.788490339335832,0.5382162465660516,5.8119204758469265e-08,9.90379198191418e-07,0.01819714836271458
301,0.5,0.5,1693503542.0448496,9,3833.8441227978933,0.7159748078453391,0.0001175771418628487,0.9063978628343068,0.6178061472108944,0.04542510248268807,0.0004546079943199907,5.387738287166738e-07
302,0.5,0.5,1693503542.4777818,8,20770.192500201185,0.7110697136394997,0.32807217689623863,0.542219669706165,0.5516495300018367,9.596830984713387,77.35450197189614,0.29803301370864355
303,0.7793387070200689,0.7737150958228824,1693503542.98926,6,52.15962162546961,0.7584509556383365,0.007732305352631834,0.5148680868002238,0.5746512528675867,0.0009073008155262581,0.0005386828781216189,8.725713798004252e-06
304,0.5,0.5,1693503543.4331808,5,17048.44020342867,0.6248698585473222,0.1133359088809815,0.8674616132009753,0.6050998202277345,0.006647017855882334,6.3841730608864444e-06,0.006539246086088469
305,0.8086202245528031,0.8120530660757169,1693503544.0939295,8,0.00887899742100706,0.9667738782825077,0.30451396972012684,0.9347992741629816,0.7556407352358047,9.431176041751046,0.002214973915228566,4.156840248157716
306,0.7472945934871237,0.7468322539979598,1693503544.587744,5,41.74667407500355,0.9043180273213856,0.0005927358276680261,0.5705808627472138,0.6504658748451395,9.956190611546977e-06,1.802838645080231,39.53517563590261
307,0.7781284149624199,0.7819788099004585,1693503545.1853113,7,2.8513434122000436e-08,0.8338644413259642,0.00039594101061942615,0.7951432393200293,0.6849056366538554,0.2374636005954818,1.8543950905083128e-07,4.960183070312026e-06
308,0.7736328837427102,0.7701624462694634,1693503545.9921527,10,0.7283083683063547,0.605268229242726,0.0010228264096986417,0.8081315015909569,0.83221355405451,1.3775091165507542e-07,99.42825309235675,1.886125324376648
309,0.5,0.5,1693503546.4229827,1,46216.931651587685,0.9015442798533198,0.2316342890991583,0.5556962440567728,0.625193313062141,0.011410401649571262,17.339709486605045,9.144213997832563e-06
310,0.7558478907142023,0.7551083203122427,1693503546.9545197,5,0.00032181500022807015,0.7902276222629607,0.00015584028503940655,0.7078025277294666,0.6607727093252999,4.41988708416278e-07,0.6979938481710635,5.14616902089445
311,0.7833729722107844,0.7872252734564438,1693503547.6620052,11,1.2154029844299226,0.8814672055319669,0.9821947866790414,0.6454927957436006,0.915505191079867,31.88268314259723,1.0804198980666007,0.09418705011854249
312,0.7845492630868922,0.7876980038487511,1693503548.2069886,8,0.09237557190141192,0.9621329648758907,0.02197269884779064,0.5194159798732372,0.6474140932092489,0.16663123581146103,0.023550624630348307,7.605403975125246e-08
313,0.7643229352219989,0.7644175049505789,1693503548.7961853,6,5.883095398765217e-07,0.6365892368233361,0.006079630737899546,0.7100724989590586,0.7574009497911751,0.5372759109861316,8.434129704570065e-07,20.957806911761093
314,0.5,0.5,1693503549.2475092,4,6002.205953559806,0.6561366432796102,1.800756216693653e-05,0.7133873385182747,0.9805599809582013,3.36070563196363e-05,2.149358429779767e-07,26.902764914965317
315,0.7432650784614766,0.7443237612257384,1693503549.736127,3,41.65366768747469,0.9477078437423716,3.710192721518502e-05,0.8261640756281807,0.6792800046845,2.1736319456819195e-06,8.141907679129016e-07,0.09120612569337296
316,0.7902025845398127,0.7859605236058963,1693503550.3858116,9,36.23535415570008,0.6085117586208524,0.03535105701649294,0.7827804790879012,0.5802539622945533,0.045004385203676084,0.0012000117588515601,3.3290792142948124e-07
317,0.7917768892469014,0.7915923444412537,1693503551.1987247,11,1.5217939776494212e-08,0.7704407027015681,3.974007498772266e-05,0.8164793340776381,0.7294846144091112,0.5960676618187306,1.1581503018012114,0.001122346490319786
318,0.7747130462783582,0.7771578077607857,1693503551.7304556,5,9.301852925586684e-07,0.7065283252182886,0.0061803675040323445,0.684823334447423,0.6576946134632935,0.17703138208852012,3.137352454578427e-07,3.388692712355995e-05
319,0.7875593676880273,0.7892845213390443,1693503552.643642,11,3.538995453463369e-07,0.6984890777363457,0.0004933635237110188,0.8637817473722622,0.8871853069047719,1.5083999819560538e-07,3.303267337633705e-05,0.05856760906751924
320,0.7696172441992359,0.7697974458012432,1693503553.3455048,11,0.0027671931404587534,0.8279398913902983,1.1686591202238248e-05,0.8307830192087162,0.6221388839696349,1.0591630739015011e-06,4.607759586383605e-05,81.27942748306639
321,0.7972684550788139,0.8038101151328688,1693503553.9709518,6,29.83985207267476,0.8286973364615475,0.2376439325511506,0.9716943756852683,0.8304120889299806,0.005841203103974892,0.0030327885272674058,2.636989296435201
322,0.7759558394654213,0.7757370432012164,1693503554.517473,6,0.2391342010317368,0.6768468778864047,0.7730230406571077,0.6729083877688624,0.5657979809267224,0.001654640826024886,0.09739385527573355,0.0008991198958335278
323,0.7948702467410742,0.7963565560891368,1693503555.2611413,10,1.7706514587121933e-05,0.9290129701439114,0.11282523436910574,0.7793530193827929,0.8361818541774784,2.4853522078965042,0.006460738959082317,0.0008669165328089935
324,0.637211518100254,0.647978238176099,1693503555.7098038,1,0.001995392333546217,0.88532910015657,4.720905468283768e-05,0.6807542856043207,0.8853593666329173,9.445568513901004e-06,0.06500641688643972,1.323555424706705e-08
325,0.7245163019414924,0.724098314485834,1693503556.1776075,2,2.069177470837163e-08,0.8680294700239861,0.04365546675112878,0.9791894674910535,0.65751215545159,3.6540930260452373e-06,4.962865442846739e-06,0.0282788202036783
326,0.7873948619714535,0.7893738583492628,1693503556.7624962,9,6.229436716938579e-06,0.8512470142555009,1.5676246713861387e-05,0.5865955435969098,0.5987771127690704,0.0016525793887236914,0.00010678384904900388,2.4543152131441273e-05
327,0.7680818158431005,0.7697347229852454,1693503557.5511045,10,8.641556904632586e-08,0.8155868429553239,0.001952670321871959,0.92794868374663,0.8533172975486376,4.926929734823337e-08,19.12395108369857,19.917496715244106
328,0.7624701208366991,0.7715312420436765,1693503558.1571162,6,1.740653465483336,0.8883350092649681,0.04000558522365493,0.7609600269982529,0.9677904587416581,7.024543700409714e-06,1.3801923922916647e-08,0.0009501956853240142
329,0.7737333872352063,0.7773937192289463,1693503558.8363485,8,0.00018633088693633212,0.7350674350498655,1.2720489337325592e-05,0.9250427571217694,0.6517435280525719,0.06013623283579254,99.95914237187375,0.024960064363159947
330,0.7559510192979206,0.7599132997589066,1693503559.3645554,5,1.130937846001242e-08,0.9942192371268914,0.001908503286566448,0.5857868797333368,0.9437565038292877,3.711092231402436e-06,4.8493510742962556e-05,0.6354279201709885
331,0.5,0.5,1693503559.7988043,5,1088.0333619333742,0.7778738046739366,0.051880125083512835,0.6147969480896545,0.7956285139200059,0.0010606425984367445,5.162648946816349e-06,5.889277791149742e-08
332,0.7706392797149701,0.7744395572145718,1693503560.299229,5,9.984117593460882e-07,0.9750645497643973,0.04412224568259532,0.6288459612090024,0.6797174489391664,1.5127300860622853e-08,0.15257011749364466,5.9282651730346956e-05
333,0.7939380893486048,0.790857494710141,1693503560.9877405,9,4.99133729402751e-07,0.7542012823151769,0.0005786932039423167,0.9269854617421642,0.584468516363573,0.0024929649861961467,6.32222579740789e-08,0.11281102790423571
334,0.7635997850925319,0.7653089382437194,1693503561.5149887,4,0.00010424046650225304,0.5090703031411283,0.0005097456369264505,0.6307896165944908,0.7594883488140406,0.0016961249094999387,9.715701907325935e-07,0.6877393866847155
335,0.7865190815380834,0.7854288221186085,1693503562.0570772,6,1.5067971244838123e-08,0.5143883736165968,0.005300788504339018,0.5690878244768954,0.5666668592245443,0.1019977570169585,0.003800013740043253,0.04288953569113013
336,0.7097945403602774,0.7097621487430882,1693503562.4849024,1,1.980958975941625e-08,0.9097974542510672,0.09808586776230291,0.5187320738035945,0.55149656177308,1.3188557605961924e-08,0.07179226331557167,0.12874705380111548
337,0.5,0.5,1693503562.9248257,4,1502.7347809200367,0.7916554300629314,6.377355168645385e-05,0.9124716621470861,0.6557056569170748,8.800520188411452e-06,8.253407288513724e-06,0.0003466698997881715
338,0.7706266542762362,0.7776888320421136,1693503563.4851222,6,1.5485704930575303e-05,0.9708340757697287,0.003460229680062749,0.9025223917598542,0.6202475790182713,2.614601620179054,1.884612797204406e-08,1.0294733496536181
339,0.7505423313460142,0.7441146806577057,1693503563.9642844,3,7.515886556559006e-08,0.7732642609172106,0.00044048633820839567,0.7851783853191792,0.5652397577078944,0.0025637882759132363,0.4885921619106173,21.18075264124808
340,0.7912854971710266,0.7862829549074826,1693503564.7287931,11,1.3509193664336345e-05,0.6184530000022889,0.0019712100965508838,0.6061041862878538,0.7993851832809966,0.020836221651548897,0.0003836483188064183,0.00011526052230483902
341,0.5,0.5,1693503565.1552205,10,1499.57708977184,0.6992551172160272,1.0555804670760892e-05,0.5013509715375111,0.5977859042534879,37.34455299804219,0.0005293373799552928,0.001567320513474055
342,0.7192308682726726,0.7197804086537061,1693503565.6174092,2,3.1100819596804114e-06,0.7278429556653983,0.0003679357543302987,0.7419355584741614,0.5946586263459291,9.870838394149354e-07,0.3449611668012217,1.6549144237196267e-05
343,0.7726435993650779,0.775815057327787,1693503566.232909,6,0.8047063366730959,0.7024484378898159,0.0018432066837844176,0.6228647982953239,0.9943876330635927,8.030279482134336e-07,2.6993272773172844e-07,0.0004072298177003493
344,0.7708642875339918,0.7708969844858345,1693503566.923248,7,0.05006819442462078,0.7206442207742687,0.0007886611359547672,0.7552536356777113,0.9825275110745326,0.4522475790767149,0.0003386176089919398,2.903609388574127
345,0.793463322850469,0.7971103540430049,1693503567.6552324,11,4.62196860317498e-06,0.6271800569886208,0.013730001362299142,0.6249788705382112,0.6546664657909798,2.0224735892099654,1.740675942080274,8.24172140515749e-05
346,0.7537065663031791,0.7603369327191274,1693503568.2450755,6,2.7274089180436995e-05,0.8700898298364708,4.690994746911571e-05,0.6427527797918231,0.9888319520935303,0.014094571420735169,0.029948633492218532,0.04695139084395228
347,0.7283148089396108,0.7305771168151296,1693503568.7307255,2,0.000394657641314263,0.5593471176351033,0.0001447472608662635,0.7026057869375113,0.8965309158265129,3.8750076095570177e-07,1.0585874266931695e-06,2.799227091774062
348,0.5,0.5,1693503569.1806307,3,1905.3544379570255,0.7184168203092534,0.923569685182549,0.7644167101410702,0.9214669607737559,4.513578631835981,3.167936361295575,0.1408488160119717
349,0.7516441196331575,0.749808045970691,1693503569.6957433,3,16.26395983069334,0.5065473274786567,3.557430694580387e-05,0.9929272230402089,0.5820305441295415,0.8649218345806372,1.5394624681738085e-06,7.976332315168211e-08
350,0.7899537008911061,0.7924011179749397,1693503570.388292,9,0.001242560721537376,0.6713095523919562,7.086873722157884e-05,0.8544354982397333,0.6011551482802066,7.200330857363868,9.892825708265728e-06,7.732814026280173e-06
351,0.7768998722705613,0.7782735045795783,1693503570.9591038,5,0.001073543963960081,0.5177422595736831,0.7560490977001129,0.8455308608413541,0.6112044729900075,9.704644778282095,1.7687981071486873e-07,0.00022846509861608512
352,0.6059720575289991,0.5916511313362132,1693503571.439032,7,544.7962031620667,0.5767135870923712,0.001490186545745172,0.8028774061152868,0.7365519546533765,0.15325626027083844,6.992773636821523e-05,0.19880248218949823
353,0.5,0.5,1693503571.8815048,3,28856.817566482976,0.847055521225088,0.0034692335202349276,0.9014081312910257,0.7959755505351223,0.0003396270514873841,0.7583311280536532,2.4889873573421254e-08
354,0.5719786262572624,0.5505188196755202,1693503572.4030912,9,539.9267773871898,0.5169504215477216,0.0006731809001154702,0.912796773918582,0.9450962371024452,0.0008538573425532503,1.5172371538352502e-07,1.4470429691671803e-08
355,0.7906918515418411,0.7945427141022534,1693503573.0429673,9,0.00012360093583417125,0.8236328942589979,0.00013241725855551225,0.826307975302611,0.526975236079654,0.5615493909325667,6.608288071572454e-06,0.0002676658133744268
356,0.7824766910650145,0.7860472059687523,1693503573.635485,7,5.668487156636189e-06,0.7076104215432792,7.344850863961683e-05,0.6871547336275693,0.6616387097727132,0.8961088747661234,8.472065087036862e-08,0.0019914695957249334
357,0.8118377113604698,0.8093364679120448,1693503574.3492434,10,1.7092621151317013e-06,0.8537442532953132,0.2660352112475468,0.8300958212289753,0.6485990016285659,4.244620468484561e-08,17.443774385044435,1.3347950727237503e-06
358,0.7570029308518471,0.7602153742493409,1693503574.7991624,1,2.5281086601208815,0.8390753571009433,0.4911854304738523,0.8432196681308062,0.9099385113147189,0.0011840128969100212,1.222710912385449e-06,3.494992318580123e-05
359,0.774526414792914,0.7786221572959284,1693503575.469537,8,3.527957827679039e-08,0.9413866663225083,1.431010480875064e-05,0.828585398573064,0.8371500332936519,0.0005466673129067341,0.17337842229160288,0.008010969410356656
360,0.8018021126234137,0.7977554062638463,1693503576.099256,6,6.391586686450669e-07,0.5525789128740577,0.25723926280202736,0.9753137277019428,0.6332159345292974,0.0030959492713246305,62.82911771663195,0.000665391989174451
361,0.5,0.5,1693503576.547025,4,23018.386716105426,0.7031186289252515,0.060909946496166094,0.8290474037717088,0.9803058461254487,1.9356230427260386e-07,16.576616697934373,31.744848721945342
362,0.7618348487609945,0.764532142375456,1693503577.0068612,2,0.23392229646614102,0.8095016826569379,0.214888146703257,0.6087934892818626,0.8724343023514746,0.0039848931581605495,0.0038933008759114473,34.63805247527094
363,0.7889874173127516,0.7901328707890215,1693503577.8012705,9,0.008413419864568821,0.5553934703575918,0.00037940162776684596,0.9420898987710932,0.7185338443983312,0.00716515118960133,3.1828002912104895e-06,1.4044327758324074e-05
364,0.7519783812487485,0.749336236578489,1693503578.3522923,10,37.895401398474704,0.5981755817737788,1.4570124526499007e-05,0.7812215305927368,0.6019786015267772,21.813462643484232,51.115557141070575,5.6264358380122835e-06
365,0.7767496170491925,0.780611084111662,1693503578.9033878,7,0.1979981129974248,0.9951997529337979,1.3122367389183312e-05,0.5424487267332204,0.776622806975443,1.2050407747436732e-07,0.009102708276791622,2.5693392292220955e-07
366,0.6548090046129103,0.6613456878815699,1693503579.3451746,1,335.7529973531021,0.9582596141798418,1.4201705165490667e-05,0.9195963317224217,0.9418340496122729,2.9251417444773464,1.2583039687860253e-08,0.9761212732786667
367,0.5,0.5,1693503579.787417,6,53894.53400200599,0.7250391492977102,0.7462714147559613,0.8153451228879736,0.806192182125641,2.830642535749195,7.47735123973516e-07,1.505708732897017e-06
368,0.7442583629781133,0.7414220420408918,1693503580.2848654,4,1.8330786284048568,0.7944730424459774,2.869941456162827e-05,0.5035875877137007,0.9124828364801526,0.24214402742939783,2.631740755982848e-08,33.70151791899988
369,0.781524282968833,0.7782691975496738,1693503580.974386,10,1.05628634125627e-06,0.5098266894214012,4.5328895924841663e-05,0.5374092574081928,0.7495481705805689,0.00340860095965523,45.214256768072424,0.020468701273717888
370,0.71052331568522,0.7123096079462372,1693503581.438209,1,95.46057182350371,0.5164326162612605,0.11273732924832985,0.8326628198040782,0.9275835696556187,0.0019048415181228083,5.108769373722814,6.338045225474736e-07
371,0.7824831912908973,0.7847254624646272,1693503582.1532166,8,4.321639531192447e-07,0.6607074994480546,2.903910600922413e-05,0.9585790807887351,0.6734683553825545,1.1464099689377554,2.3156546158905365e-06,0.0003041716014708908
372,0.5,0.5,1693503582.5911021,6,2253.446544534661,0.8408413463405859,0.0020657124922746706,0.760436877833899,0.7693177107639012,0.0013687605261793671,1.0391429910991442e-05,1.7533241973295624e-05
373,0.7523557693629855,0.750344867135035,1693503583.127529,4,0.006075404827526135,0.6820066415220782,3.3471066324255494e-05,0.6136067800026197,0.9395711778059254,20.55604357993916,0.00024508225665108096,0.02625635708589515
374,0.7127613934584227,0.7190961326636724,1693503583.619878,8,224.81390903667776,0.606796434463628,0.3682592516161041,0.654047290596222,0.6870378083941018,2.9490646477884334e-08,5.774625911108129,0.00016695991854591682
375,0.7950660035436232,0.7949247666165415,1693503584.2544491,11,1.6318818296442128,0.9760383457940558,0.0001364027857742228,0.5938977925837423,0.691397313986643,2.0143285447996526e-07,0.005290168899778489,1.1746215684672213e-07
376,0.785213661174726,0.7882929834609238,1693503584.8397238,7,0.002188794745472572,0.735622302633369,4.399917326310062e-05,0.7043980239041956,0.5837811019713535,4.064498495802858e-07,1.3483738143509765,0.13048188406596875
377,0.7647912014942518,0.7706079800704247,1693503585.454544,7,7.486810783387388e-06,0.9963413794394327,4.392460923382963e-05,0.6558453887454336,0.9936298927747157,0.09001976553609219,0.16542611977900154,1.552882708668827e-05
378,0.7791329498700081,0.7852726448801565,1693503586.113792,8,2.0209706635167039e-07,0.8432798645419257,0.007522721145416937,0.8217229591930338,0.7345977600455064,0.007795723390537421,0.6547150352462711,3.298008141980406e-08
379,0.5,0.5,1693503586.54457,7,1603.9050375772636,0.8983231621921077,0.0011460521447518735,0.5976380886523156,0.6220766121792564,0.11041749415230157,6.029448158024034e-07,2.4748346149011922e-06
380,0.7804799966798847,0.7841314715731557,1693503587.1225536,7,8.92120005435788e-08,0.9287226968775066,0.00037454529523866083,0.5344001922752597,0.8866506066343447,0.00731283212774231,0.0058984559332396205,0.8623111961382193
381,0.8061425134523426,0.8057649107682274,1693503587.7829108,10,0.46638093483840165,0.5954319025278039,0.5174482356295457,0.5792299897340722,0.6231189563976249,6.040283957027408e-07,12.150812382598712,0.21850975187115226
382,0.8021993764283308,0.8028881669391789,1693503588.4465938,9,2.6161462251285967e-05,0.9644110281421119,0.17610277111215572,0.8487701380387436,0.6358452862023911,0.0002044604366117007,16.331725592634864,2.435177890228829e-05
383,0.6877426490570547,0.6832211875749177,1693503588.9712012,11,397.12724723189257,0.8113827974568577,0.00031161287149487053,0.9242218675419438,0.6258636582272072,8.599417131052762,2.177956475834691e-05,1.2279015518095581e-05
384,0.7817542909616109,0.7837165068492203,1693503589.5181808,4,1.9138163557305836e-06,0.9221777530179881,0.6949140777459921,0.9395586163239391,0.7867848277743925,1.881503249001832e-05,17.897298837327437,95.51688714113659
385,0.5,0.5,1693503589.9685,9,1909.0289545444639,0.8871728492924709,0.00016182769405209823,0.8358709546610921,0.9600414623390627,1.1023322828642481e-08,0.0021191820012227223,4.9187782060802526e-05
386,0.5,0.5,1693503590.4201844,8,1193.3759890764923,0.5166476438894316,0.692007611031448,0.8813085396082907,0.7057267243950068,0.6255353777807137,20.32704469738306,0.0007085438796329995
387,0.5,0.5,1693503590.8522828,2,86847.49908662625,0.8615658327703934,0.031377932283843814,0.5598791385836799,0.735603345163206,0.007367777619290006,0.00016599571974936804,3.4826899814466893e-06
388,0.8005238182026826,0.8026831496069049,1693503591.4244711,6,0.17085967190605209,0.9258262710992888,0.6753449402943444,0.9268150286544987,0.632491217920071,2.7612699474172002e-06,0.007065746799216959,2.5603632993676864
389,0.7615877151731023,0.7626941512240458,1693503591.966293,4,1.9909479983246643,0.6253172084930603,0.03924846108086881,0.6126089747533416,0.9529208824001113,7.864708122113285e-06,24.82444807871552,2.2513261176675863e-07
390,0.7551057399244624,0.7604638411159964,1693503592.532326,5,8.63826550794762e-05,0.9110306675318074,0.003712433516775166,0.8161743504915737,0.8618977087207318,6.534784748566287e-05,8.49511199283898e-07,0.002784573304524218
391,0.5,0.5,1693503592.979006,1,1233.616659220614,0.7062103606563745,0.03870307913276697,0.7986121812137802,0.901697308096411,2.5566587933971546e-06,0.016749198383852536,0.009343138158255212
392,0.7431229485224612,0.7429614666287396,1693503593.4586902,2,2.863297133697246e-07,0.8804520169445729,0.11008641171676274,0.9263522653298046,0.8659321691246111,0.03553873661493113,0.002211451444002279,8.212370350285729e-07
393,0.5,0.5,1693503593.914972,5,47727.859231157876,0.6153461607669901,0.00014980919049654146,0.8663808029602995,0.7915927629008903,0.7353134502387654,0.15966864897648142,1.8672054530977172e-06
394,0.5,0.5,1693503594.340716,11,1074.1322878542853,0.7709211080900893,0.0006451717015235385,0.6017724811669559,0.541117391096354,1.1494055790439455e-06,0.10115624672694264,0.001982318967564424
395,0.7210446813026753,0.7231340409196554,1693503594.8036792,2,1.2129743429034186e-08,0.6905255976747665,7.041401755259114e-05,0.7997938190860492,0.6020998914018336,0.0015792546146079888,5.183308108629858,47.10193022662078
396,0.759864030275052,0.7624876034063026,1693503595.4314127,7,0.12751024622736123,0.5359163650246705,0.15018750935567995,0.600773921594787,0.838599971150469,49.30307806820451,2.4171953480303873e-05,0.03994535767961197
397,0.7880017580610927,0.7930696963308249,1693503596.075323,9,3.475854300389562e-05,0.880898276969043,3.607658830921061e-05,0.9464775262032301,0.5305701182688478,0.25834213881460893,0.007076380379703665,7.443424566917233e-06
398,0.7933435686890119,0.7916803270395527,1693503596.6180427,8,4.930570127010882e-08,0.8761518464578715,0.0016047615236158797,0.5745412981284892,0.5041583205098805,5.2143937497153185,2.067879381448939e-08,1.1984421734349393e-07
399,0.7934341968383402,0.7918072489805409,1693503597.3554668,10,1.9511185568792198,0.525216743038676,0.00576230685312654,0.6855568815760554,0.7585994689215521,0.006890805485001368,9.467004082644484e-08,1.0115282916731656
