trial,score,test_score,time,max_depth,min_child_weight,subsample,eta,colsample_bylevel,colsample_bytree,gamma,lambda,alpha
0,0,0,1693504676.2766630,0,0,0,0,0,0,0,0,0
0,0.8031847773873949,0.7988489329256121,1693504676.9523177,6,1,1,0.3,1,1,1e-20,1,1e-20
1,0.6498607900247727,0.6465194133286494,1693504677.4073086,1,137.70328448258485,0.7192046157204468,0.04143104515916126,0.9889947559983013,0.7692479352052168,0.0010261353203244576,5.254257267419562e-08,4.8349256610810355e-06
2,0.7829113496945871,0.7765828569489577,1693504677.927177,6,6.760673296843502,0.9018695180521877,0.0008029817331845199,0.5329681734529526,0.6440727996539968,12.47197630824431,1.3609856177171345e-06,0.00033207762793950894
3,0.8003303742596873,0.7924481931991474,1693504678.6420908,11,2.107123342283561e-08,0.8002744587320613,0.5631803612766828,0.6151514395104825,0.7742449596180152,12.339107528093438,2.1463199265042954e-07,0.0017144538798133766
4,0.7922503363243342,0.7871647278620987,1693504679.3226578,9,4.9793440088114735,0.7338764298724904,0.00010574149626882931,0.7453829445455352,0.6861923446925295,0.0005943079619102761,4.559359716869249e-05,2.3943075946345096
5,0.7882013831746405,0.7826781551150108,1693504679.9963458,9,0.00012076214091926246,0.786312666321977,0.00024001878979773068,0.7264214662732003,0.6764891829721973,0.03749683638756821,5.0525524419215045e-05,0.0003898789420439064
6,0.7809015669013317,0.7754036060168146,1693504680.652337,8,0.002338265266234887,0.9532116345821693,7.984690669061547e-05,0.8705594364566321,0.7111870218215701,0.00018388052153184043,0.02206981467632001,0.0016945797419706538
7,0.7610070936498192,0.7646541589154405,1693504681.269372,5,1.0436369509739081e-08,0.546131172923376,0.03523481281311652,0.7621727983825985,0.8480802317584845,35.86602360941106,0.06747432423890629,3.3984971239658156e-08
8,0.7920205872578429,0.7919865328266094,1693504681.8932269,4,0.5055113781276411,0.6175602036287322,0.6681208080297684,0.972524111896397,0.9242004404188444,0.0005287373169317066,2.5987658371531395,2.0469461776236616e-07
9,0.7702469426050006,0.7657170915536252,1693504682.383324,4,0.01044607462424567,0.8709236003417333,0.0026861245340082875,0.5684380593987255,0.6717682648521792,1.7549376718417834e-05,1.0096922973844574e-05,4.5187051557074615e-07
10,0.5,0.5,1693504682.8716836,2,14204.21770939705,0.9865692654762368,1.3463800962700105e-05,0.8887406357671115,0.9905510235993026,1.884566955412716e-08,61.0808076884664,1.8098655691505153e-08
11,0.752367240776296,0.7544428797834714,1693504683.5269268,11,1.1902068482528968e-08,0.8468938967539135,0.7167385694080765,0.5975835929458884,0.5306218621300468,2.382205534917817e-08,1.0247224705781054e-08,1.4275932035326118e-08
12,0.7913509317671575,0.7888760988111682,1693504684.3274899,11,2.2053517399497385e-05,0.9812291068572634,0.11394506099806646,0.6579193967055312,0.8434755116667295,4.662857168954251e-07,0.0019275885769386417,4.616923087937609e-06
13,0.7961529865746001,0.7913225155490262,1693504684.9667003,7,4.619993797203681e-06,0.818431453367312,0.1354259437599213,0.5126135905494522,0.9827307206514877,3.869956298574147e-07,4.5449980656080885e-07,0.031666087562586244
14,0.777083541948751,0.7739496423125134,1693504685.6146245,7,0.07867685509511149,0.9284983810545316,0.014209983757630138,0.6229289031760038,0.8969560877506748,0.23626525957404954,0.0007023383312983492,2.836139453931546e-05
15,0.7808613857578436,0.7682418023297591,1693504686.3328645,10,7.216995486317111e-07,0.9024629889337378,0.7697484893673306,0.6707621780347846,0.7624811594793528,2.4585310915080826e-06,0.8598618635919146,4.6895095939880176e-07
16,0.7697288507503623,0.7647666448434717,1693504686.9701235,5,0.0007666802827123041,0.7851183547054452,0.008736234518421763,0.823109641850597,0.8186757121775334,5.9085085776597446e-08,0.0021148323633494227,0.06825684293101945
17,0.7660104169841249,0.7598819551453505,1693504687.5355868,3,0.017385656641394947,0.9951666157925347,0.1833069742364142,0.9409254905539912,0.9304836562572101,1.1255492676247575e-08,4.5339580442179376e-07,89.46057165856458
18,0.8050157858379519,0.8008193179187061,1693504688.2604537,7,0.0003850824247838343,0.8598742619406733,0.3109403430363982,0.8103416193007038,0.9933306035989931,1.2933857868991812e-06,73.83077456290864,3.5261982205029895e-05
19,0.7887893158430167,0.7830849048695,1693504689.0176175,7,0.00028184798213603846,0.9321128088746584,0.1722958000491801,0.9224330234321982,0.9861672819437116,9.708195020995266e-06,94.63194513617486,1.679619047182482e-05
20,0.7720919192183053,0.7703826777060097,1693504689.6872234,6,0.307333388085591,0.8587597673161507,0.047623821687058046,0.8097809422374056,0.9348718519413884,2.0750755818000813e-07,12.850160327568393,1.0554736408198471e-07
21,0.7983985954921654,0.7950854996846282,1693504690.543516,9,1.1526463136073152e-06,0.8826054377751751,0.3499822596969204,0.9948331195420811,0.8908766039775564,1.7384283846141478e-06,1.4651587064017988,1.089468644633964e-06
22,0.7880891843608823,0.7838015972183411,1693504691.283236,8,1.9868827558603677e-07,0.8265656498366252,0.9492032531213997,0.6934967640146973,0.9954203101027015,0.017843989926916333,10.314139432427979,1.0963810119978297e-08
23,0.7980319765712187,0.7958592683374718,1693504692.1182976,10,3.506846630157079e-05,0.9328680654905241,0.25971610487925145,0.7934678400488757,0.9539019777096058,3.1967073268364645,0.18198992288435298,1.0069514549849097e-07
24,0.7605536725746553,0.759566084359955,1693504692.7984357,6,0.001953425672509011,0.7728463498262805,0.08271608146580822,0.8526028168375129,0.8955971137254772,67.45936351800245,0.27390086171150174,6.0147843155877716e-05
25,0.8073067459332692,0.8003092340058604,1693504693.6198447,8,8.47090324122672e-06,0.7178618876787831,0.35034515665225363,0.8886109011536436,0.9501769667196037,1.1873139376246521e-07,28.97283646898683,1.8900867855163387e-06
26,0.7772251283256925,0.7774224444905747,1693504694.5048227,8,1.166634820260269e-05,0.6899649908203918,0.016558616708861298,0.9121057132521925,0.9575780048169997,8.777147254523779e-08,11.721716314658483,2.0542509366768986e-06
27,0.7963389264033832,0.7916785363555797,1693504695.2982962,5,0.0002319897600359646,0.846446944633347,0.3071336354469221,0.9429326598071264,0.9578976890137183,3.347825033089238e-05,93.58092007519188,1.1362962378445774e-07
28,0.785964935194981,0.7861370250461083,1693504696.0631804,7,0.002646931846666229,0.6890052246040563,0.07120009542686716,0.8560242678488583,0.9083767284054837,1.091726661030081e-08,4.860603022338275,2.017309536125253e-06
29,0.5837365960059037,0.5591304122188601,1693504696.5642376,1,458.6563338799445,0.7516688832238632,0.03208461679418943,0.9686355363870307,0.9971817620777591,1.066022865260461e-06,27.846231600166526,5.690540057406577e-06
30,0.8005096021141631,0.7982574711175339,1693504697.2718508,6,0.00010431078756655244,0.9691267750886289,0.31357865582981637,0.9988549196949114,0.9516968872477642,0.00010921592082179675,1.3200716047662504,0.00010482647009954003
31,0.8062935099199353,0.8025685334813052,1693504697.9948099,6,3.9767137218153006e-05,0.9663996192136615,0.32833832275732333,0.9797025317011611,0.956086412549733,6.197380306433482e-05,3.333430525356563,6.328685650637658e-05
32,0.799287569278459,0.790789467380977,1693504698.8150213,8,4.89480284807989e-06,0.9995255101294892,0.14245393945211096,0.9034541575355929,0.9677400331195057,3.7035400471576878e-06,19.22276748482245,1.2204957897186402e-05
33,0.8041270841587248,0.7990174971456857,1693504699.515875,4,0.011226223887685714,0.8993577437758914,0.41649370101655653,0.9516037367233621,0.9300432466127653,9.175984304052742e-08,5.092913771419172,0.0001227147143656776
34,0.8028968881110256,0.7968411624044902,1693504700.1222672,4,3.922210063573755e-05,0.8981803355855966,0.46620914987668977,0.9536541019663559,0.8692176207797617,1.1185896533052468e-07,3.3498446600514704,8.200064628063205e-05
35,0.801278213874703,0.80060520443277,1693504700.7873769,5,0.029521965858707533,0.9117076744656971,0.9676735477404594,0.9353559575224313,0.9224817958938747,8.462597877460373e-07,28.55414543460218,0.0002670570024295608
36,0.8000197186920864,0.794243037868566,1693504701.3587797,3,0.0005723159359873918,0.8779140833617058,0.38997807085264063,0.8884134715080928,0.936287002675345,5.181212269948676e-06,4.6676418922600655,3.161869419221434e-05
37,0.7275056344303239,0.7260006666719893,1693504701.927023,3,0.005488599791595638,0.9586571228761591,0.07477421131611024,0.9711295532470949,0.8715919448846309,3.957473217505277e-07,99.85086191158187,1.0153586496542856e-05
38,0.797827533461913,0.7932729602631557,1693504702.8083024,9,0.0001245451068130664,0.9509596424430387,0.24689655239571717,0.9224409843829333,0.9673721060888981,6.167714829801045e-08,0.41780294768519105,0.0005231223408721154
39,0.7972419590547799,0.7912237522854474,1693504703.553882,7,0.0009538754977006476,0.8281684994185384,0.4858138373106496,0.8349777893898196,0.7981821532199483,1.6199372102734934e-06,0.6887186397185859,0.00017204529669312648
40,0.785579540886445,0.7849139913292721,1693504704.4068182,6,0.04273960847233233,0.8870929883092102,0.11765251116778606,0.8887149920906688,0.9109329312637086,6.815187082846891e-06,7.359206443897964,0.0011726982519155336
41,0.7972744304980502,0.7912999405184873,1693504705.2365248,5,3.999779583697504,0.9615569799284343,0.22114208787961834,0.972855590666742,0.9735424018386106,0.003051393551236825,2.987671156225292,0.0034151500510892626
42,0.804004182467017,0.796058341783168,1693504706.0106435,4,0.004454491897674243,0.9210533076024436,0.4326733899366662,0.991812408225021,0.9976020661202347,2.7196392681774167e-05,28.077639351434893,5.10123586149339e-07
43,0.8038673126125617,0.797006513026052,1693504706.749008,4,0.006787478474439617,0.9084574527251716,0.5331728928233949,0.9639670153319946,0.9413835473586996,2.1436666109417397e-05,43.48911640293722,4.159497006789235e-05
44,0.7891387920187732,0.7853418889571974,1693504707.3724296,2,0.0012533693066601838,0.9301086635792583,0.4644652666426607,0.9436522580941806,0.9729579429808838,5.104722930571586e-05,27.1313851219955,2.327415991916159e-06
45,0.7881306353373476,0.7832188081341968,1693504708.1423082,4,6.523010064186313e-05,0.8664206677151661,0.1887394170468517,0.9970226798561407,0.99374924258847,9.910276357184485e-06,9.260232322638135,6.436610357734459e-06
46,0.7936393521965208,0.7865315491540852,1693504708.7390118,2,0.00031050131083008154,0.9491096505710965,0.9157703395302995,0.9096764785878175,0.9212752282352888,2.10684155889042e-07,1.5217419619521797,7.97510345543116e-07
47,0.8006871973262396,0.8028679071289989,1693504709.7652094,8,0.07322064911269803,0.8071896173158318,0.6174534642874344,0.8717166766295948,0.9994952852565108,2.9224366348063185e-06,37.168408482632714,1.6159514781850392e-05
48,0.7717311959504662,0.7668363619669618,1693504710.4472516,3,1.4664703816638342e-05,0.9741348218088991,0.1028139376622636,0.9749760135132199,0.948032474996014,8.57185456176479e-05,0.11324110400681754,4.164034390460578e-06
49,0.7789171807676176,0.7778093936877739,1693504711.3627536,7,0.005958807310387575,0.9128411818117242,0.05554665633174945,0.9309609954214426,0.9722345225425155,7.036130221675031e-07,0.03609284028150939,9.068106481074186e-05
50,0.7897220081646633,0.7852591238253399,1693504712.1317992,5,0.20048199297523311,0.8534555592659738,0.1476709314304261,0.9581058280325071,0.8776873476416166,1.7792409129239278e-05,0.5236793329871254,2.3426048058044895e-05
51,0.8046345638377691,0.7980832182292873,1693504712.8654025,4,0.009593345738144405,0.8951371934209876,0.5304543303157457,0.9553261102025047,0.9339997099731848,2.530943716880599e-05,41.54424067819754,7.016170234908161e-05
52,0.7977981458987297,0.7950897711758177,1693504713.6085997,4,0.014035938898837976,0.8904513460886814,0.28471970072817604,0.9857687579051061,0.9098232609938439,0.0003088868948265779,15.494386605790202,0.00022831536149055018
53,0.8045023198034443,0.8061222145486191,1693504714.4810998,6,0.0028358851962163117,0.9195671371199258,0.6124526621117082,0.9530842798982635,0.9460106007765333,4.578761090973695e-05,39.04890294674339,3.719789972670918e-05
54,0.8063029429649077,0.8039356402047122,1693504715.3409557,6,0.0007585084013239398,0.9417104622806443,0.6347656679879334,0.9543565236993793,0.9381650180679554,0.00014090633748768596,53.24805885425931,4.144912269433475e-05
55,0.8049948335938306,0.8014041229870099,1693504716.1677568,6,0.0005275620818626026,0.9787593985057393,0.6735388386401239,0.9232484342313744,0.8512871113409215,0.000212708142825477,59.37273935964433,4.225189082031794e-05
56,0.8032490853574471,0.7999014463189327,1693504716.9735942,6,0.0005815463224794454,0.9899624597977481,0.7729848528023868,0.9183219831938614,0.845086135910841,0.00020529241577741503,55.65078953161154,1.1234456310702617e-05
57,0.7939019355157046,0.792322673234916,1693504717.8496394,7,0.00010950710116732222,0.9468919905963145,0.22169986370181174,0.89594339030798,0.8912465045666776,0.0010819412865336517,86.04515315669174,4.739445128226976e-05
58,0.7968648186605947,0.7959713251203602,1693504718.8574085,8,2.5914608581581386e-05,0.9694352945625759,0.6892354879971676,0.9280027728909684,0.9759531301567846,0.00016453248941833163,11.303839796061315,0.0005676753342253774
59,0.7936989436440869,0.7880624096799175,1693504719.65144,6,0.00023537649682575778,0.9407367983804445,0.1516322140904546,0.8826269666489199,0.8581580542591499,6.962247525316609e-05,2.5101396062712005,1.7870803716478993e-05
60,0.8041576508525295,0.8035800285830625,1693504720.4688995,7,3.027298618226195e-06,0.9819689162472797,0.3535773280204417,0.8626905983815656,0.826542682312404,1.0232389800727408e-05,16.701559832382838,0.0002283569313739797
61,0.8044619572552452,0.8027478363100704,1693504721.3156483,6,0.0019300592309635348,0.9229592198044885,0.6863502967960671,0.9469757621871508,0.9480507931435347,4.455202460316035e-05,50.66458992060014,9.634530559241663e-05
62,0.7991826266531412,0.8023131921212943,1693504722.0920618,5,0.0008455322456973823,0.9379728032727189,0.9676477608800712,0.9101213070225567,0.9397503803342118,0.0004762935860472234,41.74241089377132,3.866286374323724e-05
63,0.8036251373233663,0.8000808788892526,1693504722.9451754,6,0.0003693894683078324,0.9761148426406303,0.5890347713301783,0.9359250202547448,0.9162630219333148,9.068587570611288e-05,99.24665498491271,4.047148646157126e-05
64,0.8081465590428797,0.8032901659893492,1693504724.1321862,10,6.824861806162974e-05,0.8755126608884148,0.26192144088615593,0.9803832590596422,0.9586410204209739,3.8171472824187414e-05,7.215852175096998,5.6035411915677245e-06
65,0.8019549441491176,0.799363018866418,1693504725.3449893,10,4.893190634334895e-05,0.8774353923037254,0.20936634372961516,0.9834723185029299,0.9594631120380183,1.4394992831010084e-05,12.26122083904274,6.528414328528368e-06
66,0.8079932720620782,0.8009157458342981,1693504726.6693292,11,1.168539096329535e-05,0.9575634533310694,0.27957385377357413,0.9670402403301069,0.9829425509770305,0.00014518159117641382,5.504785118065263,3.5940513463667372e-06
67,0.7958770700091573,0.7908961049589218,1693504728.0216463,11,7.267616273069677e-06,0.9970698025544844,0.10884126982987072,0.9844728303913847,0.9806335465605716,0.00019067923379485776,5.1729267784546735,3.392410288703163e-06
68,0.7978334291150208,0.7977958207251156,1693504729.1624742,10,2.0981773020521273e-05,0.9684177201465222,0.3033361337910703,0.9041942908083641,0.8995922485163075,0.0007037822594404842,1.281770093264332,1.2885283795137996e-06
69,0.8073681514279454,0.798386354382071,1693504730.4941075,11,2.132437893373014e-06,0.9465259267735331,0.17139284777787253,0.9644360690294576,0.9833766974466639,5.2197635332821595e-06,7.580625207352876,7.826480967700303e-06
70,0.7925993589883131,0.7869270612939026,1693504731.81042,11,1.1540811914519613e-06,0.9525207323004645,0.08163521426919171,0.9638958301906361,0.9821497232871707,9.635974505457705e-06,6.498899774164987,8.80017124235809e-06
71,0.7993442582506491,0.7968933284896487,1693504732.990016,10,1.4233744305479554e-05,0.937791752116893,0.31726105370644664,0.9780030939970173,0.9615006088432271,5.139074218785207e-06,2.2013000485292817,2.161109327496508e-06
72,0.8016007514508748,0.7971403264696724,1693504734.2716892,11,2.7222622797414874e-06,0.9622755593661905,0.17976673680222124,0.9269725791596297,0.9822984009768245,9.68034002059641e-05,17.8840107051703,5.3939932983817344e-06
73,0.804992566034943,0.8001097314150214,1693504735.4885447,10,7.406568399951927e-05,0.983993740805489,0.23322325628728427,0.999304812771185,0.9594650672579974,2.4500582664222727e-06,6.331864385034249,1.6242098458787433e-05
74,0.7948947634990502,0.7917850342118501,1693504736.7306433,11,3.1794025151404355e-07,0.9087173591128458,0.3935579025869009,0.9429127280597172,0.9225608001260319,2.8184660877018983e-05,3.1073222711698834,3.5095906505330374e-06
75,0.7922964131209302,0.7868101142524092,1693504737.8788106,9,6.5309791995255215e-06,0.9277497259825805,0.10037684321902994,0.9657169225919732,0.9871439405313027,0.0002981295452401334,0.8379753980079327,2.2745360024620972e-05
76,0.8060561418555815,0.8017063709091491,1693504739.1329896,11,4.611219482802442e-05,0.9528533203788906,0.29431426491823715,0.915047431241057,0.963150984094804,5.941846228708909e-05,20.615268927694498,1.0709524913941539e-05
77,0.7965958861765255,0.7937598803184058,1693504740.4761147,11,2.9641246379571865e-05,0.8640692270283827,0.12650731628609865,0.9835335396036302,0.9652253860792998,4.759656815828588e-06,23.415068723382525,1.161221396065939e-06
78,0.8037181072377576,0.7995503556914626,1693504741.5849993,9,0.00016023565985760942,0.9556808844351977,0.2549301185969465,0.9011185702859029,0.9356310205623348,1.6423696858012065e-05,8.785546368052872,1.2473528320065753e-05
79,0.7951280499574063,0.7959158755758529,1693504742.805313,10,4.460831479766623e-05,0.9379660125368635,0.16585728229622212,0.962901524897056,0.9523707020607077,1.5186486818028693e-06,1.8816812889354109,6.600346405023663e-06
80,0.7999350026920459,0.7931545860645594,1693504744.139625,11,1.3817810206657053e-05,0.8377914428621205,0.37585711773292446,0.9392459985861592,0.9829196483714762,4.877421235661501e-05,3.7909585317908956,2.7443354536274895e-06
81,0.8038830041200637,0.8019790577170277,1693504745.3815625,11,0.00013174540674004204,0.978452025779817,0.4944119280367202,0.9208237402966124,0.9250799163364226,0.00011373493151627193,19.102544640952583,7.885994608840517e-06
82,0.8034244130106362,0.8011580132376306,1693504746.3021016,7,0.0004226689851195715,0.9983435071259875,0.9971283320830369,0.8763130098317539,0.9657963504875738,6.40998503627662e-05,57.695748178727655,5.847412120793167e-05
83,0.8054911568831478,0.8035706073501585,1693504747.5105932,10,6.0128653398958675e-05,0.962938568233287,0.2888033373894872,0.9171423497322451,0.995231340374834,3.514767955257298e-05,11.36683530980356,0.0001476309468014163
84,0.8052263060050765,0.8023214057597265,1693504748.6737938,10,7.843638066025494e-06,0.9590845047715069,0.24691949223036083,0.8939813872566102,0.996987073321114,3.285737352394074e-05,9.147047658471836,2.077512106229354e-05
85,0.8054146947974581,0.7974413767774592,1693504749.9026577,10,9.69200300347146e-06,0.9443689738410946,0.20469912471775037,0.953142127267554,0.9951812161722462,2.988043389926541e-05,8.528021186169761,2.4087586889794943e-05
86,0.7863062481587422,0.7837875452099418,1693504751.0377634,9,2.106329510217558e-06,0.9248308511786159,0.059310721995396325,0.9726036033374715,0.9741166757444192,1.373364404792038e-05,0.9239923754408171,3.6256563692279237e-06
87,0.8003662016901113,0.7984947085405871,1693504752.268172,10,4.011698744465448e-06,0.941614778725589,0.17442595410862743,0.9437331885535525,0.9868619007908402,0.00012816437073668444,3.2821651981676583,0.0001362452218480941
88,0.7926433496307326,0.7893577294030292,1693504753.5583642,11,6.448106401927344e-05,0.9625737161147387,0.1330190044699061,0.9581057570676721,0.9513014242417579,3.1042093109266233e-05,0.385086919355207,1.559470779996946e-06
89,0.7829746599387286,0.7802661498295396,1693504754.7362452,10,2.3642544124840533e-05,0.900478582366202,0.03588975048760475,0.9334952991046728,0.9404943022246961,5.929061844587321e-05,23.61413308502129,2.472209418286382e-05
90,0.8018784820634277,0.7971611948997597,1693504755.9231641,10,1.1372445684220905e-06,0.950018577110924,0.3841534420691987,0.9123113926332637,0.9989573481042635,7.39420787826451e-06,6.179713526963328,7.446091675176359e-07
91,0.805835009512863,0.7995686193103337,1693504757.0918543,10,5.898522531791097e-06,0.9610526735610274,0.2613860625053088,0.8919543261764545,0.9990737496091152,2.8355334508381463e-05,11.385682089292922,1.236282132033926e-05
92,0.8049275324460468,0.8000346609553769,1693504758.1865735,9,8.651546430681147e-06,0.9691152600342344,0.2697162940668357,0.9539014396647029,0.9690611037783976,1.9549599910890985e-05,10.415550167309702,7.759608445187859e-06
93,0.8004544550820165,0.7973522942298941,1693504759.5168338,11,1.1901532490963351e-05,0.9894055948859183,0.1983370705227372,0.9781260081066999,0.9892133993222081,8.279890031916749e-05,1.709846658327299,1.4535143066504382e-05
94,0.8028577046934477,0.7984551373663663,1693504760.7558637,10,5.361866740098594e-06,0.9185215628743308,0.5005864646783454,0.9928286803057472,0.9755533349353993,4.573508373351406e-05,14.092540459395819,5.1358393055107005e-06
95,0.8024387505133753,0.800565533457353,1693504761.9926534,11,3.968718741895239e-05,0.9460536200094976,0.31809982083436583,0.9173532117151054,0.950981846498497,0.0001299346636915863,4.472411975206051,1.0851583007009106e-05
96,0.7977611393376841,0.7941552128160705,1693504763.3056574,11,9.542140964237874e-05,0.9332592638258024,0.14926716003996238,0.9522497930580843,0.999603540629799,3.4057322780103057e-06,30.13693284156315,0.00015141647882200497
97,0.7996120116040966,0.7959244884190693,1693504764.3774521,9,4.3020247253586565e-07,0.9868566714428053,0.39940417849568566,0.8798678321426983,0.9605986022829276,7.769937511594035e-06,2.385871673633891,5.5212137845746095e-05
98,0.8047581911483208,0.800087685330821,1693504765.440465,10,1.8844314870320874e-06,0.9137522928117633,0.20336646013971346,0.9669011871718826,0.930360625127028,2.3024281347460437e-05,18.490210776344753,2.196512583041931e-06
99,0.7936472433014496,0.7888450805994459,1693504766.5209947,9,1.810572770486587e-05,0.954340792673687,0.10192834900918618,0.9005444511636422,0.9874725798099674,1.3468579433729481e-05,7.147957972793572,2.8101017343826073e-05
100,0.8126330603555242,0.805028792645051,1693504767.7735922,11,0.00019423599659454594,0.9643933260822182,0.48700995552885423,0.9346764307182319,0.9722113121065546,3.702186116576593e-05,64.57904756327923,6.931881900399656e-05
101,0.8054367354698455,0.8038304996447078,1693504769.016447,11,5.458493425769909e-05,0.9711106340110996,0.8032751277624337,0.9324977312092578,0.973445558894885,4.472440751221011e-05,65.96471542524576,0.0001232475135452776
102,0.8049774187415737,0.8025927851719374,1693504770.2569888,11,0.00013922490308890964,0.96796373758301,0.6988483226106181,0.9346113872740042,0.9793233442404385,0.00027074511891883303,43.04468945514737,9.868635359586762e-05
103,0.8054553294527237,0.7989370673618152,1693504771.4672256,11,5.680857237319271e-05,0.9747705150567462,0.7694485534688906,0.8900684584803347,0.9678383857555157,7.137154255515303e-05,60.67710713091264,7.37890817011151e-05
104,0.8037718937345715,0.802340966794146,1693504772.6726964,11,0.00018984883342334794,0.9814793908539613,0.540348819793367,0.8873050969899645,0.9428318308982138,0.00014265612275764878,33.41143530413368,6.730765776092058e-05
105,0.8105329380161871,0.8038094116519893,1693504773.9208121,11,2.9714062134517638e-05,0.9910596246527992,0.4295489611765132,0.9125586180394705,0.9553493077405621,7.093308093053881e-05,67.36052692908103,0.00028855192385209764
106,0.8050125205531538,0.8023408769730697,1693504775.1900976,11,3.609619559825268e-06,0.9935893097731121,0.2959532371663751,0.9269563155856855,0.9557103101087866,0.00033737697638863923,13.433429448138194,0.00040137480298770467
107,0.8073708724986104,0.8027277263690727,1693504776.3264327,10,2.6987146565311954e-05,0.9998506326949489,0.3568822233302972,0.9097159961564563,0.9296901410412822,0.00015866198054594087,84.03134587171222,0.00020728247219919916
108,0.8110284449843048,0.8065900027145925,1693504777.4892898,11,2.5738693303799594e-05,0.9886970687877659,0.4350982383911826,0.8672892202877317,0.9162537544652158,0.00017485319353126037,74.07006169941828,0.0002070851917312907
109,0.8082518644776197,0.8030732979904032,1693504778.639637,11,2.3174479764657745e-05,0.989204479156032,0.44555932398652,0.8611734975665379,0.9087046915709093,0.0005504206250074146,91.22260522898237,0.0002857955357732795
110,0.8109593297894109,0.8036943907735791,1693504779.7899718,11,2.4806434430978278e-05,0.9901161980899251,0.44663805479578517,0.866807430202374,0.9136659829928993,0.00044684771224847374,92.5508682134174,0.00029345494082557154
111,0.8080536798308436,0.8058184895687789,1693504780.8944423,11,2.2823767031669244e-05,0.9896907369851451,0.4430223968294565,0.8653840212830918,0.9046654351094575,0.0006104393207810215,94.76591348922902,0.0003073373136372631
112,0.8068207627124793,0.8040308206053541,1693504782.0112596,11,2.0892097486829552e-05,0.9996450138638496,0.4636487740217271,0.8447680511875423,0.9173029687768702,0.0004889420596072921,94.45249785624458,0.0002909374387685337
113,0.8072955895435421,0.8040995437089318,1693504783.175893,11,2.2815644053701475e-05,0.9977585799145021,0.4463178517375167,0.8760944045793954,0.9055091291759034,0.0009435996727097871,80.88884611459655,0.0007003889182129765
114,0.8067361374147942,0.8052525968271204,1693504784.3268244,11,2.5644716472204834e-05,0.9875793727124992,0.4091909093710294,0.8623884597647299,0.9054657195062636,0.0014405706092854573,78.70630818748586,0.0007033338746041926
115,0.8075173568027493,0.8025761283523222,1693504785.4739904,11,1.1692248064738065e-05,0.9898776303664627,0.5618220847520992,0.8694071681217889,0.8881241353398956,0.0009191084907017392,37.553099805490625,0.00034516534089082553
116,0.8065170912262523,0.8035838609489896,1693504786.6040754,11,1.3346843444793843e-05,0.9883963877443548,0.5749808713819494,0.87016962183052,0.8816463629296818,0.00039015906576210816,33.165077068103336,0.0003218447577396704
117,0.8023553950486673,0.8003894941276977,1693504787.741081,11,1.6664776322527716e-06,0.9785167307244921,0.7877468817554937,0.8582686264231189,0.8914279645223788,0.00024779442232470675,97.17231238100787,0.0010323506573215924
118,0.8020899092541074,0.800458476714385,1693504788.906983,11,3.2850647379711783e-06,0.9802016254503306,0.5817682793460928,0.8405356840020475,0.9239672539470387,0.0005263733238546201,45.748166701621635,0.00019703891846930017
119,0.8079929092526562,0.8035442199139315,1693504790.0493724,11,0.00026556923674968106,0.9994855587332712,0.356196841026667,0.8523149893485705,0.9008346462391413,0.0017692158614685057,32.815014518656355,0.0004985273154823405
120,0.8085810233257433,0.8034649777642935,1693504791.1656203,11,0.0003189609384454827,0.9989635465666801,0.36252352338614113,0.8267638628008044,0.9135294788544062,0.0018458116752836232,26.312431816435716,0.00043336374263844513
121,0.8063194507936093,0.8039043126092823,1693504792.3093808,11,0.00022493320721577947,0.9998218255965726,0.37046754386710307,0.8453325806076271,0.9150007677764057,0.0022673166495262636,29.13763724966514,0.0005273700147982651
122,0.8113793723977495,0.8030106128591845,1693504793.401579,11,0.00010231970114971407,0.9885327580476697,0.49841918904702637,0.8244043061653208,0.904193597479204,0.0019823183455891127,59.68241426604177,0.0015718023267611346
123,0.8072458846527262,0.8069996067832877,1693504794.511006,11,8.463476002392925e-05,0.9876609550353848,0.5147667523707338,0.8226218315477121,0.8979687273147257,0.0006761666459774938,56.23054749486392,0.001732750817656658
124,0.7900599651412707,0.7858326513584939,1693504795.6504138,11,0.00024112069119264419,0.9864766841479736,0.985582751457726,0.8546931177616065,0.9069039116872247,0.0015649369303705047,38.70230750187586,0.00039743912382689565
125,0.8041947481159306,0.8018894262628843,1693504796.731113,10,0.00011932726919678898,0.9733252243692979,0.6200511654558243,0.8671969629179683,0.8855918749997476,0.0040188777132198475,22.87233474792095,0.0002699506543733402
126,0.7992597236553194,0.7965885056966523,1693504797.8582048,11,0.0003703142633523973,0.992002195571778,0.8191963517241202,0.8289514845902325,0.9018290543388464,0.0008391314509061377,62.73454851321208,0.0015293305343439798
127,0.8055873920823373,0.805759596883009,1693504798.9766393,11,0.0008882514040430337,0.9774588071427879,0.4557215984892331,0.8442565411551055,0.8718734710875674,0.004912880371063966,39.180447168138116,0.0007003353307446248
128,0.7983357387598013,0.7975331040567191,1693504800.1038094,10,2.9104791414829438e-05,0.9981507285885034,0.2363454035452765,0.8576494634366457,0.9284488910524871,0.0005472871410981677,93.45768603503008,0.0002005299691142321
129,0.8068468849908644,0.8023802385647789,1693504801.2666125,11,0.001644810035887099,0.9684673253357544,0.34980623885753287,0.8188043093926229,0.9137628453349405,0.001808107861433162,20.79668170477536,0.00040593727848780875
130,0.8094633758400852,0.8031107433991489,1693504802.2913203,10,8.2367908901955e-05,0.9837853924598241,0.35240080590191064,0.8327283916621869,0.8925524949355208,0.001211953391369089,55.19542086883809,0.0025423833875306673
131,0.8057893862280445,0.802441406717818,1693504803.3257985,10,9.439458879517668e-05,0.9840242385407314,0.4212095938631217,0.8322679466713855,0.8973640939187019,0.0011143885090942973,99.01722645697954,0.003795542056936506
132,0.8093602472618773,0.8051321767040057,1693504804.4114754,11,0.00019815850146888444,0.9993110784141757,0.34586143463144864,0.8063247188627797,0.8700170378112165,0.002626155734687109,50.91871249603142,0.0009134876026813267
133,0.8089364858569631,0.8066878977077663,1693504805.495091,11,0.00019328392418468984,0.9762633432363401,0.5801007992091823,0.8050178285912024,0.8848982560076933,0.0032697105369753556,50.25825880905225,0.0010016025912305381
134,0.8043980120946149,0.8020805355731384,1693504806.57987,11,0.0002269075969479146,0.9609791155862917,0.7002720278456233,0.7943216363296074,0.8772650231154152,0.002568111002010506,54.69842262624906,0.0018924653399022431
135,0.8026138060594978,0.8015127166683965,1693504807.6856887,11,0.0005083106958343411,0.9740996972301701,0.2485201791986748,0.8084855753154436,0.8627148050500665,0.005163520941257731,25.172924984976408,0.0010091072292718111
136,0.8067172713248494,0.8039920678009405,1693504808.8102705,11,0.0001256548183973129,0.977532828108809,0.32728829129041426,0.852354703391349,0.8822582140536366,0.0033187333801674465,57.88669497993496,0.0024761794262777755
137,0.8025051446376041,0.7972776129949142,1693504809.9434206,11,0.00036320730313915304,0.9608021368497531,0.4956082516279504,0.8383502944248901,0.8940754136501632,0.001463418544983748,16.96230049034087,0.001009907365910476
138,0.803747676205652,0.8007405248744501,1693504811.106244,11,0.0007778192244948303,0.9884029072042245,0.202629709245453,0.829227471029775,0.9148463235172742,0.007342566944451591,30.65095149001065,0.00398041090586979
139,0.8027946665563727,0.7999589517680781,1693504812.1067607,10,0.0012955366562141478,0.966732334602156,0.27628021392611907,0.8153202834066607,0.8603023712438171,0.002049055905670357,17.555967512896686,0.0005641006199886073
140,0.8026569803807178,0.8005038563182142,1693504813.217233,11,6.687112843638978e-05,0.9819220891626941,0.7403716766035056,0.8054409368189114,0.9062704302507313,0.00041477894463198465,52.69263449305793,0.0008040060323668322
141,0.8042947928140514,0.8029615605713418,1693504814.3844917,11,1.215611357445123e-05,0.9902437128956741,0.602505335567931,0.8727036754017117,0.8883636179697041,0.0007912084027946167,32.493883200845076,0.000375047727351129
142,0.807895857732267,0.8060973440905715,1693504815.4564674,11,4.057552940892152e-05,0.9899590881357286,0.4344654278884751,0.8297341195113639,0.8725546817569825,0.001289391221594162,40.334562590447874,0.0011573403703817502
143,0.8094085916173608,0.8053213698312961,1693504816.5476553,11,3.7301353388864396e-05,0.9999781589303255,0.44637345265391426,0.8277228192613051,0.8702554139788226,0.0011371449885818554,55.84490904086813,0.0011985255971766608
144,0.8075093749954649,0.8028917097142493,1693504817.6064267,11,0.00012183691188880323,0.971344879613579,0.34420022869333183,0.8019723565031863,0.8668040845636672,0.0027150690078356606,60.78576095212628,0.0025524449415312007
145,0.7991527855781804,0.7964201510590903,1693504818.681737,11,0.00022222914835431291,0.9538346213902847,0.24252654870870954,0.7937424865322412,0.8524645498359684,0.0002878356076554582,99.44191781095829,0.005409731445039536
146,0.7805816596934696,0.7772591797140098,1693504819.7088335,10,4.005561024192175e-05,0.999343091147601,0.004242967892925361,0.7797640160737273,0.8801427920581592,0.0006681208284589091,14.46065530529906,0.0014891970204718862
147,0.7984221781045965,0.7947269339475765,1693504820.82097,11,7.727055154379616e-05,0.9806905101229921,0.14883038629703385,0.8187816765298948,0.8957791846448846,0.008924326582203764,22.607719265732666,0.0005548326215613306
148,0.8092389782125684,0.8031974107577705,1693504821.9334016,10,0.00020258839751156587,0.9998535860718077,0.49016108017709703,0.8458380640387715,0.9231130219247693,0.0018372767426714422,57.64185956558207,0.0001643878080253139
149,0.8008071058402159,0.7961992211514662,1693504823.0277853,10,0.00014774707325154968,0.9726135177978941,0.8302052881771165,0.8275429128680123,0.9353510799258076,0.00020802291068842816,54.74522786381046,0.00017057831140417676
150,0.8016483701875143,0.8021608655558129,1693504824.1371453,10,3.34925156132866e-05,0.9590098023603543,0.49481629498180313,0.8380912264236524,0.9262132194756783,0.0011566072591035856,22.873689698067697,0.0001316306426923986
151,0.8082258329015901,0.8044438578351922,1693504825.2571166,11,0.00034771456681042265,0.9982389365246637,0.39132039231635807,0.8530806443892296,0.9162193242961119,0.0020250680631666907,65.92074271071372,0.00025780429453265964
152,0.8050086203518672,0.8064088535637011,1693504826.3913374,11,0.000489302957495742,0.9884283723758835,0.6318701104122849,0.8172667035951509,0.9143178030657174,0.0031338618045339607,47.13281076345702,0.0002512287648870804
153,0.8100468640930417,0.8060867551836741,1693504827.470936,10,6.227927514276639e-05,0.9803276781996415,0.4600875564620899,0.8443006031536757,0.9212508961148045,0.001970101398937854,72.47995193462084,0.0009370789231743792
154,0.8071891049781806,0.803662893516116,1693504828.555032,10,6.338249002296227e-05,0.9797092205205318,0.4337637116787948,0.8483944172009825,0.921717856898937,0.002097535350025378,93.66996062446226,0.0008394048898471558
155,0.7969039113758167,0.79604425983441,1693504829.6187313,10,0.00017217306088601551,0.9993099609137914,0.9788205736470639,0.8376426868736232,0.9462688416929209,0.006471996301306839,63.591513250809975,0.0012153774814702841
156,0.8078089648756942,0.8045265930266908,1693504830.6965187,10,8.444925937045567e-05,0.9837757706746952,0.5546380243274514,0.8597636492250502,0.9100015849261232,0.003351417762271776,66.01897112321974,0.00029485562943476956
157,0.8018117251297769,0.8005647150875456,1693504831.8890786,11,0.0030333008266616814,0.9699491782734291,0.32185197574573565,0.8818209951784871,0.934751163898374,0.0006305299784271636,99.57690699979045,0.00011879573960150628
158,0.803422961772948,0.8007617525888431,1693504833.0642643,11,0.0005931714051012194,0.9916958574816591,0.6666933062472143,0.8488766686535207,0.9201535841972139,0.0011312337217016537,38.00572084871125,0.006259664050995473
159,0.8049809561334385,0.8017269000151698,1693504834.1256547,10,1.968693004770084e-05,0.9776471141163684,0.41319626756994693,0.8681414809324258,0.8896835550936795,0.0037901439867000556,13.218890217659677,0.0006362893671025329
160,0.8040985129167411,0.801547816749036,1693504835.2673044,11,0.00031013732306209876,0.9665561933505957,0.5143232011233574,0.8347444196749624,0.9024519582801073,0.0003942400085276033,28.032820852654478,0.002054402748402836
161,0.7843916121364105,0.7861762668763823,1693504836.3974233,11,6.206535600355922e-06,0.9877495196469076,0.28406216349585556,0.8214713993634334,0.9398043743775144,0.010230983938899544,0.013672350677804958,0.00022048193243199207
162,0.8048788252811411,0.8054396941292944,1693504837.5171092,11,3.327843888593325e-05,0.9511660395931715,0.37448818756499747,0.8106614664452558,0.9097684615842774,0.0008462660224830275,61.69757563330889,0.0004018462285508065
163,0.8053057612684978,0.7998106871112745,1693504838.6390498,11,1.9086443159151262e-05,0.9911453421505645,0.22624154458918297,0.8627542739611056,0.837653909127639,0.0018662837241935604,43.9255157032251,8.253397871670091e-05
164,0.754567045004332,0.7527352114587741,1693504839.2032893,1,5.8150298302353756e-05,0.9771003241815698,0.46148755938443303,0.8418796285344203,0.9260264483347762,0.00477272968329938,19.357830814087585,0.0013973793465641498
165,0.8056543304206994,0.8016950534535205,1693504840.3481376,11,0.00011123840221279646,0.9992530665085605,0.3224596774967541,0.8528859486637996,0.8694247192141001,0.0012716116616912833,98.64898810512317,0.000730727129344493
166,0.800715677865868,0.7949141110907073,1693504841.453518,10,8.6571005029226e-06,0.8783310956602435,0.18214511832705893,0.8263602255014213,0.9464296831171751,0.00042456933796585714,38.13535217853673,0.00015585026278049267
167,0.7930398096266401,0.7903152420378605,1693504842.5904844,11,0.0011824615342641528,0.9616241192344609,0.738110505675635,0.8786175677176764,0.8849613336698892,0.00021417196105880004,12.805414340898707,0.00040553164233515863
168,0.8074068813337455,0.8032032890482159,1693504843.7432528,11,0.00017207881613576914,0.9805979170016774,0.5726127595939349,0.8463289729050735,0.8964034163159362,0.0027314991026811783,67.6069019145613,0.0002615232803880932
169,0.8090956684908724,0.8033818333878912,1693504844.7724686,10,3.7092216387624436e-05,0.9456100150426833,0.2974859901192029,0.8028545096023276,0.91913287944925,0.0006875554950081822,26.982219507922405,0.0027957503349822542
170,0.8077633415908758,0.8025720963840031,1693504845.7623117,9,4.6258563114588206e-05,0.9342242370144351,0.3934866200797661,0.8016229357207669,0.9181390747622848,0.0005861627773096796,26.604659676172453,0.0025515385082026253
171,0.7807866470169084,0.7745432797866649,1693504846.844479,10,1.55884960005224e-05,0.967316594186644,0.025464575457320844,0.7883255581628662,0.9318753332470024,0.0016699576767170233,8.132290844619499,0.000967838585086345
172,0.8039884909595147,0.799506992071793,1693504847.8817234,10,2.8980041160851952e-05,0.9499372658973292,0.2769690533482972,0.8159298329709395,0.9062494046233557,0.000919294316165881,46.52825148649068,0.0018746697118628211
173,0.8047161959577226,0.8014174664069175,1693504848.9670956,11,7.868667097178044e-05,0.8883520449091569,0.3001585507802413,0.7762383682318776,0.8792352847845307,0.0003398816659029128,65.53252464900997,0.0004664387514452183
174,0.8064348241898103,0.8023943504538958,1693504850.1297631,11,0.00026540207477964003,0.9906963625150716,0.2161810915906748,0.8096740169966314,0.941713962033354,0.0001119321029535506,28.05234957098252,9.686326741789044e-05
175,0.8011820693778688,0.7968274297599183,1693504851.1984656,10,1.0983358017719264e-05,0.9805257276292736,0.46409558960263103,0.8360703084249772,0.9192813527668504,0.0021774892179577906,5.165360677799668,0.006560089829335102
176,0.8131503358889629,0.807289768780589,1693504852.3418407,11,4.656771371276871e-05,0.9993532563264882,0.35992244221940584,0.8632334276967704,0.896387921443095,0.000610254220241319,19.438005928784285,0.0008414702733828496
177,0.7829728458916186,0.7776275958291085,1693504853.5071125,11,0.00012356021351557573,0.9920773341573114,0.0008162353331263712,0.8591259044435916,0.8950011139423079,0.0005994886736590778,16.381983301321497,0.0012586196713292542
178,0.8066658430892788,0.8042739961995705,1693504854.6026049,10,4.564233159649699e-05,0.9979749959599218,0.608080210514264,0.8679076225470383,0.9112066550388114,0.0010933786658811927,99.64320080215899,0.0032180431865212445
179,0.8086398891544654,0.8041001425161078,1693504855.7309532,11,0.00044800385098689736,0.9742006910161961,0.36589390835387625,0.8776589620531431,0.8880395205033385,0.004444462039572427,40.00756389451935,0.0007468821971365752
180,0.8084318179509395,0.8046720931903648,1693504856.8764052,11,0.0005707566735146595,0.9718383185566593,0.3639516375335158,0.8836550075169195,0.8713220179547493,0.008676274339591337,37.61479340615651,0.0007880206655835798
181,0.8068648440572543,0.8060706073501585,1693504858.0318244,11,0.000474676055108524,0.97339186871779,0.3746807121730415,0.8953836259061119,0.8633001274982407,0.012905899385555274,34.341611346001976,0.0007867053929152066
182,0.8053437655554541,0.8058118428091242,1693504859.1594691,11,0.0009333855476343707,0.9994996089305306,0.3501908463803165,0.8784207670781712,0.8808080221763069,0.005398548327133233,45.376328235735016,0.0006445660282249312
183,0.8068600368324126,0.8015220181398655,1693504860.3218246,11,0.0002665245501872187,0.8175634790597062,0.25078378949565144,0.8782423823974251,0.8565913779415713,0.013342704230067377,21.788481190082063,0.0018051439825305731
184,0.8105428245729369,0.8053035652979266,1693504861.479147,11,0.002198277997143607,0.9826456004019422,0.48699752127252555,0.8837117970681343,0.8904804613160686,0.0039060813878624015,53.887181266729826,0.001237477825726439
185,0.8006399413990221,0.8034188496514942,1693504862.6123493,11,0.002577056367674303,0.9672197514275234,0.7885984149255336,0.887213959970633,0.8706538163261685,0.004094805752459332,59.57431004837934,0.001072837873493328
186,0.8047356969641559,0.8049757582894874,1693504863.7348585,11,0.0005850671896685739,0.9844005557445503,0.5291947083795536,0.8526948307971403,0.8871273377730813,0.005996943427789669,36.16648517928461,0.003124003758413862
187,0.8049201855552508,0.8038773163857595,1693504864.8750298,11,0.0014963848589272652,0.976693268004422,0.6475941743873842,0.8980835137249278,0.8937863129036115,0.017551748522972626,60.92915546639375,0.0005225526087678981
188,0.8105557950097741,0.803203518590967,1693504865.9552991,11,0.00034190637730688523,0.9998769814725618,0.43423984499848045,0.8269759226643455,0.8739889096605918,0.00776115132181081,22.174361686689505,0.001617225309663522
189,0.8107167009884381,0.8032316725083634,1693504867.0592139,11,0.0001740072342446765,0.9833240083563383,0.4885699618642399,0.8268226629370647,0.8756267521805824,0.008660326348643275,16.98622387711961,0.001512720691759486
190,0.8016934492581997,0.7967344749259475,1693504868.0812323,11,0.00018179337064731094,0.9618123089046824,0.5373557606138577,0.8253658793198432,0.8447233636642609,0.02483538914565208,11.642663910735548,0.0018321226100021964
191,0.805611065397124,0.8048885320441681,1693504869.2116063,11,0.000804580479253451,0.9828831812569211,0.4528768693121999,0.83486939581116,0.880575586294404,0.007679545890319768,21.489063626461395,0.0013208214800486324
192,0.7906108005462458,0.7855129581872909,1693504870.2875304,11,0.00014829241488183707,0.9849583359415932,0.3277512955288291,0.8222693987771952,0.8687540110914236,0.008531507918270245,0.00039990253815074716,0.0039024479947665424
193,0.7966767926776351,0.7951496718536675,1693504871.3664486,11,0.0003538331824091131,0.9698764757204165,0.8369310220474862,0.806053880645466,0.8591130463502743,0.0034350340219270717,30.302747283856224,0.0008657392012897801
194,0.7942900508949057,0.7955432977508804,1693504872.5015712,11,9.451733375189078e-05,0.9748003598756037,0.681879088777484,0.8427699895318197,0.8989850721800862,0.005577132973866711,18.38745419316456,0.002421233620370649
195,0.8064312867979456,0.8030744257439182,1693504873.6527736,11,0.004327387357869006,0.7959196753920207,0.4749995879655179,0.8301111742852498,0.8757506321716884,0.00279255520289354,43.234209346563894,0.001388727482019252
196,0.8084804344134897,0.801137534032208,1693504874.7683415,11,0.00016854222487611687,0.9885889168923092,0.39535767425014323,0.8141600692435206,0.8900950384021388,0.01455505588830972,10.034824712152496,0.007486005783198352
197,0.7752031914167998,0.770581870913141,1693504875.8984337,11,0.000186006965826019,0.9998128575181346,0.01134979385380321,0.7967852057547044,0.8865247774701944,0.0056093758070820034,11.189083208523023,0.005800788085830653
198,0.789122737701849,0.7886200887831439,1693504877.0030107,11,0.0005205618842972739,0.8554174966082373,0.06416454538174621,0.8129858346816627,0.8509138337156319,0.025119579167247493,16.206096802167828,0.011836845368534483
199,0.8062679318556831,0.8022598184416643,1693504878.1472852,11,8.989671881344844e-05,0.7569288724398455,0.3194004631738757,0.8012739288511966,0.8734825107305367,0.007003802256163337,29.19219743476424,0.0024165703008780758
200,0.7759556581580601,0.7730064711095498,1693504879.1654792,11,0.0013065161548754501,0.9583608616736794,0.5706877372363321,0.8172313039827438,0.8088873724838274,0.01046083069381699,0.10718904317532582,0.0010897290940482633
201,0.8058035357955033,0.8040896334501673,1693504880.3287337,11,5.5219123686580524e-05,0.9876547733331742,0.40997787331051505,0.8652267928557297,0.9007206113396984,0.013463699972515366,46.33645473460169,0.0006226601759571827
202,0.7901470394025545,0.7836612268361424,1693504881.3538117,11,0.0002645530412289094,0.9880616041921508,0.043500390553008667,0.8427156366129293,0.7730571427773303,0.0015116286980789368,3.870089147162921e-06,0.0017388101189006286
203,0.8108874028214963,0.8039501113781347,1693504882.560956,11,0.00011241860101895912,0.9796957824017406,0.3836730018492522,0.8866413111945473,0.8885114357732928,0.0035437288607735487,25.76530579969597,0.0008197888015310359
204,0.8055450340823171,0.8006474203386853,1693504883.7851722,11,0.00011599751880315925,0.9749891203928333,0.36345923616860126,0.8851249610293038,0.8865097562824641,0.0035100849145638826,23.56916479691363,0.000765912510506685
205,0.8076128663830948,0.7995110440003512,1693504885.0275836,11,0.00038025179492538237,0.9825502582149004,0.2759254837073236,0.9040028475394878,0.8651102878168768,0.0024291618999851593,9.80301398646623,0.003955573829809044
206,0.8093850997072854,0.8063262181733986,1693504886.1585867,11,0.0001686932000490831,0.9705583938041066,0.5277846260838612,0.8262739807499392,0.8900461897796237,0.046341924006077895,37.12203387050025,0.0012014753263729465
207,0.8044449959147658,0.7958632404250732,1693504887.179617,10,0.0001514657909782776,0.9998049887163363,0.6622736007109081,0.8271426856470686,0.893988130894944,0.0509690000025312,16.393467885596966,0.00974144710376621
208,0.8086819750474192,0.8021098970850067,1693504888.1423657,11,5.0778849480456986e-05,0.9559565325839953,0.47080848730408564,0.810695768922026,0.7599019123366588,0.0038510716474002555,59.110046036279776,0.0026282540110303286
209,0.7560174663711946,0.7581731391068991,1693504889.056575,11,4.9521913331271726e-05,0.9496788700169995,0.9581575066674949,0.7865902967927298,0.7342832855622087,0.0015064388206873515,0.6778961852157135,0.002700371228837142
210,0.8135399932082077,0.8044309435604275,1693504890.0548298,10,7.374391962175234e-05,0.9623182052617764,0.5468658206766486,0.8050234566186946,0.8265388577127412,0.0036570741666208774,46.88391512854669,0.0015594396881050063
211,0.7844177344147957,0.78415822681219,1693504890.9777348,10,8.080284429881018e-05,0.9614562349886314,0.5279147071211078,0.8059788093500326,0.7835744882307344,0.003479016536743625,0.2636330798904609,0.0012706054983320535
212,0.8097313105982438,0.8057857946969637,1693504891.9493651,10,3.4013447794710296e-05,0.9426633761952455,0.49151717026589203,0.7669054532202408,0.8378759743821079,0.0023990472545440834,59.29256984959358,0.001615704015589061
213,0.8097118095918103,0.8051286537217861,1693504892.9210799,10,2.629014940652116e-05,0.9412439040970588,0.5372634042012572,0.7540292107820762,0.8382713322084592,0.0025547111916314237,62.383909934654916,0.002053298654843471
214,0.8011914117204859,0.8010722939903712,1693504893.8946106,10,3.348133731804197e-05,0.938571415895775,0.7646607070503486,0.7650876228595981,0.8089554753617656,0.002398598062067394,66.33445795952217,0.0025669776646662706
215,0.8078493274238935,0.8036869955049543,1693504894.857177,10,4.6542146652758496e-05,0.9413089983189825,0.5763210105923995,0.742315678422898,0.8320316870942777,0.0011139311667670482,61.07473814006229,0.0016981451623908786
216,0.8084718176897167,0.8062753994043865,1693504895.8636267,9,2.078876541934833e-05,0.9217641358796802,0.4990134593292869,0.7896364192825132,0.8458718702163581,0.002648246353983761,62.4253244026697,0.0019075926116140756
217,0.8051455809086779,0.8038525557090276,1693504896.849649,10,3.4976109322081185e-05,0.9296771697428629,0.6666109875355033,0.7778796425922765,0.8248408108838933,0.0016166506445819408,45.290756102179856,0.0037922169976580856
218,0.8101518974207153,0.8048343898953285,1693504897.8034382,10,6.954887699610576e-05,0.9465266032843397,0.4826232685097095,0.7552679285568513,0.8332396569004511,0.00371457253992617,79.20352283676438,0.0012812991564491488
219,0.8104487662302795,0.8049266062004486,1693504898.7708583,10,8.574115670987306e-05,0.9460698600622348,0.62576057063634,0.742780158040873,0.8408564780066389,0.0008690418941394704,95.0702522627787,0.0012111633913794873
220,0.807072371046647,0.8001098012758585,1693504899.7332509,10,7.86134282485033e-05,0.9477661832899867,0.813769159650168,0.7456392591034686,0.8431981592992103,0.000948173329354781,97.63235572044528,0.001382910840275999
221,0.8102946629282783,0.8057016822489601,1693504900.6970546,10,8.756587344493086e-05,0.941498424034186,0.578513456288925,0.7609460760722089,0.8401574410251061,0.0018161692647359418,71.96989638115063,0.0010770978795341473
222,0.8074856109783228,0.8056174400594017,1693504901.6582017,10,7.55388184112325e-05,0.9289771942678438,0.4856962461385299,0.7551667014093687,0.8282115295291977,0.001238575167775274,92.85240868553412,0.0011352207619391467
223,0.7994555500408523,0.8002317982578703,1693504902.633887,10,2.9841827053543148e-05,0.9422435372309965,0.6552082003333658,0.7423684811882446,0.8300261281908927,0.0008624809540442235,30.650586676351985,0.0017892524169492534
224,0.7636758290558103,0.7625550702999626,1693504903.5638292,9,1.6456724102263216e-05,0.9350663921743644,0.022460195070745835,0.7568590676603447,0.8400325480723638,0.001955487053656706,66.87830112590605,0.0010155790879777088
225,0.8087080973258043,0.8062993117709523,1693504904.532122,10,0.01958009274980908,0.9520828196286222,0.4499337690219563,0.7268231303727388,0.8503111921588848,0.0016704759431229975,39.23031894400387,0.004436851646219046
226,0.7738163524011453,0.7751444322908766,1693504905.534,10,0.0001051517434970088,0.9064465502986006,0.08239551731860335,0.7649955739221881,0.8359950604248587,0.005244689522339171,70.09786798201475,0.00048336853298819494
227,0.8019759870955945,0.79980904039154,1693504906.5080004,9,5.1756636371240924e-05,0.9421316816994078,0.9898403773701588,0.7640783098269823,0.8604369016503007,0.04874380964739346,97.1582965927878,0.00279577670374176
228,0.7806366253209048,0.7736764365384154,1693504907.44377,10,3.109435812804094e-05,0.9157795925299891,0.5802979121647364,0.7351807313609503,0.8522340117367899,0.0025311134439350877,3.860073101054132e-08,0.0015217898734407554
229,0.7977786448922963,0.7994586184320833,1693504908.4684997,10,7.261304333478265e-05,0.731554087621484,0.7292269129399583,0.7731733218257977,0.8133319269753161,0.0008007053086555743,27.07693444153907,0.0008425833606719943
230,0.7684819654692503,0.7685353675478447,1693504909.4569602,10,1.618531488149134e-05,0.8325142230817487,9.407358449970141e-05,0.7556942943054644,0.8212007671751056,0.08766245892117888,42.56858662623213,0.0020338884185615693
231,0.8108327093011274,0.8048272141893349,1693504910.4089413,10,0.0001558542709017822,0.9612918818834582,0.5554756745733932,0.7504929138791261,0.8244733403271456,0.004259142785988345,51.21016957123582,0.0010597069092825422
232,0.8083563535911601,0.8071350669466423,1693504911.3794649,10,0.0001535602809912838,0.8701727110979227,0.43968258637305513,0.7475148635868376,0.8203482770189563,0.004847900138471589,52.90261655140177,0.0005292547418600463
233,0.8038069048437961,0.8014518379388259,1693504912.3281004,10,0.00010068297715989454,0.9591261436312672,0.5596887172420898,0.7347432863530312,0.8374783050576217,0.00764397604301009,27.828717880612956,0.0010501233818941463
234,0.7991395430342768,0.7983888194716126,1693504913.314124,10,3.984386568118148e-05,0.8979417063521198,0.2917744965091523,0.7681252857489936,0.8334932922703261,0.0028981124187064666,98.89593049460773,0.0015110263164475459
235,0.8039802370451639,0.7975084930817812,1693504914.40162,10,0.0001880794059279991,0.5718688047662016,0.41231385678063365,0.7586043483614529,0.8451421270160283,0.001384358699874943,44.04018604547061,0.003261395563190642
236,0.7872501875724711,0.7842035066148233,1693504915.3301883,10,8.185226179637677e-05,0.9636162326981913,0.5237603642693152,0.7476603788936652,0.817240382232529,0.00042370829679033955,1.3095552153981642,0.0006603850344593907
237,0.786440306240177,0.7803086850992822,1693504916.3633091,10,2.4808773403907554e-05,0.9289481355569364,0.005466937173407566,0.7846589861196289,0.8551830470725789,0.004150907492250294,0.005018750370240905,0.0003877992094953842
238,0.804098694321452,0.8013041321687199,1693504917.25991,10,5.1777614482757343e-05,0.948668129466073,0.6870696017433728,0.7189943123430068,0.7985479720516412,0.002080619633600638,60.26884816606368,0.0021676701923842565
239,0.80860832473475,0.8032502954115402,1693504918.2349167,10,0.00012663935811814994,0.9672223038892293,0.357552279693313,0.7720339617086968,0.8298419900901316,0.0011556907864197562,20.971153587772168,0.0010841047723047592
240,0.763857959385662,0.7686145697770042,1693504919.331531,10,0.13611976622766384,0.6652726279816962,4.462130690307655e-05,0.834380378445018,0.8411539347640038,0.000576783099608212,38.27430054701603,0.004601785601723488
241,0.8068656603784538,0.8045133593880989,1693504920.3852878,10,0.0002769598919370653,0.9767002303760716,0.5593992357208181,0.7964954878946412,0.8781402195291075,0.003904348980192412,60.83368535515557,0.0009744743773522679
242,0.8083936322592724,0.8050218564619278,1693504921.3755124,10,0.00020675791412931102,0.9835563362984996,0.43339652203923246,0.7564801078380521,0.8663128387031316,0.002546226175963562,44.83037513783054,0.0012568442479736915
243,0.8042886250538773,0.807655699845907,1693504922.4475002,10,0.008924162839584363,0.9547723551235024,0.6223142237059194,0.8212545393184375,0.9027422130324277,0.006886221916017456,68.91455365810828,0.0006400560066206354
244,0.7659064720847175,0.7639571473624541,1693504923.417641,10,0.00010493495667155593,0.9917250008398322,0.774454508473869,0.7964383755946458,0.8590406583818571,0.003366187525647162,0.0002792374216649559,0.001843001866383206
245,0.8108667226844415,0.8042749243506934,1693504924.4905553,11,6.21122590682453e-05,0.9683772554458244,0.5002858574267475,0.777541562943952,0.8747908150395095,0.0015428588261277298,28.952369192871938,0.0008402931478534696
246,0.8088463277155923,0.8033121621729515,1693504925.531102,11,5.865918609021647e-05,0.9660471350241094,0.33906476031841287,0.7692332659485072,0.8677678265521918,0.0008842375287065642,27.63429239665671,0.00041016816838509697
247,0.8009578531550632,0.7995491780373497,1693504926.476599,9,3.3121964690546436e-05,0.8211921006276026,0.4706896357018987,0.7574990438373699,0.8254130993462803,0.0016165420707204595,95.99153817239439,0.0006971682191734264
248,0.8080578521391969,0.8036538315675176,1693504927.5093455,11,1.0555109463215259e-05,0.9426503417134321,0.29230281383219936,0.7815407907808587,0.8500417526535526,0.2551567793994277,17.93339140780643,0.002795933448029253
249,0.7926681113737852,0.7917592755231577,1693504928.472392,9,2.001858405709623e-05,0.9825037202537852,0.42303844395267043,0.785171860532305,0.8732342982755039,0.0014274875039798282,0.06477103043217793,0.00019485151451383996
250,0.8068820775048,0.8042323192201135,1693504929.517684,10,3.1842928393752735e-08,0.9546574965105011,0.5245791249385066,0.7749037190831364,0.9256781883579697,0.00030884607324821375,33.621212608718075,0.0014224979985488358
251,0.7584954547235608,0.7604695945676213,1693504930.6661484,11,8.660093546370748e-05,0.9911162296307936,0.04143911467704911,0.8520022505994519,0.8787600619224598,0.0021854751660248506,64.05144544281843,0.0010103616406325617
252,0.7899800563660718,0.7897061253982068,1693504931.8354168,11,4.690544674461426e-05,0.7874746385475553,0.22969355628129817,0.8392140504858158,0.9098475957673019,0.0006534746135010096,0.027425646523261793,0.00036095106625969443
253,0.7785645300094184,0.7782897667845652,1693504932.9497652,11,0.00013417356748664016,0.9694815356422514,0.6395075688358656,0.8229114511862056,0.9032979997152837,0.008405919395046042,0.5617682155319303,0.0020041818481072483
254,0.5,0.5,1693504933.5174649,10,32866.573920702736,0.7744178397362471,0.06824057035219588,0.7505055516060417,0.8375968977405636,0.0009626899204714015,4.839768169990046e-05,0.0005630871964165054
255,0.8022304072027829,0.8036254281471309,1693504934.510314,11,0.00023234897787674584,0.9357109571017935,0.38972900792879467,0.6415491298469839,0.8929186317646587,0.0001913700654747315,26.987588896309628,0.0015707873069105637
256,0.8051439482662788,0.8022306066315898,1693504935.6482277,10,0.04621179206666628,0.9211801815208298,0.32981513540227886,0.9050093762796515,0.8600423471157747,0.0052850662794069045,45.03258785536351,0.003487743074853572
257,0.6169643155164882,0.5990807311834825,1693504936.2996247,11,635.5022152013988,0.9795904742110988,0.014799593414905802,0.763343049359139,0.8806284284686724,0.002200693588215178,16.712506062819372,0.000882901786951948
258,0.781537390413414,0.7812868266413305,1693504937.3241758,10,6.873784414378584e-05,0.9904185581252904,0.1217749988660241,0.8446586824847202,0.8044085943230845,0.001481495372966857,98.1357978266331,0.0002980900193549831
259,0.7839377375494692,0.780518517113909,1693504938.3930233,11,2.8020315298690313e-05,0.9664872076485738,0.0021949855439960743,0.8279305052113353,0.8168019146309766,0.003782669868302528,0.013666623478265121,0.00010860789531947904
260,0.8058468008190786,0.8046716740253415,1693504939.6107428,11,1.5863304695743958e-05,0.9996574823439122,0.49939676488116325,0.9251189376890719,0.9214074827287277,0.000548378964356504,38.81403703115644,0.002204971956127464
261,0.8029363436356698,0.7992263211682329,1693504940.4245274,10,0.00013775868927328366,0.8491706142777593,0.8525410168262174,0.8657708397894559,0.508813259568836,0.0011084434075713566,61.97388900868432,0.0001924315681705838
262,0.8048545170498659,0.8007737686528436,1693504941.2162383,11,4.417078699102129e-05,0.9463577044055026,0.6535572937018687,0.5715171694291243,0.6117879382792898,8.072448926253411e-05,26.157379454667574,0.46414129987366676
263,0.7887396109522007,0.7816934466542647,1693504941.8328502,2,0.6394989633265307,0.9579091085526951,0.4427644615084586,0.8115057851850451,0.8497924775385622,0.009777771528771883,3.1494859815131827e-05,0.0006056283604783362
264,0.7980912052093628,0.7980439963592524,1693504942.8059518,8,6.516589756300664e-06,0.9798731035991268,0.28942544583100827,0.8919885559796994,0.8947257201824714,0.0003153397664084706,1.9339620376786217,0.0013164573675956326
265,0.8081202553597837,0.802336306078292,1693504943.8595088,11,0.0002794337829407136,0.9732006648643754,0.5251743162884419,0.7371156251360893,0.909532624400209,0.002451300832494063,98.66343469913443,0.00414051935074867
266,0.790721003908183,0.7877571577417783,1693504944.916655,10,7.36849293551338e-05,0.8146589334345165,0.03627299279900912,0.8323586079663973,0.8252492773657695,0.00548379955885347,1.007275921199937,0.0007694484736042694
267,0.8063206299242308,0.801594174404586,1693504945.9086204,11,2.8049546977212857e-05,0.989861665510074,0.3780205287745671,0.7497115038785978,0.9299045737310023,0.019083987505106967,49.434712940812695,25.35035039336374
268,0.7743906797161959,0.763038766776581,1693504946.9499526,10,0.004826270093910997,0.9628414998037471,0.77582264398694,0.7951359354085629,0.7922749753042866,0.0006709947062043284,3.3412609073788883e-07,0.0027060981411904913
269,0.7879172126948468,0.782901789635047,1693504948.109991,11,0.00014274270612792158,0.9812807224434303,0.049058507567399864,0.8578166645909859,0.8763631989586396,0.0018389112712311256,13.394475114454435,5.424317659550961e-05
270,0.7835005521959403,0.7758531704843951,1693504949.1188486,9,1.1505459902425004e-05,0.8416227110149832,0.5586797305311103,0.9130433331116395,0.833555520709018,0.003114956331086569,0.0015570430701118021,0.00134646418035035
271,0.8012432027654784,0.8001034040191939,1693504950.271484,11,0.000361796151030646,0.9128821538574772,0.203712860145299,0.8747692871728505,0.862878775874983,0.0008778982794220516,31.61169287119275,0.0004559626529333688
272,0.810493482491543,0.8051489732452953,1693504951.27099,10,5.267077511589251e-05,0.9319425921921346,0.4098851717028656,0.7273041178913662,0.9027849762838626,0.0004286800440390028,65.63056674136612,0.0009406872680393925
273,0.806767429727443,0.8054632571916741,1693504952.2572684,10,7.493736627763831e-05,0.9327226807041017,0.42285987087507193,0.7183507609159965,0.8974178595868008,0.01184883560058642,61.83914257805279,0.0009225475635745431
274,0.8048497098250242,0.8044606543764821,1693504953.2298326,11,0.00017657273232603746,0.999935467902016,0.6471247965331821,0.737040434677635,0.845592767731047,0.0004068293380211918,65.08487508652534,0.0003191216780418558
275,0.7844889357638661,0.7802294928502423,1693504954.1133249,11,0.00010954413252246964,0.9885475837506259,0.00027105698447527294,0.5200075330283723,0.8873535360553663,0.00020401500554571291,0.20405710203173139,0.00014669439306333806
276,0.8026802001837268,0.8008690787950403,1693504955.1173143,10,0.0007513916171476115,0.9719307160687995,0.8360791886485979,0.7241641855081351,0.903750733047842,0.00014528937848109016,99.91446665771875,0.0005257905694381526
277,0.8085916355013373,0.8040387548004375,1693504956.0902283,11,5.640967548360596e-05,0.8953646991376303,0.352804094433617,0.7117307316639421,0.8170015735998802,0.005700989730753058,44.32386912046187,0.0009189783452687588
278,0.7822284516599983,0.7782820421719934,1693504957.0854902,10,0.014300337216653327,0.9540956523863933,0.01022214038998148,0.7467929708147057,0.8696376362622593,0.0013032978590802192,6.052791622152636,0.0014388235335525683
279,0.808865919424381,0.8055353036750793,1693504958.2414615,11,1.9386449486503208e-05,0.9239455962086688,0.5194009307119152,0.8473706955938468,0.8854260902724183,0.0034614414246763054,66.13521924171637,0.00025029702435791875
280,0.7839358328000036,0.7841923987417065,1693504959.257418,11,0.00029543156620705875,0.9913229349258462,0.05693257936215411,0.7644153951327618,0.8558149368316328,0.001848044727137186,38.23017600801861,5.340026338473982e-08
281,0.8084362623663591,0.8034617242453034,1693504960.294955,10,3.7020287468661906e-05,0.9812454871986673,0.44166584616749155,0.7286953820411937,0.9543297969929481,0.026331227248505003,16.936156601172442,0.0006706091452437358
282,0.803934160248568,0.7976116575781045,1693504961.436379,11,0.00010276631743581567,0.887598931573285,0.15626027737795983,0.7743995986909159,0.8991147889154087,6.531818984330644e-05,23.622991311042256,0.0019115567082096795
283,0.802709043532777,0.7993726496818337,1693504962.5828643,11,0.00019260244916870475,0.8071953322431508,0.2655555672299312,0.836937866343077,0.8773668615324127,0.006795669849269154,66.40139040648619,8.176780327143113e-05
284,0.8083159910429609,0.8014305303834761,1693504963.5572078,10,5.94043255126535e-05,0.9657770743587736,0.6289564866747481,0.7550024477213857,0.8390956157131176,0.00256657277487086,44.154227382178675,0.0004411035245495311
285,0.7953509963472347,0.7896474422949484,1693504964.6056263,10,0.0018946251011390516,0.9400152328410412,0.3523556066948543,0.7425276354148151,0.9137712793615692,0.0012253166098025088,0.06567377009736473,0.0010672192327228999
286,0.8072076082587035,0.802856679494447,1693504965.632684,11,0.0006137253350668638,0.9528209657639113,0.4879240596780553,0.7096877103952389,0.8938272922365318,0.00045351499717795725,98.3725873600464,0.001860708697518018
287,0.7813608836296035,0.7799103186452586,1693504966.730235,10,2.2220264562826617e-05,0.9733502053261229,0.7330130030939721,0.8180959755684328,0.9364170547517735,0.00432506385291067,3.287774387602288,0.0006207227161001778
288,0.7640224027561906,0.7697699283028208,1693504967.9500983,11,0.00010603819209614811,0.7156257670402059,0.007271479592564721,0.8714276686288327,0.8619837514634489,0.00023549179389544553,33.99500539800339,0.00016841228023555706
289,0.7771105712506912,0.7774748800389624,1693504968.8875237,9,4.087572348444104e-05,0.991411639391754,0.10970760514050623,0.8953528065529321,0.80814134221581,11.90563678661208,63.951609393430495,0.004708424302965145
290,0.7873119558765692,0.7867871300369662,1693504970.0147471,11,11.360302237377327,0.9998252517562329,0.028862611786138324,0.9368803997323394,0.8251380672448144,0.00011959485452976834,0.3761870700934855,0.0011412117800599971
291,0.8043153822487508,0.8021394182787887,1693504971.0784724,11,0.0002354756826076325,0.9802919374256829,0.23837051102616139,0.7309108338666481,0.8849058784787868,0.00995462706241425,22.99964735378798,0.00035091772181279244
292,0.8080003468458073,0.8068822904773691,1693504972.1527812,10,9.373139389619013e-06,0.9604664202846268,0.41492533326804426,0.8440836906229388,0.8491129638184217,5.452374763223198e-07,49.17602348131778,0.0023814119436922983
293,0.7810649218435943,0.7780136967161414,1693504973.2488513,10,7.323147004269929e-05,0.8763369461958361,0.018004226472879935,0.862861341856836,0.905235516526199,0.0018754194425799873,8.291446536402686,0.0008801946117880585
294,0.8037715309251495,0.7970280401440332,1693504973.9240134,3,0.0003527037497745421,0.9831783447666823,0.5578241955024014,0.7809755268689729,0.8696123305189182,0.0007902877396392701,13.650930061188753,0.0015360892862911792
295,0.7879351717612366,0.7831508035992304,1693504975.1282287,11,5.1925484941471785e-06,0.9325353230510686,0.08626399303131793,0.83008513475546,0.9619158940212543,0.0032281904805676128,36.14722856981037,0.011536149426538049
296,0.7966363394270805,0.7974194803950532,1693504976.1770732,11,0.00102676941228815,0.8678434095794434,0.9647122538309162,0.6881854918418457,0.9191552120395838,0.09284897432160356,69.62967224921313,0.0005470086558349998
297,0.7937862900124372,0.782882817427684,1693504977.1793308,10,1.624604013103788e-05,0.9686097678751057,0.3135590343295836,0.85137702832063,0.8332169666619106,0.013883402692797288,0.00011679723140088698,0.00026477511087401973
298,0.8002939119127748,0.7996618136671751,1693504978.3605032,11,0.00013700658611977645,0.9913062761858846,0.669572718272957,0.9199530074613954,0.8897390385146209,0.005052612908336059,22.57244079098167,0.007094203342882836
299,0.8024266871000933,0.8018012020056047,1693504979.4921708,11,3.391355721258545e-05,0.7597250428642494,0.42183411755912037,0.8195481618664696,0.8743362991266508,4.834029945657412e-05,99.60531549606223,0.003117263490199872
300,0.78162845557834,0.7790632460139402,1693504980.4468064,10,6.042167811917378e-05,0.908987403658406,0.5498617758583607,0.7622825313526485,0.8559365908964164,1.3798065436972558e-08,0.11356383277718124,0.0008784954420123195
301,0.8072496941516574,0.8029431572307963,1693504981.5172575,9,0.00019587165144519745,0.851621146897679,0.3356320783195425,0.8374812929845871,0.910791387874414,0.001278995540872539,43.95460975797526,0.001441753428641389
302,0.7564035862985747,0.7502672376625761,1693504982.6916282,11,0.0038115146394015424,0.5010261663440253,0.48234097772052215,0.871751119512036,0.7991257686002552,0.0003106067851638823,0.0035299917482059335,0.0019439422448633763
303,0.8004812122768903,0.7988799710975737,1693504983.6331038,10,0.007605135040621512,0.9452722680908429,0.7968654688560114,0.7410264724477565,0.8410980538947607,0.0020985826064797643,62.8889335361219,0.00012072516514838856
304,0.7821718533901636,0.7779301930554335,1693504984.8500142,11,0.0005092499685768765,0.9759897762102675,0.031123555920342005,0.8843087421031391,0.9293039233580151,0.0031373721418201106,1.4475784167368736e-05,0.00042218288684750966
305,0.8098297226539655,0.8016948837914873,1693504986.032032,10,2.6406072297102655e-05,0.9998878698034481,0.2624417560767222,0.9035294587779373,0.9478984022595364,0.0007586685420820212,31.83450409641147,0.0007619453685291728
306,0.805672108082378,0.7992649142907328,1693504987.0999615,11,2.292517431540555e-05,0.9572781196392662,0.2513752169688129,0.9020750906062419,0.782441780923453,0.0009509657750016389,14.826102845585108,0.0007564455264588594
307,0.8038388320729333,0.7977070076407796,1693504988.2262404,10,1.0360389363061913e-05,0.9854746756568921,0.20519115364021653,0.8925531449827129,0.9450604572892173,0.0003542507958796484,23.057921219961802,0.0011975846599478885
308,0.8094353488122346,0.8016063900709787,1693504989.332648,11,3.9494663965848975e-05,0.9999041195105299,0.3087312682283298,0.7544989559320293,0.9660173331149754,0.0005292607384386546,33.056024261889085,0.0006665615692981907
309,0.7644460734587493,0.7657805551341728,1693504990.5159507,11,3.181030707437346e-05,0.8391281662173409,0.002961587388776757,0.7643614311773506,0.9772311894925514,0.0004373555948886245,30.84731741190278,0.0005619126364824774
310,0.7910051743879768,0.7889661993309328,1693504991.5268269,10,1.476933091703304e-05,0.9696839945873673,0.3082377663446599,0.750903829535699,0.9635014014442537,0.0007859034081827031,0.011612421350551898,3.771912647443023e-05
311,0.7955866410668337,0.7901451508594879,1693504992.750356,11,0.026296760762544395,0.9217043626006183,0.1849264056913396,0.9112590642651653,0.9498032954791401,0.0005305377699441036,9.079830770333233e-07,0.0026576711795210234
312,0.791884533724587,0.7883452462694314,1693504993.6375494,11,4.4506433829901504e-05,0.945559491767507,0.01790682952922878,0.7519642484037015,0.7014084600675571,9.047942991683458e-05,9.639194134624983,2.6224149274451037e-07
313,0.8062029889691423,0.8029352130555932,1693504994.6996195,10,2.3858382424265436e-05,0.9912069100688595,0.3881573247727223,0.7721940310706811,0.9568045055323785,0.00019539832913869406,34.788431888106096,0.0007548157630540155
314,0.7889787023613087,0.7916025078044535,1693504995.7621145,11,6.92641479111595e-05,0.977585843504061,0.6183168232880131,0.7338229352304024,0.9712949350137103,2.5037212724939996e-05,4.703374601839766,0.0012178151427941497
315,0.8063353237058225,0.8010367448043496,1693504996.6941378,10,6.830436267535451e-06,0.9625548895431629,0.2589886311897581,0.7560470640134175,0.8161305603972002,2.6537939044279653e-08,18.66479075350654,0.00033654891578969255
316,0.80828070782667,0.805893090962802,1693504997.7985933,11,4.22677612730819e-05,0.9998915509646458,0.3950208259253532,0.9057149750455004,0.8228479527358542,0.0005113968589761977,46.53054641802316,0.005134837208173059
317,0.7824434162425424,0.780806912630041,1693504998.8022585,10,9.551465563677365e-05,0.9357244238470118,0.514594593783569,0.7840791906536217,0.9017251122453062,0.0007383227423547493,0.0015895556405644026,0.0017824241586827864
318,0.7609777060866361,0.7640346429911616,1693505000.0387392,11,2.074995896222899e-05,0.9837470619959745,0.050224650316902826,0.9205108327066672,0.9644018800430139,0.00024359228288045368,71.10690462871965,0.0005435531098843126
319,0.7471387034932743,0.7525277347523733,1693505001.0387173,11,1.1669616808302438e-05,0.951332498690961,0.9804106298465706,0.7457670017592989,0.9392297784263572,0.0011727270764662014,1.085637000856041e-07,0.0009603598623117584
320,0.8069590838046228,0.8046848178428571,1693505002.194833,10,5.213883232014732e-05,0.973803279727495,0.30756122871253355,0.9411147484582738,0.972820651372675,0.019792133036981883,27.97727567356983,0.0032744585231188664
321,0.7952812462358523,0.7900426749914171,1693505003.071663,8,0.00010680725450441709,0.9892706850462984,0.14947677025954548,0.7388162156820381,0.8932848427896933,1.587437879727423e-05,0.35700282647696974,0.0015957922407454513
322,0.7754164326545894,0.7709210153374478,1693505004.1719344,11,0.002150740385763352,0.9624659544528373,0.7090350262800514,0.8839739376254876,0.8806167058694518,0.0331093453904293,1.6075176123560546,0.00048371865172329567
323,0.7787155494313325,0.7835151178851727,1693505005.0647666,10,3.333897114546438e-05,0.9828130215947359,0.4482975952463343,0.7685124724070517,0.7551406240235793,0.007624525540348543,0.00041948484778712194,0.00023299724300660267
324,0.7582130982908774,0.7607912039217878,1693505005.9812458,11,7.651216827733493e-05,0.9547994667934169,0.012784343906662266,0.5926687146322952,0.8345139996010196,0.001421765354221666,99.34840916190872,0.0007871618532960835
325,0.8034274968907233,0.7964911296696979,1693505006.8588467,9,4.932767770512291e-06,0.9043852657598775,0.6095336846876283,0.7581404624776784,0.80765930946128,0.0007321124124866845,12.75539110079584,0.0022426836558119994
326,0.8032744820169881,0.7991206317016504,1693505007.9943643,11,0.13495406086502834,0.6331058283335894,0.36656050635499177,0.9309883439920205,0.7409784556611189,0.0003377177163714947,44.19403187085445,0.0011525068193248538
327,0.7742084586839887,0.770073124336322,1693505009.0229793,10,1.9380231632271026e-05,0.8592002873590434,0.48402963122076975,0.859795561976328,0.8505764144176945,91.98876113368715,2.799115057319973,0.0003807657605962979
328,0.5,0.5,1693505009.5950928,11,93517.85319028533,0.9294595699710516,0.2578664410599915,0.8269108564754947,0.9506730005414834,0.00013446134665666594,20.37066048759959,0.0006324434548793735
329,0.77963672255383,0.7802277862497903,1693505010.6518493,10,0.00013856409307119914,0.791925885223442,0.0023349268429467313,0.790001914729833,0.8987895685190372,0.011150293907062101,0.7934627925417463,0.0014963484105489776
330,0.7652005356518308,0.76076258093877,1693505011.758446,11,4.640728804859899e-05,0.9719722237155471,0.7632417075746714,0.8775109950128142,0.8859861564900081,0.366046464279566,0.0006851371315920779,0.003858176593081984
331,0.7637258060536929,0.7661786321647278,1693505012.6413035,10,7.787044530058917e-05,0.991538846502729,0.02129494287514502,0.5379152995198588,0.9130529087388847,0.004726393854342435,65.13357069511476,0.0009505834011246425
332,0.785333828205385,0.7867529281670912,1693505013.809691,11,2.819912582208618e-05,0.7371508007303245,0.3991059228545792,0.7268474399350702,0.9876183868730307,0.0020317318520140146,0.5312793733473802,1.754281622059317e-08
333,0.7721318282547271,0.7712036822649281,1693505014.9793038,10,1.124986142638286e-05,0.9999813349757581,1.9754328027487966e-05,0.8967155556297337,0.8290811074755383,0.0010431218680935915,31.78810916341432,0.01988057906546108
334,0.8043981934993258,0.8027273072040496,1693505016.0279126,11,0.00013257081889495918,0.9463945372091167,0.5716087479237325,0.7753699105898093,0.8453253571780134,0.4956379103060039,44.3371520823418,0.14535696472234913
335,0.7947205242741272,0.7880843659430414,1693505017.1128032,11,3.394589205922974e-06,0.9640244169264136,0.3073152672472023,0.8122195384126037,0.8606355817902316,4.0847699570971583e-05,0.14356592258432443,0.0021906983054556057
336,0.7803871938432693,0.7729552132152752,1693505018.0484345,10,0.00033733034577608956,0.8293821699244064,0.4645798169488585,0.7422049307604716,0.7732101006513266,0.0005383176580036134,3.308327635050861e-06,6.264479804318285e-05
337,0.8051470321463661,0.7997211354980879,1693505018.8180828,5,5.458374884857494e-05,0.9796944953968765,0.6503074892234649,0.8346296266128516,0.7930467201446263,0.006773297562535761,6.456472263028072,0.006544866210202729
338,0.7936854289931168,0.7915519085980727,1693505019.9217894,11,0.008848770397516881,0.9169079085497621,0.18768452290497276,0.7613681877639311,0.8725080524260159,0.003231366542556523,98.06797786789349,0.0002579523099719566
339,0.8088647402937594,0.8030128384258557,1693505021.042658,10,0.06048462889163667,0.9909955707324131,0.3483054820512134,0.8898014337625193,0.9044389600373373,7.921213388733305e-05,19.41130900863177,2.7701050217274625e-05
340,0.7736635189321213,0.7752002411196894,1693505022.2905657,11,2.9130480492156382e-05,0.9384615632507067,0.0770737948947434,0.9065729761030229,0.9312863960830603,0.016079267550736246,65.08426845809421,0.002769383193027514
341,0.8016053772710057,0.7997835711263165,1693505023.3991482,11,0.00010411482182115449,0.9743977445549664,0.5345886099013376,0.8535538935618747,0.8803834677457839,3.022646949872851e-07,34.32629410988844,0.0014246888694829142
342,0.7837538838748628,0.7795677610200482,1693505024.368493,9,1.6589592995160666e-05,0.9563774803830021,0.02394848353670889,0.8220038423815627,0.8136856634750144,0.04926200415240913,9.224407096165068,0.0006681008959288176
343,0.7609620145791338,0.7591360909069134,1693505025.222279,10,0.0008862477270487577,0.8813909849269058,0.8402850619496058,0.7505003036163822,0.673077474360171,0.001412789979060366,0.008849644477708873,0.0003934459734879696
344,0.8042468112679899,0.7997771339491734,1693505026.4336903,11,0.00025547547210647925,0.9842552346513658,0.23932284607023566,0.8671173994563643,0.8938435997728154,0.0003076634474329184,49.641545257824966,0.0010818096189369973
345,0.8068956828581256,0.8034674727941941,1693505027.6240544,10,5.856696724765861e-05,0.969914973166011,0.4480712340155442,0.945508481044695,0.9146508978559181,0.004211702051930352,25.68115846849112,0.003656084996700836
346,0.7915024954032045,0.7870782501257495,1693505028.549743,11,0.00015819747209426456,0.9909130847186716,0.0010563409293019414,0.800120775144347,0.6626896234680466,0.0008176154945402571,0.04699328439538987,0.0020094060590103184
347,0.7513254335209784,0.7533629210612461,1693505029.600832,11,4.333666453000499e-05,0.9475482993546168,0.00028867058845961544,0.7709886867145768,0.8396709682345928,0.0024272465348807184,99.90936679880194,0.0007494395857021994
348,0.8030888142952717,0.7998489009892296,1693505030.620584,10,2.0435693612206385,0.9641952725708077,0.3647198553626512,0.7312131726339836,0.9394301937991202,0.006984422360035633,14.16093186550357,0.0013565816558636127
349,0.7743237413778341,0.7751163182939584,1693505031.5816824,10,0.00045724825821794165,0.8969612232489577,0.6500926764631433,0.7053773384381149,0.8665114522836013,0.00019002928340837376,0.14554400643991194,0.00019480125199170288
350,0.7420492129212398,0.7455273295595175,1693505032.4657874,7,1.0260789124579977e-07,0.8204705319625463,0.00184034638686668,0.72112517830348,0.8883108863086504,0.09706619725725525,65.94280252988389,0.0004630564483083592
351,0.7608849175769555,0.7609970139482151,1693505033.7590778,11,7.302852517251057e-06,0.9811134911470184,0.00033277298020230236,0.9153022992712874,0.958656640284516,0.0004878484304382215,36.35937140513116,1.4357552095788361e-07
352,0.803841099631821,0.8038416075178244,1693505034.9225037,11,8.218426676276238e-05,0.9995135474587957,0.5374328069643631,0.8177047394512672,0.9253663224172638,1.5753685117262268e-06,50.03319092144897,0.0020324375311436696
353,0.807417221402273,0.8027546128112799,1693505035.9576406,10,2.3023711583842177e-05,0.9245500002610026,0.28963690741733544,0.84101996551369,0.8268946435886974,0.0019044484612846379,23.843812742902053,0.00011208714859817028
354,0.8042280358804006,0.8002079657322615,1693505037.047234,9,0.002993177754130366,0.7037812696399623,0.4187230511740417,0.7791171509563236,0.9806484267142626,0.01953956385558924,67.98990228990075,0.0008701732500947528
355,0.7636331989487235,0.7601498914162986,1693505037.6421494,1,0.27142986559873844,0.938652014245782,0.678430038351383,0.8733485885726808,0.8554897456319218,0.0011886990127726192,14.867642842538938,0.005459291394501072
356,0.7928312849113366,0.7856078292042252,1693505038.8177955,11,0.00017732500025214419,0.7499314289888793,0.9686008351607652,0.8075236789133524,0.9070616821164509,0.004345619188326112,34.17620898414698,0.0003015186423492574
357,0.7486959722349207,0.7492958726217376,1693505040.0284631,10,1.5014462714752492e-05,0.9737956443193617,0.006270398137225721,0.9275300216497954,0.968964450455925,0.03294286837330962,63.06825784451024,4.041094921371888e-08
358,0.7858403101585186,0.7836349392011115,1693505041.1422608,11,0.01881700676519694,0.8665160598620532,0.3335322482731858,0.8578228310684101,0.8796216354477246,0.011569750777325824,0.0020604050671054423,0.0005727327762922729
359,0.7677716753232995,0.7709639797523333,1693505042.2132478,11,0.0014208045352325227,0.783103840988862,0.035011809143379174,0.7482665344915573,0.898526988662653,0.002585423988118561,42.01441732612981,0.0012356108193737757
360,0.7804867850296124,0.7787461376937141,1693505043.2436335,10,3.9559942127956465e-05,0.9845097489766882,0.00862645095073132,0.8843651923203159,0.8198796445507803,0.0006913380307766496,21.825378607402023,0.0025251471069274484
361,0.7940344516570957,0.7933015034052168,1693505044.3486443,11,9.180392260972313e-05,0.9585407638469896,0.13006351586757842,0.8267873312680156,0.842063419836018,0.0015902950579989466,1.302845798978378,1.854695932338042e-05
362,0.8070355458903126,0.8026014778561107,1693505045.3433475,10,0.00026694722130258814,0.9921111483809099,0.49310113068109995,0.7613599819066811,0.8650388933050532,0.0001017287986928857,96.80336807363906,0.0008587967610775902
363,0.7907412305334605,0.7912892717706329,1693505046.4655597,11,3.1785011847374076e-05,0.8051488164380607,0.2310884391821278,0.8355266407363056,0.9184660385499018,0.0004878397671693927,8.32944978321325,62.51342282440053
364,0.7772900712122335,0.7730320002554911,1693505047.6190987,10,6.53433834079859e-05,0.9998570813524785,0.013270858659572388,0.8991265203631851,0.9481527555727853,0.0003028636447838953,4.822474383234028,0.0016459573463769538
365,0.7924176821702389,0.7871284700875856,1693505048.6336284,11,0.00013312219761616644,0.9676686429328055,0.10274129156883628,0.7947252763510709,0.7856203250249152,1.0664878808394849,2.7352374234955368e-08,4.559890088305358e-05
366,0.8044322068826398,0.7986399791615102,1693505049.6245918,11,0.0005755355474183797,0.6833952246703209,0.40792186096964944,0.6822016203148427,0.804855344663108,0.06676811537343974,32.67476010030398,4.850467700214433e-07
367,0.8026743952329743,0.8004602132551956,1693505050.587441,10,2.186144223151945e-06,0.9514613992289485,0.7869693588142882,0.7008249236265413,0.8857289483042818,0.007187968353704951,50.31744203548741,0.0004904469120457193
368,0.7980963752436265,0.7914975169462432,1693505051.5634427,11,1.1619935887572686e-05,0.9803844344683924,0.5860524097300656,0.7212878213052831,0.85141610515146,32.93291232507802,63.321833714525184,0.003866390306828879
369,0.7491823182651325,0.7479586862968965,1693505052.5038087,10,144.22197226659745,0.8848764089062937,0.0005139897127420591,0.7674116911137451,0.8955401213446266,3.5631421653027684e-05,0.0008708670648746005,1.4165486276305535e-08
370,0.7872894616924044,0.7869880198644301,1693505053.5362294,11,6.955068668676679e-07,0.9882287791800795,0.05658864138262148,0.846652307312982,0.7620987261770087,0.003243914816914838,17.67638423977602,0.0001919486829981025
371,0.7795235260141613,0.7774488019864431,1693505054.5502338,11,6.12039563275726e-05,0.9292815411442172,0.00010958032602834384,0.7385025015123756,0.8305624776078471,0.000888217541432431,28.59405948956267,0.0012374530649375355
372,0.7810125865844686,0.7763299307778904,1693505055.6033945,10,0.03317777631761589,0.9649737876855932,0.00821990293208302,0.7889177542917223,0.8764377343413219,9.751091096831688e-06,3.1483469784485507,8.47346948335622e-05
373,0.7706465771833508,0.7658218927895631,1693505056.708496,9,2.3773412137618874e-05,0.9745667773168052,0.003920289061093888,0.9546057470072224,0.9097235375627785,0.0015149813144141682,0.00010454335672917877,9.431970909240547e-07
374,0.7902969703962024,0.7884568240065789,1693505057.794746,11,0.00011980976880677022,0.9460789852755535,0.30026212522275514,0.748855915507065,0.9264190821276977,0.027509722784971363,0.04253307790511162,0.0003358717882125494
375,0.8049845842276586,0.8011718556635181,1693505058.886657,11,0.00023225285902036063,0.7736477361851913,0.43702578422019667,0.868311174138498,0.7240492332603737,0.12485204295096322,70.62453951695932,0.00071414764870656
376,0.7788318298510886,0.7727366585761164,1693505059.9909818,10,3.9056067177922865e-05,0.9916841501507611,0.005549780397146934,0.8097168690282669,0.937155268931183,0.17758738590307604,0.003052486816126923,0.0023219818852677175
377,0.801479845210988,0.7979172688005493,1693505061.1454082,11,8.09790389458045e-05,0.982112173211052,0.17462116020549656,0.824828756234168,0.8647760522019167,0.004754613832102257,11.052966802564494,0.001070694764571418
378,0.7861089705355212,0.782618813323859,1693505062.075121,10,7.152891302940292e-06,0.9585246141505338,0.5241496802720126,0.7130135271418777,0.8414694254547006,7.224795325236492e-07,0.257279398979119,1.6747126001378324e-06
379,0.8080037028329611,0.802806110228425,1693505063.1583183,11,0.00675820491393882,0.8246573412471394,0.36913323205934334,0.6670530463361818,0.9549779473877048,5.804068620058388e-05,98.22327936324079,0.0016097975582786174
380,0.5,0.5,1693505063.736767,10,1004.856802791394,0.8410800608294419,0.7041273857816085,0.7294777522206309,0.891929498140502,0.002510457584822761,44.43456894077725,0.0005586417662196253
381,0.7955411991867265,0.786467047641099,1693505064.9842107,11,0.0003984781462460304,0.85086971212849,0.2694824436192798,0.8496064684685124,0.9750376686852973,0.037901901901212974,0.0061736890247607425,0.0030729548427122838
382,0.7666639274555305,0.772567735071737,1693505065.903016,10,0.11089246057816061,0.5909142420027391,0.01952399774696756,0.7578633802657869,0.6133427796506354,0.00018089827092077206,24.353921090358572,0.0008334328673121946
383,0.5,0.5,1693505066.4816175,8,3442.3597585727284,0.9073356723411585,0.0014280745607621788,0.9137526036165485,0.7453010353865933,2.062882272287431e-05,43.87344503296495,0.006052301496956644
384,0.7616332120098627,0.7634891196736101,1693505067.5877194,11,2.3953159385636365e-05,0.9999460020068208,0.025143765502868856,0.8877315082950912,0.7647132535702079,0.0010519851829313457,67.10573986848698,0.0002682794616533981
385,0.7807526336335945,0.78277741738457,1693505068.8205867,11,0.00014649975085158224,0.9405207744980734,0.532420128247107,0.9968238684138182,0.8135003061309312,0.018778795041291884,0.21695799199741977,1.3371387372617853
386,0.806715910789517,0.8034420035289702,1693505069.8388884,10,0.3823451715704849,0.973233860781669,0.3889177190157305,0.7790223646344461,0.9032263122666684,0.057608626232203725,19.12730708340887,0.014723574054857393
387,0.8064135091362669,0.8036322844892974,1693505070.921807,11,7.280956884408157,0.9890866025207258,0.6253946326559493,0.8329122182111949,0.8560988148791022,0.00042119145136519697,33.960903558684606,0.05680307049818159
388,0.8042096233022332,0.7974212169358639,1693505071.9383595,9,16.489441103336173,0.9786630515769934,0.7990546658143258,0.8577934302697763,0.8751614744242231,0.007961900764710214,13.530539018796812,0.0017268946894118643
389,0.8046804592296539,0.8035010658767735,1693505073.1225145,11,4.981120882749791e-05,0.9536661956834408,0.46358991776473546,0.877565304275034,0.910835835976578,0.0018056554699000433,48.11295132933649,0.0004614626152774395
390,0.8073186279418402,0.8003318389767583,1693505074.0676124,10,1.3900886007459144e-05,0.966559571007327,0.3433890373989966,0.7425242845982997,0.8282479176857848,0.0037697383190833447,73.38561293567471,0.00015082312531160426
391,0.7936297377468373,0.7913106891072982,1693505075.2422009,11,0.00010246518641480441,0.9355075510395688,0.20993846376616038,0.8979220647940378,0.8833085806245532,0.0009357703862462424,0.038698874715986556,0.0012804245468690232
392,0.7786620350415853,0.7719574607382096,1693505076.3678026,10,0.00021761293266230527,0.9891581772002065,0.01566203318928607,0.8187043274712027,0.9654900672019208,0.013228957748600289,0.0895522337451928,0.0040688605294181565
393,0.7710557355090288,0.7717187562375749,1693505077.5717332,11,2.3962066801410758e-08,0.9198535060722262,0.003946699482224506,0.840582680097608,0.9211095887551651,0.000127299041899989,28.110097833565437,0.0007624295774693537
394,0.7922497014078456,0.7894302649122946,1693505078.361785,11,1.1546522648212373e-08,0.9807607716310678,0.00016153552177808182,0.6543831409204098,0.555621814912129,0.002476579865154277,0.00019809656325805728,0.0004129518168147733
395,0.7950269168310193,0.7945837591517696,1693505079.3840573,10,0.0011025752311642132,0.8301273333606235,0.2998577355572969,0.8010065171056436,0.8481656645827196,0.0005808058239550066,0.9199485161106344,0.0026704219839628084
396,0.8004567226409044,0.7954616903128966,1693505080.149618,4,3.887171111927117e-05,0.9606121381936332,0.5740170752928871,0.9361178928034442,0.9902664157072681,4.018298218562281e-08,0.023357437351456515,0.0011150208326965406
397,0.7781896571741209,0.7861424342709322,1693505081.1877384,10,6.80057711300439e-05,0.8075768371977982,0.43651986623962985,0.7685780275331363,0.8972378152804769,0.00026379134049565195,2.8879735536104326e-05,0.0017389848567870051
398,0.7508472507027619,0.7496022223730329,1693505082.235226,11,1.9080045133633034e-05,0.9713777829348679,0.004835984686464084,0.7552587211831553,0.945666555698491,0.004821238397589251,98.53004006308011,0.009573621162282173
399,0.7977369218087645,0.7906569214125463,1693505083.2285678,10,0.00034937327317653905,0.7926264098829404,0.9848813597544325,0.9255197825938588,0.804647929118987,0.001213592163296641,46.61017660979289,0.0006453528583731355
