trial,score,test_score,time,max_depth,min_child_weight,subsample,eta,colsample_bylevel,colsample_bytree,gamma,lambda,alpha
0,0,0,1693505404.0746670,0,0,0,0,0,0,0,0,0
0,0.036971072229842195,0.03550679156811809,1693505404.1934235,6,1,1,0.3,1,1,1e-20,1,1e-20
1,-0.2742598088054884,-0.25622743617525034,1693505404.2960145,2,41.74899781478371,0.6316575075925673,0.004663338778750113,0.5072874812427098,0.9593735040499425,10.165963385227615,2.158809279897319e-08,37.11020579598419
2,0.03731747983787992,0.03510022343596342,1693505404.3964245,2,4.895179127997987e-05,0.8030415921794145,0.5261695122952522,0.9263677705546425,0.5011296167592567,0.0016302727605977936,0.0033141818351955362,0.0007141248348406739
3,-0.30313525933987817,-0.2829751252904211,1693505404.4966073,9,1.2283377262004072e-06,0.8822802251694394,1.2707174379800676e-05,0.5676050891845584,0.558136508700845,1.2559601062903738e-05,0.05182346558157022,0.0005155820423156452
4,-0.15699866451059186,-0.14746238470922024,1693505404.5969887,9,5.816050729110737e-05,0.8665629888063353,0.0325920573816216,0.6637847381317115,0.6673237645530279,60.33659393783202,0.017612504511100968,31.851892916622575
5,-0.29149853448017926,-0.27220043747739475,1693505404.6984427,9,531.0315100787736,0.7033201509033309,0.001805269551090575,0.7003158136808367,0.9975690801692793,5.965430074702689e-07,42.26384746642457,0.00015577677287057293
6,-0.28963073293225317,-0.2704826193401455,1693505404.7997465,5,0.010493860979464874,0.6868615744119577,0.002125888589290102,0.5175841307354023,0.5421363348659228,0.21144965525721876,0.02301441490595801,1.901419259695876e-08
7,-0.27733198884869736,-0.25910304434672304,1693505404.905125,4,7.4316076099753975e-06,0.5275099966701,0.00413266644395438,0.7081848286473051,0.5241093749127852,0.005297185179348627,1.0843425669555034,1.367782980341828e-07
8,-0.2808209141087177,-0.26231520039238787,1693505405.0148842,4,2.1969248024797694,0.7463686527182539,0.0034102041481854505,0.7307201300329775,0.9473715369639454,0.011422914637395457,0.010803289934538048,0.0002746113997981817
9,-0.000579601188462231,-0.0007448112694541376,1693505405.1158392,6,3546.646093239253,0.6042502442300901,0.528332480480921,0.5367350219711328,0.7975762283180452,2.04885256845208e-08,0.04493392181595766,0.023651296436630484
10,0.036095262971215236,0.03466014811773099,1693505405.281742,2,1.09704571983157e-08,0.8199744622515669,0.8618585921339177,0.8901816714095727,0.635856894675993,0.5542340755995366,4.7442541203909844e-05,0.22546182841758744
11,0.024732496328110587,0.022478248350908725,1693505405.444847,1,0.011865291059922067,0.982275997557341,0.15492918311748977,0.9947854538834326,0.8355093425840171,6.027525918173563e-05,0.00015774921369031465,9.736658200999922e-07
12,0.006417404140430016,0.005170517778115724,1693505405.6341217,8,0.582131667016468,0.9653001687421487,0.12185859449349196,0.9994524839463867,0.7092521617101698,5.5126123519928017e-08,7.537238224586664,1.193800812313227e-08
13,0.03601305912378705,0.0348792148494923,1693505405.8097289,11,0.0032261628256701224,0.8038185339225882,0.7529630501346837,0.8804936978102238,0.8365722896778287,1.3401482061860431e-08,1.9224515024034086,2.9618130680406615e-06
14,-0.3032177759187531,-0.28305144702114404,1693505405.9738736,3,97243.44405969665,0.9996701497643508,0.07025468022182961,0.9078082312473094,0.6069398873879528,0.00019246559506411821,53.0712046911676,2.1309871022771574e-05
15,-0.1186712881769656,-0.11194274734105947,1693505406.1452932,7,0.0003729962383877488,0.9106287736018887,0.04007636617535585,0.8197865612348534,0.7279334118959315,1.4222041623288114e-06,0.0004247476752638964,2.970649194478541e-07
16,0.03670101467857423,0.035089926450644904,1693505406.3122363,6,0.45311080711233315,0.9280276719338707,0.27050366185892144,0.9471154761333089,0.8945806000572742,0.0010955072562355967,1.1109244954660984,5.971586830853156e-06
17,0.03575879769140056,0.033330529010554555,1693505406.4721155,1,0.09402271609328966,0.8280929168131737,0.9854578119862278,0.8125237307969897,0.5000457239830814,4.934478904240182e-07,1.0723653686969856e-05,9.46206068529199e-08
18,0.03730843505811621,0.03534440711779263,1693505406.647152,4,11.740939474413942,0.9442409935268536,0.2699008441010346,0.9469376573639795,0.7749071436773254,5.874028353780942e-06,0.0018290953421875107,1.9868186000996218e-05
19,-0.19734611137362723,-0.18498261032060515,1693505406.8184903,3,0.00043468691352101273,0.7722514928075619,0.019288741169188574,0.8338327999459361,0.6897307630750334,0.0005032849542837279,0.0011436949292961684,0.003191304838814265
20,0.030737254911271217,0.028189702502576797,1693505406.9811149,4,19.293494877229122,0.861357283914184,0.18726840461281744,0.9306713485593248,0.7480616882240398,4.3503576114763656e-05,6.488104439681521e-06,0.00292338160837225
21,0.0375656372624561,0.035563019256614425,1693505407.1479435,5,9.714462755379333,0.9308731240618382,0.28816632136586584,0.9557941607711687,0.7657180192940257,4.160036854419759e-06,0.2239414643208929,2.454311599788504e-05
22,0.036782665128261116,0.03475787600740765,1693505407.3233337,5,10.855042800907396,0.9345790723535581,0.2511185969053981,0.9572235496121945,0.7717156242243917,1.0811946844171126e-05,0.0011203377784915261,3.775433979524097e-05
23,0.03759659884474742,0.036051363819693316,1693505407.4940405,3,0.042214044382152115,0.9352874696193507,0.41956894301738634,0.8561966484123049,0.66931237716893,0.0021631739994888324,0.1457889653009906,6.70212990530447e-05
24,-0.015279664946238558,-0.015585709900785227,1693505407.664219,2,0.04286858278444513,0.90351577954658,0.09380261905614093,0.8670798529754699,0.5979871901414805,0.0017800783838434122,0.2031721176777238,9.315974918796539e-05
25,0.03705241982471308,0.035650169756713423,1693505407.8360913,3,0.001983526121694622,0.859878671891561,0.5440932634926021,0.784775936519203,0.6548997535694056,0.016554379621608783,0.16250110309181637,0.0012618800476875455
26,-0.05349755736915518,-0.05135904801198743,1693505408.009886,5,0.08392511138255099,0.9514332481956036,0.06732765359849956,0.9118619396573414,0.579252809912777,0.0002622235241285857,0.13284462303788766,8.667282920674374e-05
27,0.03839132290338754,0.03582886012801678,1693505408.1732697,1,0.07568316545486825,0.9043944811054058,0.4461050616000567,0.8677187098719847,0.6186303668267401,0.0034035043449931095,0.005014606111959891,0.0009145686583150411
28,0.03778555366617986,0.03513950108039399,1693505408.340352,1,0.14031960851306158,0.9039443553841603,0.9995190433576905,0.85732877277924,0.6931191864026516,0.020341218618640203,0.0037959249744693997,0.008088686657586667
29,0.038291990508082185,0.03576138054893285,1693505408.502247,1,0.24850952505437984,0.9985419455091411,0.4120896036617907,0.8598501402153647,0.6301260501034143,0.05065852083467308,0.005347268345381781,0.03791134936287142
30,0.037384732564768486,0.03488874992816937,1693505408.6917703,1,0.5731114748696682,0.9824511484116766,0.9227423218332762,0.782063694012805,0.632456351204623,0.04077348484179579,0.00329849000095189,0.025313333594568534
31,0.03818120789958557,0.035628423950260224,1693505408.863972,1,0.10418674240465255,0.8958124083739823,0.40100029626882183,0.858866985177465,0.6736711831832425,0.10234111179692609,0.005208273318141853,0.00975861741203836
32,0.02503105590216348,0.022685327605167505,1693505409.0332532,1,0.1675058792684417,0.8976779083006727,0.1844480593757634,0.8610506561829254,0.6994810693007932,0.07436191156931188,0.006861878388253602,0.014992963166446337
33,0.03795972705883899,0.03641187662211831,1693505409.2020428,2,2.3455354060161095,0.9996920676868237,0.5552543818776517,0.8382354482057922,0.6313374429813439,0.621271721449605,0.006851090319305206,0.17579015947630808
34,0.03819328503142305,0.03655073612403592,1693505409.3703325,2,2.746740852818252,0.9942083335557673,0.4078738445018327,0.8381637002885693,0.6187826590578298,1.1373801144937679,0.0077880820482026875,0.11763900058237718
35,0.01353653663711496,0.011577784500463761,1693505409.538437,2,61.23736759780378,0.9692137572935304,0.13067015326626955,0.8934298852430486,0.5784725758430284,4.854360430940537,0.0005137075452240551,0.14832426934299006
36,0.037483932276239695,0.0349355481805903,1693505409.7095878,1,1.8063266526341424,0.963168912181462,0.35178145948322115,0.7963516814243904,0.6060586797524781,0.21837031318515737,0.023573335899637417,0.07132319274338011
37,-0.22091948092610947,-0.20687721789011282,1693505409.879716,2,0.007732913603683398,0.87879940749932,0.014423842954776304,0.7703502198433577,0.5553670394495329,2.6094865154773004,0.03978239731098079,0.6541754299325117
38,-0.033220908775904556,-0.03222475189232754,1693505410.0545664,2,0.03192108847567968,0.962396528635848,0.0831980485899126,0.8298514908111193,0.6661956190696183,0.12807449288720385,0.007861148597187005,0.6892689520447339
39,0.03809896707435845,0.03560302225458045,1693505410.2208629,1,89.83025684211647,0.8453469442630794,0.42295951913740903,0.7509167881047878,0.538578759489759,0.04269251048033892,0.00026015400604357614,0.000608140483366376
40,-0.1064192106727222,-0.10052970237843062,1693505410.3943007,3,1.5246347614587226,0.8890235582002047,0.04417440035035863,0.8067443860849538,0.6449068837885703,0.005993618265658986,0.01924963181590654,0.004453260230333516
41,0.03818141501911965,0.03566575091888835,1693505410.5646465,1,225.71052900445142,0.9301119906542872,0.3970008593968024,0.7534127639299196,0.5334083976018489,0.03115841368022722,0.0022825736828673347,0.0007469593534739275
42,0.03126847646277675,0.02860353360367396,1693505410.7361598,1,200.69115434774224,0.9171168706493484,0.1932789843898117,0.8479121600849621,0.5740109444539536,0.49248143844648173,0.0014108796501972345,0.001944139929945702
43,0.037855791917026926,0.035392214433092595,1693505410.906514,2,718.583816445538,0.9990808747139204,0.4917824352757294,0.8757055153688545,0.5229722782154339,0.04741293599510721,0.0030333180374888546,0.00044717948699984325
44,0.006711625389370091,0.005418078698648632,1693505411.0772746,2,4.00033265621521,0.9478063809073712,0.12173261765597553,0.7576817483173028,0.6173076105989695,0.007528241447268513,0.011200248009229745,0.0007860202333366172
45,0.038275795883604635,0.03567652088148987,1693505411.2479124,1,0.17550458671988872,0.8802942254532407,0.3450274458177032,0.8044206184871138,0.595025610963128,0.1671548577036985,8.583126152169202e-05,0.00941693897724259
46,0.037791386211272426,0.03560840627093054,1693505411.417296,2,0.4502786694162977,0.9798747241566605,0.6520476017284765,0.7367467021929973,0.5614770209302472,0.28624077453069235,0.00016572517799137539,0.04109674874684646
47,0.02665994515618786,0.024112345262156665,1693505411.593639,11,5.310927602034749,0.8760998560175246,0.16496354919541337,0.8041884394100866,0.585765763034024,1.357142424119375,5.6495878746282e-05,0.006479277933184967
48,0.03628953615786401,0.033865805989420905,1693505411.7553487,1,20.662104275284136,0.920271669996934,0.2823846178835524,0.7001756626202731,0.5270701103668763,28.07834812507196,0.00058338665597371,0.001679061426654199
49,-0.06560810129299655,-0.06246348790634926,1693505411.934111,10,0.24149208295779329,0.944130949882372,0.06086927769766026,0.8248254583964629,0.6206610547937811,0.026652208824969506,0.05499012422921136,0.014910680033193832
50,-0.007282838632592492,-0.008067026251818099,1693505412.097751,7,0.66006200621558,0.97483044247543,0.10159388768371053,0.7739151633588081,0.5903272349036479,0.011045360116084774,8.317735124543379e-05,0.044170033321265546
51,0.03803522751910604,0.0354801987305684,1693505412.2787907,1,0.014919985168769058,0.8921650257726247,0.38451738581773787,0.8433097679167163,0.6140336547660316,0.10883661438434598,0.0030677208617482282,0.00027133626143162104
52,0.03791320660818831,0.035338689758025565,1693505412.4542105,1,0.16210965187781165,0.9183156010728306,0.645992962766685,0.8775833321206149,0.6449860105732991,0.1657186162759752,0.0004727048542720455,0.009923177562203716
53,0.03784173563108362,0.03527676779251676,1693505412.6239653,1,3.2442730165081324,0.8500022381822686,0.36489483128992384,0.8174393846916044,0.6041089560845043,0.08421147839915583,0.01220242948642425,0.004723761860201249
54,0.028160662602053854,0.02556065491217885,1693505412.7966692,2,1.2355203515495359,0.8798891182857921,0.17110243192115204,0.8452793029151768,0.5586007726732005,1.0707136057468438,0.0012951451711495858,0.0023658017903381793
55,0.0374248355495409,0.03587608589726332,1693505412.9770296,3,0.016467622228677932,0.952048205436104,0.636155367336606,0.8964188561917998,0.6741383016134315,0.3177359936467466,0.00442571560254646,0.0009830961567733666
56,0.036719510015381984,0.03414083254616196,1693505413.1526074,1,0.05506117203384647,0.8355276031837187,0.3133210052260889,0.795459804818115,0.6263968210423158,0.0035543906876382993,0.0019197876272665695,0.00024257058068024228
57,0.03446602693988776,0.03224868955266247,1693505413.33432,3,0.40792879664242265,0.9249985569838919,0.2125080097024795,0.8664088069293191,0.6523139862935223,0.036539043476198116,0.0008835381203558949,0.01765389670617329
58,0.03635570158497681,0.0343855886575839,1693505413.512917,2,0.0038585930023249115,0.8702024806549261,0.9421712782822835,0.8118175639157944,0.593345859648124,0.01435746865533353,0.02893588025086899,0.008468136100212817
59,0.007499932457122216,0.005940870901034345,1693505413.68856,1,45.72904297800406,0.9070069609684308,0.133796632469359,0.8317811270886522,0.6814031888114532,0.004327244386464405,0.0003035612762342998,0.09496478278254972
60,0.03748907321852191,0.03585378815751783,1693505413.8655105,2,0.08846867680464067,0.8087969834884621,0.45177354655684515,0.8713598163861106,0.7143295914739336,0.08075892943642417,0.06595371309011888,0.036118295646467374
61,0.038019306237612294,0.03552881132935115,1693505414.0396006,1,202.89739494760323,0.8409874027732098,0.4363636644579463,0.7545124507813058,0.5423766485627046,0.04945056434119116,0.0002408138787944665,0.0005644492743200478
62,0.035906793666001136,0.03317468924047251,1693505414.2133138,1,6.922213770053744,0.8646638708451677,0.23814049866401238,0.7904925771069475,0.516364175382202,0.3208272737623739,1.973562502717326e-05,0.001068792713130725
63,0.036970314700343176,0.034503909446769176,1693505414.3948169,1,1.1121339544866176,0.8497825750845194,0.6619029686800925,0.7659995755441891,0.5662180333634093,0.015257086378531971,0.0008501134424365703,0.004532155506847518
64,0.03818972228536599,0.03571020351517773,1693505414.5743892,2,0.30277253062935844,0.8886467442076529,0.3247710903107607,0.7342661706155873,0.5498176422333452,0.026899233362786174,0.00012566996651223601,0.0003894508073334625
65,0.03740473183688864,0.034796368786498166,1693505414.7558794,4,0.2963082463387934,0.9368747680830494,0.26570385251564976,0.888062168524472,0.5965360050247692,0.18846305862657017,0.0001413963733187119,0.002333685015661764
66,0.0368186945504424,0.03537954454314707,1693505414.9242435,2,0.023943457175284125,0.8932597095931001,0.7410548408520679,0.7315320860744338,0.6313476309055981,0.025513770430242118,0.01223675719079384,0.00025426854263789847
67,-0.008110685518821104,-0.008851750750912935,1693505415.0989637,3,0.06822540053284593,0.9566716168473592,0.10082300526508832,0.7174649640587772,0.5760924723034735,0.008408000809397418,0.0019719042225363136,0.014650761958688955
68,0.03823648204134744,0.03577109784553745,1693505415.2805247,2,0.14371950334792222,0.987551530011186,0.32943386576613026,0.8526847965015121,0.5483954956636757,0.002101768740082472,0.004248116887401278,0.001353727266795161
69,0.035298739617602326,0.03261172128606682,1693505415.469487,2,1.1077551455826695,0.9867274250759631,0.221403811923777,0.8203450663557208,0.5486007575992902,0.0013923572272632417,2.1079772257831152e-05,0.00010941988120749765
70,0.02643258918402769,0.02392176339385943,1693505415.644401,3,0.2964162806996788,0.9680513741807295,0.16418910140608317,0.7789875068963001,0.5046042990495553,0.0023082631442106994,3.938380435849595e-06,0.00018805256901311584
71,0.03826032919210143,0.035812045950452065,1693505415.8204875,2,0.17747012740076726,0.990229991132532,0.33751274626356076,0.8540532413217043,0.5673522818637506,0.004652552392917075,0.0056941878176699785,0.003293604841962847
72,0.0381672884066232,0.035677077422957226,1693505416.0024247,2,0.030497128646102573,0.9961482785123609,0.31537064049521046,0.8472894687486491,0.5387114127794721,0.0038032801547457297,0.008116591450952329,0.00047357133763122083
73,0.03783380648020107,0.03562609650077653,1693505416.182309,2,0.1496705512497359,0.9821386120803677,0.5554810432045936,0.9071088781690317,0.5683343497122234,0.0008682133425989463,0.017143509521556927,0.002950377801836352
74,0.037207717675734275,0.035231214866734306,1693505416.3574178,4,2.7312100006980193,0.956302449302768,0.9702635227496652,0.8275359864372305,0.5540173677991648,0.010730041492304939,0.004093253010112939,0.0013167782637805282
75,0.01657255104186328,0.014477793458367527,1693505416.5349705,3,0.007250812830486222,0.970086437531463,0.1367076446593364,0.8082810501652327,0.5893302246644732,0.020573861564262007,0.002271741923971774,0.004602855772169221
76,0.03784968835733371,0.0360797582602832,1693505416.7246382,7,0.5659389812055902,0.9372498598199692,0.330747517853419,0.8804557517667585,0.6109464549002072,0.0006242432042170955,0.0007745082666010795,0.0014321308062957144
77,0.03772859885050173,0.03562814426706107,1693505416.9023051,2,0.06014972684017083,0.9866306639076057,0.751628992653787,0.8592021911966227,0.5341226222356729,0.004389634280875869,0.005827735717166421,0.00012799583456673944
78,0.03784910950007947,0.03534354886822533,1693505417.0735066,1,17.56414260144056,0.910782256260505,0.4984325667989948,0.8353185184630693,0.5755129627423534,0.007553406294375078,0.019889816927353646,0.0004317749574211816
79,0.035656992411650434,0.032935986032004094,1693505417.2560601,2,7.0321728453783505,0.930251215361765,0.2269373210515422,0.801309088503851,0.5491182253301375,0.0013557445705013058,0.0014154054630895188,0.0007936799223670899
80,-0.043034411031009245,-0.04158633682083179,1693505417.438414,3,0.22111460686584022,0.949857216924745,0.07335626140593006,0.7933776557988188,0.5652983175992354,0.002216231005762533,0.08071680533631895,0.007772637599292169
81,0.03808829071466391,0.03554795065568617,1693505417.6246772,1,0.09707684199206564,0.9909130116879566,0.3867328497908505,0.8538851240904041,0.6027390524890005,0.07359630957947191,0.00620058511456659,0.002380683351619499
82,0.037844071152405956,0.03517992011401838,1693505417.805202,1,0.03919596719996518,0.9730032442244029,0.29079334539350027,0.86417930339619,0.5844832201461163,0.14781387955286282,0.034913443779502965,0.010536501225016506
83,0.03835608697829607,0.03578290423521746,1693505417.9816694,1,0.9322432289366305,0.9015660476389401,0.5444400976910655,0.8378363311490737,0.6198307349275848,0.026321515108845377,0.002564443940026752,0.02576163793112988
84,0.03784269598459533,0.03558676013225193,1693505418.1595535,2,2.0534514613904857,0.9619565949910217,0.5205934720696731,0.8419622766040951,0.5140238667028423,0.022579219715201194,0.002312972229867371,0.03141727772452526
85,0.03766541618619468,0.03498206255444847,1693505418.3396106,1,0.6286357894486464,0.9069383050794192,0.7855006613141039,0.8228105220855517,0.6206328613335247,0.04681324272093506,0.011120270325363906,0.02477838811953319
86,0.03225403724381559,0.02956115766512879,1693505418.520539,1,0.75103031940005,0.9974756128314304,0.20013801962811603,0.7852324176296503,0.5336341904180029,0.017071220239230363,0.0006353466968006538,0.05946183116673933
87,0.03737075630568076,0.03598518169266185,1693505418.7261534,2,4.256821633171023,0.9433885448419707,0.5633366943512093,0.8504466269328746,0.6095517109222419,0.006425350286035934,0.003964818702211919,0.0862434538849872
88,0.03802260005483038,0.03547187499708193,1693505418.9123676,1,0.21605968257767047,0.9208271803133438,0.3803608015601374,0.8826319816014555,0.6454334780534313,0.010028935098669901,0.00040213284452874704,0.0037517703972210366
89,0.02511408984801633,0.022645983261084246,1693505419.0908222,1,1.6330314335532072,0.9771695818388567,0.1644637654356337,0.8158255745490411,0.5549689340610509,0.06224756807416054,0.0012789834432129087,0.016778179062539415
90,0.03677311819533935,0.03464668440265417,1693505419.2745955,2,0.019163569690949605,0.8835462538720961,0.25449777787404027,0.8341304018833209,0.6350059622673321,0.03164912478055874,0.0026024491075111724,0.3413312590631914
91,0.03820842009784231,0.035681043181225336,1693505419.4541726,1,0.1363612812116185,0.90151569411983,0.42676448399637146,0.8700170274418799,0.5834194062266074,0.12557166565160488,0.005171983776214004,0.006298078664545223
92,0.03704391908847138,0.03456599702567553,1693505419.6347873,1,0.3452027425924802,0.898973437914135,0.731583652001471,0.8714659035902076,0.5804151752864545,0.1297389359560907,0.007791842149236724,0.006858128556979662
93,0.037921944112947914,0.03542089241064239,1693505419.8167462,1,0.14902919796964645,0.9350069785397771,0.4576916773952229,0.8965263561735191,0.5972011195915342,0.44513649827686935,0.015990338553864943,0.0013884742667102641
94,0.038228711709234364,0.03576624148431895,1693505420.0047235,2,0.05503289408924348,0.914945551554762,0.33737742870977094,0.8542402206495997,0.567923937033163,0.03138006790800011,0.02286100713883187,0.023246882100808986
95,0.03801560766041501,0.036095107226865264,1693505420.1849968,2,0.047106018920087055,0.8683364243179396,0.3145401660335913,0.8587612305439054,0.6199673498042073,0.25443259733515905,0.02722085837901557,0.02386631615759715
96,0.003147991469974465,0.0017620692746400657,1693505420.361932,3,0.10874128622097541,0.9116507394255291,0.11416821524443033,0.8431792839204781,0.5883279644362209,0.09924671339081198,0.004867445854965846,0.04372871330254318
97,0.035078849326616646,0.03238888350362179,1693505420.5432403,2,0.9134462059047497,0.8808996284091247,0.21889885560724692,0.8681538007063082,0.565013283652681,0.057442842632208974,0.04963319564027353,0.11665007810401608
98,0.03727520374801041,0.03573996579073424,1693505420.7278144,8,0.28788467509377286,0.858010447152715,0.5491314627846586,0.8822076867141252,0.6035068534588802,0.7482624994564524,0.010609162927114998,0.060522025198976113
99,0.03709486211224655,0.03586287130227517,1693505420.913589,3,0.01214421475685447,0.9864935802596299,0.807671764299681,0.8381733106333349,0.6598929474100914,0.014921868279915835,0.02609714042448916,0.005672535787027566
100,0.03819208464594015,0.03572537101275286,1693505421.0970423,2,0.027421844498605834,0.9596114665773068,0.33109051312122023,0.8529632782046349,0.5720399600878061,0.0029408249052368584,0.0009823453760109313,0.011160625473709967
101,0.038158045678891805,0.03567465995730856,1693505421.2742512,2,0.041439132212113663,0.9583567420707488,0.32264430855418297,0.8586998989717376,0.5826595494902961,0.005676415383229425,0.0010561268904469528,0.014900411417590236
102,0.021176199517203287,0.01887415799422376,1693505421.451898,2,0.08201374015983354,0.9733190729921272,0.1475482614756274,0.8509304311627399,0.5744997211421642,0.002979606257398174,0.005007488155179035,0.0032386828431755664
103,0.03810805514432092,0.035595708514828406,1693505421.6358714,1,0.025882825799483193,0.8966573764572234,0.44993209648237853,0.8717177914359754,0.5486589259456524,0.03200138795442238,0.0036248357128077996,0.011016238819163332
104,0.03666414286404318,0.03454204997795851,1693505421.8219526,6,0.39209893720377204,0.9248219465582939,0.24818240539101533,0.8276642847369761,0.6136826640658494,0.0028018321828482966,0.0016058730285294807,0.024355694301371716
105,0.03757748263198013,0.035391527286179336,1693505422.0045805,2,0.15725285811028267,0.9471559327140809,0.6121090546790168,0.888620842260782,0.5659750632965399,0.009001370965135112,0.00871902130802969,0.0064280815714570635
106,0.03832986159881935,0.035747179826837505,1693505422.1868699,1,0.008556992285829382,0.9634413608068024,0.3492685899266092,0.8138449327167493,0.5962413325085925,0.0019277728742820605,0.0007776307768438536,0.05748548813466172
107,0.02743475196928158,0.025008404158640585,1693505422.3633997,1,0.006431450822184634,0.9988942073451904,0.19739705896474424,0.8171778768788397,0.6271588428042718,0.0009865697669873045,0.014386720793929842,0.055138409114756114
108,0.03766829806523231,0.03510727389754775,1693505422.5512576,1,0.0015005525948419934,0.9669743877697413,0.9511824854974397,0.8075456726832277,0.6399997095453756,0.0016358911510733181,0.0007390264129283578,0.1975553998711117
109,0.03830475236277653,0.0357714711543915,1693505422.7382572,1,0.013912320036869855,0.979723210792516,0.3889760409283742,0.8338893226798922,0.5960618348486717,0.0048003597827794234,0.005945506036241211,0.03564295599183107
110,0.03812952931305713,0.03563604499516304,1693505422.9135993,1,0.01512367140299674,0.9815512072241956,0.44954536240300114,0.8353891294722122,0.5948165425040692,0.0003522986271034624,0.0031294760322526432,0.11691213582340423
111,0.037824656552000846,0.035283171529108204,1693505423.096308,1,0.02871198823300145,0.991800918557888,0.36593760691026234,0.8464851383861481,0.6045094219528067,0.005490993436177884,0.0019019916604858262,0.03040632639421462
112,0.03744507002136832,0.03496725480800855,1693505423.2885635,1,0.06432252707698884,0.9616500414137564,0.6556787182215114,0.8278392749886233,0.5920115982001458,0.0019405571037284975,0.0064216736307537246,0.020602423990547375
113,0.03497386578691419,0.0324190987915588,1693505423.4752336,1,0.0060618844333401815,0.9776863461531253,0.2744607209796247,0.8665478273508558,0.625428329784867,0.003642047262032665,0.002735134063871097,0.03767160061146816
114,0.02874010548874839,0.02654300448928315,1693505423.648424,2,0.012403649466192167,0.9417692887438025,0.17902203969673683,0.8539943709977593,0.6137508763524665,0.009973442537310338,0.014269561951648921,0.013852817354576925
115,0.03768244206543736,0.0352028179038717,1693505423.8310103,1,0.0034081975917596564,0.9562723448594211,0.5511537728646423,0.8144943492534092,0.5717422545873481,0.0007332485383227365,0.00040663825511054626,0.08669163516885166
116,0.03827090299717706,0.03587829517341656,1693505424.020591,2,0.10140881056127904,0.9893619348667972,0.37113627862187804,0.8453206616620136,0.5816169334672519,0.0010252420861746427,0.0009520671900882436,0.010784321033546339
117,0.03749688775327731,0.035015564378807595,1693505424.2123866,1,0.12446099574826502,0.9836351926438415,0.7836911775778567,0.8389663943235364,0.5812230793338299,0.001160293482559214,0.008456369217065466,0.0020263429296155846
118,0.038270569876092564,0.03575989578563055,1693505424.393506,1,0.6958070007476188,0.9905462104892175,0.42306909464216175,0.8771558030534932,0.5980377796553503,0.0005929530474633246,0.02167199004380876,0.004916623718921219
119,0.007411972436121128,0.005848310577362015,1693505424.5734112,1,0.8630765045560069,0.9706967705909086,0.1338850219692659,0.9012875722359993,0.602613440462415,0.0004694275615889637,0.02168615313240748,0.0045631256455795416
120,0.03622053729753871,0.03349914556392619,1693505424.7601604,1,0.06634589356786043,0.9994418373637846,0.24352322387957795,0.8786894137655389,0.5570153966915105,0.00021502732236214998,0.0048955439533965054,0.007987958265626342
121,0.03821535426777878,0.03571405288802776,1693505424.9483614,1,0.46378336214354693,0.9880926157209104,0.43828555980939976,0.9176436122335845,0.591669270805624,0.0007826809827279034,0.0337104055442204,0.05520488187467486
122,0.0381661582360906,0.035672318656878255,1693505425.1268694,1,0.5005369215297857,0.9874504066219234,0.45209378914259674,0.9182801497152562,0.5897651490514255,0.0005365596855956652,0.037315370060057335,0.03591524129123117
123,0.03834790331815696,0.035803673575403705,1693505425.3158753,1,0.1797562643605362,0.9712694990196106,0.3845492260585643,0.8922137991505698,0.5982182563732201,0.0009289630151481113,0.08720847550118403,0.019416321541529512
124,0.038227805616082744,0.03568310003134534,1693505425.512631,1,0.23740072320820468,0.9765814968616452,0.5952728188337774,0.8909218091002447,0.6331343819382242,0.00082726163257094,0.06726297076795537,0.016330263339357002
125,0.03818776587877781,0.035642005338094696,1693505425.7001827,1,0.2559110775559036,0.9763256090390607,0.6063311038080673,0.8903162496401131,0.6393045164301453,0.0001517551006070174,0.46122597660342113,0.01917191121587906
126,0.036517645194525716,0.03395759504681428,1693505425.8658488,1,1.472388607023093,0.9503280347450295,0.31354515990752274,0.9016987640931418,0.6304165940279781,0.0013761194427843787,0.12603243921079763,0.0033502510518778174
127,0.0370921518623295,0.03572699217600728,1693505426.0538008,2,0.05857013316456118,0.9671364215101776,0.8148636633162002,0.8871043071836978,0.650052841450115,0.00030998611492442013,0.07383987587063442,0.010270270805357175
128,0.03188032127376672,0.029634653383864507,1693505426.2464674,2,0.1877283768254234,0.9998435097139727,0.19713859131315015,0.8764884524339714,0.6071431553892045,0.0018501472057866003,0.10357561582104456,0.024549748096898777
129,0.037438772967469114,0.035444729535441644,1693505426.441998,5,0.09581048247694593,0.9790093376284574,0.2723949321140516,0.9073141819808819,0.6157066632094064,0.0007976832309610642,0.04545134967301445,0.0017111127854626481
130,0.03793200408859232,0.03536285878997136,1693505426.6261063,1,0.018215311148273246,0.9316108577277488,0.6357658506869843,0.862094621555676,0.6568975878689831,0.0044607094742256295,0.02113172509603488,0.0750115699947764
131,0.03837234897829578,0.03584842004762834,1693505426.81151,1,0.5359097054675154,0.9845330540042868,0.5292043612766691,0.9176255156394846,0.6221710087590886,0.0009417460610346556,0.23138401170833459,0.054250107435051396
132,0.038337466514721474,0.03581497750373852,1693505426.9956717,1,0.5345995783293801,0.9898837514449035,0.5442784926055219,0.89471158368573,0.6221981847294401,0.0011796464606335423,0.23559312422452178,0.014321604606776433
133,0.03834582081950022,0.03578151771110405,1693505427.187392,1,1.1258028158872722,0.9673264115623627,0.36467862699726195,0.9294836618362721,0.5988983535058537,0.0012961939353626985,0.7432516504698035,0.045856005783141106
134,0.038371585968193456,0.03582512375201097,1693505427.3750932,1,2.5009373687925094,0.9871411039783242,0.37695427107350593,0.9324426948992213,0.597057455799837,0.001254584205358727,0.3363610143404291,0.15511587326528864
135,0.037925782105224126,0.035442415667787386,1693505427.5572062,1,2.890644590006435,0.9641858223106345,0.49510041028435775,0.9323299126618025,0.5995900310040483,0.0004717170068386457,0.29638112972306946,0.21338136669551885
136,0.03750682550995543,0.035004076783433535,1693505427.7493968,1,1.490891740396909,0.9916690553307662,0.9416993708556116,0.9306347423219582,0.6243973679631467,0.001436080059849197,0.5247207479361242,0.14014021790487827
137,0.03777129530105372,0.0352211386229071,1693505427.9374542,1,0.8354167683060297,0.9503242819536158,0.3723478857385916,0.9128493221545493,0.6132321107579829,0.0023144687902588194,1.394933697464737,0.04460312718898467
138,0.036881060477313654,0.03417083026199064,1693505428.1240082,1,4.234432780885744,0.9701251953119481,0.2575877284220032,0.9291311114695642,0.5988731569655615,0.00014031023849908402,0.2205273147010947,0.07085039226636328
139,0.03775376807080533,0.035214856579557474,1693505428.3072736,1,0.6717048403432938,0.9884470739757827,0.6892830843943483,0.9420125004956473,0.6409979863587092,0.00043908515059333075,0.14610918936342024,0.26245969811812875
140,0.03839763661932183,0.03584805765555055,1693505428.4940176,1,2.153945781735153,0.9594176364685975,0.5244283588996582,0.9591984697173022,0.621187679655178,0.00027854931367430447,0.9880169699353641,0.03425153771273557
141,0.038410019022428354,0.03586334983936412,1693505428.6822186,1,2.1714456947850973,0.9410680256219661,0.4991329640141648,0.9615591918836007,0.6220142856550359,0.001142665702877708,0.7097426162061435,0.037284012423831094
142,0.03839469868536016,0.035839500491051335,1693505428.8804715,1,2.354313483189103,0.9432825034381506,0.5045359497860256,0.9217319706599268,0.6201131062058721,0.00032550411728385646,3.351518124821071,0.04012964238197585
143,0.038399470078776754,0.035851649416944076,1693505429.0716572,1,9.886855515342736,0.9379521172197037,0.49598108356769255,0.966862990479669,0.6220320523571315,0.0002755511353137773,2.4948262899693234,0.1176458011750437
144,0.038342804288378884,0.035784655841595625,1693505429.2558563,1,7.063856600807982,0.9408840807802231,0.5391063767364649,0.9782624564813212,0.6242711988928293,0.0002742413893108095,2.7786829553025183,0.11330635020278078
145,0.037426238448535765,0.034876893791563446,1693505429.4411352,1,10.627536723704011,0.943900270783439,0.9895272570152858,0.9651007209666382,0.6245930009869448,0.00024290734104602708,3.1671114811886207,0.11193695959743623
146,0.03833624760912846,0.03578827607302648,1693505429.6316175,1,6.548307245281924,0.9362047455464184,0.536004523001831,0.9796135845807552,0.6459445942828873,0.00012423939136462845,0.7803737999468308,0.33277170030856856
147,0.03828417762173475,0.03573006452981087,1693505429.8273852,1,7.790792553375575,0.9258170620989643,0.5417056070960723,0.9677966615825269,0.6441432811646322,0.00010534011822402164,0.8717580279605771,0.40201744138843704
148,0.03748736827491428,0.03485323335538171,1693505430.0236216,1,5.462836398942854,0.9375740407818874,0.7683376245827246,0.9788441410020453,0.6161168379974272,0.0003219083207064129,2.8993649001520923,0.12543414563123023
149,0.038407742477819085,0.03584827479949282,1693505430.2149682,1,18.716965622168516,0.9511814888045917,0.5168650908150118,0.9523768661739301,0.6630273897955072,7.317741709193633e-05,0.9054062636894219,0.18304410222883474
150,0.03841241481032809,0.03588268287795571,1693505430.4087117,1,24.892166916171377,0.9547713737128753,0.5158622899189532,0.9497979657271048,0.6620315489586694,5.434293312476754e-05,0.6755333629008718,0.5118808877755177
151,0.038329657784546,0.03576978287314636,1693505430.6014638,1,13.823910558768084,0.9541816491606594,0.5593078614326696,0.9469503116249067,0.666764252497309,5.497937938841029e-05,0.77123880574681,0.6451077200353323
152,0.037620372544850955,0.03502911607139114,1693505430.7848673,1,22.706585621026953,0.9408426460133819,0.7362060484088258,0.9549506963765598,0.6384755794276091,8.804575513777665e-05,1.3573925637246715,0.1716166062260001
153,0.0383873806203463,0.035840410946506696,1693505430.972522,1,2.8395581229505455,0.9301701789030284,0.4929153064502652,0.9821738823176961,0.6570746034719083,0.0001819736780052259,0.36954678151359105,0.30174962568260466
154,0.03844195911553794,0.0358951404990947,1693505431.1883109,1,2.8021470730107407,0.9178780783618398,0.49672768371303216,0.9795391830572091,0.6566129159957003,0.00020100416847501168,0.42233152516072886,0.3637467540321765
155,0.03758897152334173,0.034992812056038325,1693505431.3874686,1,2.3726572782933113,0.921860377642049,0.7217304732294078,0.9374689883869857,0.6548218301783414,0.00025040736356318603,0.34760048891797424,0.5360771245530278
156,0.03835621941198064,0.03580670972656241,1693505431.5727048,1,3.0909579934139657,0.928120008866087,0.5127735599377534,0.9509852059739223,0.6840569165253326,3.58310871050241e-05,2.2716515507415007,0.2141756402054542
157,0.03727967231078744,0.03469132123653351,1693505431.7666633,1,3.4439246082489205,0.9139975064310786,0.9813923536053043,0.9527899163937534,0.6801561475534196,3.750446724676792e-05,2.1496306940902024,0.2512092589636254
158,0.0379698238399484,0.03568297543015808,1693505431.9619677,10,29.68312706021428,0.9274070774290749,0.45187315292461877,0.9428846564502051,0.6652242183986972,0.00020059430808915132,0.512248471349221,1.1559878423965713
159,0.037735782508291904,0.03514958616164865,1693505432.2342296,1,11.297710915656223,0.9166890445791563,0.6887314096668671,0.9901110247067197,0.655401371749555,7.252792307546152e-05,4.059807605508461,0.20445435935832454
160,-0.2341356489298798,-0.21912144878694573,1693505432.437061,1,1.746183439466079,0.9482156088091951,0.012324496340108506,0.9586712038859853,0.6762987013109327,4.266205588551362e-05,1.5492273649526822,1.4219843451277736
161,0.038357784660588035,0.03580713267121738,1693505432.6328533,1,3.4498626259228535,0.9290457888160972,0.5170458009794351,0.923169700972959,0.6893478340822944,0.00017733411359098096,0.22476556685198934,0.09664125427261738
162,0.038399966693059895,0.03585320821585569,1693505432.837715,1,4.150810471170388,0.9319846854437953,0.48178584297784727,0.922267379822872,0.6875581689963501,0.0001656482039574032,0.7017667915316236,0.40023718594979923
163,0.03844799852075642,0.03589153690994662,1693505433.0261538,1,2.4345549707713006,0.9092497746913766,0.4717234092833037,0.9231464731174128,0.7020582353442237,0.00015501588278093553,0.909085921629487,0.32514885593465187
164,0.038431861502855935,0.03588193960556996,1693505433.212672,1,3.3698448141896367,0.9077002610876633,0.4468526262370963,0.9185846404936491,0.7014100351425431,0.00014523473263697482,0.33478996484031004,0.3899454209300675
165,0.03844248104061343,0.03588667601123996,1693505433.4199235,1,3.842571006406453,0.9095435561904052,0.4828037410109429,0.9215492037843045,0.695452305004122,0.00015508759585889523,1.101154674506253,0.38918474978741874
166,0.03734797604303741,0.03468042514954073,1693505433.6147454,1,3.552335446327787,0.91050440511248,0.8093971036118113,0.9188799060515859,0.6930539325379577,9.232330572829368e-05,1.1634681274810186,0.4145681274708359
167,0.03840239160780634,0.035858029748795706,1693505433.7926521,1,14.557349147091946,0.9292998132228151,0.4751890404073333,0.9423174064442267,0.7038181613303076,0.00014552550706644078,0.39675844104430363,0.9932708957383745
168,0.03794745931929322,0.03531496584654592,1693505433.9899025,1,14.08657189515232,0.9048760678499088,0.6948833755222564,0.9247545319267261,0.7008152235982745,0.00017245622895524425,0.3229066784787558,1.0909287395199754
169,0.03528463672727622,0.032731313430723774,1693505434.190194,1,33.16407744584528,0.8913038361837706,0.27808410161906494,0.938880508150521,0.7112506741321802,0.00015189569565691004,0.4681075471016542,0.7196849098837944
170,-0.3009530194077694,-0.28095669834491166,1693505434.384907,1,23.506419612581748,0.9161035921106142,0.00036244592332015365,0.9668570858317206,0.7008794040827141,6.666339832698787e-05,0.20736963638314249,0.37502718964833437
171,0.03839095415122207,0.03584290881274532,1693505434.57837,1,4.974855538358113,0.9283988203806833,0.46663270957026487,0.9500799821892572,0.6899053744085559,2.8864713323467118e-05,1.7909971602928354,0.2703890715767827
172,0.03798959073570918,0.03542491821489124,1693505434.783465,1,6.257813768458809,0.9322036765165853,0.6239846733765745,0.9433360887633316,0.6866140371736251,0.00011261302657001037,0.9743069070302423,0.7853304127214688
173,0.03825418726257723,0.03571773710129755,1693505434.9912245,1,62.53255239297588,0.9253263737398899,0.41799568085548666,0.9581907537349742,0.7186528180382786,2.66670627766264e-05,6.13726264783424,0.4996915618163052
174,0.03847165247821671,0.03591873075527863,1693505435.1910465,1,11.331203470400894,0.9056060057950254,0.4765434789142691,0.9186942640723011,0.6891063897868174,0.00018866214109437878,0.6011357769312561,1.7570234137583955
175,0.03845247697274601,0.03590610877468137,1693505435.3817568,1,9.390621482179858,0.904438857638196,0.460414290025549,0.9345578639718757,0.670918076411022,0.00035290151909744946,0.633899073635776,2.5695641497130555
176,0.03548134024358218,0.03293152751894235,1693505435.5803466,1,13.256358063492899,0.8982428819623127,0.2839745480738678,0.9129458448271515,0.6730041418212892,8.116748331964588e-05,1.6756003994036248,2.231630950334677
177,0.030958184691294854,0.02845139107387029,1693505435.7885501,1,8.940070148665697,0.9111825358274426,0.2223668206963331,0.9380796807477143,0.698278022047315,0.00027067033417092285,0.6453524331730467,1.8788564228656541
178,0.03837796558046136,0.03584289377276184,1693505435.9785028,1,37.80648192474209,0.9052827735624831,0.44031334439852793,0.9483140948590568,0.6714448390427628,0.0004445215904525601,0.9479054240901127,0.9147445945722914
179,0.03844232983834994,0.035894142011937635,1693505436.1674204,1,19.23909083131424,0.8870593388111009,0.4504804385607915,0.951697620638989,0.6691148685005675,0.00038938138842588293,1.1458029594710384,2.5842320014437834
180,0.03757989869565459,0.0349305075571128,1693505436.3677855,1,81.60225126296697,0.890708714388579,0.7816786398337522,0.9654137731813718,0.6631385560503539,0.00015374142238049933,1.5853525626843026,2.737402336210061
181,0.038383086129705535,0.03584707583454283,1693505436.569614,1,37.63467627765033,0.9039364836494665,0.4417766318907695,0.9464278310987553,0.6730339607046139,0.00035203185733539885,1.0476458166627558,0.8960489296157215
182,0.03843379693925553,0.03587951392661437,1693505436.7590106,1,19.193030821403116,0.884327494005263,0.4546843421730996,0.9584366301753059,0.6808256705509976,0.00037541449204222486,0.5766082700463296,1.451376355425028
183,0.038051912995368586,0.03546828288520487,1693505436.9632163,1,18.863585061049243,0.8832740715220866,0.643699011713995,0.972911170376711,0.6839450311110835,0.0001077152602555885,0.52714574484217,3.6729027029780474
184,0.036410709147363995,0.03385002984464891,1693505437.1689177,1,5.576377079457084,0.8736628906997105,0.30616492454869226,0.9874074570058075,0.7060661442325856,0.0002020263407608559,0.4352166191495223,4.035653346628528
185,0.037813604196652584,0.036110759185331576,1693505437.3771822,8,15.769623618634267,0.9191446056248097,0.44653940397116676,0.9588051132585755,0.7242025094792226,6.025691404025112e-05,5.020440840303756,1.4349932850925473
186,0.03811196832204289,0.0355196649588887,1693505437.578713,1,12.410226004508889,0.8932644073226954,0.6261907090796909,0.9705923222377852,0.6891990072689866,0.0003976002658500449,1.9189961821593389,0.5331403128695124
187,0.035342422147558894,0.03278705403615911,1693505437.7770386,1,5.755509173043375,0.9186700268155721,0.28047375445396444,0.9978825142756466,0.6955926784535696,0.00023341158201669186,9.765815778711984,0.30012904680163843
188,0.03770929990049321,0.03516505913731638,1693505437.9915264,1,114.19185512269503,0.9348353469206306,0.36227655078684456,0.9586709761427501,0.7103454219704263,2.4537542989895284e-05,0.6468847867438324,0.5254279501358019
189,0.038453438992784306,0.03590952741326636,1693505438.1893873,1,27.478846745273213,0.9075731553602902,0.4830961554934734,0.9858157496779478,0.6635985378249868,0.00011796956124420367,0.35882677252100276,1.7078584364057352
190,0.03761175281066087,0.03498909300717956,1693505438.39111,1,35.65647797622675,0.8863799994392767,0.9933266821442259,0.9362096485190949,0.6817502604107207,0.00010600426165957229,0.993940013460956,5.312050471276614
191,0.03848166693923083,0.03593799304293299,1693505438.5965364,1,21.709910083764406,0.906347658059548,0.5011546411658201,0.9793618598001312,0.6596669916086493,0.00014949991866492293,0.38943606256325636,1.8151200358511772
192,0.03833818217951501,0.03580183834997519,1693505438.8038042,1,21.484869875404023,0.9017464434463781,0.4299166396548971,0.9892702185830748,0.6653828113180301,7.377320595575762e-05,0.6458829574706693,2.0088657671331354
193,0.03818864324235571,0.03559489423361306,1693505439.000611,1,9.554299305908135,0.9068629133372827,0.6291630175717062,0.9685359826560207,0.6736935620873683,0.00032605843294332794,1.2628588987422413,1.2878320488899249
194,0.03751932243726741,0.034969309629950485,1693505439.2041473,1,49.035053171943694,0.9158237813296954,0.35217935236732095,0.9768173743197585,0.695274118128992,0.00013059818563951466,0.39611809720111835,6.382862506624443
195,0.03787482109013107,0.03564776441725048,1693505439.4086676,2,22.84093154912717,0.8958390422507743,0.4770678537429995,0.9518953922092249,0.730366097683855,5.1455506815753354e-05,0.16260814235610563,0.8186244025376385
196,0.03737778221805299,0.03469485525043725,1693505439.6061437,1,5.463383754219165,0.8748748759029095,0.8007282362620181,0.92428200734891,0.6618017700992648,0.0003939960363172786,2.151068249350855,1.5289678760811953
197,0.031872788072320746,0.029348092539363324,1693505439.7997355,1,10.11418632945257,0.9209513576351044,0.23108460399843628,0.9969881730585392,0.6807181567952946,0.0005037243961105672,0.7040473191193933,2.809362765560877
198,0.03821462758830463,0.03567597541392631,1693505440.04502,1,56.77948614061926,0.9432190241990531,0.5860058760820314,0.9608744078734908,0.6506838325315711,0.000229469410033875,3.569303940490414,0.614266277568143
199,0.036940545843532235,0.03438144397698506,1693505440.262023,1,1.891134151821825,0.9098629278480808,0.3213406595861823,0.9072710420380865,0.7032779328232821,0.00011270536214399285,0.2849651530443596,1.0874033677082962
200,0.038440801637026234,0.0358761299053616,1693505440.4659219,1,18.57873720226651,0.8864519248403328,0.4782321313732633,0.9481908284038437,0.6686337274532227,1.9326430227126173e-05,1.1520367959099886,0.3266201101817473
201,0.03843375716576236,0.03586892468140923,1693505440.6725783,1,18.56926981549646,0.8842948180986424,0.4842913333671543,0.9502099827793642,0.6684775075312245,3.0299498492993282e-05,1.2889316363832384,0.2890749225130215
202,0.038004886781283775,0.03542119433092883,1693505440.8743799,1,23.853346702937774,0.8803347208014294,0.6378944978014849,0.9393906436373745,0.6677598123412856,1.7765399955816543e-05,1.040650052706504,0.42833784002137976
203,0.038097346927807085,0.03555735650535552,1693505441.0786302,1,97.29471552692665,0.8898421959087082,0.3910217328973081,0.9706272430610179,0.6566230273801924,6.200667573103885e-05,0.5761273561138154,1.9845879487789724
204,0.03834774987563594,0.03579053315333092,1693505441.2761836,1,14.241029375471873,0.8602241108288033,0.5221213527036631,0.9254796818548134,0.6782350991799969,5.316900630864906e-05,0.38683758248268935,0.8695322549682647
205,0.037411357393864475,0.034772595954650765,1693505441.4777079,1,9.285469644650314,0.8666686030726259,0.7566861819128224,0.983929168656522,0.6470566935021863,1.2617960492768758e-05,1.1087365210745717,0.37556442167753523
206,0.036234655642098046,0.03368691788356559,1693505441.6755822,1,29.54355853707674,0.8979098934925088,0.3009519494782339,0.9594030951354177,0.6672985229359913,0.0005568026196090188,0.7047659051040999,0.16934456343670048
207,0.038211628807843234,0.03566271070238236,1693505441.874731,1,52.772855729147324,0.8837048945656814,0.40680791977822084,0.9326777471415418,0.677430871874399,0.00018404446527762414,0.13422516676843094,6.944646146224544
208,0.038304075816652516,0.0357506175326302,1693505442.075476,1,15.78175597978863,0.9095822804134932,0.5506078957337679,0.9462879359868462,0.6575009869944465,8.590937250304885e-05,2.9538504369382803,0.6651938409158882
209,-0.07744368761456899,-0.07359038123310158,1693505442.27702,2,3.7589224420946126,0.7815837673503387,0.05770017177897237,0.9733848946738779,0.6865196863171799,0.0001435630623868898,1.3473220000343185,2.950622934397512
210,0.03755778781960173,0.035925792968783954,1693505442.4853704,2,1.7451819600038092,0.8754827741022132,0.47780329217999373,0.9140921488135203,0.6387919872079226,0.00032045419434396927,0.5326441199834544,1.369014164418851
211,0.03847827149088057,0.035937385981160586,1693505442.6830537,1,5.9683982434036,0.9223312262478909,0.4697609204123958,0.9501815298498805,0.689411754905358,2.8501296528816604e-05,1.9999211062257163,0.25711987777707956
212,0.03759713381999119,0.03504762147439522,1693505442.8845143,1,11.152022670364666,0.8999685526496567,0.3558988982322587,0.9536324588392561,0.6927408847462864,3.671837626495084e-05,2.166756303085097,0.22305141499549147
213,0.03805037511877707,0.03547974075725213,1693505443.0846899,1,6.81133317881113,0.9512461866193963,0.6452268735784735,0.9371139772443025,0.6698034177717431,0.0002300446072178116,8.605852650927531,0.34472639230548074
214,-0.18236337373905243,-0.17115192313540417,1693505443.2847848,1,20.073986986025037,0.9221588624842281,0.023766385505645523,0.9640245074088922,0.7034738238216064,4.469707601339569e-05,0.29366096356454285,0.17568947100170518
215,0.038410149418174444,0.03586317904171765,1693505443.4875035,1,4.11226456382406,0.9390675196859842,0.4802053286122389,0.9244917453411098,0.6500947118726936,2.0933291384869332e-05,0.9955209209169339,0.42135848349521704
216,0.038389900742482164,0.03583429410412087,1693505443.6908138,1,6.6068118288481505,0.943612882805856,0.512880472201602,0.9251207258121155,0.6585465169701014,1.5459851368788045e-05,0.8308037436946084,0.4937810021926257
217,0.037682497788754876,0.03508920537056304,1693505443.8960533,1,2.4608024736389797,0.9350543559423953,0.7081492365242553,0.9448985974471004,0.6510586309571492,2.239543620070127e-05,1.3758204205681346,0.2862131934088474
218,0.03812709682679294,0.03558714411199182,1693505444.1007257,1,4.073485027042591,0.9537765072650661,0.40530412523902953,0.983675450151204,0.6778986249449023,7.573757874420686e-06,3.748485317529326,0.8532738588457811
219,0.0355770639409938,0.033022283378069894,1693505444.3085744,1,34.89004824338631,0.9147151413810846,0.28265067004166344,0.9295528949257712,0.710225063513998,1.787027407870147e-05,0.44266335793130607,0.5457016910792812
220,0.03674808503292293,0.03420738503061027,1693505444.5198598,1,139.14644765197968,0.7200789979162826,0.8329914454740849,0.9515616722967497,0.6875388717948681,8.295622505522487e-05,0.8295038020543597,1.6705813005558077
221,0.03845495668367749,0.03589312297692937,1693505444.7315617,1,1.4892830920382576,0.9067471331466566,0.48684966590582485,0.9030834056538216,0.6349502367728223,2.8323666450286457e-05,1.5148922013497825,0.1521634788391099
222,0.03839165539009748,0.03582713309295915,1693505444.9305282,1,2.119678779352827,0.8898295255545822,0.5243486403313892,0.9161178268205638,0.6357975664338473,3.1299776231658255e-05,1.7591826453902626,0.14160303532497592
223,0.038304927665415045,0.03574632476255313,1693505445.138635,1,8.467513545069385,0.8229420239283327,0.4181776988816975,0.9045162061777157,0.6658700692782075,9.4060524530828e-06,1.2447132186318293,0.2474556739679308
224,0.03808308857949194,0.03553203329536636,1693505445.3447795,1,1.2995038008588862,0.9233783948689739,0.6099897687205624,0.939945899326077,0.6502975656251346,0.00013849293724626198,2.2712629160486633,0.1069932275373539
225,0.03758590517809701,0.03503668861211673,1693505445.5466342,1,5.084358897711725,0.9050778975937138,0.3574627271164065,0.963194028782697,0.6693498168939312,4.009328098044842e-05,0.551573097488205,0.39157086535520047
226,0.03840414277867976,0.03585627242513045,1693505445.7500918,1,15.997326146637555,0.939056535491191,0.4726815948693169,0.9226118615027549,0.6482006563015066,2.1337521991287013e-05,0.9211054646154174,0.1959306269426169
227,0.037178240607494306,0.034628881612577045,1693505445.9619663,1,58.34094633744778,0.9352447621049292,0.3338565599553826,0.97317971213475,0.6441675844100379,2.0591533370957555e-05,0.8169717058656842,0.2102773179578695
228,0.0384640655794003,0.03590414468408698,1693505446.16331,1,16.185418470388296,0.8977966903973438,0.480292443433612,0.9300913009508244,0.6566790558641926,1.1423738333934257e-05,0.3678721201144086,0.657903971405141
229,-0.29178042775045854,-0.2724719185490341,1693505446.3617475,1,18.01207392990377,0.895472578837804,0.0018535929638133198,0.9291227963088303,0.6625268217146055,1.3571002843778933e-05,0.2757167782607925,0.6506584930388288
230,-0.03537019152328846,-0.0343973448638748,1693505446.590168,1,26.105117138492535,0.9135782206089609,0.08392667311266469,0.913611003297622,0.676750409982647,2.534699764347432e-05,0.4410367014915331,1.0034878725493785
231,0.038453987702354975,0.03589127396340808,1693505446.8023365,1,10.770621976215732,0.9033697090867584,0.4798116312338522,0.9443916236292904,0.6591012654582014,5.399121142284949e-06,1.0354062126238481,0.3340663803758367
232,0.03824622034360303,0.03569752416734473,1693505447.0172408,1,13.312182407632633,0.9070540561569872,0.4173705018609806,0.9359190315092661,0.653107063589591,7.780116837751767e-06,0.1937823878641317,0.3405916854766356
233,0.038102284206905646,0.03551026112724831,1693505447.2249453,1,9.297240457171695,0.8976443016742587,0.6336930068221162,0.9439833601088753,0.6604090418545768,6.08954784451694e-06,0.5543362170946405,0.16522792497804914
234,0.038427858227734424,0.03588780249195722,1693505447.4563096,1,35.380142543361885,0.8809053079568289,0.45759402235492674,0.9221962868203075,0.6815651289302471,1.1285703700224205e-05,1.465619404632218,0.4640415006473528
235,0.038344430440617194,0.0358049526630172,1693505447.6945865,1,42.04994031900882,0.8833134463375345,0.42549912950492047,0.905402034135388,0.684006399013901,1.1990753203484683e-05,1.283873216295558,0.4809382593324715
236,0.034766569110074697,0.032204753483134785,1693505447.9030757,1,24.006464203627388,0.8722933471797307,0.2671507546127964,0.9217095103692292,0.6981149310238401,5.159734576835274e-06,0.35543561811985186,0.7025667079630538
237,0.03799432731094865,0.03543115511241046,1693505448.116261,1,100.86625294701237,0.8534609000400354,0.6202527731880857,0.928809559931927,0.6759457453384826,4.262085141764909e-06,0.7671644114040002,1.2344722702074329
238,0.03736915759159343,0.0348124195390358,1693505448.3254945,1,15.980205721880195,0.8890362974578677,0.34114218973705607,0.9371797766947643,0.6635798774082305,1.2142446746507094e-05,1.5669979627701325,0.3261814263884742
239,-0.2531538469800305,-0.23672817895756904,1693505448.5225234,1,56.597634330839455,0.9014881995287284,0.008627749420754277,0.9509956780643334,0.6922215768396073,3.5220710939578166e-06,0.6974361335361094,2.1510720740068603
240,0.03843649917000813,0.03590499250657453,1693505448.7281413,1,30.357162021041287,0.865275287646526,0.47855855204757025,0.9196295557513593,0.6736813046352693,2.9953643987790638e-05,0.323874792017827,0.4830391886643611
241,0.03773289305263283,0.03551757091525409,1693505448.9378965,4,26.841412007561487,0.8706625664080152,0.466408424448563,0.9130067780993318,0.67212071180456,2.1042010029289322e-05,0.2988450132671309,0.5214157965390447
242,0.038374340116242855,0.035804982107786376,1693505449.1447542,1,15.874947963154048,0.8873285633583027,0.5271682790010436,0.9214552447203993,0.6488522755784754,3.826939351819712e-05,0.18028107320482148,0.30098880765197555
243,0.03735755272728991,0.034791737628810604,1693505449.3514044,1,38.31048206253965,0.8373373939604907,0.790518173191134,0.9300779412706496,0.6818547649202014,2.7738761647635492e-05,1.0883215251063887,0.8396234513882935
244,-0.2976668889720291,-0.27791710555471383,1693505449.5552597,1,4.652541901887878,0.8785741959065901,0.0008923164425005818,0.9011308931560262,0.6619518338857789,6.062224132473099e-05,0.42500101491146025,0.23369785613216695
245,0.03818753515589968,0.035640697153224266,1693505449.762747,1,7.331702915546999,0.9136483926522363,0.396434427304731,0.9423446401584137,0.6695371107909908,1.4426560541239038e-05,0.6157833375314345,0.5112496633783564
246,-0.16505392135083907,-0.15509900136279042,1693505449.9732633,1,11.105283396479624,0.8638680359446176,0.028237662836792313,0.9136863197830778,0.7163431573089634,9.700300610074397e-06,0.9049069622576774,3.4086854331006826
247,0.038201247815842,0.03562595387662015,1693505450.1810343,1,277.054999441192,0.9013998904166264,0.6170885888703184,0.9516949858997874,0.6864615245222234,5.5641245175785915e-05,1.6722154362659958,1.2898608017058641
248,0.038457879248875226,0.03593156507070083,1693505450.385103,1,28.73024361617129,0.9226338563576205,0.4795154004885289,0.9225292906403327,0.6534681267482911,0.00010252367158846014,0.32356033456507644,0.43398543770321146
249,0.03822276415008252,0.03582157907096273,1693505450.5983877,5,47.574242278486224,0.9210588072840626,0.333456644737635,0.9364793137197627,0.6535161250085545,9.746485471843512e-05,0.295840639013475,0.7486217803239807
250,0.038419948934228954,0.035884109449080714,1693505450.8116395,1,27.876426943687402,0.8940454982255188,0.4465498964570224,0.905629330925052,0.6426137442919658,1.871293184866974e-05,0.16016617924461676,1.9077866152315104
251,0.031435164300773644,0.028922996646944976,1693505451.016311,1,74.76934873151453,0.8921526686083425,0.2269247095962801,0.9123245035681334,0.6408761800423077,1.8816930752472528e-05,0.14493602106327463,2.1116229007793987
252,0.03774711177878132,0.03511547523653136,1693505451.2178938,1,29.354467537165466,0.8807654361082256,0.7359001096677289,0.9047327144746472,0.6363391742568194,2.8643690546032824e-05,0.24331245880730626,5.12458265469838
253,0.03804086772861748,0.03550255486831411,1693505451.4331822,1,23.180146590706933,0.9087162619919906,0.381002727548783,0.9225126751967118,0.6474982039727406,4.6672513738122616e-05,0.5040509424629473,0.19757124348696448
254,0.03828103636413005,0.03572019558382866,1693505451.6412122,1,83.86136149313606,0.8971818808329384,0.5863579811102849,0.9992126170461171,0.6569404663852803,1.0128073574423503e-05,0.10538758766420626,0.367635779999217
255,0.03844015534454681,0.0359028046851092,1693505451.8476942,1,31.88835481124685,0.887422967691428,0.45718273256998376,0.9003037822082138,0.669155782550767,1.7169181512641734e-05,1.2010321998074458,1.6705768999032724
256,0.03652763089849975,0.03397779134953893,1693505452.05542,1,154.20369638299448,0.8911180683161131,0.3110420127677901,0.8953623133933809,0.671672619694802,3.105833949273635e-06,1.9586561471752344,3.131985374236782
257,0.03822753646535271,0.035683601117618924,1693505452.2675388,1,32.8792481422421,0.878670565637789,0.4066354352870842,0.8990844621931774,0.6629029733115661,1.4584800303604067e-05,1.2473402948359718,1.465937599613232
258,0.02956789752846034,0.027107121941787438,1693505452.4791915,2,60.66433035295496,0.9046670432529469,0.19361008493607113,0.9853393843647412,0.675982439725894,3.438113585309759e-05,5.347308247451793,1.4547181617163238
259,-0.07641099852996858,-0.07271716553428265,1693505452.6909864,1,7.874768734565976,0.8513386304409252,0.05958056587878722,0.9539319113362157,0.6600470765660571,8.114345530555625e-06,0.20386852755593685,2.3899455190924987
260,0.03824925894192366,0.03569613186096621,1693505452.903991,1,36.55689736932996,0.8684107079804918,0.5941691970805578,0.9090845655028637,0.668703585329794,7.108436603038601e-05,0.4403399067771815,8.128908789187197
261,-0.10968581889333118,-0.1036847658461082,1693505453.1214244,1,19.28171981336012,0.8904692284999642,0.04554353594541845,0.9783443455147443,0.6382365461128781,4.156897284085719e-05,2.5545136171798535,0.6633559814317425
262,0.03739763646386263,0.034801202496454686,1693505453.3263223,1,4.316203997737019,0.9157116502948026,0.8427918961430185,0.9331257058200172,0.6824751508973239,1.799200998196053e-05,0.6516966356137128,1.0253172444795116
263,0.0041548352723388415,0.0032238278620102534,1693505453.535894,1,80.27256596623027,0.9011416028972108,0.26597050212244056,0.6467840582216913,0.6591259992796492,0.00010589607891648505,71.96001494118887,3.893442526124101
264,0.03844080056165633,0.035876394444502746,1693505453.7538283,1,9.013937219972075,0.8859367047379018,0.4712786847056984,0.9612656603692947,0.6537770866297524,6.526190166311311e-06,1.0928659832261036,0.3686077526334126
265,0.0016550114873915556,0.0006233487932661985,1693505453.9568784,2,8.30653451604209,0.8824767507375034,0.11814875717503781,0.9654376632551015,0.6488049982899047,7.248067053378238e-06,1.5815511763646324,0.5108713519585912
266,0.037220040217684325,0.03466785387437199,1693505454.1611838,1,2.7777912879853536e-08,0.8868059557279476,0.33566788377871193,0.9889930442759287,0.7446672214434279,5.993803635903704e-06,0.3296215757417279,2.2772632402805737
267,-0.02823077099943916,-0.027714175304355493,1693505454.3723507,1,3.4345561977003114,0.8618768161625651,0.08975708386332233,0.9752569449404499,0.6986190515600497,2.5134915861216084e-05,1.1425506099934175,0.34171067722573156
268,0.017682820666367616,0.015869673950607455,1693505454.5845528,11,11.716033746734436,0.8965874385933054,0.1485018003444813,0.9007743482688798,0.6325451193944116,2.5755966616561537e-06,0.555392216050366,0.9219694664502202
269,-0.27779064409234344,-0.259528720619594,1693505454.7949343,1,1.4275030962378925,0.9116715416681734,0.004213157349364239,0.9300442811691115,0.6773002325264084,1.5240375412640929e-05,3.0232883509339894,0.5643794865833384
270,0.03829152495382859,0.035740310677529585,1693505455.016435,1,264.4496827431419,0.8719183788165598,0.4235152844114317,0.9591195169992726,0.6523151308031407,1.2038176362148195e-05,0.11821870130287457,11.680529564414451
271,0.03746878383835539,0.03486294973798598,1693505455.232428,1,5.919894081138822,0.8012543705511422,0.6907419227796345,0.9434881093372666,0.6684591869009806,4.885397190064835e-06,0.24879803655397267,1.3856477086844003
272,0.037392550415687786,0.03517857960480075,1693505455.4422915,1,995.3527940300784,0.905685415275977,0.49019661568082074,0.9228293991777814,0.7801017932581635,9.078826215954018e-06,0.9474896479221413,0.2782029196211336
273,0.03559666672919437,0.033001187531623066,1693505455.6589475,1,35.62668248230265,0.6166611893530478,0.2818941827772516,0.9141083889038122,0.692870616327018,1.8213207184713345e-06,26.554062963467164,0.7707757425244504
274,-0.2638783104450604,-0.24665452402134536,1693505455.8789868,1,11.508108255132566,0.8946346263438288,0.0066635623116694884,0.969129832478814,0.6402466980725952,3.3567872460704836e-05,1.8827000198732289,1.6887756266318223
275,0.037894920752203576,0.036193222889776555,1693505456.0910609,6,3.3032063542174774,0.8815005181746932,0.396271285516404,0.8882876842329379,0.679036423116711,5.678949993210744e-05,0.43134428230494903,0.3752037034132446
276,0.0368145271921152,0.034700573720255035,1693505456.298388,2,22.713464479340125,0.9209374307970475,0.9906107849900513,0.9450051384314386,0.6532060438975962,0.0005818025275601348,0.7133162894990788,2.975407094458438
277,0.03822227978656545,0.035678638982189925,1693505456.5144014,1,49.105804594539016,0.908370824898825,0.5733707575968278,0.9067328314766308,0.6319758212813124,2.0219575465893664e-05,1.3675461980101258,0.49182484696059625
278,0.03665558397268609,0.0340468985404484,1693505456.7331636,1,7.338672105680326,0.5104195416143407,0.704738693991333,0.9590970375701436,0.6696266309426598,0.00016864409909698333,0.17497740422883126,0.26477545462996116
279,0.03765870711500119,0.035428220922759324,1693505456.9506876,1,14.394224052526988,0.8734237063179408,0.4770217382910123,0.930681837285777,0.873074379787801,9.066172403365126e-05,0.3071846878634076,0.13855217295873443
280,-0.15131599142370078,-0.1423512648458778,1693505457.1742988,1,2.16774269046779,0.8900252485003094,0.0320361283579048,0.9492449622551217,0.6902553839517812,7.20723349148674e-06,4.03943655190199,0.6929049055309109
281,0.03783270850702314,0.03554332907298885,1693505457.3882298,1,123.08737715378025,0.8590419236546255,0.3333312643464064,0.9170932870625379,0.9785605767283729,5.823378332918019e-07,0.615947174859201,1.1063892609838062
282,-0.3032177759187531,-0.28305144702114404,1693505457.6018693,1,21197.897607075298,0.9204426792760777,2.2937526667327592e-05,0.9771356356165859,0.6430403027738033,4.482634419605338e-06,2.16571527706866,0.08005835430334238
283,0.037499931541318365,0.03587500874362759,1693505457.81451,2,1.2641489369656935,0.9013429322019414,0.5559496294008971,0.9389652475407672,0.7049730914939868,1.3042114200927559e-05,1.0295025421465736,1.8350437536476847
284,-0.18652722167210745,-0.17501366832031828,1693505458.0239906,1,23.309049275874326,0.84300538744365,0.022756341432205326,0.8968212206016722,0.6568414552844808,0.00023410149110821108,0.46817096972880035,0.41098508278097257
285,0.03828334160874458,0.035737601174982814,1693505458.2447088,1,5.537838152395869,0.912127714826073,0.41039095051112884,0.9626693927572205,0.725137506583047,3.0181389296098458e-05,0.07114674551391427,4.175687775478084
286,0.0321856543868041,0.029656333024234427,1693505458.4585245,1,53.190570344279855,0.8855845715919526,0.2336762159646482,0.9904457157980143,0.6781556233365775,1.1134749808946613e-06,0.8337807364215728,0.9798433539752168
287,0.03701709176222312,0.03446331593005181,1693505458.678109,1,11.469801706513667,0.896988922798645,0.3267123915686497,0.9317800425074372,0.6646267623794324,1.0932247450468109e-07,1.6058416945601888,0.2579816298999382
288,0.03506119493311621,0.03380178396929523,1693505458.9022777,2,3.4500879756263134,0.7360159286287206,0.7401801428045945,0.9158772701011172,0.7126701600295353,0.00039971630498332266,0.31749777827030257,8.375850870518852e-06
289,-0.015245552363976955,-0.015526196560284422,1693505459.1119175,1,25.65456522983425,0.8773080905876108,0.10188171797985796,0.953098674585278,0.6863147090396011,0.00013626730539396492,1.1861439959039988,0.6372454484023331
290,0.03846604817363286,0.035915063570555406,1693505459.3274481,1,2.679462379316048e-05,0.905584357068333,0.4705677410652876,0.9270243287331268,0.6710444772768983,5.362921635684261e-05,0.16028557511596522,2.0432509857739665
291,0.03816496019864857,0.035627535651602815,1693505459.5485773,1,0.004098929592959949,0.9025989431794568,0.4044662328288768,0.9245023653653048,0.6710130644423876,5.658509432282801e-05,0.1274797464965045,2.5231834036912275
292,0.038154544174299754,0.035599424766413534,1693505459.7703693,1,2.374412294724954e-05,0.9144076024542839,0.5941687305549302,0.9062370673862554,0.657710515213939,4.113924012191175e-05,0.253513196816593,1.725967234056598
293,-0.28830943691092825,-0.2692610580593189,1693505459.9946847,1,0.0011550758208767283,0.5745636837389203,0.0024425023813626654,0.7761089839193898,0.694104114322049,8.113358033229736e-05,0.1668572327036216,4.53092964513902
294,-0.21659763558917344,-0.20287743733265695,1693505460.2165766,1,6.639457922573529e-06,0.8926947844810141,0.01592641242786364,0.9372769014650062,0.6742591227096187,2.0840399971966473e-05,0.0894089894431532,2.8452469920687586
295,0.0245733393500025,0.022248428590440295,1693505460.4416146,10,77.1592729563509,0.922608839771919,0.16963842859563502,0.9193348896121469,0.6466257482459152,0.0001146807581285274,3.08018372495301e-08,1.1569126220220805
296,0.03502863458514338,0.032483859537762894,1693505460.660492,1,9.994324969042742,0.9066723184791123,0.2768218758584317,0.8848777008458621,0.6639300409274587,2.853219598143464e-05,2.4334386881617296,2.0508574990895156
297,0.03801365436248261,0.035723837949765636,1693505460.883951,8,41.37660186029789,0.8855772839083201,0.4743515071531953,0.7482367485964417,0.6812255840408011,1.0256030807673144e-05,0.48319386956054616,10.962264413601153
298,-0.11342268621868623,-0.10715760506944583,1693505461.103428,1,17.050395061338076,0.7714460477431623,0.0444741270862892,0.9306312534594785,0.6996240714935449,5.25594689188653e-05,5.983945146197227,5.5958206110855375
299,0.03745062492461082,0.03485090559951598,1693505461.32263,1,7.539778743583597,0.8666371852690447,0.8270363251250663,0.9445468261100498,0.6617789892976161,0.0002090313310708156,0.2110459454262184,0.5331828822620767
300,0.03736577320704859,0.03582115003511799,1693505461.5484939,7,0.00014987982383466404,0.8997943377546996,0.6143400889221654,0.9061874527713838,0.6511462237892665,1.60555224759666e-05,3.314788894099979,0.841130150426806
301,0.0380632537221951,0.035526429143945215,1693505461.7694423,1,30.21743720107669,0.913256810193713,0.38229024872160144,0.9980771149683542,0.6835482448976821,7.25166163934602e-05,0.37606738969891407,0.3856281842808051
302,0.017426487278447977,0.01558905392269161,1693505461.9920056,2,0.00016910133877226657,0.925812408541291,0.22238501634424288,0.5170447480178917,0.6726062572530705,6.339115610674447e-06,0.6866004210630736,1.5936914436283727
303,0.03840991470940891,0.03584268728179307,1693505462.2066634,1,5.321172593608837,0.8780348389990816,0.4879812038727917,0.9218493633113964,0.6429183212703287,3.294490507296798e-05,1.3652594412765127,0.18279323299988504
304,0.03670523011624571,0.034144576395911286,1693505462.4244006,1,0.8750954646522169,0.8863438939850962,0.31491689435082526,0.9362159628482559,0.6540644579285179,0.0001269538895765817,1.059765543973487,1.0722703739520933
305,0.034287338774621534,0.03250520825907188,1693505462.6563807,1,2.231803040239039e-07,0.6766453835329281,0.6851765750523505,0.8971718681594457,0.6681064681300825,63.28333455101932,0.4358755866331781,4.644581480920977e-05
306,0.03778122191433608,0.03524039132998935,1693505462.8720484,1,1.5595990366810956e-06,0.8959941461898455,0.3675684738937016,0.9776403323427265,0.689846989534169,0.0003002360346614668,0.19537873300895767,3.739773454337558
307,-0.05825383500202941,-0.05564899390090683,1693505463.0940125,2,0.0015615201028403723,0.9056196311495649,0.06712785161622771,0.7641837592422287,0.7069451556939702,9.92822976156607e-06,2.0707865667308476,0.2640209149777871
308,0.03850545552418605,0.0359599348728975,1693505463.316877,1,18.00213365342279,0.9157605164393566,0.5089719999032757,0.912613337216645,0.7352091494166146,2.0838017463418335e-05,0.6356193291981919,16.145490268943327
309,0.03848514520040103,0.03592270572838607,1693505463.5285747,1,15.897001655268408,0.9166423958358293,0.5679947963161814,0.9142482081353511,0.7001200306355962,0.000648929047337782,0.6268113957635991,23.024523376368908
310,0.0376477828592755,0.0350350829810715,1693505463.7595606,1,16.077821435501647,0.9154108194681172,0.7842935926192303,0.9080549036087249,0.7209142907197248,0.000450288157022252,0.2907237726209264,12.391451206445433
311,0.03826966367697371,0.036096558049149796,1693505463.9797373,1,117.92348339334514,0.8327994227413377,0.594559781804107,0.8947397678807579,0.7347902431852926,0.0007739823294419866,11.36131130876418,56.972461376839796
312,-0.2378751230210503,-0.2225771483207768,1693505464.186301,1,55.98744532726281,0.9068565021382033,0.011698576320080744,0.9138869637770589,0.7353630391860093,0.0006468666829441855,0.07619345255757291,31.115314760011575
313,0.03819488879816546,0.035647216926880665,1693505464.4125893,1,10.805298884873709,0.9250749314480823,0.4138179430404559,0.9086665289925264,0.7162386153027231,0.00039459650656916475,0.04297392721379116,12.43238966657757
314,0.03746403587536784,0.03480462087509817,1693505464.6384277,1,21.884862293030743,0.8983472436598774,0.9539445611304397,0.887519406223367,0.7039060467157451,0.00019574200318134605,0.11853903589930229,24.305866483257443
315,0.03089903077807099,0.02872111862762039,1693505464.8581204,1,35.507440635224704,0.9157024671308559,0.27116759317452593,0.9209102482568832,0.7428808265490978,4.466274016031305e-06,0.5026052836604342,80.17699208187605
316,-0.20392992355805584,-0.1911062097615468,1693505465.0761192,2,14.8566479389089,0.8939483257551437,0.018562349723563836,0.9307194465160185,0.7224044334290771,1.4214328196811106e-05,0.6537233786982783,21.46143246760869
317,0.03733841355362366,0.03507668449531787,1693505465.3002687,9,7.398211081332427,0.8505959592207842,0.5814597773447198,0.8763064904065687,0.6929077768954003,0.00028647388133111424,1.5715468824386978,9.251667105990908
318,0.038443259488869286,0.035902912158983,1693505465.5206792,1,61.79497745693413,0.8712047876122302,0.45577676213314655,0.9005429735904588,0.7523612932611647,0.00014144733454419075,4.318521656570971,5.547097303010084
319,0.03735413014014055,0.03480124632156223,1693505465.7385135,1,177.66916794660182,0.8664672125908643,0.3390418650963825,0.6921034680977223,0.7636620711746747,0.00017747292123446696,3.744399669275243,4.572341708503365
320,0.03825665431158809,0.03568472179930582,1693505465.9643722,1,57.13991499035709,0.8708553230053694,0.6546458789592363,0.9699126703416905,0.7510555030044747,0.00011820995706961814,8.267391086733712,18.882498440746286
321,0.022504579372987554,0.02049631651665418,1693505466.18668,1,103.25749557484134,0.8771093344783056,0.18802967526770667,0.7948996110414329,0.7019860979602106,0.0002226626147563855,5.765309709286475,46.245625043532314
322,0.03829682111448307,0.036102802316478666,1693505466.4051712,1,0.0005164312719328383,0.8593772803399606,0.5151325821166653,0.982800770131844,0.7151676419402189,8.968984549881197e-05,2.3680145767174503,38.95992344397899
323,-0.1355518994617464,-0.12772270563948118,1693505466.6276128,2,2.9025489239735016,0.8841095212345426,0.03609571089303655,0.8959447231910062,0.6856062415892281,4.985198507576913,0.8611158661659473,5.17819549118192
324,0.03793105997816304,0.03539469775076165,1693505466.8522267,1,10.017177670474524,0.9054892872962438,0.3894598352367715,0.7826591245514696,0.72717702227203,2.7040234530867266e-06,13.664713209952735,7.138233895418661
325,0.002033141113161996,0.0007720881478747721,1693505467.081248,1,1.9362471840630737e-05,0.9227464763983285,0.12586709116947942,0.914788651759093,0.6789390951534569,0.0005139902006827347,2.5126975269484104,14.744391646565482
326,0.03787555145045973,0.03524982588387915,1693505467.3000882,1,261.0446333149471,0.8445884656511495,0.7930699006239287,0.9434522690482997,0.7500395634834177,0.00016302489455854508,5.048971648124136,25.268872599150235
327,0.035093474420800796,0.03255057108130932,1693505467.5200472,1,17.086296036202565,0.9074936102222448,0.28295657067922864,0.9575653003610148,0.7676329325715324,7.823386724834873e-05,1.2245317326965883,8.649467539854916
328,0.0384768856796075,0.03592870576924956,1693505467.7435038,1,5.347908669006887,0.8876212096819176,0.4819347001590076,0.9901902213022628,0.697021414381311,0.000307915413418597,0.44462119291412316,2.8061939833766067
329,0.038294784443685725,0.035745468301393246,1693505467.9610949,1,4.659014986538333,0.9169382603850295,0.5771601209818908,0.9860501136657405,0.6987969238201709,0.00028555774840669266,0.35007596856077977,6.449304609328134
330,0.03744139265734914,0.03489608123698951,1693505468.1845746,1,1.3370607297678918,0.8895610983173947,0.3469180597468953,0.9918216038372355,0.7087484211982124,0.0007465293385384518,0.5365325678388295,2.9589222663353794
331,0.03779600550779283,0.035216712915789095,1693505468.4199278,1,2.3137212823385536,0.9258450206435429,0.6850947022197187,0.9703846663050156,0.7575227780619487,0.000340072748176172,0.28067686983394985,3.6332818542389798
332,-0.05025764710156633,-0.048307687754801876,1693505468.6382513,1,0.008953512917793312,0.8990333725383453,0.07444458221126389,0.9899333163821287,0.6966166881711369,0.00013093249390993782,0.6611062550515411,16.062876686728504
333,0.03847206433971251,0.03592839659423286,1693505468.8589087,1,6.355826168175873,0.9091783351959639,0.4622326832055847,0.9748864870341671,0.790910191979298,0.0006218950776194943,0.4141086494410355,2.3529557982245115
334,-0.29453965173476004,-0.27501713244803216,1693505469.092185,2,6.806354756497969,0.912742260030466,0.0013041864416483036,0.9783713822894645,0.8069284358813633,0.0009150523156095526,0.8882356698702243,3.0791539351891255
335,0.038380416809109974,0.035811854789188136,1693505469.3073132,1,0.0023066114455378593,0.8731666367982177,0.4984134684662712,0.9676803481600672,0.7760843878251198,0.000528082302439925,0.41846031874450573,1.4359426075299545e-08
336,-0.28600641478497346,-0.2671300561545311,1693505469.530459,1,10.445824016776923,0.9289952152224673,0.0028273114400290413,0.9838712269933463,0.7341828544365128,0.00038752953696565397,0.20521473371587015,8.455654829328859
337,0.03441364747683584,0.03214426584607655,1693505469.767281,1,6.132194786211307,0.8132058166006261,0.22584528579525104,0.9995198921705474,0.8056544538137155,18.466776741817124,26.753519291560043,2.553275282198376
338,0.03704531434315017,0.035141758998714634,1693505469.9891827,9,17.335183148155302,0.8906958908952878,0.8303570211321007,0.9595940655386318,0.7789302734183888,0.0005909594451625317,3.380630226309021,5.551438053540143
339,0.005511924216701658,0.004611542633182086,1693505470.2111824,2,441.81095286811876,0.897614764410076,0.3801645427134257,0.5632350497411259,0.7945540593759759,4.844188500760746e-05,0.5410656306007685,1.5314571287992547
340,0.03833361855527351,0.035796444022162976,1693505470.446375,1,66.61038458548664,0.9161079891440859,0.5394596463322902,0.9744501169155173,0.7459840688409108,0.0002373884960156454,0.8578182691589847,7.590601646291625e-08
341,-0.2754908708446038,-0.25740087681479085,1693505470.67018,1,10.436971722821477,0.8838345972895275,0.0046131054788442535,0.9488162559930066,0.730822278808847,3.387649468133977e-05,1.6812459398945008,2.1963774894494827
342,0.03527642787551133,0.03294960046080808,1693505470.8937428,1,4.204745464557938,0.8592359484991701,0.306559107639961,0.955480970088236,0.6707810582456146,0.00019301227116770944,0.38849831720717126,31.128673624965685
343,0.03807089543574815,0.035472192575005,1693505471.123285,1,28.772876118379674,0.9046260722981458,0.6658563459944702,0.8822681959006111,0.7576371846150652,9.100267173465505e-05,0.8766958814122507,1.3166657098069925
344,0.03838296050518941,0.035844370398022574,1693505471.3472059,1,0.004520474727901566,0.9290281409310309,0.45028385534541204,0.9657100121363763,0.6880905767607083,0.00036506017321571305,0.2781135119481965,4.776123338991963
345,0.03789063047889607,0.03568876889516126,1693505471.5693433,1,0.9265705465873207,0.8273901708592599,0.5569468948770668,0.9806444994916758,0.6756856588340427,4.7848190040618245e-05,1.4263555004942583,81.71675620675859
346,0.03809589929338564,0.03584907748737953,1693505471.7968934,1,17.106496592273665,0.9091117475586669,0.3984959621604893,0.9358007688372032,0.8420394281245823,0.0007026548271796554,70.05212610995866,15.120942752664122
347,0.03763605298905015,0.035012138223776135,1693505472.0258896,1,0.028862854271303424,0.8875084695627534,0.906939773556439,0.9922190053900117,0.711939264877225,2.628166778757035e-05,0.6126766780783621,2.3231180583815694
348,-0.27251270561088003,-0.2546454709509556,1693505472.2915282,1,8.231080165022842e-05,0.8766280061477649,0.005127044431647232,0.9439259381331255,0.6630258075002671,2.6626033319172255,0.0002077522512010991,0.13465010031164934
349,0.03774261168068238,0.035157153747403025,1693505472.5372546,1,7.554214037812476,0.9204402423960527,0.688163160613183,0.8995434332627296,0.7870123079464203,0.0002707340100298011,2.8010407085553335,1.0229449723325388
350,0.035274522383760276,0.03284712955635671,1693505472.762815,2,2.3886581654309356,0.8996562404470285,0.24912449455147043,0.9321728677685822,0.7204161402049529,0.000124011568577259,0.15066098174241907,8.168331296394697
351,0.03635401211995504,0.03433543962800223,1693505472.9902973,1,40.42226922807905,0.6766813697815565,0.4806021270780425,0.9536677435088632,0.9393323756155526,0.0013884918806611976,9.6753637582365e-05,2.993219215963215
352,-0.16768571095031048,-0.1575267524731092,1693505473.2272089,1,1181.872055998574,0.8667356854297101,0.02935230375680446,0.9758946654819043,0.6904405656636361,6.68198551784233e-05,4.377467814000898,0.09331187884698293
353,-0.0163718659058949,-0.01658161847528028,1693505473.4583685,1,0.0007880085166230728,0.9115114789217097,0.10077661444556577,0.9625450430193695,0.6766909741711901,0.4538396383236311,0.9999661637704829,1.551886631829677
354,0.03699879543273765,0.034442202565765134,1693505473.683918,1,0.0007234218483835325,0.8931107201050068,0.32555529754970336,0.7681149702267991,0.770142202187189,7.448222566375411e-06,0.4398154712718433,0.6767667571424781
355,-0.18115984421200504,-0.17005443583710256,1693505473.921528,2,111.35732600943845,0.9320859014039189,0.02366872345018701,0.8199388291303609,0.658258254884749,0.0004081669610463125,1.8622605404460346,0.00025669633581271303
356,0.03818590499875951,0.03563080814329478,1693505474.1507912,1,0.00039941433366388624,0.8494826677028374,0.39672409802631164,0.9290044656920289,0.7413957336468179,0.00016884704835736593,0.23594634262743414,3.80576869926986
357,0.03833063050190422,0.03574348212870382,1693505474.3747725,1,19.176983057398537,0.9024247119835785,0.5883243478880188,0.9136460922365112,0.7589481104011444,0.7810432377263462,0.6031525316144865,0.8760446669365283
358,0.02784426788526928,0.026135435928471895,1693505474.6069725,1,5.257640301414953,0.8839058118110236,0.48132014167300974,0.9489917438339873,0.6669829945990645,99.09678128437982,1.1962297896114136,47.11998047940109
359,0.03759466787138599,0.03499873828066735,1693505474.8413,1,11.881726352958358,0.9186438395704591,0.7192128975561367,0.7977861288041138,0.68339902117589,2.2488876534916605e-05,0.3462482703080863,1.0603676769017817e-06
360,0.03613335604304613,0.03351673493645746,1693505475.0686302,1,0.00029307599251011257,0.6498519515305692,0.30106614289935246,0.9413851963834787,0.7079504820933727,1.297807076200239e-08,0.053179477576803996,21.82960368812371
361,-0.2805775288975485,-0.262107899684642,1693505475.294444,1,44.06581423756747,0.8032483039919895,0.0037466292175420295,0.7381023877896715,0.6932415811525675,0.00024406959960925789,0.7861451340659104,1.8359115270241484
362,0.037901611818316416,0.035336173475237986,1693505475.5211165,1,1.4606716574662688,0.7829734329566245,0.3725868439124568,0.9982064022570281,0.6720296430951309,9.234623153207438e-05,16.58693932723929,0.17703259513100178
363,0.031116117284085698,0.02878739787666018,1693505475.7584357,4,2.8649571626872155e-06,0.8749733702056605,0.17995420281570298,0.8890192590416615,0.8229970031757726,4.2229572563986855e-05,2.033259917601494,5.525907358953936
364,0.03833338090747718,0.035771246610800556,1693505475.982895,1,7.371405850024856e-05,0.8933429390541179,0.557751938410013,0.8731979738759192,0.7353016115139854,0.0005011743032403508,8.531288185172807,0.00015356672819820342
365,0.03730986717492002,0.03565648717889702,1693505476.221256,2,0.5683267913000204,0.7525399675464549,0.4232880112874207,0.9705516829710874,0.754693218819275,0.0001711620548658242,0.11794390436444242,0.26439016516101294
366,0.03776755784810015,0.03512471706556897,1693505476.452104,1,7.64177092064178e-07,0.9050184236071259,0.9005427711938234,0.9244380032227323,0.7666755496366331,7.820137647579247e-05,6.713342211961423,1.185460925745974
367,0.021288202886854735,0.018957923257710174,1693505476.681089,5,3.7481243894865846,0.9207009956447754,0.14816831414183834,0.9093925899585142,0.5214467063586434,0.0003094604002399425,0.46466304697805483,2.38899281469847
368,0.0038924690211342705,0.002932529482318702,1693505476.918602,1,24.137392338401153,0.8561898280581003,0.2531492313319163,0.6642403833208067,0.7860994289940059,0.00012610126468927738,0.208920804783368,0.00034172850118377614
369,-0.23331838456358933,-0.21836387516766065,1693505477.169171,1,0.0023509056755410505,0.9116316281129241,0.012461648370305802,0.984206962081857,0.653163136117261,3.566897311543004e-05,1.2576008922552224,0.7072417993275573
370,-0.2671230534740401,-0.2496567232234408,1693505477.4084146,1,2.067606473024062e-05,0.713977887296154,0.006131952451932199,0.9377425537461179,0.634407844916043,5.4882242168007226e-05,3.8154606607738546,10.173098418658789
371,0.037947400086383754,0.03534982489354532,1693505477.6441405,1,8.223537155825728,0.8855414640704162,0.6773734331310509,0.9626499968224901,0.6802416036446176,1.4877289253937271e-05,0.7780180227079048,3.9844479666333057
372,0.0054473807525677875,0.004529081057476736,1693505477.882237,1,72.60540400574311,0.8127539171270448,0.5028601352639246,0.6235943758426834,0.7242311071767795,0.0006619329434972975,0.3339958799541413,0.0769774928436037
373,-0.3014005770828996,-0.2813706544472847,1693505478.1286952,1,11.652334261978988,0.8664520890052565,0.0002903209732350174,0.7588739948280628,0.6634866627762138,0.0002244325205305585,0.5988467729869476,0.001029583288524099
374,-0.07118874339282377,-0.06785235282038249,1693505478.361264,2,26.44007024333087,0.932970060859551,0.058494177484478375,0.9028629848310985,0.5085116347741578,2.175475539129512e-05,2.3961077755518714,0.27904673208321606
375,0.037347087631078635,0.03478200007510068,1693505478.5963504,1,0.007078812556479403,0.8399655307127725,0.33873235595130086,0.7192606763190149,0.6980824989970396,0.00011416521549020862,1.2503680748873225,1.5651437165581399
376,0.038432961579682456,0.03589681890513041,1693505478.837059,1,165.44704496129705,0.8983099245788378,0.4503823039789815,0.8636565627570421,0.7124750542719991,0.0003693356397329711,0.42726287176254735,0.5831771243029477
377,-0.24417658221600558,-0.22841779417593755,1693505479.0653627,1,5.527591927296522,0.9085989480112694,0.010327838199332612,0.7772569006583124,0.6547973775271881,1.1665299170034538e-05,0.09785687758600724,0.8500703379392825
378,0.03805302711579339,0.03545913650549948,1693505479.3034658,1,2.7954396152387986,0.8811893898405545,0.6100598497073569,0.9523328653567392,0.6716265820023657,0.0001803846103742288,6.126016378308526e-06,0.13318164374263938
379,-0.2242546706141888,-0.20996057985529437,1693505479.5460677,2,1.0968295220187515e-07,0.8938596245418571,0.014117357101367436,0.9250694799890111,0.643861684297838,6.606689198671435e-05,0.8648126701327291,6.9809283656435195
380,0.03734436064449198,0.03470709995016397,1693505479.7626228,1,17.232567735743,0.9166449376929375,0.7859370847366648,0.9726447398223257,0.6850868081484844,2.7961597973550425e-05,3.1942871481904755e-05,0.36642911330603156
381,0.029567350833455075,0.02703027975159711,1693505480.001584,1,0.3638074756859946,0.5863470929720026,0.207730907916372,0.9158992681327311,0.775859100044381,0.0006824901530643247,0.22976106171067479,5.7219966138297825e-05
382,0.036917572797704024,0.03436091234017824,1693505480.237608,1,3.429000621119282e-05,0.9253038512270187,0.32524478855919564,0.8103388826951978,0.6617307573805129,6.585614603402671e-06,1.7240582132010587,2.489531435871573
383,-0.023227135943223898,-0.023019601363475584,1693505480.4970129,1,58.55399947953707,0.9022727017527368,0.09402238538983539,0.9434436790216953,0.7428621973680455,4.1184916053515314e-05,0.6368737612889731,0.00011909005494737899
384,-0.04178094083175887,-0.040235758423546875,1693505480.7482774,7,0.01765717815093777,0.5410990852729991,0.0768683057869947,0.987752309748909,0.6945192023093358,0.00010540049387675262,0.000697345339625299,1.1974538421083247
385,0.03611797984494092,0.03388795811607592,1693505480.9903307,1,35.492125020846956,0.8773412388625652,0.4350073465787026,0.8939302937181481,0.6768212822158719,0.0002289404375034624,42.525428646511294,94.67883292993768
386,-0.13814783389805507,-0.13012019641927952,1693505481.2213917,1,8.744641868030321,0.889831720966928,0.03624320282291326,0.9296661207841628,0.6289440303124332,1.527949517616054e-05,2.9908716472919785,17.418686665078447
387,0.03807119761094202,0.035503996956131934,1693505481.4626706,1,1.3469835376440422,0.9095332776047494,0.5970475360763573,0.9514899986239583,0.7055565906116881,0.00029618980876224774,0.28025659488049887,0.21583862450545085
388,-0.21490862301709757,-0.20121301002119352,1693505481.7043,2,3385.433051357956,0.86397529621555,0.017465654350021707,0.9621648677099706,0.7982791480859772,0.00014842099780969727,0.03521728282343153,3.5531460881133525
389,0.037341186703698015,0.034789598987387094,1693505481.9343,1,15.393855730888136,0.9343604382695603,0.9564815665085763,0.9025404105229176,0.7666715854063625,0.0009468278726829068,0.01181978969906697,0.600558999965631
390,0.037949256422992406,0.03539974297690296,1693505482.1686769,1,5.096363670680517,0.9000803756703777,0.3804157540294661,0.9341427410058282,0.6491610196772437,6.726715313140172e-05,1.136157430671361,7.818254636591218e-05
391,0.03471639638718482,0.032162986888674805,1693505482.403578,1,29.93841938402216,0.9201370310526501,0.26622695421916476,0.9199283549870303,0.6652446940487727,0.000506368826357774,0.00032304599465903737,0.0021060735918500342
392,0.03825497860797533,0.035694812002510456,1693505482.6366732,1,2.8927448040219463,0.7968556922919691,0.5136121440475458,0.979065459416587,0.6846542118064043,3.486782936913314e-05,0.4600569191644738,1.7838619266302296
393,0.03767692493490615,0.03504349826944064,1693505482.8740208,1,94.16066104330821,0.8885985823738274,0.7469757746150413,0.9987554691251777,0.7243318898326443,2.1482044635028457e-05,1.6917770564922796,0.41215707874411905
394,0.038261924593294805,0.03568838843303701,1693505483.111697,1,3.6177004412325706e-06,0.8735405867085917,0.5433680311709346,0.9426722276925844,0.672624894755913,1.0220705103630033e-05,0.1450986316998162,0.0005720320366126761
395,0.03706721326099416,0.034771792539857294,1693505483.3417253,1,0.001130987235661992,0.9128232084395617,0.3701406589006315,0.9106380257374237,0.7527669139629739,7.543019663242099e-05,5.331531084319003,34.73964529345998
396,0.038417509564703245,0.03586595477116583,1693505483.5768702,1,9.360704907695164e-06,0.8988133802981013,0.4470499292030596,0.8300499787491324,0.656059023137196,4.4147924990708345e-06,0.7667064416031194,1.0944492842617126
397,0.037618728225432996,0.035713505181559246,1693505483.8198304,2,12.13141189006934,0.7425017115259435,0.2984035909939811,0.9699327385818315,0.698572543622445,0.00039420396423366517,0.05804453972926975,0.15853292198185634
398,-0.3032177759187531,-0.28305144702114404,1693505484.059671,1,45173.759375021014,0.8377120725687455,0.6519397357524145,0.8784822559679127,0.6392776331845129,0.0001641406586984214,0.00043887958628746447,5.64429362878152
399,0.03838316866743907,0.0358315021092509,1693505484.2913687,1,7.283728460634153,0.9287076937746926,0.48942090470978367,0.9549536116924235,0.7174774804161906,0.00011113838547281165,0.34854602360520787,5.81641806546356e-06
