trial,score,test_score,time,alpha
0,0,0,1694057598.4281673,0
0,0.7932798123616454,0.7911179769215911,1694057601.8298469,1
1,0.7916979635458186,0.7889833527914242,1694057612.0794911,5423.679624200623
2,0.791530627800839,0.788181191660801,1694057627.0175016,48462.59085520994
3,0.7918170637201815,0.7891334086113722,1694057635.9129236,4919.776822188165
4,0.7928385462156318,0.7905786016100544,1694057642.0842664,2.03496486644523
5,0.8230070173822734,0.8255792774955251,1694057642.8349955,0.0021246298547225036
6,0.7599472465627689,0.775325908060784,1694057643.0978189,1.3001337815686142e-05
7,0.7952852607976219,0.7933164591668529,1694057645.785797,0.20169177263162488
8,0.7968101400300451,0.7950332749157004,1694057647.6268294,0.1055634560968822
9,0.7929239013405915,0.7906878054371809,1694057652.0430174,1.6855696914008182
10,0.7936905094629059,0.7916130170703923,1694057655.2677538,0.6080201301786483
11,0.7925844658436579,0.790196570974027,1694057662.8341355,3.5773772287163306
12,0.7927107120284823,0.7903985948290536,1694057668.8330455,2.7155648303100923
13,0.7917505661228288,0.7889829657725448,1694057679.2506995,406.40192465390766
14,0.7915796573726184,0.7881612816895628,1694057696.3903992,132.96757268874086
15,0.7921042936406859,0.7893039764319263,1694057706.3203292,15.733341199014026
16,0.795436121018481,0.7935254923638058,1694057708.637925,0.18235501218044767
17,0.8119656372176929,0.8120414861017543,1694057709.6577606,0.007775893077365151
18,0.7917370681030677,0.7889428663164332,1694057720.2699738,54771.21965793845
19,0.8040694941577395,0.8029887059935614,1694057721.5629117,0.021764087090998543
20,0.8251359329990058,0.8285133536241598,1694057722.2919023,0.0015417381114152262
21,0.7879921616205245,0.8020141064511339,1694057722.6144736,4.550759431822198e-05
22,0.7917221805812723,0.7889770099820125,1694057733.0070736,67407.07241698996
23,0.8182985904891364,0.8286139140296472,1694057733.459651,0.00018991406480515274
24,0.8058855733164794,0.8050496030272101,1694057734.7400937,0.016645924942538155
25,0.7909444564426842,0.8047494698862653,1694057735.061887,5.1218687759726215e-05
26,0.824287344256672,0.8273057472153078,1694057735.8036573,0.0017688841467551745
27,0.7974217194253973,0.795697205803245,1694057737.673568,0.0863672615124981
28,0.7914766357217947,0.7880670425924381,1694057753.692569,9150.61005772141
29,0.8023812491861486,0.8011052356150511,1694057755.0188675,0.028484993190928367
30,0.7916538964813045,0.7884440634840829,1694057768.2428071,70387.31078037489
31,0.7677292519556249,0.7828471039560017,1694057768.506599,1.9378514829370006e-05
32,0.8015743455048419,0.8002236711110123,1694057769.83903,0.03287360728687181
33,0.7984606699464207,0.7968394920256803,1694057771.673031,0.06450433347833773
34,0.7916536979810138,0.788422476431034,1694057785.0010889,438.12830727669444
35,0.7917344875992899,0.788918247615496,1694057795.729467,24436.507335692022
36,0.806304210429364,0.8055204329950021,1694057797.0146744,0.01573613108454068
37,0.7951895836575504,0.7932129316166238,1694057799.866335,0.21123181363528737
38,0.8157925243202557,0.8165853027559464,1694057800.864781,0.005028719550876887
39,0.7916423834644494,0.7884363016054469,1694057814.0987337,1024.6106442430832
40,0.7919387443983219,0.7890135617650632,1694057825.5447628,24.120597475838444
41,0.7896706800778756,0.8035575377420274,1694057825.8673012,4.862967135682749e-05
42,0.7922093002944157,0.7895127731173418,1694057834.8487618,10.875388087956594
43,0.7914462651773323,0.7878286819648495,1694057852.9867218,903.1202583964861
44,0.7693597333426496,0.7843979746097985,1694057853.2526565,2.0896885555775947e-05
45,0.794320152384703,0.7922729917649478,1694057855.9964375,0.3584909702693113
46,0.7915195117845653,0.7880787606640633,1694057871.555931,797.4903073701851
47,0.7914946992482398,0.7879072252963106,1694057889.170057,76906.87789604416
48,0.7923270109667441,0.7897763544752359,1694057897.5801487,6.912663795047255
49,0.7729279745665548,0.787806277871944,1694057897.9028285,2.449756825796405e-05
50,0.7946883704237744,0.7926469380066063,1694057900.3588498,0.2912252824720455
51,0.8275024534635919,0.8330379268396281,1694057900.9611099,0.0007615968742268912
52,0.7920598295755904,0.7892264221487121,1694057910.76469,18.64474588278668
53,0.8255686636325236,0.8291662114715448,1694057911.4933276,0.0014229118452146563
54,0.8243754783857004,0.8329246163121706,1694057911.976481,0.00032337100514254923
55,0.7927915016467585,0.7905101852726029,1694057916.9030359,2.2984923719940076
56,0.8068508802296886,0.8190891643980731,1694057917.2841282,0.00010089460449492566
57,0.7915161372796248,0.788072933879824,1694057934.059285,204.91998707252353
58,0.7914790177252818,0.7878421201203826,1694057952.0813775,24917.84008942394
59,0.7915673503546008,0.7881335453365418,1694057967.4034486,27113.266612610965
60,0.7990363207891735,0.7974473911799127,1694057969.1933923,0.055896556000826006
61,0.7922418543420747,0.7896221704539079,1694057978.5453424,9.06781098273079
62,0.7917894721797872,0.7887241146453985,1694057991.6657317,41.67034755529182
63,0.7931218061303242,0.7909025579131288,1694057996.2549105,1.2758644966462203
64,0.7939084627819896,0.7918199001624597,1694057999.573647,0.5115944406026022
65,0.7589513706048066,0.7743448367026516,1694057999.8365736,1.2266561931600558e-05
66,0.7892200844182036,0.8031361601865982,1694058000.158497,4.774897306337602e-05
67,0.7950974795227099,0.7931134677646278,1694058002.872431,0.22292680094487932
68,0.7952471487418258,0.7932699523981829,1694058005.6273594,0.20650772809338216
69,0.827553071037696,0.8332465945187506,1694058006.2291756,0.0007224983426545531
70,0.7928587932452733,0.7906054134179747,1694058012.5313325,1.981769622334518
71,0.7922414573414934,0.7895510664853499,1694058022.1780584,9.791799889169013
72,0.7915997059019695,0.7883887197843341,1694058036.0352294,161.89918662313013
73,0.8086891914209762,0.8081851009815034,1694058037.2837613,0.011586668089616305
74,0.7966566993054076,0.794875500219214,1694058039.1579592,0.11065082281444935
75,0.7916195559310298,0.788411768908705,1694058052.6335347,1689.7568083560018
76,0.7923063669365213,0.7899600164345417,1694058058.7248197,7.4353858798604024
77,0.7916396044603808,0.7883949335874527,1694058073.35779,116.18643708536385
78,0.7931229971320678,0.7909053530494798,1694058077.9414172,1.2759171260896762
79,0.7916783120170487,0.788492462345052,1694058091.083453,1998.0971940900852
80,0.7916483384731676,0.7883284308433492,1694058105.5673559,160.98303646309463
81,0.7916006984034224,0.7884570071154925,1694058118.6698308,4598.5067553816625
82,0.8267620473796373,0.831181289770087,1694058119.3048027,0.001081677314417349
83,0.8101340750362859,0.8098915747258526,1694058120.519907,0.009668264270844669
84,0.7937520445529932,0.7916820569382605,1694058123.7816038,0.5728490809080711
85,0.7933937515284522,0.7912530250094394,1694058128.4624605,0.8630679297626281
86,0.792145383200841,0.7895782868131982,1694058136.8706987,11.933320563265536
87,0.7915042272621886,0.7881265574956645,1694058152.8838544,1546.5208173937338
88,0.7928669317571881,0.7906317092007223,1694058157.9975305,1.893382610999577
89,0.7917461991164355,0.7889306752217334,1694058168.6387308,24662.742028310575
90,0.791634641953116,0.78843305494707,1694058182.2449603,171.33028995453068
91,0.8274591804002402,0.8336996431191409,1694058182.8596683,0.0006131548342379685
92,0.7920665785854711,0.7892229604798466,1694058194.3740096,15.749042898286664
93,0.7925143952410747,0.7900991927237697,1694058201.9039986,4.195984155844813
94,0.7915083957682912,0.7883180458367529,1694058215.8927722,430.57235893490844
95,0.7916534994807234,0.7884213798775426,1694058229.1413584,1165.3687072430498
96,0.8101142250072254,0.8098736428511086,1694058230.3605034,0.009688399208708889
97,0.8214475990992851,0.8310112379747052,1694058230.8353615,0.00024201766535380176
98,0.791958197426801,0.7890351058160143,1694058243.3178735,22.593272570827367
99,0.7587328217848511,0.7741347499543049,1694058243.580526,1.210831593803349e-05
100,0.791458373695059,0.7878533436678841,1694058261.6600482,768.8341136028553
101,0.793247853814858,0.7910717711676052,1694058266.2947848,1.0489962275232814
102,0.7915451183220532,0.788035973576845,1694058282.5427432,93580.77022377242
103,0.791523680290668,0.7880873825846535,1694058298.3431594,69247.87865597289
104,0.8239449312553794,0.8268240592178447,1694058299.0988114,0.0018654613946510435
105,0.7915538523348398,0.7882305150668708,1694058313.5217805,3159.1693109915013
106,0.7914952947491115,0.787894410671194,1694058332.5031104,1343.3072428337462
107,0.8224389095505636,0.8248159472591312,1694058333.2583911,0.0022979665492892896
108,0.7918190487230872,0.7887422830316797,1694058346.6800191,37.028229094525116
109,0.791667196000775,0.788445676062747,1694058359.838536,59116.67720166826
110,0.7915494853284465,0.7881706991489604,1694058375.7110138,206.86410951295989
111,0.8044700677441792,0.817005583757884,1694058376.1075826,9.042397884931479e-05
112,0.7932653218404312,0.7911035282167618,1694058380.777381,1.0140539461868696
113,0.7941244310981671,0.7920680652683258,1694058384.1834936,0.4203400633808354
114,0.7559369451916877,0.771413534209319,1694058384.4477248,1.0172762245675294e-05
115,0.7916034774074909,0.7884142415293232,1694058397.5686169,77515.65204995024
116,0.7914752462197604,0.7880812547857303,1694058413.5195541,5973.0948575977745
117,0.8253352272907727,0.8288122182032223,1694058414.2607365,0.001486317287565653
118,0.7922162478045867,0.7895678803055531,1694058422.8002174,11.318138735463595
119,0.7938691597244497,0.7917811122703282,1694058426.2094002,0.5242412679604755
120,0.8006898282099084,0.799251522688154,1694058428.012809,0.039002203855742455
121,0.7928820177792739,0.790598619086537,1694058432.7762654,1.9630190901297762
122,0.7924979197169545,0.7900587062487789,1694058440.0161319,4.448679379219075
123,0.7914760402209229,0.7878368523634137,1694058458.4945006,2165.160086359954
124,0.7862872426245232,0.8004160409951038,1694058458.818176,4.247498408842971e-05
125,0.7922055287888942,0.7895487228710247,1694058467.335038,11.57887142881559
126,0.7932186742721392,0.7910415406929174,1694058471.8280396,1.0867444962396686
127,0.8259198106466028,0.833696826481741,1694058472.325484,0.0004008546522001509
128,0.8232428357275114,0.8322094054231106,1694058472.8009706,0.0002847441337369856
129,0.7919290178840822,0.788986169428824,1694058485.4890704,23.900589907699413
130,0.7916729525092024,0.7884844209527807,1694058498.6018882,6746.234039641233
131,0.76975395491979,0.7848020438209006,1694058498.8789878,2.1313663679075903e-05
132,0.7953837169417615,0.7934440248897002,1694058501.6252441,0.19064218840267663
133,0.791451426184888,0.7877577715057307,1694058520.8154674,6010.778614962255
134,0.7937562130590958,0.7916670492061608,1694058524.2064528,0.5821981148341827
135,0.7997326598086141,0.7982340930564105,1694058526.0167804,0.047392036954874796
136,0.8216512603974452,0.8237573216177846,1694058526.7779655,0.002549778874611506
137,0.7780308215371227,0.7926166000266742,1694058527.113481,3.0361118832837186e-05
138,0.8273130841863552,0.8338424315845763,1694058527.7283385,0.000564504998868342
139,0.7925789078355212,0.7901816922482204,1694058535.2026181,3.696190331450977
140,0.7928578007438204,0.7905912227257313,1694058541.3182898,1.999193493715468
141,0.7927117045299356,0.7903884893360925,1694058547.497529,2.76831500149263
142,0.810041176900283,0.8097774471585385,1694058548.7102811,0.009784248765907234
143,0.7915129612749753,0.7881322337725618,1694058564.0109847,4510.662281081237
144,0.7914313776555368,0.7878085784841713,1694058581.905092,2947.5788760098935
145,0.7940353044676856,0.7919617640827946,1694058585.332692,0.4539454488321913
146,0.7915812453749432,0.7884251425610919,1694058599.3892443,326.273624804322
147,0.7914645272040677,0.7878525266280277,1694058617.5954506,685.0254831358653
148,0.7996798587313132,0.7981808134573517,1694058619.4083076,0.047969863790282674
149,0.8274149148354353,0.8337697795405008,1694058620.0078902,0.0005931042094079408
150,0.8193053839630821,0.8208109898913034,1694058620.7669117,0.0033783530778023637
151,0.8222701843035498,0.8245988726699072,1694058621.530101,0.00234914917155481
152,0.7975566996230081,0.7958387687088957,1694058623.3880725,0.0829765967579666
153,0.758312398169351,0.7737263375313342,1694058623.6529102,1.180494845503455e-05
154,0.8136108076262225,0.8139872450187929,1694058624.6391864,0.006440335625628701
155,0.7927716516176979,0.79048229841224,1694058631.3327928,2.348016635138432
156,0.7956302543026923,0.7937269571915622,1694058633.9255257,0.17005642181671787
157,0.7928329882074947,0.7905677865824812,1694058639.9749079,2.0809576671975005
158,0.7916431774656117,0.7884850874852951,1694058654.3327591,251.636477788292
159,0.7915272532958988,0.7879500553856268,1694058671.8767967,20518.915087096135
160,0.8052358818653311,0.8043375312912827,1694058673.172453,0.018195773606682206
161,0.8157097496990735,0.8164789155662197,1694058674.1660538,0.005078497232471213
162,0.7937486700480529,0.7916739080407451,1694058677.478279,0.5784144309664597
163,0.7921809147528592,0.789621589925589,1694058685.6489837,12.478491924678389
164,0.8275298465036953,0.8331222109511336,1694058686.248981,0.0007455973266378565
165,0.7673898164586914,0.7825038827131546,1694058686.5152392,1.9052573903414425e-05
166,0.8267157968119266,0.8310965756376043,1694058687.1172426,0.0010963153630795027
167,0.8208342332013174,0.8227186274487248,1694058687.8804529,0.002825176664834836
168,0.7950153004023998,0.7930359134814134,1694058690.7445264,0.23083710752410228
169,0.7919849949660327,0.789050694076433,1694058703.4971354,20.384141311622734
170,0.8095887947379955,0.8092688613489598,1694058704.725105,0.010333231634946849
171,0.7914446771750074,0.7878310470802232,1694058722.4033651,56894.086989999254
172,0.7916400014609621,0.7884174881877001,1694058735.6274333,5146.161527096141
173,0.7920582415732658,0.7892692952401257,1694058745.7756379,16.11834005270468
174,0.8034291322202496,0.8023016399774505,1694058747.1100688,0.023926035482443576
175,0.8269430796446685,0.8339286937925762,1694058747.6071405,0.0004980994356031108
176,0.7917829216701973,0.7889563689751131,1694058758.5805173,39.564120189372865
177,0.791683274524314,0.7884716923318595,1694058772.1351583,142.7219260050685
178,0.7881553288594014,0.8021732142126491,1694058772.4599957,4.581494482951619e-05
179,0.7915002572563766,0.7880799432217502,1694058787.8818505,563.8480769835874
180,0.7916560799845012,0.788670362023265,1694058800.224027,7696.408510503123
181,0.7919760624529554,0.7890273439373783,1694058813.197515,21.00089139609343
182,0.7916314659484661,0.7886054288557277,1694058825.2715948,108.02522992698542
183,0.7916499264754923,0.7886626431467267,1694058837.7439365,4309.65227640347
184,0.7916136009223117,0.7885137913855145,1694058851.2783432,30707.120897753957
185,0.801550128469388,0.8001775728622706,1694058852.58494,0.03301902301925223
186,0.7842359406214171,0.7984742382710541,1694058852.909721,3.908571383624756e-05
187,0.8078177751452229,0.8072502783794546,1694058854.1793509,0.012869181153115989
188,0.827036771781834,0.8339238775576331,1694058854.7868268,0.0005111045579203782
189,0.7991127434010564,0.7975297401970214,1694058856.6273868,0.05501579585466826
190,0.7932141087654554,0.7910339293216233,1694058861.2098696,1.0957470732601198
191,0.7916592559891509,0.7887089779070057,1694058873.5797951,803.3763263559815
192,0.791543728820019,0.7881996395607173,1694058888.5825286,33482.586619651935
193,0.8118604320636725,0.8119040943995808,1694058889.5400033,0.007910580256235769
194,0.7915893838868581,0.788384914098687,1694058902.7968826,33123.860280239256
195,0.8275560485420551,0.8333816641076477,1694058903.3987908,0.000692536472165138
196,0.7948694026888056,0.7928571107591484,1694058906.1133964,0.2515437516995904
197,0.8275604155484484,0.8334891693519147,1694058906.7284436,0.0006683359063640335
198,0.8177620442036326,0.8189136298352339,1694058907.7323375,0.0040411937574636216
199,0.7623957476473746,0.7776902708979497,1694058907.9970174,1.4861716684365875e-05
200,0.8206214408897894,0.8224307499056265,1694058908.7591152,0.0029026599779097906
201,0.7979685877260124,0.7962971925714993,1694058910.616637,0.07330252186594252
202,0.793321100422091,0.7911782443615274,1694058915.2908633,0.9368725522437237
203,0.8092070786791632,0.8088058577629506,1694058916.540607,0.01084962731109967
204,0.7606283010598328,0.7759828726085003,1694058916.8051174,1.3502387764990499e-05
205,0.7916725555086213,0.7884817763237717,1694058929.9087405,5868.1510027008435
206,0.822442681056085,0.8248223760727383,1694058930.6752462,0.002295887830999723
207,0.8251164799705266,0.8284946047095596,1694058931.4064095,0.0015453069420872806
208,0.7571942460323762,0.7726085625045918,1694058931.6696603,1.100656969257678e-05
209,0.817888885889329,0.81906540573909,1694058932.676491,0.003983908504347068
210,0.8148024048707206,0.8154266757363824,1694058933.6372564,0.005622442076344977
211,0.792393310063806,0.7899702939358937,1694058940.7916024,5.42268758110379
212,0.7929886124353285,0.7907498144620742,1694058945.663974,1.5998008744675627
213,0.7916092339159183,0.7884018569251836,1694058959.5157356,982.4208210604963
214,0.7915852153807553,0.788215958856797,1694058974.5538876,607.358491411038
215,0.7914510291843068,0.7878276499145043,1694058992.397078,19988.829090335235
216,0.7929006768065908,0.7906497485807104,1694058997.6256769,1.8075873179059356
217,0.791532215803164,0.7881276755502048,1694059013.0463398,22365.190127688657
218,0.791667196000775,0.7884163701331597,1694059026.2397723,1457.6377656586449
219,0.8274982849574891,0.8329566313739133,1694059026.8366942,0.0007789289845007351
220,0.791679701519083,0.7886302840682023,1694059038.8558805,94.39551497081561
221,0.7916642184964158,0.7885120713016062,1694059051.9005284,14116.142025279052
222,0.7917630716411369,0.7890300745705826,1694059062.0910275,10727.89200851074
223,0.7916253124394574,0.788444644012402,1694059075.1583052,4140.095445751546
224,0.7919208793721674,0.7891766902227141,1694059084.7798457,29.947733456745915
225,0.7914748492191791,0.7880295017611402,1694059100.5720203,39849.81004218648
226,0.8198647577820054,0.8215251687300185,1694059101.3354323,0.003163498886690381
227,0.791646551970552,0.7886626861488244,1694059113.1901278,94.1325813434379
228,0.8168350478465101,0.8274645324610903,1694059113.6422303,0.00017231299529951635
229,0.7919169093663554,0.7891702184070093,1694059123.2858572,42.43020903557061
230,0.7916382149583466,0.7884352695551018,1694059136.96349,124.85565366606288
231,0.7918049552024543,0.7887312744946667,1694059149.368982,52.461878839538265
232,0.7933064114005863,0.7911563992958922,1694059154.0807898,0.9583052325930095
233,0.7962364741901982,0.7943870178903132,1694059156.6673276,0.13002006857964016
234,0.7916463534702615,0.78846324241966,1694059169.924637,4642.927966917038
235,0.7939189832973916,0.791841143198727,1694059173.868646,0.4982954845576791
236,0.806612878381254,0.8058782964521184,1694059175.1545446,0.015073623232790642
237,0.7774406801731558,0.7920345451331634,1694059175.4897566,2.9605437039678612e-05
238,0.7918124982134975,0.7887235126160307,1694059188.8916903,39.0150064912074
239,0.7915548448362928,0.7883846990881986,1694059202.3587048,359.48298494742926
240,0.7932176817706862,0.7910356494055315,1694059206.9758732,1.0932777167032968
241,0.7915419423174035,0.7881248159107074,1694059223.1025424,197.0921178229484
242,0.7918962653361324,0.7890248283146625,1694059234.4694548,24.93946112751837
243,0.7932331647933533,0.7910660518886102,1694059239.1621559,1.0515679751386868
244,0.827509996474635,0.8330292619169402,1694059239.7621443,0.0007637024876460726
245,0.8009067890275392,0.7995014938821238,1694059241.4845035,0.03733502615446863
246,0.7916378179577654,0.7884430744358355,1694059254.9320476,198.25473779617025
247,0.7916384134586373,0.7884097263090639,1694059268.303654,320.36318395795666
248,0.7807796535614128,0.7952240537221766,1694059268.6391015,3.398387584909443e-05
249,0.7953924509545481,0.7934397031788806,1694059271.2294185,0.19114303174858477
250,0.7921447876999692,0.7893883035455295,1694059282.4129093,12.322649430059885
251,0.7915816423755245,0.7883829790042903,1694059296.1741529,210.28510062895793
252,0.7970068538180339,0.7952614010440351,1694059298.0368943,0.09810160149073394
253,0.7927011840145334,0.7903760402288066,1694059303.8318796,2.7812461559805777
254,0.798666316247487,0.7970648875208106,1694059305.6648326,0.06101611330710539
255,0.8031359472910269,0.8019439485287251,1694059306.9611776,0.02516614149188375
256,0.8052023353162191,0.8042866813107444,1694059308.217428,0.018290894249207462
257,0.7917358771013241,0.7889890720704191,1694059318.560211,1607.9137002267012
258,0.7946574043784399,0.8081161256167818,1694059318.9324665,5.93824378548449e-05
259,0.7715501840494693,0.7864900266632356,1694059319.207036,2.3102533045343298e-05
260,0.7917781576632228,0.7887464542351572,1694059331.232541,70.90588411792363
261,0.8002519365688351,0.7987698131896421,1694059333.03282,0.04265191233251753
262,0.7916374209571843,0.7886966363049638,1694059345.273643,25333.978453963915
263,0.8270137457481238,0.8339282207695013,1694059345.8630579,0.0005072007579411974
264,0.796222976170437,0.7943773639193781,1694059348.51948,0.13081583734924818
265,0.797045958375283,0.7953072627812393,1694059350.3767798,0.09675771901351593
266,0.7931237911332302,0.7909024719089335,1694059355.122197,1.2756589109209961
267,0.8253981518828943,0.8334789133516116,1694059355.607021,0.0003707599394825923
268,0.79160645491185,0.7883723789872055,1694059368.914939,67090.66827369572
269,0.7919683209416217,0.7890277094552088,1694059381.4109116,21.258163590570366
270,0.7916191589304488,0.7883532645547748,1694059394.6735866,19801.067949966666
271,0.7919343773919285,0.7889903406323014,1694059406.9847264,24.949100415044743
272,0.7920913911217966,0.7895804799201811,1694059413.759311,22.85500417059074
273,0.7922182328074927,0.7895119130753877,1694059423.894871,10.232700772659937
274,0.8206307704034479,0.822447112203804,1694059424.6607347,0.0028983923231861238
275,0.8124440229180495,0.8126156931124335,1694059425.6384578,0.007358706845699842
276,0.8266671642407284,0.8339094503538524,1694059426.134773,0.0004659373098790734
277,0.7917110645649986,0.7886481729408483,1694059438.2876863,118.904443878702
278,0.7914651227049396,0.7878482694203546,1694059456.3917472,3642.3542364895798
279,0.8250470048688151,0.8283899376037411,1694059457.1442301,0.0015648020725894888
280,0.7858699950136727,0.8000174330504104,1694059457.4694598,4.17669699847248e-05
281,0.7967176388946233,0.7949471632150424,1694059459.3358893,0.10828904237736336
282,0.7915643728502417,0.7883716479515446,1694059472.4637318,45405.07023249386
283,0.8230510844467877,0.8320842693187838,1694059472.9490478,0.0002794329052371051
284,0.7925795033363929,0.7901912172128625,1694059480.2061746,3.5870641312268425
285,0.7915236802906679,0.7881038093859776,1694059495.6277275,583.3679283873167
286,0.8272801331381149,0.8323351650578542,1694059496.2200043,0.0008893940322076741
287,0.8019399830401351,0.800614904195949,1694059497.5134015,0.030718857599662672
288,0.8245876751963565,0.8277383268171896,1694059498.2779791,0.0016855217289342113
289,0.7939791288854446,0.7919258788322582,1694059501.9203124,0.4669648217530825
290,0.7914839802325472,0.7880607427851242,1694059517.3903186,22458.4078170386
291,0.7920262830264784,0.7891790553380879,1694059527.0352418,20.5206832579681
292,0.8115747901454929,0.8231310820688799,1694059527.4279995,0.00012745155325686035
293,0.8027351752042966,0.8015113474257944,1694059528.7602744,0.02677487909212954
294,0.7915697323580881,0.7883917299311736,1694059542.668104,109.02549679171007
295,0.7916531024801421,0.7883622519931957,1694059556.0963337,88162.57679314938
296,0.8003640892330267,0.7988895095286092,1694059557.904972,0.041688381881831556
297,0.7929957584457903,0.7907562647767301,1694059562.3107812,1.5472208008140393
298,0.824425301958642,0.8274999016864543,1694059563.0725796,0.001731022052773792
299,0.8021083112865677,0.8008111657698829,1694059564.4134114,0.02983322769931857
300,0.8199324463811014,0.8298428709800107,1694059564.8664792,0.00021339819519562887
301,0.8275635915530981,0.8333538632514802,1694059565.469765,0.0006987499435804932
302,0.8100596374273092,0.8098091612055973,1694059566.6815004,0.00975243665045271
303,0.7782203893146499,0.7928037666569432,1694059567.0173676,3.060663196294619e-05
304,0.8142267540279678,0.8147508977709195,1694059567.976777,0.00599774372663436
305,0.7978451205452566,0.8110260345665052,1694059568.2980492,6.77791569032487e-05
306,0.7679194152340238,0.7830398393579237,1694059568.563265,1.9564477819923355e-05
307,0.7915401558147881,0.7881023473146556,1694059583.9429965,44281.85641026957
308,0.805170178269141,0.8042659758006986,1694059585.2440724,0.01836420706163824
309,0.7917966181902489,0.7889149794560703,1694059596.4412348,76.74632566382145
310,0.8138541689825034,0.814273854000009,1694059597.4154146,0.006268355467729957
311,0.7948620581780532,0.7928386628592322,1694059600.023677,0.2528093940841543
312,0.7916006984034225,0.7884039210258735,1694059613.2897747,1558.9325947350676
313,0.7915629833482076,0.7881562934462287,1694059629.251659,860.345007717091
314,0.7929054408135653,0.7906567364215876,1694059635.436187,1.8208629196107466
315,0.8013091491165943,0.7999486511951283,1694059637.1387472,0.03453945215917297
316,0.8053639145527709,0.8044740199494042,1694059638.4144592,0.017866732273665482
317,0.791463931703196,0.7879408959388152,1694059655.8527503,6772.268592843719
318,0.8121929200504351,0.8236508699249113,1694059656.2452984,0.00013168935203317962
319,0.7982939297023132,0.7966564320957422,1694059658.066189,0.06731704859098331
320,0.7739268280288761,0.7887422400295819,1694059658.3880107,2.556216707437968e-05
321,0.7919540289206984,0.7890174749559545,1694059670.519244,21.966029712707982
322,0.7914760402209228,0.7878904329771563,1694059688.2663906,26412.295176648713
323,0.792454448153312,0.7900090173248786,1694059694.889154,4.8865737805222595
324,0.8002197795217573,0.7987346804758156,1694059696.6600754,0.04288021750758882
325,0.8074576956180665,0.8068479722543586,1694059697.9332588,0.013459712868466443
326,0.7916602484906039,0.7884384947124299,1694059712.598496,107.33936885363892
327,0.8236753678607386,0.8325036472766696,1694059713.071917,0.0002986467364496043
328,0.7917712101530516,0.7887171053034723,1694059724.9202223,162.56582584711097
329,0.8262368156106982,0.83381592079134,1694059725.4203885,0.0004261102553157481
330,0.8139220560818899,0.8143623738181384,1694059726.404635,0.006217612933124276
331,0.791473459717145,0.7879282963241871,1694059743.9372802,52697.63284125384
332,0.8044458507087255,0.8034299290170823,1694059745.2316139,0.02049475843958678
333,0.7916648139972878,0.788465758042376,1694059758.387226,40864.56820337614
334,0.7916511174772359,0.7884318293872853,1694059771.6614287,9818.064391720924
335,0.8274957044537112,0.8329759823178814,1694059772.261747,0.000774454883036621
336,0.7709264961363904,0.7859002743942355,1694059772.5387523,2.2468798164217766e-05
337,0.799102421385945,0.7975208817648938,1694059774.3765895,0.055030233801626
338,0.7916683870025185,0.7884177246992374,1694059788.833989,84.53851374976668
339,0.7916165784266708,0.7884446010103043,1694059801.8923695,31983.19146441134
340,0.8008263964098443,0.7994127590535058,1694059803.6529028,0.037889503105401366
341,0.7996314246604056,0.7981200299922432,1694059805.4679875,0.04855356531643832
342,0.821512310194022,0.831066882689138,1694059805.9459083,0.00024355158716081143
343,0.7915222907886337,0.7881355234330363,1694059821.4537852,367.3885926037707
344,0.7939531253473755,0.7918798450866631,1694059824.8783724,0.4821982278462902
345,0.7936053528382366,0.7915476968839756,1694059828.1895547,0.6542774867392442
346,0.8275131724792846,0.8330710814569601,1694059828.791985,0.0007560399051806841
347,0.7815115241328714,0.7959132053400263,1694059829.1139863,3.5012383733925965e-05
348,0.7917616821391027,0.7887010440199789,1694059841.8268795,73.33725872562309
349,0.7935630722763378,0.7915119406397324,1694059845.0409145,0.6764347401786003
350,0.7915776723697122,0.7883707234064438,1694059859.29161,1877.2000272066343
351,0.7672917573151325,0.782402032244736,1694059859.555892,1.8956609544084545e-05
352,0.7914956917496928,0.7880818783161472,1694059875.0954728,2119.7006581145006
353,0.7915397588142069,0.7881345773868867,1694059891.494054,2478.4963429692616
354,0.8143367231889628,0.8148685730112943,1694059892.4531066,0.005930749125906057
355,0.8045445053531559,0.8035636010378041,1694059893.7521186,0.020147518436318852
356,0.7915965298973198,0.7884345815215384,1694059907.8856304,181.54764559568238
357,0.7915095867700351,0.7881476500245895,1694059923.3898764,240.53469562830878
358,0.7914613511994182,0.7878523761206857,1694059941.4043603,884.285160402809
359,0.7983308507563656,0.8114885651294398,1694059941.7977593,6.915501766572199e-05
360,0.7942804523265822,0.7922660039240704,1694059944.0986617,0.3648992653335713
361,0.7915149462778813,0.7881023258136067,1694059959.5153265,3219.496046829126
362,0.7916233274365514,0.7884229924562064,1694059972.682331,77986.77417528497
363,0.7917066975586053,0.7886877133696896,1694059985.1846988,172.32135399469993
364,0.7915318188025827,0.7881734727842625,1694060000.3505566,1207.5716834246628
365,0.8123527127843715,0.8237843054340955,1694060000.746029,0.00013284719655605164
366,0.7915695338577975,0.7883848280944917,1694060014.8774433,62941.71375098167
367,0.8053394990170266,0.8044439614831072,1694060016.189357,0.017956760971443574
368,0.8274484613845475,0.8337300026001219,1694060016.8035347,0.0006041547923118732
369,0.7917422291106234,0.7887179223433288,1694060029.4723282,50.36790456260862
370,0.7580950403511391,0.7734962763086027,1694060029.7361856,1.1639985307756646e-05
371,0.7956697558605227,0.7937810108283797,1694060032.482927,0.16510945818576725
372,0.7916723570083307,0.7886255323364055,1694060044.5268548,92.10061486264283
373,0.7573326007349275,0.7727493083703862,1694060044.7928002,1.1104291243429485e-05
374,0.805562613343666,0.8046801935068596,1694060046.068255,0.01741814169472571
375,0.8225574142240544,0.8317733641523636,1694060046.540315,0.00026696202700902526
376,0.8153087791120526,0.8262232769107826,1694060046.9211342,0.0001569050333777719
377,0.7914764372215042,0.7879208784623327,1694060064.523569,24720.47689748499
378,0.7930136234719448,0.8066038278446281,1694060064.9055135,5.5560483101588034e-05
379,0.7938004786239006,0.7917205223146593,1694060068.2240684,0.5574984399316133
380,0.8036268385096916,0.8025159624324213,1694060069.5200388,0.023200288925692685
381,0.7917362741019053,0.7889463709873962,1694060080.0783594,21305.962784690648
382,0.7923407074867956,0.7897883305594471,1694060088.5673506,6.704667175733775
383,0.7916967725440748,0.7884418703770997,1694060103.872552,62.68001022226007
384,0.7941262176007825,0.7920681512725213,1694060107.2566245,0.4200422865257317
385,0.7917525511257348,0.788697044824892,1694060120.0452569,45.54028545250838
386,0.7870965283093174,0.8012002702509833,1694060120.3678513,4.39254836762383e-05
387,0.7928996843051379,0.7906446098300344,1694060124.7746143,1.7757645746291864
388,0.791812696713788,0.7891357092235997,1694060133.7811315,4886.595283308324
389,0.792865939255735,0.7906099931413806,1694060139.0022254,1.9455314858189694
390,0.7968651246105424,0.7950950259280073,1694060140.5032804,0.10340987119559536
391,0.8015548924763625,0.8144086870773687,1694060140.8285666,7.937073323352569e-05
392,0.7917853036736845,0.7889876530011948,1694060149.7853904,33.71048274776263
393,0.791689229533032,0.7884740574472333,1694060161.6237462,69.54079997187334
394,0.7916943905405878,0.7886532686894264,1694060172.4311473,96.35893079605314
395,0.8205666548095827,0.8223683108597564,1694060173.059489,0.0029200030808730617
396,0.7964534350078288,0.7946260450504166,1694060175.1249866,0.1196027150407682
397,0.7937095654908037,0.7916378722828668,1694060177.763024,0.5912886624975955
398,0.813288840154862,0.8136249523456128,1694060178.5702012,0.006670647174206745
399,0.7975612651296922,0.7958403597865109,1694060180.1024833,0.08279947411983668
