trial,score,test_score,time,alpha
0,0,0,1694014768.2743337,0
0,0.12367967944173397,0.13235065814723412,1694014768.2788582,1
1,0.044322573476661575,0.046001737146807664,1694014768.2824697,46805.661787929566
2,0.12367994258107007,0.13234919953867763,1694014768.2858584,2.9670337863034555
3,0.04044638099894471,0.041956486575296936,1694014768.2892337,53314.28627759007
4,0.1236677916391612,0.1322184947379097,1694014768.2925558,140.6565421742432
5,0.12367832413831514,0.13226799575550008,1694014768.2958598,94.90481478948041
6,0.1236795409453334,0.13235139399305917,1694014768.2991934,0.0014484214768350312
7,0.0380902314172773,0.039499748557973,1694014768.3024187,57908.79763853592
8,0.12367954074365495,0.13235139504967675,1694014768.3056254,1.1542570931089796e-05
9,0.12367954121742797,0.13235139256745532,1694014768.3088295,0.0033870657230750177
10,0.1236795719320134,0.1323512311439934,1694014768.3120344,0.22280007056164564
11,0.12323078063197068,0.13139515225206833,1694014768.3153665,622.0556197704323
12,0.1236795408751088,0.13235139436097965,1694014768.3185456,0.0009480925763015061
13,0.11259146574138013,0.11874885734558616,1694014768.3217657,4265.130816203875
14,0.03367184671060275,0.03489690307524573,1694014768.3249452,68234.93336165012
15,0.1236795408030823,0.13235139473833468,1694014768.32824,0.000434933053657051
16,0.12368071421506155,0.13234434200486167,1694014768.331412,9.40458074072968
17,0.1236795407437612,0.13235139504912075,1694014768.3345678,1.2298750087705017e-05
18,0.12367955103598627,0.1323513410727286,1694014768.3377588,0.07340283376002159
19,0.12367954074591492,0.13235139503783633,1694014768.341011,2.764398058709467e-05
20,0.05189611127353255,0.053919553158908284,1694014768.3442767,36857.82274702113
21,0.12367957291786891,0.13235122594627602,1694014768.3475702,0.22986162298257523
22,0.05779485356898861,0.06010074489064776,1694014768.350938,30886.81080197668
23,0.12306587586979623,0.1311494366508782,1694014768.354268,729.5580592230899
24,0.1114479757509762,0.11747288477037399,1694014768.357602,4601.43176070148
25,0.12367954081770027,0.13235139466174883,1694014768.3610015,0.000539081235399783
26,0.12367954074991827,0.13235139501686122,1694014768.3643768,5.6167600380288067e-05
27,0.1236807971284769,0.1323437540133372,1694014768.3677158,10.172488645739893
28,0.12367954080917243,0.1323513947064271,1694014768.3710444,0.0004783236309877458
29,0.12363741917346915,0.13212511531743565,1694014768.3743713,215.6759278660995
30,0.1236795577659906,0.13235130571803233,1694014768.3777897,0.12146148918794752
31,0.12367980162839654,0.13234999118048574,1694014768.3811493,1.9014645549725449
32,0.06681204471791724,0.06957803739104262,1694014768.384471,23752.85619875721
33,0.12367976754784293,0.1323501789555449,1694014768.3878605,1.6480152435564184
34,0.12367954075898524,0.13235139496936088,1694014768.391092,0.0001207629820990836
35,0.12367954079567345,0.13235139477714875,1694014768.3942895,0.0003821501829618518
36,0.12367992487025292,0.13234930037818649,1694014768.397443,2.831564879425135
37,0.12367978183131323,0.13235010042451334,1694014768.40064,1.7540452814784062
38,0.12368194525297638,0.13233303902394744,1694014768.403956,23.774010011694994
39,0.12367955525208008,0.13235131892990326,1694014768.407212,0.10350335702171634
40,0.12368232837811421,0.13232671699018583,1694014768.4103749,31.48118635476846
41,0.12367955379676432,0.13235132657529602,1694014768.4135273,0.09311079376796777
42,0.123681477950912,0.13233817472793208,1694014768.4166672,17.34447407214209
43,0.12342381049485962,0.13170408675908019,1694014768.4198198,472.1170348983452
44,0.12367954082852828,0.13235139460502088,1694014768.423024,0.0006162246976597649
45,0.1236795487350647,0.13235135314925384,1694014768.4261656,0.05698462384888514
46,0.12367968766634208,0.13235061378898816,1694014768.4293249,1.060060356353072
47,0.12368107431868647,0.1322890651949733,1694014768.4325182,73.56492544420182
48,0.12367954122512204,0.13235139252714245,1694014768.4357948,0.0034418860381589316
49,0.12368001514743665,0.1323487820904724,1694014768.4390244,3.5270257423892493
50,0.12368151177935272,0.1323378509851303,1694014768.4422596,17.754499770157615
51,0.09740793814329607,0.10212567886937951,1694014768.4455006,9015.9534460658
52,0.12367954670639836,0.13235136379224122,1694014768.4487116,0.04251438335965415
53,0.12368194344202532,0.1323330625432666,1694014768.451889,23.744921064325638
54,0.12367954085730248,0.13235139445427024,1694014768.45514,0.0008212285159374713
55,0.12367967265095048,0.13235069471530558,1694014768.4583898,0.950475980278073
56,0.12367954083572574,0.13235139456731215,1694014768.4616184,0.0006675042661589419
57,0.08178466708365739,0.08541128749124904,1694014768.4648407,15269.6960175613
58,0.12367956987578332,0.13235124198172477,1694014768.4680548,0.20807538813118442
59,0.11999685767872859,0.1272452498361093,1694014768.471289,2003.92295880657
60,0.12367956136032343,0.1323512868164498,1694014768.4744911,0.14715094205552748
61,0.09156856233003074,0.09584794979597133,1694014768.4776917,11134.632494184472
62,0.12367955640680561,0.1323513128620606,1694014768.4808865,0.1117511942786209
63,0.12367954361868105,0.132351379983066,1694014768.4841065,0.02049958319497457
64,0.12368023373303538,0.13234748041018385,1694014768.4873319,5.2648706141284425
65,0.11735870226843026,0.12415302515022997,1694014768.4905272,2847.3213916492386
66,0.11323790788831967,0.1194729870118072,1694014768.4937308,4075.145481426618
67,0.12368067580948183,0.13234460919386037,1694014768.4969218,9.054848131237197
68,0.12367954075189413,0.13235139500650928,1694014768.5001638,7.024511214869067e-05
69,0.12368071262307845,0.13234435314386295,1694014768.503329,9.390010398230771
70,0.12367954114176716,0.13235139296387854,1694014768.5065303,0.0028479809882330062
71,0.12363937100964062,0.13213029230446482,1694014768.509716,211.80416007795029
72,0.09791662650310962,0.10267472611775408,1694014768.5128858,8841.234773995931
73,0.12367973452240766,0.13235035961783548,1694014768.5162067,1.4039114275908937
74,0.12368086920541965,0.13234322978205737,1694014768.5195184,10.85513186739742
75,0.12367954074831433,0.13235139502526627,1694014768.5227606,4.473816056147972e-05
76,0.12367988340630554,0.13234953489745815,1694014768.5259955,2.516212389492403
77,0.12367954076952059,0.1323513949141638,1694014768.5292013,0.00019582486540065415
78,0.12368117995293337,0.13234080869431775,1694014768.5325048,13.983904954700176
79,0.12367954681677396,0.1323513632132879,1694014768.5357487,0.04330155279524335
80,0.12341943012167833,0.1316966793050378,1694014768.5389886,475.9708361650613
81,0.12367954074632581,0.13235139503568205,1694014768.5422132,3.0573232865931535e-05
82,0.12367954075963117,0.1323513949659757,1694014768.5454433,0.00012536640758091332
83,0.1236814619650819,0.1322931939427744,1694014768.5486498,69.22008866241924
84,0.12367973417059286,0.1323503615356023,1694014768.5518768,1.401318872032174
85,0.12368022635841158,0.13234752547345874,1694014768.5553224,5.204915893869181
86,0.1177216682037141,0.12457241233137617,1694014768.5590823,2735.7092565275625
87,0.12367964563091449,0.13235083970963757,1694014768.56231,0.7540087600119111
88,0.1219861599889085,0.12969444062196755,1694014768.5654922,1263.1188643489068
89,0.12367971577760017,0.13235046159914887,1694014768.5694008,1.2660075420970387
90,0.07539003115126697,0.07863193878886188,1694014768.572708,18501.499674563634
91,0.12368252316641393,0.1323137110936463,1694014768.576074,46.69578873082774
92,0.12367954078513843,0.13235139483234337,1694014768.579329,0.00030709192326475025
93,0.12367954694431271,0.13235136254429247,1694014768.5825388,0.04421114404851374
94,0.1116320110273138,0.11767784380410395,1694014768.585782,4547.253432358273
95,0.1236795452082049,0.132351371649445,1694014768.5889986,0.03183113383152383
96,0.12367954085105315,0.1323513944870086,1694014768.5921884,0.0007767076712899181
97,0.12367961499506297,0.13235100313694526,1694014768.5953782,0.5323694084590286
98,0.12367955261674313,0.13235133277281375,1694014768.5985627,0.08468602496654738
99,0.12368131568720386,0.13233965351697607,1694014768.6017592,15.463196203866032
100,0.12367957337896018,0.13235122351491735,1694014768.6049743,0.23316476356729948
101,0.12367954131278669,0.13235139206781743,1694014768.6082094,0.004066507456214141
102,0.12367955941800612,0.13235129703223614,1694014768.611375,0.13326684512460657
103,0.12367956245851663,0.13235128103865124,1694014768.6145554,0.15500308627687037
104,0.0930568172448285,0.09744389821884891,1694014768.6177723,10573.494866270543
105,0.035974492484446396,0.03729501927260581,1694014768.620959,62540.683084850505
106,0.1236814664302418,0.13233828368139522,1694014768.6241088,17.206335788177306
107,0.12367954075156462,0.13235139500823734,1694014768.627295,6.78955367051596e-05
108,0.12363837506905406,0.13212764190317772,1694014768.6304626,213.78989597416376
109,0.12368202198001255,0.13230065719579598,1694014768.633632,61.214460288800026
110,0.12052684203161734,0.12788313140967433,1694014768.636791,1820.6592429297884
111,0.12367954492618116,0.13235137312824352,1694014768.6400256,0.029820393304317985
112,0.12367954074748011,0.13235139502963467,1694014768.6432765,3.8797249844466555e-05
113,0.12368109819766382,0.13234147353914272,1694014768.646489,13.128592383211155
114,0.12367954076643484,0.13235139493033166,1694014768.6496952,0.00017383858694047745
115,0.12350570494315516,0.13184804813776496,1694014768.652879,393.8177545690031
116,0.1228030979116973,0.13077699152516364,1694014768.6560922,879.4945969320643
117,0.12367955783774309,0.13235130534083672,1694014768.6592836,0.12197416886441645
118,0.06186802136062142,0.06437718639455914,1694014768.6624672,27414.167301327867
119,0.1236795408187783,0.13235139465610113,1694014768.665706,0.0005467615141742933
120,0.0628275864468163,0.06538569893000845,1694014768.668927,26659.898846334065
121,0.12367960381085474,0.1323510625453681,1694014768.672107,0.4517485301500142
122,0.12347317530031421,0.1317894664803111,1694014768.6752653,426.51706571407567
123,0.12355592630491641,0.1319436339790202,1694014768.6784368,337.44418984299904
124,0.03499258990813803,0.03627223277271263,1694014768.6816244,64878.2596261547
125,0.040050983980629784,0.0415440974015554,1694014768.684825,54048.03900248137
126,0.12367954074556786,0.13235139503965454,1694014768.6880999,2.5171624611015254e-05
127,0.1236795407440624,0.13235139504754267,1694014768.6913812,1.4444841317899212e-05
128,0.12367990887120339,0.1323493911263106,1694014768.6946445,2.709587313467448
129,0.1236795407450968,0.1323513950421219,1694014768.6978908,2.1816052948390917e-05
130,0.12368249542509646,0.132321595094399,1694014768.7011642,37.57044666911908
131,0.12367984598107085,0.1323497447274734,1694014768.7044325,2.2337060301837375
132,0.12368252747392461,0.13231405792493645,1694014768.707659,46.3003166302247
133,0.1236795769930199,0.1323512044499724,1694014768.7108676,0.2590639862153379
134,0.12367954148665394,0.13235139115680727,1694014768.7140534,0.005305356684021587
135,0.05725561616037311,0.05953512028846497,1694014768.71726,31382.634548710113
136,0.12364882978617697,0.13215651729535027,1694014768.7204795,191.73191144649377
137,0.1236795407436585,0.13235139504965843,1694014768.7237732,1.156749639048166e-05
138,0.12367954075585519,0.13235139498575843,1694014768.7270458,9.846403953447067e-05
139,0.12368174192635106,0.1323354738823117,1694014768.7302818,20.745430485872657
140,0.12367954180759044,0.13235138947511438,1694014768.733489,0.007592211011082306
141,0.12367955744718473,0.1323513073938848,1694014768.7367043,0.11918367507005621
142,0.12318456743090067,0.1313250337472991,1694014768.7399573,653.5987891819375
143,0.12367954562319805,0.13235136947326864,1694014768.7432137,0.034790076345683284
144,0.07610102140336117,0.07938432713056887,1694014768.7464921,18116.987004014878
145,0.12366143429238274,0.13219566166766838,1694014768.7497468,160.14788748444087
146,0.12367998659216428,0.1323489471895083,1694014768.7530143,3.3057073797299976
147,0.12367954083258548,0.13235139458376377,1694014768.7562394,0.0006451316670144307
148,0.1236795582211333,0.13235130332531642,1694014768.7594953,0.12471362322154626
149,0.12347430607736487,0.13179146823045507,1694014768.762779,425.41999527477395
150,0.029465157711381584,0.030519070310284224,1694014768.7657804,80903.66299353584
151,0.12367954074968657,0.1323513950180759,1694014768.7690527,5.4515969665481484e-05
152,0.12367954077327925,0.13235139489447445,1694014768.7722878,0.0002226004664357218
153,0.12361747352210639,0.13207550751813446,1694014768.7754843,251.44748725363985
154,0.11947979956271637,0.12662964225954243,1694014768.7787225,2176.775793100353
155,0.12367954075287357,0.1323513950013807,1694014768.7819595,7.721978247539846e-05
156,0.12010026934848061,0.12736912095474706,1694014768.785235,1968.699800169982
157,0.12305410536166195,0.1311323222076598,1694014768.788459,736.7550890159883
158,0.12368080594207709,0.13228649085283306,1694014768.791618,76.24523933913584
159,0.12367954426073358,0.13235137661720564,1694014768.7947958,0.025076340877114175
160,0.12367957975574395,0.1323511898666606,1694014768.797938,0.2788731134512191
161,0.12367954720410057,0.13235136118154767,1694014768.8011425,0.04606397295112705
162,0.11835299289131751,0.1253057697608686,1694014768.8043458,2538.9879938381378
163,0.12367954343586063,0.13235138094139587,1694014768.807561,0.019196469747900173
164,0.12367954310202456,0.1323513826912457,1694014768.8107483,0.01681704795219409
165,0.06862585974482038,0.07148909507678958,1694014768.813923,22537.64699720567
166,0.08057485169416878,0.08412645134226482,1694014768.817092,15844.315327432209
167,0.04317543639668642,0.044804090836119026,1694014768.8202503,48611.74977837184
168,0.12215621853141279,0.1299136555039614,1694014768.8233707,1189.842649888815
169,0.12367954075241971,0.1323513950037578,1694014768.8265212,7.398712919801347e-05
170,0.12367954075342036,0.1323513949985159,1694014768.829753,8.111581129304106e-05
171,0.12368004021794188,0.13234863623346882,1694014768.8329453,3.722380398935209
172,0.11469409773047401,0.12111273189477179,1694014768.8361359,3646.1766814537673
173,0.10368890248836393,0.10893524896670659,1694014768.839335,6949.901345013947
174,0.12368191926692451,0.13233337291811642,1694014768.843924,23.36074714479137
175,0.0525376404355451,0.05459116032087019,1694014768.8471434,36144.80947374719
176,0.12367954078839039,0.13235139481530656,1694014768.850292,0.0003302600271961427
177,0.12367954097273492,0.13235139384949646,1694014768.8534346,0.0016436498324632163
178,0.12367954370747991,0.13235137951757914,1694014768.8566213,0.021132538549322816
179,0.12367954126116565,0.13235139233828963,1694014768.859836,0.003698700864553906
180,0.12367954260081948,0.1323513853181687,1694014768.8629959,0.013244949988902877
181,0.12367954076349863,0.13235139494571657,1694014768.8661547,0.00015291678666200118
182,0.12367954869184572,0.1323513533760412,1694014768.8693633,0.05667629255064158
183,0.12367954074482068,0.1323513950435683,1694014768.8725617,1.9849061042124334e-05
184,0.12367986629561989,0.1323496310459944,1694014768.8757572,2.3868034765608064
185,0.06026471649712406,0.06269301528031124,1694014768.8790448,28726.515307540132
186,0.12367958028261472,0.1323511870846008,1694014768.8822575,0.28265191395888833
187,0.12368148583452088,0.1323380997946937,1694014768.8854666,17.439436312343098
188,0.12368109792008808,0.13234147575987187,1694014768.888726,13.12573059133154
189,0.07014391644898776,0.07308987171809733,1694014768.8920078,21567.09646344694
190,0.12363445534273132,0.13211738316677246,1694014768.8952844,221.4065833235764
191,0.1206669088557687,0.12805308808034055,1694014768.8985898,1770.9621612429846
192,0.12367954394552605,0.13235137826968468,1694014768.9019017,0.0228293790505407
193,0.08966612857222389,0.09381142164374001,1694014768.905233,11875.35125547611
194,0.12367954084188193,0.13235139453505895,1694014768.9085586,0.0007113647512898565
195,0.12367955758626548,0.1323513066627987,1694014768.9118664,0.12017736817300144
196,0.12362601220160863,0.13209610025336127,1694014768.915179,236.87527644035205
197,0.12367954377382806,0.13235137916977224,1694014768.9185016,0.021605474942716748
198,0.10268850616837522,0.10784580849291558,1694014768.9218156,7266.7850416186975
199,0.11335184469961967,0.11960084326869991,1694014768.9251137,4041.649252829224
200,0.12367954080490196,0.1323513947287993,1694014768.9284167,0.0004479001459887988
201,0.12367954102693723,0.13235139356551617,1694014768.9317207,0.0020298288332942166
202,0.12367954074672927,0.13235139503356952,1694014768.9350097,3.344635436886071e-05
203,0.11395046158973232,0.12027378117106091,1694014768.9383132,3865.524986732679
204,0.12367954420436966,0.13235137691270182,1694014768.9416714,0.02467454097977628
205,0.1236795527445923,0.13235133210141625,1694014768.9449263,0.08559872259382427
206,0.12367954145140969,0.13235139134147977,1694014768.9481978,0.005054227918637614
207,0.12367954076599708,0.1323513949326265,1694014768.951424,0.00017071783216601906
208,0.1236795925894908,0.1323511220159217,1694014768.9546523,0.3710158109685475
209,0.1236795410542153,0.1323513934225955,1694014768.9579136,0.002224183070810204
210,0.12368011119393163,0.1323482185945316,1694014768.9611766,4.280873053438604
211,0.12367954089162092,0.13235139427446818,1694014768.964455,0.0010657380640928873
212,0.12367972037522323,0.13235043662297186,1694014768.9677083,1.2997888925764185
213,0.058303884698813424,0.06063479454973797,1694014768.9710257,30426.97932767412
214,0.12367954807559789,0.1323513566094856,1694014768.9743378,0.05228017872964639
215,0.05374419905791883,0.05585469993167591,1694014768.9776719,34849.04597057341
216,0.12367954074727472,0.13235139503071403,1694014768.9810286,3.733010079414992e-05
217,0.1236799568426431,0.1323491180435178,1694014768.9842997,3.0764593627273786
218,0.12368077367930275,0.13234392189564648,1694014768.9876087,9.953479169264408
219,0.048106102651085836,0.04995483813754942,1694014768.9909577,41450.82487390805
220,0.076585651132001,0.07989736208416676,1694014768.9943182,17858.76046725689
221,0.1236797184266305,0.13235044721147482,1694014768.9976468,1.2854680747231289
222,0.12350608122557416,0.13184873889200355,1694014769.0009563,393.42450009266327
223,0.03832859592213422,0.03974821713479848,1694014769.004256,57418.628676962544
224,0.12362888598271127,0.13210323078612451,1694014769.0076187,231.74087350870175
225,0.05394534703256382,0.056065400331897886,1694014769.011007,34638.55285246365
226,0.06576008931726618,0.06847045050880685,1694014769.0143216,24487.237485636422
227,0.12367963226428003,0.13235091114000497,1694014769.0176387,0.6571607460801834
228,0.12368252587321382,0.1323197656360554,1694014769.0210078,39.71387904883595
229,0.12367954083028987,0.13235139459579082,1694014769.024339,0.0006287765394387512
230,0.123679573572263,0.13235122249555287,1694014769.0276787,0.234549614860075
231,0.11150727570741303,0.11753891082720869,1694014769.0310204,4583.971284491506
232,0.12368031353979236,0.13234698728506022,1694014769.0343723,5.919986311480372
233,0.12367954161651673,0.13235139047634448,1694014769.0376835,0.006230688534907847
234,0.12367954076575616,0.13235139493388803,1694014769.0410106,0.00016900226597733694
235,0.12367954103430745,0.13235139352689995,1694014769.0443559,0.0020823418054679997
236,0.12367954076699039,0.1323513949274202,1694014769.0477033,0.00017779749909066034
237,0.12367954104755519,0.13235139345749192,1694014769.0510461,0.002176728694174709
238,0.123679550351396,0.13235134466641985,1694014769.0544078,0.06851727785379438
239,0.12367954074580367,0.13235139503841842,1694014769.0578234,2.6852536082872263e-05
240,0.11867097352866784,0.1256772410521222,1694014769.0612903,2438.411336317359
241,0.12367955604542946,0.13235131476116757,1694014769.0646768,0.10916982573970803
242,0.12368016593320652,0.13234789159367755,1694014769.0680416,4.717258166089898
243,0.12368189480000435,0.13233368050223793,1694014769.0714266,22.979477395537874
244,0.12367954077193433,0.13235139490151948,1694014769.074782,0.0002130198451561144
245,0.12367954075146037,0.1323513950087819,1694014769.0783558,6.715465435458953e-05
246,0.12367954079362475,0.1323513947878816,1694014769.0817382,0.0003675548242242903
247,0.03201838658185052,0.03317538697660194,1694014769.0848014,72819.42298533786
248,0.12367954075760901,0.13235139497657245,1694014769.0881453,0.00011095641591683184
249,0.12367956434349592,0.13235127111846223,1694014769.0914686,0.16848421339207806
250,0.10798071355810845,0.11363553513059466,1694014769.094797,5631.491997946113
251,0.1236804375986047,0.13234619991845276,1694014769.0981553,6.962360828274878
252,0.12367954074413623,0.1323513950471531,1694014769.1015046,1.4973961553509686e-05
253,0.10131288679556905,0.10635099055705433,1694014769.1048274,7709.492856504802
254,0.12367955047771761,0.13235134400334392,1694014769.1081712,0.06941872489554493
255,0.12367954080879939,0.13235139470838142,1694014769.1114204,0.00047566596476156725
256,0.12367954404515336,0.13235137774740102,1694014769.114653,0.02353955814542344
257,0.12368064082236196,0.1323448498707518,1694014769.1179323,8.739393991193996
258,0.12367954074538179,0.13235139504062743,1694014769.121234,2.384799106784654e-05
259,0.1236821345660073,0.13233032696552427,1694014769.1245036,27.107234521660192
260,0.12368104845836558,0.13234186770276635,1694014769.1278143,12.620135073258863
261,0.12367954101441514,0.1323513936311207,1694014769.1310825,0.0019406142726722474
262,0.12367956623893628,0.1323512611394394,1694014769.134311,0.18204451670860847
263,0.12367954086292499,0.13235139442481014,1694014769.1375132,0.0008612904556831908
264,0.12367954074432852,0.13235139504614746,1694014769.1407409,1.634174370640158e-05
265,0.12368043093058334,0.1323462429120683,1694014769.1439762,6.905557398887261
266,0.12367958049355476,0.13235118597067907,1694014769.1471777,0.284164908080587
267,0.11805048202068957,0.1249537140394531,1694014769.1503673,2633.7010714167377
268,0.12367954087937516,0.13235139433862642,1694014769.1535373,0.0009784903335334544
269,0.12367957638106375,0.1323512076791471,1694014769.1567183,0.2546774375947766
270,0.12368251608460668,0.13231321053265366,1694014769.1598656,47.26561632343792
271,0.12367954074880472,0.13235139502269588,1694014769.1630602,4.8233224912168104e-05
272,0.12367954575886353,0.13235136876181597,1694014769.1662722,0.035757429317342576
273,0.1236811743742503,0.13229007824958305,1694014769.1694806,72.50417770785523
274,0.12367954113826851,0.13235139298221,1694014769.17278,0.0028230526020050282
275,0.1236795468626587,0.1323513629726043,1694014769.17609,0.0436287956479236
276,0.12368031570890148,0.13234697373987103,1694014769.179381,5.937956174208428
277,0.12367955815863385,0.1323513036538927,1694014769.1826816,0.12426703114776802
278,0.10722685973240598,0.11280644638781911,1694014769.185955,5858.885716245688
279,0.11359478683069646,0.11987370280868259,1694014769.18927,3970.203616209342
280,0.11944997198424345,0.12659430519405823,1694014769.1925676,2186.5979008698514
281,0.12367956638781907,0.1323512603554493,1694014769.1958613,0.1831098331478721
282,0.12367954085386068,0.13235139447230015,1694014769.1991572,0.0007967094269512695
283,0.1236819877522114,0.13233247566052242,1694014769.2024345,24.469834465874303
284,0.12367956752214138,0.1323512543815325,1694014769.205725,0.1912272653419286
285,0.1236796990131237,0.13235055246692973,1694014769.2090087,1.1430644227437454
286,0.12368236115912146,0.1323259531374119,1694014769.2122993,32.39780474475172
287,0.06492708757544319,0.06759378354750556,1694014769.2155797,25085.071622328443
288,0.1221118825476788,0.12985626575470666,1694014769.2188747,1209.1975716419067
289,0.12367954076599053,0.1323513949326589,1694014769.222115,0.00017067359346776181
290,0.08966780914694872,0.09381321898945327,1694014769.2253764,11874.684789059687
291,0.12368214264461797,0.13230271064384613,1694014769.2285802,58.975730246061076
292,0.12367954293695305,0.13235138355644938,1694014769.2318382,0.015640547505521154
293,0.12364530387288353,0.13214649854008287,1694014769.2351131,199.4940216696162
294,0.1236796190827637,0.13235098139011237,1694014769.238371,0.5618743306727529
295,0.1236800853865,0.13234837126814825,1694014769.241613,4.076858499772283
296,0.12368022906797316,0.13234750892618763,1694014769.2448676,5.226933038327326
297,0.12367954078796906,0.13235139481751268,1694014769.2480972,0.00032725967326150757
298,0.12367954658796654,0.13235136441343576,1694014769.251355,0.041669777625393416
299,0.12367957261496176,0.13235122754340123,1694014769.2546058,0.22769181155947357
300,0.12367954074733734,0.1323513950303834,1694014769.2578936,3.777904641845292e-05
301,0.12365675763600092,0.1321804033446632,1694014769.2611556,172.71303166192092
302,0.12367954334338771,0.13235138142611957,1694014769.2644153,0.01853735187547409
303,0.12367962254099807,0.1323509629779387,1694014769.2677283,0.5868520936549055
304,0.05851367310273481,0.06085492512423951,1694014769.271026,30239.74002902691
305,0.11083266957393112,0.11678865630839719,1694014769.2742805,4782.81179155129
306,0.12367954149744154,0.13235139110028116,1694014769.277548,0.00538222397396763
307,0.1236795548494084,0.13235132104553105,1694014769.2808337,0.10062757987174274
308,0.12368022037542148,0.1323475619715937,1694014769.2840989,5.156345848730751
309,0.12367954076401666,0.13235139494300086,1694014769.2873466,0.00015660988752068885
310,0.12273402883455131,0.1306818174781471,1694014769.2906275,915.8909874856253
311,0.12367954316684426,0.13235138235149435,1694014769.2939131,0.017279039634867696
312,0.12367954076215038,0.13235139495277837,1694014769.2971675,0.0001433133139520651
313,0.12367377963129267,0.13224370117630824,1694014769.3004248,118.03165184536927
314,0.12367973528833087,0.1323503554422456,1694014769.3036883,1.4095561502385292
315,0.12367954074465459,0.13235139504443993,1694014769.3070157,1.8663969221813177e-05
316,0.12368010661474782,0.13234824575346116,1694014769.3102953,4.244593760846424
317,0.12346052137225039,0.13176721803203784,1694014769.3135726,438.620014054641
318,0.12367954074490362,0.13235139504313587,1694014769.3168616,2.043744870622664e-05
319,0.12368249698600864,0.13232151923813695,1694014769.3201506,37.65964372009885
320,0.12367954118733182,0.1323513927251454,1694014769.3233829,0.0031726276975471814
321,0.12367957228118187,0.13235122930319465,1694014769.3266613,0.22530098057488054
322,0.12367954074942944,0.13235139501942328,1694014769.3299356,5.268344920914782e-05
323,0.12367982821850665,0.13234984371383207,1694014769.3332062,2.100318845371373
324,0.06581184564261156,0.0685249310543884,1694014769.3364725,24450.575548767745
325,0.12367954231003653,0.13235138684210435,1694014769.3397007,0.011172672712938488
326,0.12367954074809673,0.13235139502640514,1694014769.342932,4.318906383748432e-05
327,0.11673946732976659,0.12344085210757505,1694014769.3462014,3035.7309147235005
328,0.05887737768720891,0.06123660317066015,1694014769.3494816,29918.213201037936
329,0.12367965391651814,0.13235079533343852,1694014769.352744,0.8141557715253053
330,0.08894217084588052,0.09303742877407406,1694014769.3560119,12164.516292826978
331,0.08885095742418203,0.09293994873202971,1694014769.3593218,12201.244378517062
332,0.1236344550028724,0.13211738228859093,1694014769.3625898,221.4072307159465
333,0.11983918440336627,0.12705688488833355,1694014769.3658512,2057.1848697942223
334,0.12367954080055232,0.13235139475158797,1694014769.3691266,0.0004169100257322409
335,0.11733823757433803,0.12412942410475403,1694014769.3723745,2853.586253096066
336,0.12367956082983345,0.1323512896070026,1694014769.3756273,0.14335843179549104
337,0.12367954177498475,0.13235138964596982,1694014769.378882,0.007359873738653692
338,0.12368009535009994,0.13234831243655976,1694014769.3821461,4.155494358292867
339,0.11431604945247342,0.12068579370046773,1694014769.3854134,3757.788631733258
340,0.12367957079092362,0.13235123715886532,1694014769.3887236,0.2146280788004229
341,0.12367954075044785,0.13235139501409054,1694014769.3920665,5.993598945114525e-05
342,0.12367954178914231,0.13235138957178383,1694014769.3953679,0.007460755408492914
343,0.12367954174277096,0.1323513898147748,1694014769.3986468,0.007130324899773248
344,0.1236785581537132,0.13226948771290714,1694014769.4019217,93.43603029661892
345,0.053098549031057596,0.05517849100818739,1694014769.4051933,35535.250128010404
346,0.12367996939594073,0.13234904609069909,1694014769.4084654,3.1730307133969706
347,0.12367954122437574,0.13235139253105122,1694014769.4117424,0.0034365704995163366
348,0.12367605419508287,0.132254979579281,1694014769.4150238,107.47285859323314
349,0.12367954078415722,0.13235139483748248,1694014769.4182625,0.0003001028478576983
350,0.12367954074783616,0.1323513950277705,1694014769.4215193,4.1332430034564677e-05
351,0.12368230651916157,0.132327192977578,1694014769.4247463,30.90845811831723
352,0.12367954876760268,0.13235135297851575,1694014769.42802,0.05721675258619436
353,0.12367958578889393,0.13235115799186958,1694014769.4312603,0.32216420731656664
354,0.12367954074974474,0.13235139501776982,1694014769.4345481,5.4931880645373295e-05
355,0.12367962801754118,0.13235093379339358,1694014769.4378617,0.626438146159666
356,0.12368093790352686,0.13234271803166697,1694014769.441201,11.519725495787265
357,0.03420360313962156,0.03545058161977521,1694014769.4444706,66852.65806339573
358,0.12367954074433585,0.1323513950461086,1694014769.4477115,1.6394527037707797e-05
359,0.12367974355216216,0.13235031034719247,1694014769.4509397,1.4705088372657675
360,0.12367964333335046,0.1323508520015978,1694014769.4541876,0.7373456718290995
361,0.12368151882141254,0.132337782856898,1694014769.4574451,17.84070235772126
362,0.11551769680397239,0.12204622101224805,1694014769.4606686,3402.0001718795043
363,0.12367967336992347,0.13235069084610485,1694014769.4638963,0.9557165157595743
364,0.12368024035338265,0.13234743988444964,1694014769.4671576,5.318775679497077
365,0.12367968773803217,0.13235061340200327,1694014769.470379,1.0605842607573706
366,0.12272351884902633,0.13066741558477812,1694014769.4735925,921.3408762303937
367,0.09003032034752667,0.09420098667316934,1694014769.4768236,11731.43504883993
368,0.1236795431067037,0.13235138266672108,1694014769.4800775,0.01685039697373422
369,0.12365570890214006,0.13217711599489668,1694014769.4832947,175.37595920236222
370,0.12368244665330907,0.13232353265890062,1694014769.4865472,35.28251088034057
371,0.12367954832514083,0.13235135530018405,1694014769.4897878,0.054060283827622534
372,0.12239124584209704,0.13022109080978828,1694014769.4930563,1083.8270692734523
373,0.12367919111649606,0.13227372077335586,1694014769.4963233,89.23531728663254
374,0.123679656006357,0.1323507841286845,1694014769.4995902,0.8293401588827942
375,0.12368023051776322,0.13234750006768659,1694014769.5028317,5.238718987613771
376,0.057824420303241086,0.06013176188965297,1694014769.5061145,30859.885627922613
377,0.1236820316609355,0.1323318687348949,1694014769.5093944,25.217436141790806
378,0.12368185210999949,0.13233420250790917,1694014769.512674,22.331158091828893
379,0.12367954972286355,0.13235134796541093,1694014769.5159235,0.0640322726740822
380,0.12317610538134027,0.131312312042835,1694014769.5191848,659.2420272362941
381,0.10910605640618465,0.11487640072198424,1694014769.5224533,5294.681520623387
382,0.12367954248822954,0.13235138590824047,1694014769.52567,0.012442560992912379
383,0.1236795433199589,0.13235138154892545,1694014769.52894,0.018370361870222285
384,0.12368235615493739,0.13230726965215922,1694014769.5322266,53.94668035069537
385,0.12367954182785112,0.13235138936894597,1694014769.535464,0.00773658396951938
386,0.12367954075124765,0.132351395009899,1694014769.5387537,6.563572025315512e-05
387,0.12367954180911844,0.13235138946710667,1694014769.5420926,0.007603100238439877
388,0.12367854898011976,0.13226942854477142,1694014769.5453732,93.49439472669627
389,0.12367968810931629,0.13235061139771642,1694014769.5486493,1.063297668623837
390,0.12368036142943806,0.13234668643135217,1694014769.5519135,6.318804877614796
391,0.12368155567737649,0.13233742200519127,1694014769.555327,18.296808555911223
392,0.12367984736306581,0.13234973700981922,1694014769.5586298,2.2441026769412074
393,0.04843520312240934,0.05029891175981038,1694014769.561937,41023.996884996544
394,0.12195018388648116,0.12964836703359117,1694014769.5652404,1278.3038226126987
395,0.046922200362946365,0.04871737205841764,1694014769.568538,43034.98784962797
396,0.12367966975227729,0.13227715337004675,1694014769.5718126,85.79162760592553
397,0.12248380662456604,0.13034386238181772,1694014769.5751014,1040.2575959434246
398,0.12356481930491214,0.13196143057881116,1694014769.5783856,326.4634183682206
399,0.06400855806920003,0.06662749337092944,1694014769.581658,25761.736831739716
