trial,score,test_score,time,alpha
0,0,0,1694056423.5505495,0
0,0.6550328447127445,0.5687744287750184,1694056425.2937393,1
1,0.6549792708925496,0.5686056229554672,1694056427.0427153,0.2290598760735556
2,0.6551774804968789,0.5680239221957497,1694056428.9188344,1.816612583919038e-05
3,0.6551663246817717,0.5696665343088628,1694056430.5551069,3.1377965328267496
4,0.6549806764738597,0.5686057473115285,1694056432.3151407,0.22554018180814286
5,0.6550217554744422,0.5683139719364608,1694056434.1185122,0.15983725808418597
6,0.6549673512642828,0.5685496423763188,1694056435.881677,0.020107043155140784
7,0.6549597345884792,0.568554096729135,1694056437.6276581,0.0011129773863956798
8,0.6556527680745641,0.5714615216099177,1694056438.907187,15.585102522223588
9,0.6549638328562428,0.5685559373813359,1694056440.6702397,0.009920800965244343
10,0.6549670175702186,0.5685544625740441,1694056442.401279,0.004658785885377867
11,0.6556813042317478,0.571525944135579,1694056443.6975002,16.268155976268037
12,0.6550361456700707,0.5691588855566598,1694056445.3875177,1.9562346303969604
13,0.6549632405278456,0.5685530092475892,1694056447.1069417,0.00022171723475077212
14,0.6549852123263665,0.5689058331712331,1694056448.8172555,1.3670399695207536
15,0.6550227089914864,0.5682828702023477,1694056450.6084797,0.0006988736341000146
16,0.6618604696239965,0.5880752593481854,1694056451.205829,713.4301815779219
17,0.6490651809700422,0.5859000357410773,1694056451.6486313,3465.3964518555968
18,0.6550244977180493,0.5687455986883838,1694056453.3789241,0.8757262618707401
19,0.6522906274111204,0.5880792498891773,1694056453.8501477,2921.5602942625296
20,0.6549644134465282,0.5685567392028634,1694056455.579889,6.258276832557416e-05
21,0.6550306986464159,0.5688073493281292,1694056457.291701,1.1283943455585326
22,0.6550461705295596,0.5684598828695283,1694056459.0498652,4.496401084278457e-05
23,0.6549722850786277,0.5686001496959648,1694056460.7853596,0.19108353893502653
24,0.6550982270063421,0.5680904579206556,1694056462.6352687,9.232284020997378e-05
25,0.6550451724444291,0.5684570656954284,1694056464.3765593,0.00018689587538335214
26,0.6555267339641991,0.5707720252427725,1694056465.7558768,9.277972689158194
27,0.6550295275616549,0.5681824908585631,1694056467.55093,0.001820203755334102
28,0.6549630409973821,0.5685524724281674,1694056469.2881565,0.00011734290701933661
29,0.6549649004677751,0.5685575359485537,1694056471.0133243,0.0015961072515023223
30,0.6550266519791118,0.5682237143617326,1694056472.8001716,0.031496540168317204
31,0.6550764178669698,0.5685672068260972,1694056474.5554173,0.4762937095898096
32,0.6550265169019991,0.5681977172656025,1694056476.351178,0.0010409557360402466
33,0.656016536480944,0.5723532355155516,1694056477.5441794,25.355212351873227
34,0.6550123479460208,0.5687000952645579,1694056479.292834,0.677171006924609
35,0.6550920797703015,0.5685488842635641,1694056481.0843117,1.128150915551139
36,0.6549708068019009,0.5685701448615506,1694056482.8030655,0.0739480133895524
37,0.6617731073442257,0.5891677943376012,1694056483.3880045,863.7231190819243
38,0.6553882642844655,0.5703099812626304,1694056484.848828,6.310180595160041
39,0.6550452659474408,0.5684563486377715,1694056486.6019654,0.0004197454383030669
40,0.6581559079000914,0.5766744797116783,1694056487.5462973,101.74743415065026
41,0.47688813060254287,0.4316152072545689,1694056487.8286493,44209.01115085734
42,0.6551058853720524,0.5686904998652755,1694056489.5818737,1.0001925415927648
43,0.6229702326885704,0.5640273324445935,1694056489.945383,7855.984889866661
44,0.6549639484766066,0.5685614124802625,1694056491.6772058,0.026069729606071575
45,0.655260131640396,0.5699933528341741,1694056493.1745126,4.692899743405532
46,0.6550601009921639,0.5684986604974369,1694056494.938038,0.18856436935126294
47,0.6549799672451859,0.5686035707891769,1694056496.6526065,0.23306262319394241
48,0.6617591464823073,0.5867149463224255,1694056497.2794123,582.8970400398887
49,0.6551065903710005,0.5694413151675788,1694056498.9158459,2.270082992597826
50,0.5073841131285621,0.4588963002482713,1694056499.1985328,34468.490893030896
51,0.6551421880168748,0.5695213585367236,1694056500.82089,2.767461586969395
52,0.6550192958971124,0.5682700920068375,1694056502.6016483,6.621390825772821e-05
53,0.6550906917137835,0.5681202284232958,1694056504.4019465,0.04607061574576498
54,0.6504999871593373,0.586887955155392,1694056504.8448799,3224.816743524898
55,0.6550518054843395,0.5684925138198231,1694056506.600979,0.11554480672990344
56,0.6549595282026353,0.5685562242339107,1694056508.341669,1.8707840518102305e-05
57,0.6549640556198661,0.5685583500749137,1694056510.0887573,0.0029632779538374078
58,0.655041500435493,0.5684802111308727,1694056511.8205397,4.69292601338031e-05
59,0.380159931938971,0.3455451695512347,1694056512.0757518,86800.07775452359
60,0.45850264757477655,0.41523795551923615,1694056512.3333948,50792.914545477746
61,0.6615029374362034,0.5899170657997459,1694056512.915939,1005.9664836452465
62,0.6554093883876405,0.5709788321363084,1694056514.1970363,10.427284283418704
63,0.6613589990648512,0.5848425148681458,1694056514.8912954,446.27093679379436
64,0.6550256075152099,0.5681748090271841,1694056516.6945434,0.0004923279205178158
65,0.6549639018878004,0.5685568153300683,1694056518.4331415,0.008515934613248946
66,0.6550971110007943,0.5689182498002734,1694056520.1740391,1.7404788613142967
67,0.6550188711455307,0.5682702403685529,1694056521.9687164,0.03683348497102878
68,0.6549638417807572,0.5685534261290343,1694056523.6899598,2.8627910608986438e-05
69,0.4174478165417107,0.37870826750925435,1694056523.945,67847.59434078731
70,0.6549779900054454,0.5686141925716308,1694056525.679779,0.2591487948611751
71,0.6550383249223937,0.5687951300800276,1694056527.4213347,1.0964892893556903
72,0.6549638212100757,0.5685596142440988,1694056529.1510623,0.017195435337484764
73,0.6550840836459916,0.5681194045468883,1694056530.9685209,0.003957742435282527
74,0.6549699963933775,0.568569139311589,1694056532.6919186,0.073943304171531
75,0.656972691615288,0.5904935886411229,1694056533.1781921,2090.1092936520604
76,0.6600243858199748,0.5806520044744629,1694056533.9338408,233.06151373524796
77,0.6549693848729043,0.5685707087574243,1694056535.6668856,0.06195918113706902
78,0.6550966406470056,0.5681087590224876,1694056537.501388,1.3495014854732572e-05
79,0.6616437032598652,0.5896145239722217,1694056538.0868092,941.9967194117403
80,0.6550442470571229,0.5684547686087559,1694056539.8495548,0.004941831985203766
81,0.655408259483489,0.5703596998014459,1694056541.3038342,6.711952668910742
82,0.6550459159545641,0.5684625429477208,1694056543.0741286,1.800982191722212e-05
83,0.6567353840866348,0.5737231601981307,1694056544.1810071,41.88130375329774
84,0.6549895961311465,0.5685572178741551,1694056545.9329674,0.07502988118800936
85,0.6550293482514138,0.5687615781125022,1694056547.6649435,0.9348415080862235
86,0.6550541325973323,0.5684946012832428,1694056549.4268763,0.14094782343920226
87,0.6550366612541598,0.5684939504233588,1694056551.1732938,0.03226405973095329
88,0.6552447934626906,0.5699129494589608,1694056552.6680777,3.23429070945312
89,0.4511584638448044,0.40869977309647976,1694056552.9433758,53592.85565910982
90,0.6549642887414825,0.5685519602168283,1694056554.6599982,0.00013420297779296887
91,0.6549654580965434,0.5685576366606111,1694056556.3849666,0.013570169874668794
92,0.6550444808699589,0.5684604892307707,1694056558.134569,2.6180449460331763e-05
93,0.6601140960374461,0.5808768329706097,1694056558.877396,242.1015590792988
94,0.6564890750202428,0.5732518179137802,1694056560.054713,37.594462208354614
95,0.6549626877792026,0.5685557274586428,1694056561.7939775,0.0014007397849144741
96,0.6549754624693552,0.5685864853724538,1694056563.5120943,0.1470734912740132
97,0.6560962509494684,0.5725022377594453,1694056564.7003093,27.442226306097016
98,0.6567151225175796,0.5736836602810389,1694056565.8236136,41.192036832869896
99,0.6550481911540235,0.5684558451603413,1694056567.5942738,0.0005067238372857977
100,0.6305051944954136,0.5707040518972055,1694056567.9552755,6554.240262022489
101,0.6617977682536893,0.5869763783687808,1694056568.5721908,602.6728095424058
102,0.6549747018999303,0.5685526960860321,1694056570.293295,0.0002185456072949877
103,0.6404637293817834,0.5792404515327061,1694056570.6983454,4888.394697251009
104,0.6606394211962682,0.5823196657541313,1694056571.436441,307.4530337686952
105,0.6615904858405723,0.5897451801732285,1694056572.0424957,967.9580611736698
106,0.6551360547336599,0.5695123104581716,1694056573.670057,2.7130156927754445
107,0.6549651393781672,0.568555180757393,1694056575.4057736,0.0016157685501042454
108,0.5840973909416789,0.5284269227876557,1694056575.741162,15296.302579678651
109,0.6554892420540137,0.570553435559763,1694056577.1967702,8.333851866902075
110,0.6549643806156688,0.5685634938072636,1694056578.916998,0.028998737757052615
111,0.6550466285541716,0.5684637959633358,1694056580.664546,0.004342954634040217
112,0.591502798469653,0.535224168642192,1694056580.9995196,13777.00359242079
113,0.6550543031051786,0.5684880163321503,1694056582.7629943,0.15752685884447176
114,0.655125115628896,0.569482379069499,1694056584.3985393,2.5229878359923634
115,0.655512498253193,0.5711252496242267,1694056585.6987062,12.145672823532925
116,0.6583024318743056,0.590917923630965,1694056586.2026155,1830.1988761885314
117,0.6557262061655764,0.5716056041157975,1694056587.484285,17.204095538117684
118,0.6550168555441984,0.5682689970466615,1694056589.2650099,0.0005849538663281182
119,0.6554739202813016,0.5706519201241187,1694056590.6196163,8.176614572138543
120,0.6550200568405242,0.5687254210525674,1694056592.3340824,0.7810191272828547
121,0.6551567010150712,0.5696463628588428,1694056593.953681,3.013545832080648
122,0.6581356782351195,0.5765403104589378,1694056594.9289274,98.90225594638181
123,0.6550462478539552,0.5684594973712853,1694056596.6683238,0.002871518635123088
124,0.6549697869376625,0.5685470367907612,1694056598.3955889,0.0007349731197303524
125,0.6550466405822943,0.5684609040657755,1694056600.1559403,0.00012759436002617857
126,0.6549651681856433,0.5685529192183808,1694056601.8913698,0.005502911461846662
127,0.654963442651356,0.5685547015959435,1694056603.6236107,1.2661944162135283e-05
128,0.6557864866329766,0.5717846074903457,1694056604.8591514,19.660620862642553
129,0.6549639362780669,0.5685579607633287,1694056606.5859098,0.00894793977139993
130,0.6549625970511801,0.5685548295230259,1694056608.3164418,0.0007462175297098403
131,0.6549651081903574,0.5685549162312253,1694056610.026282,8.971819396387984e-05
132,0.6550459382182123,0.5684644742401228,1694056611.788902,0.006879519003448053
133,0.6549709144000143,0.5685518735834731,1694056613.5165544,0.001410080287438273
134,0.6549654985913953,0.5685553670463763,1694056615.2220342,0.007178560073479179
135,0.6549994100251317,0.5686705823224265,1694056616.9453983,0.5177243299377338
136,0.6551522351656744,0.5694922531376982,1694056618.5936592,3.125850555415286
137,0.6528488901754292,0.5884210710866409,1694056619.0576916,2825.7332097812077
138,0.3989951130325866,0.3623027152349144,1694056619.3137064,76753.291312924
139,0.6549596652676348,0.5685511203824614,1694056621.0334055,3.080923127340842e-05
140,0.6550392131777637,0.5684837461352644,1694056622.7733674,0.0020949927017143324
141,0.6560845998864819,0.5724802614655748,1694056623.9513311,27.109048370693767
142,0.6550424402452484,0.5684673582406087,1694056625.705966,0.0004117803599613714
143,0.639617725034731,0.5785419142367185,1694056626.1318185,5028.737125311494
144,0.6549678049214234,0.5685558867888953,1694056627.8565505,0.001492877810955417
145,0.6602935629502896,0.5813462174410041,1694056628.6146164,261.54738897916513
146,0.6564090709616793,0.5731293584366238,1694056629.7526567,33.900424176265126
147,0.661576315350725,0.589776155275377,1694056630.3481917,974.664425738103
148,0.6550134243174837,0.56828408524789,1694056632.1145697,2.0534097634498986e-05
149,0.6549597343184688,0.5685574668242905,1694056633.8367603,0.001975787745408851
150,0.6582599586602826,0.5769484347741386,1694056634.7578132,111.24358883254006
151,0.6550383336833816,0.568464630152193,1694056636.5059633,7.509743264039182e-05
152,0.655044223624065,0.5684555112927949,1694056638.2658908,2.0225293469019045e-05
153,0.6551718454407214,0.5680304551838793,1694056640.1364937,0.037269137051502796
154,0.6554587515139578,0.5706229271772499,1694056641.5012639,7.903508318333052
155,0.6550944979191338,0.5681092460487409,1694056643.3147647,3.328336853723092e-05
156,0.6550872628896968,0.5681106904866655,1694056645.1454446,4.535620004153116e-05
157,0.6550448606512134,0.5684785165010319,1694056646.8813558,2.7227756661591265e-05
158,0.6549680538532217,0.5685770525599565,1694056648.5970664,0.08943501510488851
159,0.6569491811866907,0.5741579330279459,1694056649.694858,48.33597242391628
160,0.6550443452452706,0.5684618931531206,1694056651.4584107,0.0009555889478887931
161,0.6350425934777859,0.5746649716896897,1694056651.8345582,5789.812733066642
162,0.6549816803136093,0.568597020727115,1694056653.5588455,0.21080987679941382
163,0.6556622107742459,0.5714725259642603,1694056654.8707938,15.7186280406648
164,0.654961665663442,0.5685581364699452,1694056656.5991473,0.00802171871793952
165,0.6555900958528238,0.5713395272951478,1694056657.8825336,14.208418308609668
166,0.5076036195748073,0.4590933172240673,1694056658.1730938,34403.262077425694
167,0.6550681535685707,0.5685519224998679,1694056659.921517,0.3020975236126177
168,0.6549709082314452,0.568552265503377,1694056661.655907,0.0011762466039165567
169,0.6550569461600009,0.5685004249447292,1694056663.415491,0.17933824648910843
170,0.6549814789818981,0.568617907565271,1694056665.134788,0.27908895377769577
171,0.6550426394792852,0.5688172243648684,1694056666.8638318,1.191721752840578
172,0.6550886616273031,0.5689427198679953,1694056668.6004093,1.8085582376759874
173,0.6549619623964023,0.5685557089684001,1694056670.3223114,2.6563905025393884e-05
174,0.6550429500430826,0.5684639169430267,1694056672.0801017,0.00044074851904118306
175,0.6549880680926581,0.5686247456946973,1694056673.7944553,0.31788628881483255
176,0.6584473134747015,0.5773248114210873,1694056674.7108748,120.14666110360646
177,0.6617901556068708,0.5869132778720829,1694056675.3297696,596.8690822299012
178,0.6617699326868226,0.586798104443618,1694056675.9766562,590.2418440183181
179,0.6551190023878264,0.5687018944044647,1694056677.719969,1.0660744257129973
180,0.49923244546732126,0.451587309102658,1694056678.00633,36938.21740536665
181,0.6549687518740192,0.5685571275350986,1694056679.729831,0.020832295410163074
182,0.6550905110544158,0.5686080800073487,1694056681.4890115,0.6525016638757469
183,0.6606182269361909,0.5822592637940331,1694056682.202291,304.60707997280986
184,0.6471221861195189,0.5844929844507843,1694056682.6090927,3787.8710364169087
185,0.6550460040227251,0.5685196151890323,1694056684.346648,0.13950846213913418
186,0.6514280828259268,0.5874992420091452,1694056684.7995162,3067.9278556346103
187,0.6549780525477535,0.5686248781700975,1694056686.5140872,0.27906760004666953
188,0.6588256680441791,0.5781071847138507,1694056687.38658,143.70465714270156
189,0.6549635751761799,0.5685521941844571,1694056689.103003,1.2147408481856778e-05
190,0.655045349678627,0.5684607225727696,1694056690.8543904,1.7865461390728154e-05
191,0.5404232018936046,0.4886241499401621,1694056691.1543639,25380.778290913644
192,0.6550260721159952,0.5682078522809448,1694056692.959218,0.00010504599094456923
193,0.6566391324849703,0.5735592521304954,1694056694.1095197,41.65603258566639
194,0.6549811426839692,0.5685475551872194,1694056695.8676586,0.006801229630431149
195,0.6549663079356682,0.5685529502519553,1694056697.6036015,0.0010195850004539105
196,0.6550489536630713,0.5684955570583492,1694056699.3483284,0.07644372142022245
197,0.5708004556278032,0.5162364652477481,1694056699.6608112,18155.824041107087
198,0.6552468617752218,0.5699823000540911,1694056701.1948411,5.043616972360354
199,0.5870021813101124,0.5310924587160372,1694056701.5247223,14694.205851009821
200,0.6582553582650046,0.5767861783572577,1694056702.4762511,105.35190867720111
201,0.6549653348543061,0.5688366601653763,1694056704.1797402,1.0284057989590323
202,0.6550657327323147,0.5688000593356677,1694056705.930989,1.1504515541600422
203,0.6550505594368594,0.5684614981107499,1694056707.701965,0.0015424385227389237
204,0.6550459638574826,0.5684639139763457,1694056709.4699996,1.1133590081928404e-05
205,0.6550526871970058,0.5685043104081335,1694056711.235431,0.150786492841353
206,0.6553063207370913,0.5700664333005676,1694056712.689584,4.302898516360079
207,0.6348074087177216,0.5744630655203884,1694056713.0908427,5829.330572953285
208,0.6572975524633724,0.5748139749981194,1694056714.1594543,59.682691784445545
209,0.6538587111513241,0.5890088672420146,1694056714.626961,2650.5161880924306
210,0.5703103294202612,0.5157885037784716,1694056714.9397411,18264.713709609117
211,0.5388930136687025,0.4872391896291681,1694056715.2428882,25772.629845988668
212,0.6600732348258462,0.5910196048205423,1694056715.7592595,1446.0773348689
213,0.6549665532220443,0.5685567096299078,1694056717.487206,0.00020603739712644583
214,0.6549638386693055,0.5685638869419731,1694056719.2093832,0.02926174018575112
215,0.6549607695569066,0.5685560342242266,1694056720.9491673,0.0012162558586407835
216,0.6414884643890728,0.5800784017440992,1694056721.3531878,4718.623992093533
217,0.6617822633461496,0.5890094847148803,1694056721.9677758,838.1122589430166
218,0.6549661569795109,0.5685608255529722,1694056723.6983142,0.03090412180338412
219,0.6552709004870292,0.5700169761744327,1694056725.203404,4.913662470066926
220,0.6612327395990552,0.590418081411394,1694056725.7359266,1125.4220051070113
221,0.6566764979270452,0.5903825102842819,1694056726.2131276,2145.914663189727
222,0.6550430344166558,0.5684653405113875,1694056727.959471,0.0011427119511253523
223,0.6596925338557647,0.5799446044469103,1694056728.7667685,202.67585101979043
224,0.6613250499796071,0.5902264900919032,1694056729.3167915,1081.7867096608716
225,0.6550497516673075,0.5684580908019226,1694056731.0725777,2.6995437083587038e-05
226,0.654966121978863,0.5685527024951514,1694056732.8083594,0.00011799783589182212
227,0.6549800179169227,0.5686037395658831,1694056734.5409427,0.22430373152834843
228,0.6550195963147205,0.5682897240447515,1694056736.2927988,0.0016173805591644195
229,0.6314069188247002,0.5714932023532561,1694056736.6636527,6400.599623794438
230,0.6591317228964715,0.578683040316788,1694056737.5062275,157.35312677973604
231,0.6586815493360417,0.5778051392633041,1694056738.3879764,134.91894466115608
232,0.6615731409836345,0.5856675053341321,1694056739.0618176,499.57025253708656
233,0.6549625126423815,0.5685578287407014,1694056740.7807066,0.02029879519141274
234,0.6550460826683671,0.5684616591326764,1694056742.5425916,0.0019324244258427932
235,0.6557853905469313,0.5717040028826735,1694056743.8325527,18.34170026343818
236,0.65497376024371,0.5685869491579572,1694056745.5497756,0.13957013393374765
237,0.5486673427346807,0.4960789984176318,1694056745.8696578,23324.412977044358
238,0.6560643812690377,0.5724436137976407,1694056747.0597272,26.578115783476935
239,0.6549683659800112,0.5685682031256625,1694056748.7948403,0.07396111165959356
240,0.6485096163564524,0.5855032898882699,1694056749.2495966,3557.9235171379746
241,0.6549654641185163,0.5685696924679948,1694056750.9780395,0.06425779773190057
242,0.6549594831662306,0.5685567662136499,1694056752.7059498,0.0006068736452754191
243,0.6618466733901016,0.5875177242342807,1694056753.319359,655.5325432338321
244,0.6550551185256916,0.5684120053255272,1694056755.095583,0.5273341222385216
245,0.6550185596917819,0.5682199514777423,1694056756.9060836,0.003933725436439536
246,0.6578642193909262,0.5759893941495149,1694056757.8892803,83.94454100727273
247,0.42642828934685517,0.3867028411909066,1694056758.1561234,63804.42364683544
248,0.6549627993062878,0.568554705100911,1694056759.8691459,0.0029009209180999402
249,0.6618222261712344,0.5887417668970947,1694056760.461769,798.7999443459206
250,0.6612468640537957,0.584429203537627,1694056761.2061758,420.09976852385796
251,0.655044261470914,0.5684631342388207,1694056762.9564164,0.00015863460143316312
252,0.6550142638141632,0.5896333030745075,1694056763.4282625,2449.2095579770707
253,0.6549893466814758,0.5686497273973166,1694056765.1527894,0.4143707081537395
254,0.6549634638157795,0.5685496990547143,1694056766.8916337,0.00018105637691266134
255,0.6550533756850657,0.569094387568428,1694056768.6063251,2.309057410336671
256,0.6550463082405875,0.5684608036215535,1694056770.3645844,0.009228423319516166
257,0.6549668730454203,0.5685525933972205,1694056772.0774922,0.0005717970791497707
258,0.6549627263864808,0.56855464492616,1694056773.8036327,6.199857491331624e-05
259,0.6549732093472198,0.5685569436516902,1694056775.5300364,0.0009749692495336432
260,0.6551124876680758,0.5681461287082324,1694056777.3649778,0.19764516314094566
261,0.6560509331492559,0.5724179604176525,1694056778.563066,26.188922851279127
262,0.6549667651288972,0.5685539668166059,1694056780.3015704,7.478108945080104e-05
263,0.6588611312720334,0.5782135067591785,1694056781.1414866,143.65008182556016
264,0.6549593793213708,0.5685543552345284,1694056782.8644967,0.00010409937201978193
265,0.6549655006782338,0.5685550488515452,1694056784.578476,0.0005701520748213914
266,0.6586998634618755,0.5778453196527404,1694056785.4886763,135.89879990249628
267,0.6271934289723125,0.5677808058556907,1694056785.8610756,7122.570294614006
268,0.41749907906437844,0.3787538340449548,1694056786.1043262,67824.03298425132
269,0.6563620636087812,0.5730076353760587,1694056787.2782536,33.8118946396472
270,0.6550897858890514,0.5685982043787705,1694056789.0584831,0.5989127105175303
271,0.6549648813636537,0.5685552861592587,1694056790.7562816,7.548758799174419e-05
272,0.6551551165923032,0.5698503600425426,1694056792.2858744,3.8860460880225625
273,0.6549790238659434,0.5685397262170302,1694056794.0279324,0.0006478915176360845
274,0.6549841683291764,0.5689137452206751,1694056795.7350712,1.39322290158838
275,0.6555168829416822,0.5711406220783938,1694056797.0557024,12.282916212815303
276,0.6566629494875911,0.5903772149128103,1694056797.53795,2148.4482697751864
277,0.6549655210666392,0.5685586733441562,1694056799.2555482,0.017278491455279845
278,0.3977648223208955,0.3612085836333987,1694056799.510507,77378.61164685288
279,0.37624418648988356,0.3420591764258738,1694056799.773124,89023.07668975192
280,0.6583229611229536,0.5909222453446534,1694056800.2645764,1826.0312028519224
281,0.6579354741457935,0.5761262306269856,1694056801.2562907,87.40282183909244
282,0.6599232833476198,0.5802938105984912,1694056802.0294142,217.11907544501992
283,0.6358261872928259,0.5753355206019329,1694056802.421648,5658.32772852807
284,0.5132709610984061,0.46418397807466116,1694056802.7025397,32741.71949229707
285,0.6498659270791725,0.5864558290413459,1694056803.1524181,3331.419058783248
286,0.6560283251587269,0.5723766085259687,1694056804.3321357,25.66766708636205
287,0.654962742420292,0.5685550657999903,1694056806.063224,5.432301265822651e-05
288,0.6557278088159644,0.5716011938358405,1694056807.3548713,17.133541583690914
289,0.6549653878682155,0.5685623443488832,1694056809.0800655,0.034051709354738335
290,0.6549604418263304,0.5685539932047585,1694056810.807947,0.00044441246560906973
291,0.6190823700004136,0.5605168481758658,1694056811.1658235,8544.012315210195
292,0.6585777993397366,0.5909704340462185,1694056811.6557333,1773.8006596395735
293,0.6550951379935187,0.5689551089630198,1694056813.3857124,1.8466485039635416
294,0.6549963786981708,0.5686509014519807,1694056815.1097467,0.4310151756444628
295,0.6550227823126289,0.5687243703420144,1694056816.8318195,0.7816509881872657
296,0.6550474682698666,0.5684567673627219,1694056818.5824754,0.004047624324731135
297,0.6551076255435879,0.5681245349313077,1694056820.4238336,0.10626230478248297
298,0.6549819412269852,0.5686076472743031,1694056822.1367645,0.23264771815925467
299,0.6549648632025136,0.568551301942064,1694056823.8580842,1.4143644846962694e-05
300,0.6193687702714825,0.5607763057620686,1694056824.223834,8492.955152722487
301,0.6549659051588028,0.5685542513733617,1694056825.9368663,1.9565600357282344e-05
302,0.655027291709867,0.5682167170532567,1694056827.7160904,0.05357088735200507
303,0.655046782697548,0.5684566498269066,1694056829.4579554,9.093543464215859e-05
304,0.6550494365903778,0.5684613888677157,1694056831.2122235,0.0009324878965764645
305,0.5358553700451281,0.48449196719440035,1694056831.5122802,26558.657845539794
306,0.655052906161963,0.56847290813521,1694056833.2716043,0.05160736874467645
307,0.6596039526466003,0.5797339437025872,1694056834.0781407,194.98805993337828
308,0.6550438288264959,0.5684612328450742,1694056835.8450599,0.00018264218171530687
309,0.6549619300590013,0.5685541745648571,1694056837.5558615,0.0032570859344336835
310,0.6308724087148099,0.5710258078575405,1694056837.9293292,6491.618230407341
311,0.60681778949799,0.5493107301122409,1694056838.2740462,10788.51090501551
312,0.6549653545944193,0.5685549044407386,1694056839.9877758,0.007522333471475064
313,0.46918047188136947,0.4247518132332373,1694056840.2413101,46895.515598201404
314,0.6569394815388965,0.5741389763019862,1694056841.3487778,47.97261098287204
315,0.6550359001874779,0.5687880231951226,1694056843.0836816,1.071686439270558
316,0.6550522806467491,0.5684730345858537,1694056844.8452437,0.06025930056683134
317,0.6549647936616245,0.568559773016087,1694056846.5802474,0.023641930862435264
318,0.5119632901748569,0.4630086747585591,1694056846.862394,33121.27532602665
319,0.6578971297813598,0.576064851523348,1694056847.8583817,85.77056795433344
320,0.6550361604803068,0.5690697229983854,1694056849.5672965,2.192890775772715
321,0.6549677591700487,0.5685541469219888,1694056851.281711,2.7220555223968164e-05
322,0.6550616256008444,0.5681401612574447,1694056853.07959,0.00298888190805169
323,0.534086720475571,0.48289368951794265,1694056853.3706574,27021.361440643745
324,0.6552689765122663,0.5699723813136793,1694056854.843955,3.7034088701987784
325,0.6549682147438454,0.5685603609031387,1694056856.5455928,0.03759952197782429
326,0.655045503302239,0.5684588327546479,1694056858.073162,1.2430933448531117e-05
327,0.6549627544844991,0.5685566507486001,1694056859.203754,0.0034314894835362924
328,0.6549634565865865,0.5685538339927348,1694056860.3351269,0.0034855145620521213
329,0.6549650561497491,0.5685555085820475,1694056861.451203,0.0005091611518993106
330,0.6550485405495576,0.5684606897023458,1694056862.4400287,0.02817082701199895
331,0.6550455385575353,0.5684572710411631,1694056863.4068155,0.0010628953656396688
332,0.654966182230743,0.5685528400987958,1694056864.343483,4.2561350681263204e-05
333,0.6549628634757316,0.5685533603803531,1694056865.2904904,9.541221076549738e-05
334,0.6550272025591524,0.5687599556759388,1694056866.2286863,0.9274169373916422
335,0.6549630125577313,0.5685510523818477,1694056867.16578,4.972856236606596e-05
336,0.5521895146317606,0.4992766785535636,1694056867.3336494,22466.511043559665
337,0.6550433551114283,0.5684673833305779,1694056868.2862873,0.0011507377270264867
338,0.6549933843627948,0.5686534645625955,1694056869.225794,0.4386554197436731
339,0.6549689492831964,0.5685855278791694,1694056870.1579156,0.14017887526402642
340,0.6549686958367525,0.5685562869406696,1694056871.1015375,0.008191759327667344
341,0.654960185426253,0.5685587911806897,1694056872.0419545,0.017190366983747304
342,0.6549635769816198,0.5685549305232911,1694056872.9801188,0.0013060982097119922
343,0.654965102532959,0.5685519122648528,1694056873.9202952,0.006348671818576296
344,0.6550408957360041,0.5684665395141468,1694056874.8742535,0.00014826899948618412
345,0.6577317691705147,0.575673114030633,1694056875.4340363,78.07621436225605
346,0.6561137522904201,0.5725353430818627,1694056876.0830426,27.878017972977656
347,0.6550488755111521,0.5684612161029696,1694056877.0415275,0.013040493693082012
348,0.6316858892229349,0.5717366820503778,1694056877.240094,6353.156616263994
349,0.655051986506128,0.568471848601088,1694056878.1896565,0.07307305272258646
350,0.6555294004176782,0.5712178262811298,1694056878.8828628,12.90901196056946
351,0.6550831685418561,0.5689220008973235,1694056879.8222628,1.7048778239441764
352,0.6550432969189681,0.5684737960838406,1694056880.780907,0.017806068349356236
353,0.5632675680431694,0.5093592453654874,1694056880.947668,19856.569978037944
354,0.6516269869492939,0.5876259155616745,1694056881.1877177,3033.9896153507057
355,0.6542734872439486,0.5892372507717945,1694056881.4406648,2577.6828388622253
356,0.5059212072487781,0.4575835568426141,1694056881.5893922,34904.89738319959
357,0.6550442420379737,0.5684602347482933,1694056882.5453084,1.058825184728856e-05
358,0.6550155923581967,0.5687368468012992,1694056883.4976983,0.8340479174620601
359,0.54614137257883,0.49380613943671536,1694056883.6528294,23940.388327542194
360,0.6549632337511617,0.5685539731953617,1694056884.5388288,0.00022093656534480913
361,0.6549607397011366,0.5685538975558854,1694056885.3371603,0.0028180025654218305
362,0.6550440761978602,0.5687928004513335,1694056886.1165497,1.1236193399971701
363,0.6573236722023876,0.5748791361904171,1694056886.5536795,60.843627417070635
364,0.6549657871005061,0.5685565699225772,1694056887.2253892,0.021261777849122577
365,0.6549654218240344,0.5685567190809605,1694056887.8729823,0.011578351126545794
366,0.661746595822162,0.5865975301001041,1694056888.107881,572.7684825069822
367,0.6549644916854429,0.5685548675183032,1694056888.7484286,2.1307837805165387e-05
368,0.661859964597814,0.5881400199032449,1694056888.9746602,721.0719891248383
369,0.6549807467412445,0.568596079910186,1694056889.6184602,0.1929313550629933
370,0.6557778382575759,0.5718188629847729,1694056890.0531187,19.502692428908265
371,0.6583017897085052,0.5770315769820287,1694056890.3301327,113.50898731240306
372,0.6549619697219444,0.5685536101324928,1694056890.769572,9.653533193031595e-05
373,0.606088681305708,0.5486423949814133,1694056890.8523402,10926.01138578984
374,0.6590614534797794,0.5910534522873914,1694056890.973076,1671.5704541954797
375,0.6549710117787149,0.5685659260631074,1694056891.381429,0.05673020756098772
376,0.6549647654937385,0.568552285329385,1694056891.7899275,0.0008870401648263491
377,0.6549655341678233,0.5685507905950449,1694056892.1777265,4.246727363804504e-05
378,0.6549631709340742,0.5685541983598946,1694056892.5601435,0.012192401660122672
379,0.6586923417097093,0.5778300188257794,1694056892.7500942,135.4938571064958
380,0.6604405147538245,0.5909216700225449,1694056892.8630383,1354.6189969898744
381,0.6549658791154106,0.5685584271816055,1694056893.2381701,0.018445184861399868
382,0.654965711133632,0.568553720623234,1694056893.614276,0.0015955075589878145
383,0.6550272378821956,0.5682870423304967,1694056894.001395,0.018790651433559517
384,0.4774347900826026,0.43210294001459504,1694056894.0591154,44021.85744124272
385,0.654965925526183,0.5685531859569571,1694056894.4354868,9.139175175653371e-05
386,0.6549650718558515,0.5685541343633511,1694056894.8091154,0.0004186339798674753
387,0.6579391298218153,0.5761330483561478,1694056895.0225627,87.5772269454629
388,0.6550443189068389,0.5684590041222426,1694056895.4061956,0.0002498244790571887
389,0.6549618225520539,0.5685560782227725,1694056895.7832735,0.004637233090962846
390,0.6613278126830051,0.5902015284833988,1694056895.9076457,1075.8673417388623
391,0.6550460360445023,0.5684611935230461,1694056896.292052,0.010141865310522843
392,0.6554551189070468,0.5708059725195807,1694056896.5804071,9.336099868310031
393,0.6553573040651688,0.570194053193342,1694056896.901752,5.3471562843274105
394,0.6549653885889359,0.5685538059877668,1694056897.2769725,0.004512681845001054
395,0.6550188419872802,0.5682725279359557,1694056897.649575,0.0030714460329797997
396,0.6550396264473535,0.5684598497056846,1694056898.0087767,0.0078841505130073
397,0.6353007513270609,0.5748862637205783,1694056898.0874448,5746.4644489162165
398,0.6549699487593539,0.5685523549880049,1694056898.4388392,1.5402154223193877e-05
399,0.6549708447373941,0.5685510776470413,1694056898.7906141,8.248293785282352e-05
