trial,score,test_score,time,alpha
0,0,0,1694021187.274902,0
0,0.0740264145022621,0.07780170325805502,1694021187.2789104,1
1,0.07377103914775396,0.07746298147288255,1694021187.2824712,516.6618951844393
2,0.0740263738104,0.07780181556418975,1694021187.2857761,1.6125734071333683e-05
3,0.0740267134104663,0.07779882565968033,1694021187.289108,21.701130033392342
4,0.07393466072512511,0.07766131625689165,1694021187.2923565,307.6371826259804
5,0.07402641316690306,0.07780170709373624,1694021187.2956393,0.9662068742486025
6,0.07402637388390199,0.07780181536938813,1694021187.2988431,0.0017699722412548092
7,0.0740263738498057,0.07780181545975595,1694021187.3021207,0.0009563759526973412
8,0.07386890449923444,0.07757985127511158,1694021187.3052561,403.00192627116155
9,0.07402637383030386,0.07780181551144238,1694021187.3084848,0.0004910303832962884
10,0.054313517653711396,0.056657033220165576,1694021187.3162491,9983.0115649288
11,0.07402643775012174,0.07780163468024925,1694021187.323728,1.6000359818563206
12,0.07402664852642105,0.07780074237674572,1694021187.3307889,8.80055256294377
13,0.0740266681088354,0.07780060657505872,1694021187.337763,9.813728710438111
14,0.07402655498595612,0.07779744104545627,1694021187.3448637,29.661997332322795
15,0.03757194410130338,0.03903268666500437,1694021187.352219,23468.78175149855
16,0.07402637725437189,0.07780180640692702,1694021187.3596046,0.08238712186942719
17,0.07402645293672061,0.07779686207981795,1694021187.3673196,32.75387380353007
18,0.07402637556142,0.07780181091595728,1694021187.3767006,0.04184660366377351
19,0.0694402260963225,0.07272846858671267,1694021187.385854,2834.799838442708
20,0.0740241018907527,0.07778957836777556,1694021187.3943288,64.59107038902836
21,0.07402666885979736,0.07780060094597374,1694021187.4028378,9.855323705858128
22,0.07402661282088951,0.07780095026007927,1694021187.4102004,7.211687834147382
23,0.07120848093942622,0.07463367517995512,1694021187.4174378,2041.3051235904663
24,0.014835614668076813,0.015248901642753054,1694021187.4248726,89387.6490965032
25,0.07401711095055896,0.0777757529187425,1694021187.4328983,108.29891063410001
26,0.07402670837141778,0.07780023026149097,1694021187.4402268,12.528647515788723
27,0.07399073411359025,0.07773550349975533,1694021187.4474256,195.72013233499243
28,0.07402646708014593,0.07780154284344709,1694021187.45446,2.3916532220618048
29,0.07402638478502288,0.07780178616892852,1694021187.4615881,0.26389707882822655
30,0.07402621182867275,0.07779575969963326,1694021187.4700859,38.33132570896602
31,0.07402664788746516,0.07780074649656799,1694021187.4780383,8.769518801228985
32,0.07402668888846953,0.07780043524175695,1694021187.4861078,11.066015140416118
33,0.07315744126760626,0.07676544545028063,1694021187.4944422,1004.0897743122739
34,0.07400807074725912,0.0777609607067361,1694021187.5055768,144.74624156264764
35,0.07402640123062798,0.07780174090817704,1694021187.5162773,0.6672091407635788
36,0.07379650234985258,0.07749305939727336,1694021187.5262523,489.21585631201907
37,0.07402649591462851,0.07780144587130555,1694021187.5338354,3.2134045575738974
38,0.07402656222250314,0.07779748668406616,1694021187.5409744,29.412927012626888
39,0.07402640376874825,0.07780173378771171,1694021187.5480142,0.7303335587312616
40,0.07400444454207067,0.07775541547048137,1694021187.5551343,156.84152350604188
41,0.07402672599522708,0.07779995605314616,1694021187.5621896,14.429415169503566
42,0.07402672620837103,0.07779995155623054,1694021187.5692673,14.46008497821486
43,0.07402648172380755,0.07780149449464013,1694021187.5763524,2.8031340248388705
44,0.07402438409096446,0.07779026821421331,1694021187.5836241,61.96954759344336
45,0.07402673370221713,0.07779973652956107,1694021187.590886,15.908755417286564
46,0.0739256365444263,0.0776499060938719,1694021187.5981073,322.2152140201001
47,0.07402673392505998,0.0777993067292958,1694021187.6053386,18.706754922790406
48,0.0740266332170817,0.07779798754764533,1694021187.6125839,26.623759280448994
49,0.07402159710999201,0.07778411943898433,1694021187.6197753,83.53904759315911
50,0.07402655621824805,0.07780121562789721,1694021187.627079,5.110521928613099
51,0.07402671084999213,0.07779878632022874,1694021187.6342618,21.940153236651046
52,0.07402644210016662,0.07780162145183522,1694021187.6414497,1.7148915413822423
53,0.07402671754855605,0.07779889391587802,1694021187.6485925,21.284396514936848
54,0.07402654267206787,0.07780127117550295,1694021187.6557553,4.659464107313003
55,0.07402257729834583,0.07778614752411317,1694021187.6629248,76.82772579355337
56,0.07402673370375334,0.0777992963527655,1694021187.670092,18.772806219465767
57,0.07402673590631237,0.07779958943021681,1694021187.6773913,16.88045123551356
58,0.07397577031103608,0.07771491044712542,1694021187.6845636,230.75023501953967
59,0.0740264297107055,0.07780165879090595,1694021187.6917987,1.3899619979955262
60,0.0740251296934209,0.07779222397965524,1694021187.6990118,54.177126332032564
61,0.07402673615575772,0.07779952823724101,1694021187.7062817,17.28025803407903
62,0.07402673525733838,0.07779938461345337,1694021187.7135882,18.20881153102979
63,0.07402663135716081,0.07780084755827277,1694021187.7207432,8.00257572209381
64,0.07402650474571659,0.07780141466422241,1694021187.7282157,3.474890098829241
65,0.07402595814729229,0.07779479512446286,1694021187.7355556,42.928971318995636
66,0.07402672510117658,0.07779997439666764,1694021187.7428184,14.30414610070778
67,0.07402654246943707,0.07780127198759135,1694021187.750176,4.652839412084492
68,0.07401916749498505,0.07777944766185863,1694021187.757493,97.8633202155394
69,0.07402610678089028,0.07779534329825954,1694021187.7647135,40.345641121620595
70,0.07364050105524311,0.0773111073685262,1694021187.7730565,642.4614957710726
71,0.07402669358751279,0.07780039088302015,1694021187.780384,11.385730839039239
72,0.07402673610774801,0.07779955103754921,1694021187.7879314,17.1315885961974
73,0.07402671747061529,0.07779889256798855,1694021187.79549,21.29265094466009
74,0.07401240531362197,0.0777678347900016,1694021187.8030953,128.69116676018706
75,0.07402662921953751,0.07780085992445318,1694021187.8108127,7.907970021259579
76,0.07402655999471286,0.07780119967870391,1694021187.8184428,5.239284861885844
77,0.07402645034733402,0.07780159600828318,1694021187.8261054,1.9350127313788403
78,0.07402534758340207,0.07779284568430078,1694021187.8339462,51.57354052038453
79,0.07402673579249375,0.07779960370741534,1694021187.8415513,16.786802559003
80,0.07399904974579652,0.07774741536216634,1694021187.849055,173.2127759772042
81,0.07402673381553082,0.07779973151328479,1694021187.8567226,15.94214392618618
82,0.07402671340854072,0.0777988256293396,1694021187.8643463,21.7013147065105
83,0.07402660354814816,0.0778009981892378,1694021187.872066,6.83847714272145
84,0.07402632987464741,0.07779626718171984,1694021187.87965,35.81039191875365
85,0.0740231179306392,0.0777873177173154,1694021187.887476,72.79045072506113
86,0.0740267351223024,0.07779966091608692,1694021187.895412,16.410135956703744
87,0.07402649014512808,0.07780146585974224,1694021187.9032106,3.0451721344381046
88,0.07402641983262515,0.07780168783836394,1694021187.9109294,1.135600013561656
89,0.07402670415395152,0.07780028006664608,1694021187.9188027,12.176680889011447
90,0.07402641216782302,0.0777966554140257,1694021187.9267507,33.82881516409236
91,0.07402673599276866,0.0777994613437667,1694021187.9347017,17.714426576356022
92,0.07402660535378802,0.0778009890179393,1694021187.942805,6.910098476034358
93,0.07402673114451597,0.07779919930581869,1694021187.950648,19.387315271656266
94,0.0740178430613645,0.07777704713452183,1694021187.9584923,104.72104441894245
95,0.07402504687035993,0.0777919947675505,1694021187.9663653,55.120548861239136
96,0.07395906223371518,0.07769273394217502,1694021187.9741735,264.5580636891814
97,0.07402665337754522,0.07779815555992542,1694021187.982009,25.66396817032801
98,0.07402646790916356,0.07780154015318086,1694021187.9898903,2.4146431750424147
99,0.07402669185399513,0.07780040754933404,1694021187.9977286,11.265820023278163
100,0.07402673520599701,0.07779965511424669,1694021188.0058122,16.448439808722586
101,0.0740265362304049,0.07780129673422831,1694021188.0140343,4.450540728548492
102,0.07402673417242212,0.0777997148458659,1694021188.0220191,16.052953076876577
103,0.07402637058709394,0.0777964549771134,1694021188.0299578,34.85785720836424
104,0.07402656938041519,0.07780115909726837,1694021188.038033,5.5654347867201075
105,0.07402667271398344,0.07780057147791775,1694021188.0462554,10.072562015885286
106,0.07402407255547683,0.07778950790420669,1694021188.0545046,64.8554676862174
107,0.07402672417201817,0.07779999265163917,1694021188.0627313,14.179220886396799
108,0.07402661760255524,0.07779786711409975,1694021188.0711086,27.30405463101582
109,0.07401924017818373,0.07777958190389711,1694021188.0794005,97.47068794724237
110,0.07402650508771702,0.077801413440309,1694021188.0876403,3.485116560045628
111,0.07402673561405881,0.07779941463544393,1694021188.0960066,18.01583168542837
112,0.07402663554774047,0.07780082287750012,1694021188.1044657,8.190891223134033
113,0.07402673614404398,0.07779953674817142,1694021188.1128662,17.224803575875452
114,0.07402617658663868,0.07779561683075487,1694021188.121245,39.02773924990694
115,0.07402673481895117,0.07779935496270995,1694021188.1295826,18.398835471573626
116,0.07402516906966672,0.07779233424764254,1694021188.1378074,53.72017590266362
117,0.07402662247835057,0.07780089799198431,1694021188.1460226,7.615675684557257
118,0.07402666492449206,0.0777982599836814,1694021188.154049,25.060928713559935
119,0.0740066185895818,0.07775872093685277,1694021188.1621768,149.7142114749715
120,0.07402671327849852,0.07780016683322089,1694021188.1703365,12.973816860085602
121,0.0740267361210859,0.07779954666017741,1694021188.1786518,17.16015852000107
122,0.07402655727009644,0.077801211206735,1694021188.187401,5.14624847744314
123,0.07402673191919185,0.07779922541127826,1694021188.1958618,19.2225840613066
124,0.07402665087799976,0.07780072706241781,1694021188.2042265,8.915756260778396
125,0.07402597972296088,0.07779487220377568,1694021188.2127767,42.57019956778654
126,0.07402645825126353,0.07780157116015174,1694021188.2213023,2.148988564266111
127,0.07402221111043294,0.07778537719263945,1694021188.22952,79.41736731569861
128,0.07402651284956896,0.07779718902213117,1694021188.2381637,31.02301065274105
129,0.0740267164625068,0.07780012165954786,1694021188.2468448,13.288810247271321
130,0.07402651634410196,0.07780137248899421,1694021188.255465,3.826051530192393
131,0.07402673599107978,0.07779957651025005,1694021188.2643003,16.96507676401559
132,0.07402673287713002,0.07779926114864222,1694021188.273282,18.99639478932488
133,0.07402660490732438,0.07780099129269868,1694021188.282334,6.892343413477041
134,0.07402558884737875,0.07779357230698891,1694021188.2912035,48.44195416299253
135,0.07402663885508176,0.07779803295905607,1694021188.3004763,26.365590783506928
136,0.07402671630127544,0.07780012403733971,1694021188.3095386,13.27227215183308
137,0.07402658323137123,0.07780109654690337,1694021188.3184373,6.06407299757644
138,0.074022325681255,0.07778561645427928,1694021188.327778,78.61855439814951
139,0.0740267358151131,0.07779943612747897,1694021188.3365335,17.87732259567471
140,0.07402666376428046,0.07780063846655338,1694021188.3448286,9.577477438939164
141,0.07402673614964139,0.07779950456646956,1694021188.3532972,17.434233065422625
142,0.07402665950451837,0.07779821010271282,1694021188.3616464,25.349621154464703
143,0.07402556718275399,0.07779350512814698,1694021188.370345,48.73572139157725
144,0.07402673587545794,0.07779944374875625,1694021188.378859,17.82813351184281
145,0.07402638644216841,0.07779653029386502,1694021188.3872716,34.47270692914167
146,0.0740264904361071,0.07780146485898742,1694021188.3958766,3.0536089967505053
147,0.07402666916136358,0.07780059867542655,1694021188.404418,9.872092581520798
148,0.0740125257699169,0.07776803062584814,1694021188.412954,128.2137407010824
149,0.07402658802643669,0.07780107408586168,1694021188.4217577,6.241945599003744
150,0.0740267316924842,0.07779981109191969,1694021188.4307225,15.410312496063876
151,0.0740267334957515,0.07779928700927585,1694021188.439418,18.83222400401397
152,0.0740265695997776,0.07779753403581013,1694021188.44786,29.153641217113094
153,0.07402668294251014,0.07780048798481154,1694021188.4565883,10.683495696442465
154,0.07402498817881153,0.07779183445486804,1694021188.4652777,55.775328721665936
155,0.07402653862950426,0.07780128727684188,1694021188.4735951,4.527950444914526
156,0.07402672438410263,0.07779902491698876,1694021188.4818637,20.477256993074135
157,0.07402667296723486,0.07780056950649039,1694021188.490227,10.087064955745959
158,0.07402614464459056,0.07779549019676713,1694021188.4986217,39.64035347707448
159,0.07402673579596342,0.07779960330837155,1694021188.5074189,16.78942192007931
160,0.07402341957463277,0.0777879905322233,1694021188.5161185,70.40834051746778
161,0.0740267307414253,0.07779984016986075,1694021188.5252342,15.21482199380681
162,0.07402661485752682,0.07779784666779166,1694021188.5334318,27.418927425857824
163,0.0740266068247819,0.07780098148991776,1694021188.5416195,6.96881340933118
164,0.07402673026649442,0.07779917198085484,1694021188.5496643,19.559297469177817
165,0.074026683102836,0.0778004866071802,1694021188.5579724,10.69352019137219
166,0.0740262459471972,0.07779590147415072,1694021188.5661244,37.63459960487108
167,0.07402652442463065,0.0778013422556999,1694021188.5744846,4.0762345835424645
168,0.074026436183672,0.07780163941209339,1694021188.5827549,1.5588828117502613
169,0.07402673461951692,0.07779969163105671,1694021188.5910869,16.206960117531313
170,0.07402665205846004,0.0777981440531843,1694021188.599138,25.730109793422077
171,0.07402673258327064,0.07779978078724958,1694021188.6073763,15.613385989573816
172,0.07402664896445177,0.077800739542354,1694021188.6156583,8.821893099198109
173,0.07402672758579432,0.07779992119190071,1694021188.6237843,14.666766606159113
174,0.07402637205269602,0.0777964618849587,1694021188.6318753,34.82260782930125
175,0.07402671422186258,0.07779883855287051,1694021188.6403317,21.622608297700335
176,0.07402658289367103,0.07780109811243685,1694021188.6483445,6.051652226793087
177,0.0740249127557896,0.07779163085975027,1694021188.656545,56.60103357276396
178,0.07402669459889133,0.07780038098548026,1694021188.664781,11.45682192968906
179,0.07402669693007347,0.07779859882707585,1694021188.6729262,23.067987898726457
180,0.07402648650295984,0.07780147832143058,1694021188.6810455,2.9399893811814204
181,0.07402672752039108,0.07779992268906666,1694021188.6892235,14.656592437426216
182,0.0740262267181877,0.07779582113180172,1694021188.697525,38.03012703258768
183,0.07402662229835888,0.07780089898982367,1694021188.7059011,7.6079921943571955
184,0.07402673615538657,0.07779952862286565,1694021188.714279,17.277746483310565
185,0.07401986668515181,0.07778075133524076,1694021188.7227821,94.00626859020748
186,0.07402673477058086,0.07779935200629551,1694021188.7310352,18.41775153440344
187,0.07402662617891353,0.07779793234930321,1694021188.7395258,26.936342900285577
188,0.07402657121895317,0.0778011509834039,1694021188.7482486,5.630393575451071
189,0.07402489922656896,0.07779159461527907,1694021188.7566426,56.74735113273704
190,0.07402664912280721,0.07780073851564051,1694021188.765064,8.829621289886926
191,0.07402673522500014,0.07779938221160365,1694021188.7734187,18.22422536150025
192,0.07402673078777677,0.07779918794506091,1694021188.7818584,19.458874408530985
193,0.07402671886808099,0.07780008486674639,1694021188.7903724,13.544122205469963
194,0.07402633532552572,0.07779629188821402,1694021188.7988703,35.68570245113373
195,0.07402668882541574,0.07780043581992069,1694021188.8073142,11.061836063173036
196,0.07402661857375237,0.07779787439675656,1694021188.8170292,27.263095462342523
197,0.07402673583140484,0.07779959911661416,1694021188.8256652,16.816930384009286
198,0.0740266338040082,0.07780083321943287,1694021188.8338878,8.112062746043303
199,0.07402579980691992,0.07779425069652957,1694021188.8420565,45.42371288464665
200,0.07402654653575458,0.07780125558749085,1694021188.8506844,4.786454157648858
201,0.07402673318480169,0.07779927368196982,1694021188.8591595,18.916881587819
202,0.07402671349053724,0.07780016393415379,1694021188.8675532,12.994082846528979
203,0.0740266886049118,0.07779850136046795,1694021188.8759234,23.647077003417404
204,0.07402673536271431,0.07779939275013847,1694021188.884234,18.156566870691925
205,0.07402667545743857,0.07780054987855123,1694021188.8923779,10.231252663467828
206,0.07402655406236636,0.07779743527587801,1694021188.90081,29.693426583237642
207,0.0740257055505783,0.07779394180267296,1694021188.9090333,46.80993347889588
208,0.07402673199586929,0.07779980115319685,1694021188.917415,15.476986892580845
209,0.07402660306616515,0.07780100062461459,1694021188.9262989,6.819441986539395
210,0.07402665493290983,0.07779816923213179,1694021188.9347267,25.58530015236174
211,0.07402673615642619,0.07779951040745803,1694021188.9432306,17.396273163999545
212,0.07402672698534785,0.07779993472065427,1694021188.9516692,14.574767854193935
213,0.0740266725027432,0.07780057311890132,1694021188.9600651,10.060487110608948
214,0.07402643594160818,0.07779677457828493,1694021188.9682863,33.21076178751145
215,0.07402672954535172,0.07779915098033785,1694021188.97654,19.691167237881054
216,0.07402638356624802,0.07780178946452898,1694021188.98485,0.23438944710505208
217,0.07402669259098515,0.0778004005087587,1694021188.99327,11.316506507144913
218,0.07402485143007864,0.0777914672169816,1694021189.0018523,57.26005467876566
219,0.07402657607768737,0.07780112926864158,1694021189.0103416,5.803831782507121
220,0.07402671837124641,0.0777989083085181,1694021189.0186791,21.196193237004294
221,0.07402672759972961,0.07779909927224649,1694021189.0275252,20.014736012864756
222,0.07402672705908353,0.07779993308477395,1694021189.0358262,14.58589970842379
223,0.0740264354846355,0.07779677225317694,1694021189.0441327,33.22286674088091
224,0.07402662845759822,0.0778008642969914,1694021189.0525115,7.874478174859006
225,0.0740267359200002,0.0777994499049276,1694021189.060858,17.78837268353588
226,0.07402669622775127,0.07780036476125707,1694021189.0692773,11.573163751703433
227,0.07402660868937994,0.07779780143690374,1694021189.0777,27.672413715657044
228,0.07402637386456923,0.07780181542062825,1694021189.0864599,0.0013086523741510751
229,0.06911017598322855,0.07237427692504805,1694021189.0948963,2977.8961865754422
230,0.07402672642408292,0.07779994695342063,1694021189.1033092,14.491460783430746
231,0.07402670462641014,0.0777986977838695,1694021189.1116974,22.47504220768955
232,0.07402637381088506,0.07780181556290511,1694021189.1202016,2.769149675202362e-05
233,0.07402673603401277,0.07779946896397427,1694021189.1291301,17.665118069176785
234,0.07402590671331344,0.07779461435768142,1694021189.1382115,43.76484308388053
235,0.07402666054173745,0.07780066142102926,1694021189.1471124,9.406799617718685
236,0.07402673260453518,0.07779978001883103,1694021189.1559033,15.618526456818138
237,0.07402643050786939,0.07779674702142014,1694021189.1643724,33.35411056832494
238,0.07402275209812803,0.07778652129760077,1694021189.1727712,75.5521638451946
239,0.07402672725566195,0.07779909074083802,1694021189.1812477,20.067969638062188
240,0.07402662650661629,0.0778008754104278,1694021189.1896162,7.789258512685639
241,0.07402672265976606,0.07780002083379489,1694021189.19813,13.985845584567855
242,0.07402673039857699,0.07779917595910057,1694021189.2071183,19.534286685160446
243,0.07402661174040692,0.07779782368969346,1694021189.2162485,27.54781154937384
244,0.07402670048173121,0.07780032058675646,1694021189.2248962,11.888735783427437
245,0.07402673092474832,0.0777991922625989,1694021189.2340896,19.431688341458077
246,0.07402625873451663,0.0777959555598301,1694021189.2431676,37.36729268690277
247,0.07402653564843165,0.0778012990175776,1694021189.252117,4.431833110437903
248,0.07402664778410972,0.07780074716134966,1694021189.261463,8.764509469230543
249,0.07402673576004404,0.07779960735142666,1694021189.2703032,16.762877838708857
250,0.07402671034718278,0.07780020551498823,1694021189.279262,12.702735492335009
251,0.0739074972931244,0.07762722891868545,1694021189.2884638,349.8460631588004
252,0.07402661678538114,0.07779786100628505,1694021189.2977743,27.338388702155004
253,0.07402588168092039,0.07779452781031626,1694021189.3068535,44.16234931396706
254,0.07402657794077783,0.07780112083454893,1694021189.3161016,5.87103661209351
255,0.07402673615035138,0.07779953283161867,1694021189.3251898,17.25032862646475
256,0.07402668707061388,0.07780045174139472,1694021189.334257,10.946630757078687
257,0.07402637527852873,0.07780181166797728,1694021189.3436346,0.03508165475468891
258,0.07402669216364277,0.0777985419869287,1694021189.3532135,23.406284756215555
259,0.07402673239186297,0.0777997876009664,1694021189.3630867,15.567785584732146
260,0.07402663398757592,0.07780083213560862,1694021189.3724604,8.120329358491418
261,0.03078976655184318,0.0319221615103481,1694021189.3817804,32989.053273174635
262,0.07399874634862402,0.07774697271822295,1694021189.3912354,174.08619942299737
263,0.07402635065513785,0.07779636207627072,1694021189.400721,35.330445493907796
264,0.07402414423825165,0.07778968048182688,1694021189.4103189,64.2068246347354
265,0.07402673615411481,0.07779952984067129,1694021189.4197001,17.2698143345308
266,0.07402663958702549,0.07779803893769677,1694021189.4289987,26.33153327478121
267,0.07402670228966657,0.07780030093820445,1694021189.4381728,12.028543125700349
268,0.0740266024595253,0.07780100368231713,1694021189.4474576,6.795532788543227
269,0.07402673608221033,0.07779955806915473,1694021189.4568279,17.08566799784878
270,0.07402562378525512,0.07779368154269573,1694021189.4662085,47.96235917674952
271,0.07402651357460588,0.07780138268723336,1694021189.475631,3.741370501191573
272,0.07401574659225152,0.07777339265979266,1694021189.485049,114.630751881192
273,0.07402672995900494,0.07779916288292155,1694021189.494724,19.61645925257062
274,0.07402669059746525,0.0778004194049342,1694021189.5042236,11.180366565857627
275,0.07402659559937197,0.07779770844604572,1694021189.5137331,28.190855064801966
276,0.07402673280748528,0.07779977256255222,1694021189.5232124,15.66838410948126
277,0.07402663973323909,0.07780079761665826,1694021189.532474,8.382947351068278
278,0.07402621088836903,0.07779575584211784,1694021189.5420241,38.350203541736235
279,0.07402672522565501,0.07779904332564469,1694021189.55199,20.363048046990947
280,0.07402658826718733,0.07780107294651462,1694021189.5616636,6.250951851983405
281,0.07402418526778554,0.07778977987270363,1694021189.5714173,63.831578154679896
282,0.0740267057131434,0.07780026209536361,1694021189.5816648,12.303929074468446
283,0.07402659572224524,0.07779770930131291,1694021189.591869,28.186103199869134
284,0.0740267361492738,0.0777995043162637,1694021189.6015615,17.435858614537935
285,0.0740264834230353,0.07780148876717718,1694021189.611133,2.8516438085938627
286,0.07402665482880189,0.07780070077300871,1694021189.6206226,9.112951837270003
287,0.07402613237016653,0.07779544220849743,1694021189.6301045,39.871381134088594
288,0.0740267314865668,0.07779981764037636,1694021189.6399028,15.36634201903505
289,0.0740265343756793,0.07780130399660923,1694021189.6495652,4.39101503252292
290,0.0740209302718301,0.07778279412190847,1694021189.6592574,87.7508281111353
291,0.07236585774651227,0.0758923709828192,1694021189.6690626,1466.6324077433835
292,0.07402666789285228,0.07779828801730138,1694021189.678663,24.89816634309158
293,0.07397724709873554,0.07771690640125273,1694021189.6883383,227.52944478717288
294,0.07402667303670851,0.0778005689648894,1694021189.6977127,10.091048615381446
295,0.0740267296116498,0.07779987145737444,1694021189.7075849,15.003772233979591
296,0.07402570860946633,0.0777939516717755,1694021189.717296,46.765957657782934
297,0.07402668147330871,0.07779842389280112,1694021189.7271504,24.103938952916575
298,0.07402655611977049,0.07780121604099643,1694021189.7366025,5.107182454956596
299,0.07402665099026895,0.07780072632519719,1694021189.7461286,8.921295902012005
300,0.07402673356307832,0.07779928999329022,1694021189.7559817,18.813253784547392
301,0.07402645615660663,0.07780157779055197,1694021189.7658277,2.0919872123414516
302,0.0737888255220771,0.0774839711680626,1694021189.7757018,497.61997238462334
303,0.07402644087051069,0.07779679974710707,1694021189.7854645,33.07961078027722
304,0.07402671261773186,0.07780017577585341,1694021189.7949336,12.911258879842192
305,0.07402527143429727,0.07779262509784235,1694021189.8050666,52.50499158893378
306,0.07402659350659124,0.07780104786610198,1694021189.8146877,6.4488076832358505
307,0.07402642199757048,0.07780168152523459,1694021189.824758,1.1910021491883391
308,0.07402671891849588,0.07779891805653316,1694021189.8344,21.136388045689834
309,0.07402649954018503,0.07779711358739128,1694021189.8446622,31.425771142044724
310,0.07343621675083756,0.07707820085661798,1694021189.856669,808.9190294756522
311,0.07402670104239328,0.07780031455307523,1694021189.8671153,11.93170411717726
312,0.0740199442226096,0.07778089768473695,1694021189.8771656,93.56697595747382
313,0.07402641001896204,0.07780171609331821,1694021189.8874443,0.8868207110378308
314,0.07402673597660492,0.07779945861713,1694021189.8974614,17.732060673981884
315,0.07402661374409025,0.07780094537151405,1694021189.9074097,7.249604293240189
316,0.07402673289542672,0.07779976925969478,1694021189.9176996,15.690456259308736
317,0.07402646894664366,0.07779694645331126,1694021189.927746,32.3108203218226
318,0.07402671257366866,0.07779881258591159,1694021189.9375646,21.7806586483182
319,0.07402667441927802,0.07780055811575648,1694021189.9473927,10.17078742508814
320,0.07402499533300932,0.07779185390591281,1694021189.9572525,55.696101585787765
321,0.01449554482327875,0.0148942277594164,1694021189.9673603,91937.17157563065
322,0.07402654135370612,0.07780127644957602,1694021189.9776728,4.61642453597183
323,0.07402637394901646,0.07780181519679241,1694021189.9878247,0.0033238381151687152
324,0.0740267306681478,0.07779984229630932,1694021189.9974616,15.20050125195398
325,0.07402665174900624,0.07779814136527097,1694021190.0072467,25.745551373383556
326,0.06980765950544954,0.07312321392622012,1694021190.017957,2674.2344168047593
327,0.07402639699342783,0.07780175271326706,1694021190.028322,0.5623611465148113
328,0.07402665295259059,0.07780071334759808,1694021190.0384717,9.018719864989478
329,0.059799270302887564,0.06246104620973181,1694021190.0484557,7112.750783384301
330,0.07402673593852926,0.0777994526319028,1694021190.0585003,17.770752030367404
331,0.07402614149443021,0.07779547784623997,1694021190.0682752,39.699870607743236
332,0.07402649902189107,0.07780143497689851,1694021190.0785067,3.3048502442212557
333,0.07402670648439669,0.07780025302043614,1694021190.0884595,12.368078911786537
334,0.07391782297860894,0.07764009887280898,1694021190.0986598,334.3694474542923
335,0.07402661139130307,0.07780095778707219,1694021190.1084907,7.153253582988051
336,0.07401361458699962,0.07776981493184199,1694021190.1187527,123.80637542928586
337,0.07402669743876755,0.077798605075315,1694021190.1287053,23.030699120805274
338,0.07402431506460405,0.07779009737027986,1694021190.1383433,62.624482220867506
339,0.07402673517336744,0.0777996574057499,1694021190.1477873,16.43331408722676
340,0.07402652502861784,0.0777972596805131,1694021190.1571732,30.643849138000892
341,0.0740266672448543,0.07780061300772323,1694021190.1674325,9.766157345986041
342,0.07402657335778429,0.07780114147373396,1694021190.1772885,5.706421266351325
343,0.07402673003782101,0.07779986001161288,1694021190.1870954,15.081064719757684
344,0.074026300705895,0.0777961370760577,1694021190.196786,36.46394225729354
345,0.07402668936993229,0.0777985099740861,1694021190.206459,23.596093715486
346,0.0740266895935543,0.07780042874714477,1694021190.2159483,11.112938170700803
347,0.07402286597755825,0.07778676708305943,1694021190.2255373,74.7063367767906
348,0.07402673163341711,0.07779921553153246,1694021190.2350214,19.284976435947538
349,0.07402585392564442,0.07779443287694487,1694021190.244745,44.59640463737722
350,0.07402646293576409,0.07780155621101825,1694021190.2543304,2.2772531361362054
351,0.07402659281009583,0.07780105123207537,1694021190.2642868,6.422298133120722
352,0.07402668572355964,0.07780046374916971,1694021190.273904,10.85958817660622
353,0.07374664287584021,0.0774343287871424,1694021190.2835727,541.8972327274246
354,0.07402663470542525,0.07779799942804,1694021190.2934542,26.556306336232996
355,0.07402672660199383,0.07779994311681404,1694021190.3029604,14.517601115422142
356,0.0740265405080418,0.07780127982080709,1694021190.312695,4.588893721435897
357,0.07402673175084562,0.07779921955353353,1694021190.322762,19.259583990885098
358,0.07402634396135543,0.07779633129785257,1694021190.333018,35.48641880301667
359,0.07399515173572535,0.0777417779475893,1694021190.3432803,184.11189936105882
360,0.07402662747253586,0.0778008699229712,1694021190.35315,7.831354355016341
361,0.07402450605516109,0.0777905737085296,1694021190.3630006,60.78873559619126
362,0.07402637381026211,0.07780181556455634,1694021190.3727288,1.2825102465096686e-05
363,0.07402673014996874,0.0777998569314039,1694021190.3824937,15.101848361366608
364,0.021707425720797535,0.02242192166027579,1694021190.3923008,54967.5769510911
365,0.07402656971015475,0.07779753475088214,1694021190.4020472,29.149718860846836
366,0.07402667159828769,0.07780058011033486,1694021190.4115653,10.009012265883051
367,0.07402650698081192,0.07780140664429813,1694021190.4211392,3.5418617056392088
368,0.07402672585937897,0.0777990576382862,1694021190.430746,20.274114978566807
369,0.07402565185071786,0.0777937701254039,1694021190.4402516,47.571675549688536
370,0.07335678465666517,0.07698862363490433,1694021190.450088,867.4230596128499
371,0.07402670641980247,0.07780025378536937,1694021190.46008,12.36267441750193
372,0.07402660107814607,0.07780101061392597,1694021190.4699326,6.74129141405625
373,0.07259771666868087,0.07614658720039458,1694021190.479991,1340.1264093541033
374,0.07402638171282372,0.07780179446116298,1694021190.4899151,0.1896144649261879
375,0.07402658281860475,0.07779762114740763,1694021190.5000362,28.674305793071223
376,0.0740267330288612,0.07779926725452413,1694021190.5103757,18.957670400804403
377,0.07402637381078547,0.07780181556316923,1694021190.5207038,2.5314213805308753e-05
378,0.04829330526916997,0.05030596859411063,1694021190.5309837,13798.39725015793
379,0.07402666127455981,0.07780065625107346,1694021190.5410209,9.44528723517093
380,0.07402672791277665,0.07779991361577532,1694021190.5507257,14.718224737777197
381,0.0740162343416283,0.0777742293254009,1694021190.5603456,112.41341603555593
382,0.07402639250124743,0.07780176511859782,1694021190.5699992,0.45192044963763345
383,0.0740264468404428,0.07780160688664928,1694021190.5797365,1.841027026097396
384,0.0740263761694332,0.07780180929826153,1694021190.589518,0.056395455774583124
385,0.07402611193129405,0.07779536308617485,1694021190.5994444,40.25096628080348
386,0.07402669509978854,0.07779857664668344,1694021190.609186,23.200195918668058
387,0.074026566422004,0.07780117203811343,1694021190.6196873,5.461658857074205
388,0.07402250885349482,0.07778600227259169,1694021190.631804,77.32000600049145
389,0.07402671916396697,0.0778000801570744,1694021190.644272,13.5767238094728
390,0.07402663528130238,0.07780082446450143,1694021190.6555703,8.17880231361024
391,0.07402651915729264,0.07779722541405898,1694021190.666174,30.827958819699578
392,0.07402672441623026,0.07779902560804197,1694021190.676658,20.47297318652015
393,0.07402648707048698,0.07780147638746349,1694021190.6868856,2.9563281531969436
394,0.07402535190385395,0.07779285831462757,1694021190.6968994,51.51994499773453
395,0.07402668241474308,0.07780049250339582,1694021190.7073684,10.65060309475162
396,0.07402673594816711,0.07779945409516398,1694021190.719377,17.761294991574363
397,0.07402652569136625,0.07779726357294525,1694021190.730198,30.622907806426817
398,0.07402673106024327,0.0777998307400275,1694021190.7414696,15.278287378766679
399,0.07402654680806131,0.07780125448137387,1694021190.7533453,4.79545300540639
