trial,score,test_score,time,alpha
0,0,0,1694056437.5513628,0
0,0.20975596737009106,0.25536123043209324,1694056437.5757704,1
1,0.20969999443280762,0.2553357009491345,1694056437.5996788,1.2698181749580063e-05
2,0.20975821641182624,0.25536292252059833,1694056437.6233964,1.0441091975773076
3,0.20975102394105472,0.2553586112529296,1694056437.6472359,0.9072624390917645
4,0.2096996308423963,0.25533717355881136,1694056437.671035,0.00021791909647795351
5,0.20969984949383713,0.25533630182226197,1694056437.6949878,0.0002637004400637284
6,0.20970009194174377,0.25533561361487145,1694056437.7188382,0.0015331574449364295
7,0.20970870336629965,0.2553400282763576,1694056437.7426243,0.15313758894012813
8,0.2097001084016351,0.25533600848536964,1694056437.766471,0.003026994864417319
9,0.2096999564043096,0.255335707897167,1694056437.7903461,6.927818666795117e-05
10,0.20970170838175262,0.25533609645385447,1694056437.814204,0.028509289921249112
11,0.20969983307117135,0.25533640125764945,1694056437.8380458,0.00046533258518643294
12,0.19715923088818899,0.23979308181073578,1694056437.8465633,6103.667333040502
13,0.13705863861920164,0.16659526945162317,1694056437.853573,32332.576683479827
14,0.209699494786466,0.2553376563215296,1694056437.8773913,2.440527795860225e-05
15,0.21110719760131536,0.2556836179727141,1694056437.894053,97.96567021754035
16,0.20996765067692647,0.2554516136907521,1694056437.917922,5.340699660693535
17,0.18724260056847564,0.2278056455931684,1694056437.925968,9551.491251821202
18,0.210970498428385,0.25574369465335867,1694056437.9432788,46.66483442307463
19,0.2098599563441057,0.25540620100340417,1694056437.9671254,3.008692687264195
20,0.21111885703177813,0.25567965457414144,1694056437.9838376,105.74850605878194
21,0.20970386222174842,0.2553391180332407,1694056438.0076919,0.07324393965466242
22,0.21111858417887153,0.25573858221385415,1694056438.025002,87.9805712822629
23,0.20842544274240682,0.25294094383424803,1694056438.0351307,1772.9833002908024
24,0.2097258237519919,0.25534731816490885,1694056438.0591474,0.45361222839422266
25,0.14928959863043778,0.18152344688950528,1694056438.066257,25424.01260990862
26,0.20976995177332947,0.2543696237322186,1694056438.0779436,1089.9277251228543
27,0.09669007969304222,0.11740844085849678,1694056438.0844357,68169.87258116827
28,0.2097000176631849,0.25533568897604164,1694056438.1084049,0.0004970070804785425
29,0.2097891807929202,0.25537723933799084,1694056438.132333,1.6249766118559599
30,0.14353915785463311,0.1745038196775175,1694056438.1394129,28521.618711620173
31,0.21068084272065613,0.25567623283222707,1694056438.1627688,31.289932884479686
32,0.20287844039467462,0.24659307981369227,1694056438.1719093,4058.0671790126853
33,0.11232860598088479,0.13644362192484327,1694056438.1784382,51104.61500618927
34,0.2097001043327379,0.25533551770096463,1694056438.2023647,0.000716831149920344
35,0.2097000934540848,0.25533594323588826,1694056438.2263699,0.002698713323328264
36,0.19910395835215988,0.24212757820346953,1694056438.2349977,5420.114124325253
37,0.18162831372418498,0.2209774722529585,1694056438.2431085,11555.075014775963
38,0.21091777508074339,0.2553528522752273,1694056438.2567644,382.63074906002925
39,0.20970176937441265,0.2553361693629954,1694056438.280641,0.029445540984868845
40,0.2097246895724293,0.2553465853618352,1694056438.3045623,0.43186413612212665
41,0.2102324450903733,0.2555744600923512,1694056438.3280504,12.746102554847319
42,0.2097516524885411,0.25535843245780865,1694056438.3520138,0.9179460908789998
43,0.20973417510128844,0.2553509346679579,1694056438.3758452,0.602199146131345
44,0.20971300315479735,0.2553415218711381,1694056438.3995874,0.22675383855795478
45,0.20011787149777782,0.24334089998570418,1694056438.408885,5059.2130007205915
46,0.20969987157353565,0.25533637185553626,1694056438.4329245,0.000747457442598622
47,0.2110892576580159,0.255746410094137,1694056438.4503155,75.29063013508367
48,0.2111223087683799,0.25567807621854277,1694056438.4674263,108.46552882778515
49,0.16546448555555682,0.20127036330066528,1694056438.4752312,17864.90753432527
50,0.20970003124839587,0.2553355802692635,1694056438.499174,2.48055109256711e-05
51,0.21065660815439957,0.25566960436819597,1694056438.5213313,29.591510577885487
52,0.21056649460203836,0.2556427061409674,1694056438.5434718,24.018166280751288
53,0.2097233507547306,0.25534719809264883,1694056438.5677962,0.41397739246596826
54,0.20969987568936121,0.2553361332214312,1694056438.5920281,3.393081137192115e-05
55,0.209699965632005,0.25533577416245723,1694056438.6162622,2.4305761474533197e-05
56,0.20969992569090135,0.2553360767462709,1694056438.6405916,0.0004958086988305497
57,0.21017625747658208,0.2547245065044871,1694056438.6530263,882.0208871451011
58,0.20969998216493702,0.25533583435453466,1694056438.6771164,0.00042272746532625514
59,0.20969999061934053,0.25533565310616213,1694056438.7012825,0.00024399841084258596
60,0.20970169071977773,0.25533758695205233,1694056438.7255712,0.033819682983830306
61,0.20973950580296075,0.25535357554427995,1694056438.7500992,0.6998171020705576
62,0.21110185874898246,0.25568493554850213,1694056438.7671375,94.92133797496658
63,0.20988346372163336,0.25448181358691613,1694056438.7790213,1026.9855120992995
64,0.20970026067011482,0.2553357668169767,1694056438.8032222,0.004653114835296381
65,0.17920744272369815,0.21803687986509968,1694056438.8110266,12438.330507844306
66,0.2097001189698653,0.25533512961439064,1694056438.8353784,1.6930488912838456e-05
67,0.2097032297930551,0.25533707728546906,1694056438.8602695,0.05639331503140433
68,0.20970006339712532,0.25533563529882786,1694056438.884905,0.000991592621467243
69,0.2097013268552388,0.2553373039107407,1694056438.9095051,0.026794909318901553
70,0.20971563299063456,0.25534336926857804,1694056438.934126,0.27613594970810573
71,0.20975385600283414,0.25535945868685117,1694056438.9588196,0.9580674901532314
72,0.20970779937400863,0.2553398772998783,1694056438.9832468,0.1391436040121614
73,0.2096999090088898,0.255336233783626,1694056439.0077708,0.0013885439446190526
74,0.20969988296765563,0.2553365606222454,1694056439.0322223,0.001466888579133917
75,0.2097001899691543,0.2553355662243857,1694056439.0566573,0.002104123721103504
76,0.21112849327595584,0.25555570317438625,1694056439.0734382,195.36924863443332
77,0.20970830092823167,0.2553393658237171,1694056439.0979583,0.14427353404028584
78,0.2100330352988642,0.25547842659510844,1694056439.1225805,6.90210846967191
79,0.20974908842410334,0.2553590129109645,1694056439.1472983,0.8777403254593839
80,0.2097115210820667,0.25534047425072703,1694056439.171792,0.1997414241751461
81,0.21111073725526153,0.2555369647882446,1694056439.1885877,222.6681856263554
82,0.20989062410039117,0.2554202370804822,1694056439.2132044,3.6489244208391054
83,0.2097006026659568,0.2553359530828522,1694056439.238043,0.010624449011317278
84,0.11238887530852981,0.13651701940494498,1694056439.2456365,51048.378078790534
85,0.2096999738802504,0.2553362439216117,1694056439.2708151,0.001771846606865375
86,0.20969998744699914,0.2553356760757328,1694056439.2953846,0.00024416958752367205
87,0.21027333313257135,0.2555880644101659,1694056439.319403,14.103430204323951
88,0.2097468239540079,0.2553565045018318,1694056439.3439038,0.8304039242260521
89,0.2097000499169599,0.2553357258381568,1694056439.3684967,0.0006784648249133691
90,0.20969996806231483,0.25533576764302124,1694056439.3931406,0.00012390965610351495
91,0.20983404722489718,0.2553951348535066,1694056439.4178457,2.487455094339684
92,0.2097002107607332,0.2553368360492716,1694056439.4423273,0.007816148742554018
93,0.2096999870705103,0.2553357983336112,1694056439.4667244,0.00010728537374213091
94,0.20974525671818522,0.2553567059620069,1694056439.491209,0.8054071518664471
95,0.21050876111203354,0.2556238524092428,1694056439.5136478,20.937115426649903
96,0.20969985419355652,0.255336233688624,1694056439.538202,2.3971332132233833e-05
97,0.20975617717039508,0.25536104354371125,1694056439.5626543,1.0024880500763902
98,0.20969999765762148,0.255335680130382,1694056439.587204,6.845959085847642e-05
99,0.2102891608554588,0.25482652346516,1694056439.5999033,818.8085095135041
100,0.21092049011113467,0.2553548952071758,1694056439.614294,380.50489597232956
101,0.20970020335333162,0.25533578616673347,1694056439.6395128,0.004195002345915416
102,0.20970003942399706,0.25533552864545095,1694056439.6643083,0.00010199665059132336
103,0.17285489086904737,0.21028989701047596,1694056439.6725965,14856.861050129979
104,0.20978267564811903,0.2553728768986355,1694056439.69774,1.4948665283625453
105,0.20969992463163123,0.2553358799567612,1694056439.7231674,0.00021646952253867021
106,0.20969990386923698,0.2553360637039368,1694056439.747981,0.00013348459262719126
107,0.2065585552501209,0.2508681069899301,1694056439.758587,2608.623991352405
108,0.20985375366469528,0.25540481257518155,1694056439.7832232,2.888998825626555
109,0.20970025561050387,0.2553356763586707,1694056439.8077374,0.004075358620328875
110,0.20998434187070014,0.2554591842016576,1694056439.832149,5.7313268736749
111,0.2097005008598064,0.2553371408040631,1694056439.8565242,0.013757073822663559
112,0.21027890812549566,0.2548173479020299,1694056439.869412,824.5782080186053
113,0.20974793013971482,0.2553576806112101,1694056439.89379,0.8529178117833697
114,0.11949528000669007,0.1451733849274699,1694056439.9008577,44831.351826148944
115,0.20978789369171602,0.2553757959093216,1694056439.925181,1.5963181257707566
116,0.18394352691530413,0.22379500217915815,1694056439.9335926,10720.52255744315
117,0.20970000979388048,0.255336463067551,1694056439.9579775,0.0031480788820139605
118,0.20979038133844397,0.2553760031311386,1694056439.9826062,1.640110208691403
119,0.20976377736112106,0.25536427687352437,1694056440.0075052,1.1414498461501168
120,0.2093127880907124,0.2538493965328258,1694056440.0190787,1351.1849749707874
121,0.2097000062990314,0.2553356252704334,1694056440.0437477,5.394388394262653e-05
122,0.2072654943497546,0.25167306251617294,1694056440.0546403,2301.812835370924
123,0.20974715631479435,0.2543469446360481,1694056440.0666888,1102.4435319337813
124,0.20970649524641072,0.2553391583660857,1694056440.0908427,0.11566786209476257
125,0.20970007124918721,0.2553354554765197,1694056440.115021,2.3147947207780415e-05
126,0.21081301654446039,0.25529216240126196,1694056440.1294518,470.47989506070655
127,0.2110434258892271,0.25574998313982433,1694056440.1479383,61.55675112035366
128,0.17132011215847232,0.20841725434230385,1694056440.156348,15462.826487334496
129,0.20990725043148983,0.255426291357046,1694056440.1829128,3.9981236647488134
130,0.11627055494864347,0.1412448330282089,1694056440.1934025,47554.27854073093
131,0.20970070847529731,0.25533604996467285,1694056440.2256827,0.012129517090672124
132,0.20970135322550154,0.25533670182369306,1694056440.2525084,0.024484974787375137
133,0.21112436777450705,0.25554875612442884,1694056440.2710953,203.61891290289012
134,0.21111541866888917,0.25568081185359004,1694056440.2900617,103.20460104464708
135,0.21114121693833376,0.2556168883894816,1694056440.312941,179.26240500161725
136,0.18968388176638173,0.23076949481578146,1694056440.3235915,8698.160972402655
137,0.2111457277564316,0.25564829846106374,1694056440.3427467,146.7205255404794
138,0.21106118047178746,0.2557495960456614,1694056440.3622863,66.30216375242239
139,0.20634330055277783,0.25062400968770737,1694056440.37346,2698.785825644334
140,0.21063654762381323,0.255663897314947,1694056440.3973324,28.26116007408091
141,0.209700498213365,0.2553364079535849,1694056440.4232652,0.010641157746160668
142,0.20806928720900675,0.2525581154616666,1694056440.434725,1940.04597759021
143,0.20970022801970878,0.25533543834760497,1694056440.460679,0.002800241429960753
144,0.21112312425461932,0.25567753293395956,1694056440.4791884,109.09552332672077
145,0.20982379495140313,0.25539065665944816,1694056440.5051367,2.2849800279470345
146,0.20970375450285728,0.2553369664188999,1694056440.5311353,0.06428285953036174
147,0.20970013086965822,0.2553353478148783,1694056440.557407,0.0006111943791392505
148,0.19396005164306118,0.23595006310922717,1694056440.567004,7216.3243375731045
149,0.2096999988352619,0.25533578706456606,1694056440.5931182,6.34358750265559e-05
150,0.20977683297600003,0.2543764601911058,1694056440.6065621,1086.1416574009688
151,0.2110681745626164,0.25574906752506776,1694056440.6259634,68.34449186773904
152,0.20972316805537794,0.2553486706464434,1694056440.6519754,0.416969619161034
153,0.2109521744600109,0.2557405328514962,1694056440.6709237,43.70117302232011
154,0.20970038957568737,0.2553358701765297,1694056440.6967766,0.0067090746311608595
155,0.2026903193886126,0.2463715211700086,1694056440.7071855,4128.076618674864
156,0.20970008759494407,0.25533535301262933,1694056440.733127,0.0006092500295588965
157,0.21000709921515404,0.2554677533479758,1694056440.7592034,6.2676944424321945
158,0.20972419518997354,0.2553486376180656,1694056440.7852428,0.4328563815839955
159,0.21100993963482706,0.2557484458122967,1694056440.8044276,53.97818372564816
160,0.20973267440891386,0.2553505855673053,1694056440.8309767,0.5770913225978318
161,0.13518454151184678,0.1643087469467016,1694056440.8392894,33505.147570762085
162,0.2045850539716194,0.2485897720422704,1694056440.849667,3408.6020759623093
163,0.18692801951575633,0.2274234596766953,1694056440.8596146,9662.089581639155
164,0.20969999908068504,0.25533568296080056,1694056440.885622,1.8017354904227968e-05
165,0.20970002128204002,0.25533569514420973,1694056440.9119513,0.00036663086358526526
166,0.20973308124548906,0.2553516821087636,1694056440.9381638,0.5874643296432512
167,0.21111143941021937,0.2555347007042962,1694056440.9566135,222.44282920005264
168,0.20970172710848523,0.25533812627706276,1694056440.9834228,0.03656745816835
169,0.209926255913796,0.2554343804774879,1694056441.010403,4.410992575419948
170,0.2097001094683686,0.25533516057600114,1694056441.0369017,2.8490166120290155e-05
171,0.21058998853469846,0.2556500258223372,1694056441.0609717,25.375409296504237
172,0.21105605758782364,0.25574974796763883,1694056441.0800903,64.87297402100673
173,0.20970465905917468,0.25534017764435013,1694056441.1058207,0.09044295660374639
174,0.20970010379528037,0.25533536887725916,1694056441.1315808,0.00023266448917138414
175,0.20970833069854866,0.25533957420588893,1694056441.1574066,0.14607554711267137
176,0.21110737644218458,0.25554713026443676,1694056441.1737652,242.45343507164984
177,0.2100356431143704,0.25547955966012736,1694056441.1994433,6.967490056131611
178,0.19507985679367257,0.23730379242797617,1694056441.2086182,6828.609231609399
179,0.21000144509469998,0.2554652565714769,1694056441.2344906,6.130503055247563
180,0.2097000891801033,0.2553354368745113,1694056441.2602525,0.0006021498783068629
181,0.21008644170940427,0.25549962142733185,1694056441.2858527,8.270217488225986
182,0.20969958616950846,0.25533725537765706,1694056441.3115306,3.457621394184031e-05
183,0.21107704651488812,0.2555167341825597,1694056441.3278642,271.7260832528745
184,0.20970007591305828,0.2553357043825589,1694056441.3540661,0.001024180764146278
185,0.1827846731780589,0.222384987737265,1694056441.3635604,11136.620606638051
186,0.20973062639297035,0.25535054952830005,1694056441.3901331,0.5441000958491504
187,0.2097147169615935,0.25534322724090386,1694056441.4163642,0.26093470281451375
188,0.20970011825833768,0.2553351749828069,1694056441.4426024,0.0002295075733426675
189,0.2096187460838902,0.2541754168035042,1694056441.455329,1193.867075858525
190,0.17299784398645557,0.21046430387809856,1694056441.4639466,14800.881270327463
191,0.21111915842327655,0.25573834722004907,1694056441.4830387,88.28459327480563
192,0.21097458327159802,0.2557443146356331,1694056441.5024045,47.36358740878736
193,0.21113080936035578,0.2556729474283157,1694056441.5209994,116.46023137477955
194,0.21106713359145157,0.25550741549034417,1694056441.537555,280.6312382731847
195,0.21114430883216895,0.2556544680110887,1694056441.556423,139.9431323192489
196,0.20969995936132502,0.25533583556486794,1694056441.582688,0.0002689213239819206
197,0.21096702473421158,0.2557431564644873,1694056441.60184,46.08711032284302
198,0.17852115597912577,0.2172003298984514,1694056441.6109505,12693.282099361413
199,0.20969997137332197,0.25533560760936724,1694056441.637166,2.1098403248079907e-05
200,0.20970004038359713,0.2553357544953542,1694056441.663885,0.0007049263558379439
201,0.21088506243556715,0.2553519283540209,1694056441.6790037,420.2626976241824
202,0.2096999183287861,0.255335818164073,1694056441.705319,2.6222101703610053e-05
203,0.20970022406251754,0.2553363422367666,1694056441.7314956,0.006164029809283241
204,0.20356946699462164,0.24740467056614457,1694056441.7422118,3798.4300917480728
205,0.2097027279341227,0.25533736468960533,1694056441.7681231,0.04902300902673233
206,0.18661999695979803,0.22704918756956827,1694056441.7777543,9770.544195354685
207,0.2097005520945855,0.2553354731452798,1694056441.8035867,0.007779976989989257
208,0.20970354320526163,0.2553378980763481,1694056441.8296282,0.06356745282399962
209,0.20969996537650404,0.2553357936038042,1694056441.856127,0.00012408918348060893
210,0.2092147692638271,0.2537520203920097,1694056441.8686714,1400.38068450245
211,0.1570213197325001,0.1909634374240089,1694056441.8772008,21619.93689021147
212,0.20969984772315453,0.2553364967049615,1694056441.9042006,0.00067775369273358
213,0.20970074503618974,0.25533604464822857,1694056441.9309046,0.012941531342234278
214,0.21101901954067637,0.25574857979248344,1694056441.9498043,55.85221906277369
215,0.2096996945880818,0.2553369293296457,1694056441.9756544,6.180312308534848e-05
216,0.20970021120186622,0.25533483443949023,1694056442.0015574,2.124417855750855e-05
217,0.20970092271551266,0.25533671662219526,1694056442.0279522,0.018439799222698776
218,0.20970398418809444,0.25533851939127405,1694056442.05488,0.07347201372374396
219,0.2098638499535288,0.25540786188039366,1694056442.0815241,3.0879726915011285
220,0.20987808770755723,0.2554141074321824,1694056442.1078763,3.3830757679577412
221,0.20970114382650196,0.2553362935366159,1694056442.134585,0.020011135703353698
222,0.2097102981492942,0.25534046241238095,1694056442.1615002,0.18051405086360425
223,0.20970022224436558,0.2553357390780304,1694056442.1885912,0.0033004152898666902
224,0.209700074433396,0.25533559987405685,1694056442.2151816,0.0010625547646067467
225,0.21061845766565268,0.2551460177207059,1694056442.2298527,596.0121740474702
226,0.2096999177043326,0.25533601550717666,1694056442.2562292,0.0002488447574684934
227,0.2097185269943579,0.2553443166541014,1694056442.2832108,0.325115039241697
228,0.20970005563358485,0.25533549288280266,1694056442.3089955,0.000167967880499171
229,0.2091050163262428,0.2536417550659654,1694056442.321085,1454.9866720256498
230,0.2062873563143407,0.25056040557779213,1694056442.3319304,2722.06999096274
231,0.20969998582533955,0.255335709019318,1694056442.3580434,0.00014052402267479954
232,0.21114552662078445,0.2556340444309272,1694056442.376654,162.1127195887835
233,0.16727460067657507,0.2034799416709112,1694056442.3861156,17106.25020063959
234,0.2097043018797643,0.25533708321511683,1694056442.4121604,0.07249521155091078
235,0.21062722775122356,0.25515378663919364,1694056442.4264827,590.3751347513697
236,0.16673140465253067,0.20281689428573735,1694056442.4358163,17332.333866662113
237,0.20970014720419816,0.25533509094932705,1694056442.4622393,1.1207638073873563e-05
238,0.20970029470155338,0.25533576076892295,1694056442.4888275,0.005319099781575854
239,0.20969987912491983,0.25533615583304103,1694056442.515393,2.3184152632788583e-05
240,0.2096999758342536,0.25533597966806454,1694056442.542254,0.000981561574908896
241,0.2096999798307183,0.2553357367128356,1694056442.5687902,1.2944296829440969e-05
242,0.2097000077298693,0.25533567753999586,1694056442.5953183,3.0831548207814305e-05
243,0.21067887495366422,0.2556757068760299,1694056442.619807,31.147705886296205
244,0.20970044053400128,0.2553357535963917,1694056442.6462193,0.007713213371345919
245,0.20614665836845336,0.2504001613883252,1694056442.6573553,2780.3683496518242
246,0.20970105484100987,0.2553371022639994,1694056442.6835287,0.021526265017421713
247,0.16915641366356893,0.20577677900060176,1694056442.6926832,16333.149942011385
248,0.20969997948261332,0.25533584125410713,1694056442.7187603,0.0002059998814337734
249,0.2098639254142527,0.2554081056708961,1694056442.7449846,3.0906504014340346
250,0.20970046629734673,0.25533603042087305,1694056442.771214,0.008797211103993919
251,0.20969897947465366,0.2542528670447206,1694056442.7839465,1152.2110035322528
252,0.2097013551825203,0.25533628086873017,1694056442.8102334,0.023810364224648335
253,0.2096996609417724,0.2553369846097314,1694056442.836649,0.0001622908394137023
254,0.20972041039144207,0.2553454117655305,1694056442.863049,0.359728928254727
255,0.2097000394355818,0.25533627969700445,1694056442.8896246,0.0031536730329408433
256,0.2110640469871926,0.2555045530468226,1694056442.906662,283.3551076570852
257,0.21110630924916618,0.25553072867057014,1694056442.9268334,228.6654076907149
258,0.20969976034668902,0.2553364841725184,1694056442.9538164,1.2648777894114422e-05
259,0.20969973475505577,0.25533664610050755,1694056442.9805803,1.071321191194299e-05
260,0.17214032607887708,0.2094180663801095,1694056442.9896142,15137.849290382901
261,0.20970104681462354,0.25533570116086024,1694056443.016041,0.016933651135301913
262,0.20970053079974815,0.25533581420361307,1694056443.0422363,0.009200055684038541
263,0.20970013568788748,0.25533636689956873,1694056443.0681722,0.005119899089385839
264,0.2097001992942651,0.2553357468744284,1694056443.0942073,0.0028657575394824466
265,0.2106631109234427,0.25518552309977105,1694056443.1085606,567.1436958274119
266,0.20970024086638872,0.25533580960883917,1694056443.1344297,0.004289283970061332
267,0.21114610954918278,0.2556409912666189,1694056443.153074,154.83571339913482
268,0.21101033610255604,0.25574846383324,1694056443.1724858,54.06145873413966
269,0.20986900257260266,0.2554116122665768,1694056443.1990159,3.201385314253814
270,0.21106443144181242,0.25574958859301433,1694056443.2182243,67.25588036111343
271,0.2097000196793164,0.25533568693377695,1694056443.2446082,0.0005499576543924517
272,0.2097250431669312,0.25534725514670975,1694056443.270791,0.4417542092147946
273,0.20974899704998295,0.2553575076698176,1694056443.296926,0.8701399515405028
274,0.2096999423578002,0.25533585864167196,1694056443.3231332,1.8798044887969462e-05
275,0.20970000525498256,0.2553359725613026,1694056443.3493464,0.0015218904170624485
276,0.15710280176468527,0.19106292659643553,1694056443.35786,21581.826548471487
277,0.21077438437817697,0.25573877688817226,1694056443.3814023,38.58716518148019
278,0.1025145726976524,0.12449573554369597,1694056443.3892632,61182.1736671372
279,0.2097025599123915,0.25533792749663253,1694056443.4159224,0.049333328555307976
280,0.21088454164600645,0.25535149649837696,1694056443.4308558,420.63344024647154
281,0.21014657379878898,0.2555228100582809,1694056443.4575279,9.923196653586407
282,0.21015907085027463,0.25554906555397916,1694056443.4835644,10.493586076542428
283,0.20969994739762277,0.2553359913179756,1694056443.5107868,0.00013585524531896056
284,0.20970010687413643,0.2553355964279165,1694056443.5374823,0.0016672773558417781
285,0.2096999451989361,0.255335924868921,1694056443.5640965,5.279894397470363e-05
286,0.20976311626871336,0.2553640694739191,1694056443.5904398,1.12986889326694
287,0.20970158445532516,0.2553365292399542,1694056443.6167479,0.028248262299377967
288,0.20970018733994034,0.25533523900335275,1694056443.6432045,0.0009272684146197367
289,0.20970299980346963,0.25533814417167944,1694056443.669462,0.05584337645272063
290,0.2098007291031615,0.2553804472786111,1694056443.6959052,1.83682265757299
291,0.21113953065517665,0.2556640923338874,1694056443.7146327,128.31260783729087
292,0.2100738335047896,0.25549450697598464,1694056443.7409084,7.9380410373891905
293,0.21057669559585102,0.25564591302904593,1694056443.765074,24.598573876288253
294,0.21017300735722344,0.25555401288306423,1694056443.7908657,10.904835313012983
295,0.2097031437834319,0.25533689164066453,1694056443.8171453,0.05441880985942596
296,0.20963150292111343,0.25532310590937546,1694056443.8461697,0.018011217981745556
297,0.20991112991289262,0.2554289707011761,1694056443.8725448,4.087153074400244
298,0.21104209806623297,0.25544793848080094,1694056443.8886628,313.7870282409864
299,0.17108525337648595,0.20813066845114558,1694056443.8977716,15556.370467280285
300,0.20817487155977743,0.25267231841817794,1694056443.9094408,1891.0005538184778
301,0.2098811121885299,0.25541530758726905,1694056443.935682,3.445669513767508
302,0.20842960524685727,0.25294537544677986,1694056443.9473994,1771.0026185895874
303,0.209700072646124,0.25533527970279535,1694056443.9740062,1.915669278080493e-05
304,0.21006334802642967,0.2546204385136579,1694056443.987987,944.5208353297522
305,0.2096999358217173,0.2553362430056926,1694056444.0146792,0.0009882960316533274
306,0.2110802810361655,0.2557478504726838,1694056444.0341163,72.17878948163066
307,0.20839791236757677,0.2529116069892442,1694056444.0459232,1786.0662553500365
308,0.20970060654844624,0.25533677243474606,1694056444.0720131,0.01411337259600986
309,0.20970567136613738,0.25533839479691123,1694056444.0983632,0.09942006318864388
310,0.09395487671806557,0.11408111737608018,1694056444.1063933,71761.08221001088
311,0.20970012393090653,0.2553360609538795,1694056444.1329958,0.003432787390608442
312,0.21094914272488519,0.2553764070723512,1694056444.148941,357.59648376110357
313,0.2097065725381626,0.2553386185653902,1694056444.1754465,0.11497297161838081
314,0.20970061146802244,0.25533671490163945,1694056444.201799,0.01420036016714155
315,0.21075867745239762,0.25524686942555264,1694056444.2167447,507.17661531873273
316,0.20971800970624832,0.25534382607575534,1694056444.242945,0.3152141958575424
317,0.21113827173225963,0.2556657102591746,1694056444.261774,126.1419850543293
318,0.20970012304173946,0.2553355382722655,1694056444.288053,0.001667264081155732
319,0.20851276618888148,0.2530336853886548,1694056444.2997696,1731.28722107679
320,0.21114571875662758,0.25564811856190117,1694056444.318548,147.14353256686888
321,0.20975499156812782,0.2553609174360948,1694056444.34498,0.9826825109566503
322,0.21028134218367445,0.25481952785479545,1694056444.3587534,823.2089822123097
323,0.17062144774769317,0.2075646921509765,1694056444.3678732,15741.755593877462
324,0.2103738229027725,0.2549263874060824,1694056444.3825588,747.9786688658901
325,0.20970048014533849,0.25533607781053613,1694056444.409152,0.009514113740507885
326,0.21114595676303705,0.255646219147343,1694056444.4278617,149.0564079721714
327,0.2102745231508325,0.25558844243337386,1694056444.4535995,14.143860939622948
328,0.2066037247798802,0.2509191961329176,1694056444.4649928,2589.5853142841793
329,0.2097063685770656,0.2553385596718575,1694056444.4915643,0.11109121723278886
330,0.20971948012509678,0.2553444841556731,1694056444.518058,0.34167523280405065
331,0.20969986461191625,0.25533617819786836,1694056444.5444188,8.66255180792516e-05
332,0.2097001137015444,0.2553356769172155,1694056444.5709538,0.0015361603609014129
333,0.2098073467397994,0.25538359836260116,1694056444.597031,1.9652821558829963
334,0.20980617063704,0.2553833670128205,1694056444.623501,1.9438523392593927
335,0.21114268510679934,0.25565891315682765,1694056444.642261,135.1339580119989
336,0.20970042863904503,0.255335868329559,1694056444.668868,0.007310132762273155
337,0.20969998646218124,0.2553357022339302,1694056444.6955125,0.00014478324665654507
338,0.2097000068849877,0.2553356875600161,1694056444.7216182,0.0007456176071691422
339,0.2097122082516435,0.25534222501057613,1694056444.7482488,0.21736573554509622
340,0.2097000846165944,0.25533557437043,1694056444.775046,0.0007168424687773032
341,0.20969948146624984,0.2553379144536867,1694056444.8016202,0.00017165548393063045
342,0.21114157019598123,0.2556183308199651,1694056444.820854,177.93210156545962
343,0.17866970720688402,0.21738141571626568,1694056444.8298922,12637.976868509817
344,0.2096998680174007,0.25533616673798765,1694056444.8557851,4.065555693011441e-05
345,0.20970028989048028,0.25533438215974036,1694056444.8825161,2.6196558507207094e-05
346,0.2097003421841841,0.2553361845366102,1694056444.9085948,0.00719679576568106
347,0.21000672757102123,0.2554673295333665,1694056444.9348967,6.258000777202643
348,0.15182644049406435,0.18462063790216332,1694056444.9434073,24133.15660617773
349,0.21001905707141777,0.255472911829135,1694056444.9698877,6.559223109099932
350,0.21104935942030079,0.2557499374702178,1694056444.989062,63.07214266314654
351,0.2106852377284142,0.25567740787217363,1694056445.013259,31.607302948295537
352,0.14355418154350197,0.17452215703787788,1694056445.0218675,28513.195341886014
353,0.20385339581746986,0.24773699499100976,1694056445.0326023,3690.513506311437
354,0.2097023679887462,0.2553367150182577,1694056445.0595658,0.040745463009752604
355,0.20867102741582044,0.25319490103754616,1694056445.0724366,1666.2044824375419
356,0.20970024752846372,0.25533577859415324,1694056445.0989645,0.0040941977614123055
357,0.09340949753592909,0.11341774032029239,1694056445.1073136,72503.13227925933
358,0.20970571584332942,0.25533825942374433,1694056445.134121,0.09952523174107601
359,0.20988349593726474,0.2554180014919457,1694056445.1615763,3.5035000733275745
360,0.2106632049095939,0.2556714275286148,1694056445.186483,30.047528935062385
361,0.20970076850722197,0.2553361260427711,1694056445.212436,0.013804123098888066
362,0.20018988560131723,0.243426961472754,1694056445.2224298,5033.426980578095
363,0.08886392746583993,0.10788952924773376,1694056445.2304063,79053.74688782671
364,0.20995068327946964,0.2554447929407694,1694056445.2563207,4.95547193876924
365,0.20970002908902607,0.2553361176012182,1694056445.282807,0.0016893087607823434
366,0.209700475378378,0.25533555102443417,1694056445.3099072,0.007211510669653772
367,0.20897742855112778,0.2535120737133921,1694056445.3223622,1517.846552735957
368,0.20991071330342026,0.2554283241323133,1694056445.3483849,4.0761695822317145
369,0.20984241033421192,0.25539878062633403,1694056445.3743167,2.6541468086864053
370,0.20969996033750715,0.2553359288325291,1694056445.400424,0.00031304373333944173
371,0.2110971902207538,0.2555369343264664,1694056445.4168894,252.60884847341634
372,0.20969992431454587,0.255335931702642,1694056445.4435554,0.00036741345141111067
373,0.20970002473007465,0.255335752193694,1694056445.4702082,0.0007370176892430391
374,0.2100475125177249,0.25548407916332627,1694056445.4968257,7.263450579553522
375,0.21031417250647677,0.25560128841585705,1694056445.5225933,15.54080798933071
376,0.20969969072475847,0.2553368792547137,1694056445.5491068,0.0007904030629808682
377,0.15523528679192788,0.1887827040701926,1694056445.5575845,22465.17606074105
378,0.21113428996533412,0.25567009516511363,1694056445.5763385,120.55713536986488
379,0.20985958331752708,0.2544583160929047,1694056445.5898385,1040.315153061314
380,0.21054599836762666,0.2550815976172909,1694056445.6040442,642.0264135560004
381,0.2097939925988983,0.25537802087628214,1694056445.6297963,1.710226320989419
382,0.21050579390040125,0.25562286198255313,1694056445.6541142,20.783525506520018
383,0.20969996625302478,0.2553357195678886,1694056445.6806939,1.5395663925878045e-05
384,0.2100269313519849,0.2554779036340453,1694056445.707256,6.762901558098098
385,0.21022521444043896,0.2555718083564579,1694056445.7325535,12.512697051770784
386,0.21097618426635478,0.2557445469397033,1694056445.7514648,47.63851693086131
387,0.2097000876443258,0.25533568517888916,1694056445.7774692,0.0010869268329957282
388,0.2097011893899906,0.25533502056395896,1694056445.8039372,0.0161411616198293
389,0.10900812564061424,0.13240030862683028,1694056445.812422,54303.09672479334
390,0.20970015521144347,0.25533641027510423,1694056445.83849,0.0054712851804580714
391,0.21111047189204002,0.25568259634628543,1694056445.8570569,99.95697181355929
392,0.209700097813887,0.2553363475648901,1694056445.8830967,0.004498340690422155
393,0.2099672995344406,0.25545168745988056,1694056445.9092238,5.3330365285396155
394,0.19954021180929182,0.24264999065078718,1694056445.919592,5265.295367412238
395,0.20905049976580314,0.2535865327080533,1694056445.9318993,1481.9262834067968
396,0.20969992071424814,0.255335847774644,1694056445.9586368,1.960205187433407e-05
397,0.2097101077013096,0.2553400407007753,1694056445.984888,0.1752308334848475
398,0.20970444757332896,0.25533990052566957,1694056446.0108542,0.08631798413154147
399,0.18575713368661517,0.22600046587023337,1694056446.0206282,10075.261234290945
