trial,score,test_score,time,alpha
0,0,0,1694056439.8002517,0
0,0.7280092026767868,0.7364661750859125,1694056439.8154762,1
1,0.7280092026767868,0.7364661750859125,1694056439.8301973,8484.016693089281
2,0.7280092026767868,0.7364661750859125,1694056439.84481,0.02088324833736865
3,0.7280092026767868,0.7364661750859125,1694056439.8597708,1630.3889775822063
4,0.7255665858397363,0.7328872774047676,1694056439.872073,2.611958408976979e-05
5,0.7280092026767868,0.7364661750859125,1694056439.8833058,0.00011927977174069917
6,0.7280092026767868,0.7364661750859125,1694056439.897699,8.923200306448253
7,0.7280092026767868,0.7364661750859125,1694056439.9120586,1.9868890756545559
8,0.7280092026767868,0.7364661750859125,1694056439.9262738,0.15419641815754015
9,0.7280092026767868,0.7364661750859125,1694056439.9400287,0.022598441689558862
10,0.7280092026767868,0.7364661750859125,1694056439.9533796,16.795553550553503
11,0.7280092026767868,0.7364661750859125,1694056439.9672167,0.24066573471126781
12,0.7280092026767868,0.7364661750859125,1694056439.9815843,228.4657292819435
13,0.7280092026767868,0.7364661750859125,1694056439.9955633,1.5148307764446318
14,0.7280092026767868,0.7364661750859125,1694056440.0095725,6.145907255365465
15,0.7280092026767868,0.7364661750859125,1694056440.0237603,28.415215819850008
16,0.7280092026767868,0.7364661750859125,1694056440.037841,79844.07864256123
17,0.7280092026767868,0.7364661750859125,1694056440.0518777,1579.726738965911
18,0.7280092026767868,0.7364661750859125,1694056440.0658371,0.13552185830330987
19,0.7280092026767868,0.7364661750859125,1694056440.0802073,5789.973180660499
20,0.7280092026767868,0.7364661750859125,1694056440.0964684,1728.2012929077496
21,0.7255665858397363,0.7328872774047676,1694056440.1088767,3.5054605035244894e-05
22,0.7280092026767868,0.7364661750859125,1694056440.125897,153.59333331296693
23,0.7280092026767868,0.7364661750859125,1694056440.1428025,1051.2490691343892
24,0.7280092026767868,0.7364661750859125,1694056440.1587915,231.24185155429015
25,0.7280092026767868,0.7364661750859125,1694056440.17465,123.40066719269676
26,0.7280092026767868,0.7364661750859125,1694056440.1904368,2.566661185605072
27,0.7280092026767868,0.7364661750859125,1694056440.2043798,0.00017710945384076952
28,0.7280092026767868,0.7364661750859125,1694056440.2198465,37711.425982439854
29,0.7280092026767868,0.7364661750859125,1694056440.2361424,0.10778615686437151
30,0.7280092026767868,0.7364661750859125,1694056440.249774,0.001477445954631997
31,0.7280092026767868,0.7364661750859125,1694056440.2638927,148.85329909571075
32,0.7280092026767868,0.7364661750859125,1694056440.2778118,87513.36517786376
33,0.7280092026767868,0.7364661750859125,1694056440.291968,0.0035986578405393984
34,0.7280092026767868,0.7364661750859125,1694056440.3073351,51.652853594691635
35,0.7280092026767868,0.7364661750859125,1694056440.32234,9.773702858066141
36,0.7280092026767868,0.7364661750859125,1694056440.3389096,149.04638792452553
37,0.7280092026767868,0.7364661750859125,1694056440.35603,23631.720771638655
38,0.7280092026767868,0.7364661750859125,1694056440.370261,0.03296838592788979
39,0.7280092026767868,0.7364661750859125,1694056440.3851624,0.003438277891628906
40,0.7280092026767868,0.7364661750859125,1694056440.3998015,0.10585834267536794
41,0.7280092026767868,0.7364661750859125,1694056440.4143786,291.8147043024692
42,0.7280092026767868,0.7364661750859125,1694056440.4288473,174.06268326825844
43,0.7280092026767868,0.7364661750859125,1694056440.4433901,0.1151006988675914
44,0.7280092026767868,0.7364661750859125,1694056440.457552,78306.62075108591
45,0.7280092026767868,0.7364661750859125,1694056440.4720457,0.3198842131774002
46,0.7280092026767868,0.7364661750859125,1694056440.4862485,0.05471222049884879
47,0.7280092026767868,0.7364661750859125,1694056440.5006778,124.8205413202185
48,0.7280092026767868,0.7328872774047676,1694056440.5109603,6.677063909733603e-05
49,0.7280092026767868,0.7364661750859125,1694056440.524988,0.09632281985987107
50,0.7280092026767868,0.7364661750859125,1694056440.5391235,511.45763143330004
51,0.7280092026767868,0.7364661750859125,1694056440.553399,444.12971898451826
52,0.7280092026767868,0.7364661750859125,1694056440.5675359,0.006895945739139862
53,0.7280092026767868,0.7364661750859125,1694056440.5804358,0.0007859988374814072
54,0.7280092026767868,0.7364661750859125,1694056440.5950146,0.5158336235965755
55,0.7280092026767868,0.7364661750859125,1694056440.6091998,0.02228745324049671
56,0.7280092026767868,0.7364661750859125,1694056440.6235452,222.5104628584422
57,0.7280092026767868,0.7364661750859125,1694056440.6361384,0.000778164035960398
58,0.7280092026767868,0.7364661750859125,1694056440.6505888,0.020466366229155666
59,0.7280092026767868,0.7364661750859125,1694056440.6674347,2768.7529623310556
60,0.7280092026767868,0.7364661750859125,1694056440.68375,14.13319474392534
61,0.7280092026767868,0.7364661750859125,1694056440.6990473,7122.63676984697
62,0.7280092026767868,0.7364661750859125,1694056440.7137978,58281.43066398056
63,0.7280092026767868,0.7364661750859125,1694056440.7289288,2339.3000444398217
64,0.7280092026767868,0.7364661750859125,1694056440.7425158,0.0006430522481060931
65,0.7280092026767868,0.7364661750859125,1694056440.7574317,15.279357221744714
66,0.7280092026767868,0.7364661750859125,1694056440.7736797,0.576884317280702
67,0.7280092026767868,0.7364661750859125,1694056440.7892787,0.11004404523203563
68,0.7280092026767868,0.7364661750859125,1694056440.8038812,262.3233050826762
69,0.7280092026767868,0.7364661750859125,1694056440.8183386,1816.9078097913825
70,0.7280092026767868,0.7364661750859125,1694056440.8335397,67.96703190789977
71,0.7280092026767868,0.7364661750859125,1694056440.846831,0.00024701086408306154
72,0.7280092026767868,0.7364661750859125,1694056440.8630507,106.72116905411416
73,0.7255665858397363,0.7328872774047676,1694056440.8759675,3.875903017540471e-05
74,0.7280092026767868,0.7364661750859125,1694056440.8893979,0.0008446071381348896
75,0.7280092026767868,0.7364661750859125,1694056440.9049256,17698.54846950465
76,0.7280092026767868,0.7364661750859125,1694056440.9205456,0.11246686091745953
77,0.7280092026767868,0.7364661750859125,1694056440.933944,0.0003040292204948299
78,0.7280092026767868,0.7364661750859125,1694056440.9498706,66.507604689688
79,0.7280092026767868,0.7364661750859125,1694056440.9625862,0.00043140731784301127
80,0.7280092026767868,0.7364661750859125,1694056440.9783542,30.356549852627104
81,0.7280092026767868,0.7364661750859125,1694056440.9937294,0.0032820215754536136
82,0.7255665858397363,0.7328872774047676,1694056441.0066617,2.5927163894102453e-05
83,0.7280092026767868,0.7364661750859125,1694056441.0224185,38656.80914719307
84,0.7255665858397363,0.7328872774047676,1694056441.0340366,4.594146162512277e-05
85,0.7280092026767868,0.7364661750859125,1694056441.0496593,1.3471062803177143
86,0.7280092026767868,0.7364661750859125,1694056441.0649889,0.02588009774133412
87,0.7280092026767868,0.7364661750859125,1694056441.080501,39.81971858587431
88,0.7280092026767868,0.7364661750859125,1694056441.095899,2781.4635380512686
89,0.7280092026767868,0.7364661750859125,1694056441.1112556,10.931142782007846
90,0.7280092026767868,0.7364661750859125,1694056441.126585,7.449667849644015
91,0.7280092026767868,0.7364661750859125,1694056441.1388602,0.00014802339314928177
92,0.7280092026767868,0.7364661750859125,1694056441.1541164,127.20475751592495
93,0.7280092026767868,0.7364661750859125,1694056441.1678743,0.001109768972589898
94,0.7280092026767868,0.7364661750859125,1694056441.18336,0.8010837692167618
95,0.7255665858397363,0.7328872774047676,1694056441.1967528,2.3231930744011192e-05
96,0.7280092026767868,0.7364661750859125,1694056441.2119503,0.014257249700957438
97,0.7280092026767868,0.7364661750859125,1694056441.227115,4268.782927496991
98,0.7280092026767868,0.7364661750859125,1694056441.2422962,3.8429628154069957
99,0.7280092026767868,0.7364661750859125,1694056441.2576458,2.931421459371288
100,0.7280092026767868,0.7364661750859125,1694056441.2732704,0.04767015777691274
101,0.7280092026767868,0.7364661750859125,1694056441.2889168,1912.3476698020402
102,0.7280092026767868,0.7364661750859125,1694056441.3028653,0.005801023092924822
103,0.7280092026767868,0.7364661750859125,1694056441.3159704,0.0001805441482147192
104,0.7280092026767868,0.7364661750859125,1694056441.3313723,4.244346141460017
105,0.7280092026767868,0.7364661750859125,1694056441.346533,0.004714005161818453
106,0.7280092026767868,0.7364661750859125,1694056441.3622758,562.793772353516
107,0.7280092026767868,0.7364661750859125,1694056441.3763523,0.0006223912170075324
108,0.7280092026767868,0.7364661750859125,1694056441.392053,680.0905078743031
109,0.7280092026767868,0.7364661750859125,1694056441.407133,12.021625879924759
110,0.7255665858397363,0.7328872774047676,1694056441.4196017,2.6151027748860702e-05
111,0.7280092026767868,0.7364661750859125,1694056441.4385436,4.099692863472954
112,0.7280092026767868,0.7364661750859125,1694056441.4539442,48.015045889546215
113,0.7280092026767868,0.7364661750859125,1694056441.4694405,24206.169311740447
114,0.7280092026767868,0.7364661750859125,1694056441.484826,724.533696070917
115,0.7280092026767868,0.7364661750859125,1694056441.500458,319.37779281740904
116,0.7280092026767868,0.7364661750859125,1694056441.5160563,0.9343503623330621
117,0.7255665858397363,0.7328872774047676,1694056441.5289335,2.6750075771478545e-05
118,0.7280092026767868,0.7364661750859125,1694056441.5439718,1474.6024952429239
119,0.7255665858397363,0.7328872774047676,1694056441.5563226,1.3684768087338064e-05
120,0.7280092026767868,0.7364661750859125,1694056441.5714877,3.1652779847802712
121,0.7280092026767868,0.7364661750859125,1694056441.587175,4.65551481748149
122,0.7280092026767868,0.7364661750859125,1694056441.6002195,0.0001346428661360761
123,0.7255665858397363,0.7328872774047676,1694056441.6111722,4.243873189244185e-05
124,0.7280092026767868,0.7364661750859125,1694056441.6266391,5.5878179657697595
125,0.7280092026767868,0.7364661750859125,1694056441.6421604,0.7159004870904455
126,0.7280092026767868,0.7364661750859125,1694056441.6571622,0.010332870139840885
127,0.7255665858397363,0.7328872774047676,1694056441.6698267,2.5000896400602917e-05
128,0.7280092026767868,0.7364661750859125,1694056441.6852038,21.8243523553614
129,0.7280092026767868,0.7364661750859125,1694056441.6983845,0.0001751285016567373
130,0.7255665858397363,0.7328872774047676,1694056441.710652,1.3063466748210343e-05
131,0.7280092026767868,0.7364661750859125,1694056441.7245896,0.005843403640473526
132,0.7280092026767868,0.7364661750859125,1694056441.7397852,0.01036228185454232
133,0.7280092026767868,0.7364661750859125,1694056441.7532003,0.0006355889161017788
134,0.7255665858397363,0.7328872774047676,1694056441.764181,4.674978638871749e-05
135,0.7280092026767868,0.7364661750859125,1694056441.7792935,619.9255489365172
136,0.7280092026767868,0.7364661750859125,1694056441.7944264,0.10173836226366316
137,0.7280092026767868,0.7364661750859125,1694056441.8091154,0.002871762453437795
138,0.7280092026767868,0.7364661750859125,1694056441.824073,1.7287089424226516
139,0.7280092026767868,0.7364661750859125,1694056441.8387587,0.0035469652930338086
140,0.7280092026767868,0.7364661750859125,1694056441.8536758,3304.339165911754
141,0.7280092026767868,0.7364661750859125,1694056441.8686402,0.6839679961083502
142,0.7280092026767868,0.7364661750859125,1694056441.8836765,17.041174019549647
143,0.7280092026767868,0.7364661750859125,1694056441.8987353,53792.91125469693
144,0.7280092026767868,0.7364661750859125,1694056441.913664,0.03527567196934729
145,0.7280092026767868,0.7364661750859125,1694056441.9266915,0.001763828445328043
146,0.7280092026767868,0.7364661750859125,1694056441.9413297,61254.508046613555
147,0.7280092026767868,0.7364661750859125,1694056441.9561799,7.425816446554285
148,0.7280092026767868,0.7364661750859125,1694056441.9709604,65586.41419490128
149,0.7280092026767868,0.7364661750859125,1694056441.985499,48602.745558341965
150,0.7280092026767868,0.7364661750859125,1694056441.9999578,112.47068940371793
151,0.7255665858397363,0.7328872774047676,1694056442.0121076,1.5626369515082513e-05
152,0.7280092026767868,0.7364661750859125,1694056442.027099,13.437048803244203
153,0.7280092026767868,0.7364661750859125,1694056442.0416927,0.003130341294934081
154,0.7280092026767868,0.7364661750859125,1694056442.0548356,0.00019695049312791816
155,0.7280092026767868,0.7364661750859125,1694056442.0698366,0.04598448733288486
156,0.7280092026767868,0.7364661750859125,1694056442.0832782,0.0010021553542650054
157,0.7280092026767868,0.7364661750859125,1694056442.098166,462.1831804114949
158,0.7280092026767868,0.7364661750859125,1694056442.1132727,21969.068896114815
159,0.7255665858397363,0.7328872774047676,1694056442.1251369,1.8366397549243352e-05
160,0.7280092026767868,0.7364661750859125,1694056442.1397867,0.003636101878761001
161,0.7280092026767868,0.7364661750859125,1694056442.154164,0.0045917734430910165
162,0.7280092026767868,0.7364661750859125,1694056442.1669648,0.0002650190751103979
163,0.7280092026767868,0.7364661750859125,1694056442.1815963,32733.550043784948
164,0.7280092026767868,0.7364661750859125,1694056442.1960325,0.002993088276692143
165,0.7280092026767868,0.7364661750859125,1694056442.210552,0.03646377671212897
166,0.7255665858397363,0.7328872774047676,1694056442.2219348,3.085964179488509e-05
167,0.7280092026767868,0.7364661750859125,1694056442.2363312,0.002406061434618385
168,0.7280092026767868,0.7364661750859125,1694056442.2510586,6733.6037437504965
169,0.7280092026767868,0.7364661750859125,1694056442.2655833,44088.99112082192
170,0.7280092026767868,0.7364661750859125,1694056442.280888,36.33107439391396
171,0.7280092026767868,0.7364661750859125,1694056442.2948167,0.00930274396644702
172,0.7255665858397363,0.7328872774047676,1694056442.3061845,3.9206649210198936e-05
173,0.7280092026767868,0.7364661750859125,1694056442.32093,4409.251276620955
174,0.7280092026767868,0.7364661750859125,1694056442.332699,0.0003559663735752553
175,0.7280092026767868,0.7364661750859125,1694056442.3468008,0.004959991133731372
176,0.7280092026767868,0.7364661750859125,1694056442.3610933,3.0342160906117286
177,0.7280092026767868,0.7364661750859125,1694056442.375427,0.003332532553331189
178,0.7280092026767868,0.7364661750859125,1694056442.3900201,2797.5693185838886
179,0.7280092026767868,0.7364661750859125,1694056442.4044905,1.0523224253606542
180,0.7280092026767868,0.7364661750859125,1694056442.4191117,0.702900629693148
181,0.7280092026767868,0.7364661750859125,1694056442.4336667,11287.20230479787
182,0.7280092026767868,0.7364661750859125,1694056442.448488,14212.937864959775
183,0.7280092026767868,0.7364661750859125,1694056442.462787,0.002607816555317275
184,0.7255665858397363,0.7328872774047676,1694056442.4745588,1.540525609296492e-05
185,0.7280092026767868,0.7364661750859125,1694056442.4893072,50.454157868105725
186,0.7280092026767868,0.7364661750859125,1694056442.5035896,0.005077314715981665
187,0.7255665858397363,0.7328872774047676,1694056442.5178704,1.3901591270792221e-05
188,0.7280092026767868,0.7364661750859125,1694056442.5293486,9.360604881185897e-05
189,0.7280092026767868,0.7364661750859125,1694056442.5436704,0.15430395375027983
190,0.7280092026767868,0.7364661750859125,1694056442.5559916,0.00016050267324584322
191,0.7280092026767868,0.7364661750859125,1694056442.5687783,0.0011773076756466775
192,0.7280092026767868,0.7364661750859125,1694056442.5828776,282.1984719918666
193,0.7280092026767868,0.7364661750859125,1694056442.5970192,0.36047898838908765
194,0.7280092026767868,0.7364661750859125,1694056442.6091332,0.00013648858955503973
195,0.7280092026767868,0.7364661750859125,1694056442.6222231,0.001423104033974181
196,0.7280092026767868,0.7364661750859125,1694056442.6367328,20064.694038528025
197,0.7255665858397363,0.7328872774047676,1694056442.6483874,1.1993542527169025e-05
198,0.7280092026767868,0.7364661750859125,1694056442.6628516,26.225174958837737
199,0.7280092026767868,0.7364661750859125,1694056442.6772919,27.965673079787273
200,0.7280092026767868,0.7364661750859125,1694056442.691502,63.4618610382431
201,0.7280092026767868,0.7364661750859125,1694056442.705685,6.046925865738873
202,0.7280092026767868,0.7364661750859125,1694056442.7199996,700.296807852126
203,0.7280092026767868,0.7364661750859125,1694056442.734395,1653.75748368815
204,0.7280092026767868,0.7364661750859125,1694056442.7489173,29.39634619998328
205,0.7280092026767868,0.7364661750859125,1694056442.7617254,0.0006257434443761301
206,0.7280092026767868,0.7364661750859125,1694056442.7760198,183.11757822309497
207,0.7280092026767868,0.7364661750859125,1694056442.790181,0.007032680339593427
208,0.7280092026767868,0.7364661750859125,1694056442.8045409,2598.756062117309
209,0.7280092026767868,0.7364661750859125,1694056442.81901,5.03119859650252
210,0.7280092026767868,0.7364661750859125,1694056442.8304694,7.123217719710248e-05
211,0.7280092026767868,0.7364661750859125,1694056442.844795,12868.323302573574
212,0.7280092026767868,0.7364661750859125,1694056442.858962,0.42126862193713116
213,0.7280092026767868,0.7364661750859125,1694056442.8733497,26855.733127434465
214,0.7255665858397363,0.7328872774047676,1694056442.885054,2.540521186589831e-05
215,0.7280092026767868,0.7364661750859125,1694056442.8963087,0.00011872705517636276
216,0.7280092026767868,0.7364661750859125,1694056442.9106994,360.74130918753684
217,0.7255665858397363,0.7328872774047676,1694056442.9226775,2.616832002125893e-05
218,0.7280092026767868,0.7364661750859125,1694056442.9373453,0.3278170580425977
219,0.7280092026767868,0.7364661750859125,1694056442.9518933,1448.2992960943607
220,0.7280092026767868,0.7364661750859125,1694056442.966471,0.15558846333016008
221,0.7280092026767868,0.7364661750859125,1694056442.9795482,0.0007935809327686992
222,0.7280092026767868,0.7364661750859125,1694056442.994129,2717.101453237536
223,0.7280092026767868,0.7364661750859125,1694056443.0055473,0.00011815801500011293
224,0.7280092026767868,0.7364661750859125,1694056443.019782,0.007589023267509402
225,0.7280092026767868,0.7364661750859125,1694056443.0328395,0.0014780457739266254
226,0.7280092026767868,0.7364661750859125,1694056443.0470986,0.43921001402549
227,0.7280092026767868,0.7364661750859125,1694056443.0611503,0.015700152453089162
228,0.7280092026767868,0.7364661750859125,1694056443.0753148,12329.394719784059
229,0.7280092026767868,0.7364661750859125,1694056443.0893533,718.2469288109053
230,0.7280092026767868,0.7364661750859125,1694056443.103614,114.15812986525198
231,0.7280092026767868,0.7364661750859125,1694056443.1160328,0.0002506308363882599
232,0.7280092026767868,0.7364661750859125,1694056443.1303785,13.128446890515697
233,0.7280092026767868,0.7364661750859125,1694056443.1447551,3273.0321390802083
234,0.7280092026767868,0.7364661750859125,1694056443.159191,17285.607662219925
235,0.7280092026767868,0.7364661750859125,1694056443.173792,41.88956697125544
236,0.7280092026767868,0.7364661750859125,1694056443.1879718,0.003888613125013487
237,0.7280092026767868,0.7364661750859125,1694056443.2011616,0.005861337722536893
238,0.7280092026767868,0.7364661750859125,1694056443.215534,22.63496975851751
239,0.7280092026767868,0.7364661750859125,1694056443.2300208,175.41272229108688
240,0.7280092026767868,0.7364661750859125,1694056443.2441013,0.011372934547017662
241,0.7280092026767868,0.7364661750859125,1694056443.258565,60.204073868241935
242,0.7280092026767868,0.7364661750859125,1694056443.272788,1.1612732405218151
243,0.7280092026767868,0.7364661750859125,1694056443.2869735,1967.2408378692098
244,0.7280092026767868,0.7364661750859125,1694056443.301334,68.07389383084515
245,0.7280092026767868,0.7364661750859125,1694056443.3158782,12618.628787512893
246,0.7280092026767868,0.7364661750859125,1694056443.3280642,0.00015826912702623317
247,0.7280092026767868,0.7364661750859125,1694056443.3425786,2496.498616718672
248,0.7280092026767868,0.7364661750859125,1694056443.357068,30387.750856781437
249,0.7280092026767868,0.7364661750859125,1694056443.371479,5.4476515281925915
250,0.7255665858397363,0.7328872774047676,1694056443.3833213,1.1001458726314973e-05
251,0.7255665858397363,0.7328872774047676,1694056443.39583,2.16333034024969e-05
252,0.7280092026767868,0.7364661750859125,1694056443.4103062,0.13324782903046414
253,0.7280092026767868,0.7364661750859125,1694056443.424652,0.38262423177750826
254,0.7280092026767868,0.7364661750859125,1694056443.4390168,0.5977480525371383
255,0.7280092026767868,0.7364661750859125,1694056443.4533274,65.19413758961147
256,0.7280092026767868,0.7364661750859125,1694056443.4682755,353.9275302746392
257,0.7280092026767868,0.7364661750859125,1694056443.4824302,1613.7906587893153
258,0.7280092026767868,0.7364661750859125,1694056443.4967506,0.02904634790998133
259,0.7280092026767868,0.7364661750859125,1694056443.5113978,14.109159711962329
260,0.7280092026767868,0.7364661750859125,1694056443.5258086,0.08485422354448209
261,0.7280092026767868,0.7364661750859125,1694056443.5401936,179.24891512399608
262,0.7280092026767868,0.7364661750859125,1694056443.5545716,4.312473089948574
263,0.7280092026767868,0.7364661750859125,1694056443.568918,8.86717659850551
264,0.7280092026767868,0.7364661750859125,1694056443.5831234,0.07539910194196474
265,0.7280092026767868,0.7364661750859125,1694056443.5997884,22.110744163504563
266,0.7280092026767868,0.7364661750859125,1694056443.6143904,4763.484587323991
267,0.7280092026767868,0.7364661750859125,1694056443.6288984,32.88045043865772
268,0.7280092026767868,0.7364661750859125,1694056443.6418176,0.00019317023031683236
269,0.7280092026767868,0.7364661750859125,1694056443.6532645,7.715832585292549e-05
270,0.7280092026767868,0.7364661750859125,1694056443.6672363,59.52011768286277
271,0.7280092026767868,0.7364661750859125,1694056443.6819055,0.03597004340461777
272,0.7280092026767868,0.7364661750859125,1694056443.69649,0.014036649787471838
273,0.7280092026767868,0.7364661750859125,1694056443.7109036,7953.099195239476
274,0.7280092026767868,0.7364661750859125,1694056443.7253544,4356.661080071131
275,0.7280092026767868,0.7364661750859125,1694056443.7397406,1139.2609646943902
276,0.7280092026767868,0.7364661750859125,1694056443.7547915,0.03743110228981492
277,0.7280092026767868,0.7364661750859125,1694056443.7688606,25.574818205113736
278,0.7280092026767868,0.7364661750859125,1694056443.7833927,9.734765036115098
279,0.7280092026767868,0.7364661750859125,1694056443.797635,0.0022668540459394506
280,0.7280092026767868,0.7364661750859125,1694056443.8122163,7.887922329686971
281,0.7280092026767868,0.7364661750859125,1694056443.8266635,93339.68365702544
282,0.7255665858397363,0.7328872774047676,1694056443.8379724,3.3476987486251396e-05
283,0.7280092026767868,0.7364661750859125,1694056443.8519478,0.002372489717607794
284,0.7280092026767868,0.7364661750859125,1694056443.8661845,0.020411159161373902
285,0.7280092026767868,0.7364661750859125,1694056443.8806124,1021.7435442970038
286,0.7280092026767868,0.7364661750859125,1694056443.8948817,0.2733974165775833
287,0.7255665858397363,0.7328872774047676,1694056443.9055355,4.2387239187736396e-05
288,0.7280092026767868,0.7364661750859125,1694056443.9199367,0.015225369375912007
289,0.7280092026767868,0.7364661750859125,1694056443.9343135,2019.2633633867908
290,0.7280092026767868,0.7364661750859125,1694056443.9485886,242.36645954913024
291,0.7280092026767868,0.7364661750859125,1694056443.9629858,0.00614255495388374
292,0.7280092026767868,0.7364661750859125,1694056443.9776201,193.19751235298685
293,0.7280092026767868,0.7364661750859125,1694056443.992008,0.015737451345165597
294,0.7280092026767868,0.7364661750859125,1694056444.003875,0.0003352847729577155
295,0.7280092026767868,0.7364661750859125,1694056444.0182674,70596.62325276094
296,0.7280092026767868,0.7364661750859125,1694056444.032452,0.004133333747908091
297,0.7280092026767868,0.7364661750859125,1694056444.0467856,12.197535573699515
298,0.7280092026767868,0.7364661750859125,1694056444.0611293,14991.638924934998
299,0.7280092026767868,0.7364661750859125,1694056444.075422,26.90937302881821
300,0.7280092026767868,0.7364661750859125,1694056444.0899081,0.185265819904438
301,0.7280092026767868,0.7364661750859125,1694056444.1043046,0.09379070484410511
302,0.7255665858397363,0.7328872774047676,1694056444.1156476,3.083656210871665e-05
303,0.7255665858397363,0.7328872774047676,1694056444.1263535,6.493308349295025e-05
304,0.7280092026767868,0.7364661750859125,1694056444.1410854,0.3212217044517397
305,0.7280092026767868,0.7364661750859125,1694056444.1556377,16718.353335321888
306,0.7280092026767868,0.7364661750859125,1694056444.1695669,0.0021562272504581214
307,0.7280092026767868,0.7364661750859125,1694056444.1839848,4881.939256845454
308,0.7280092026767868,0.7364661750859125,1694056444.1986296,1154.1707531425081
309,0.7280092026767868,0.7364661750859125,1694056444.211835,0.0005514933180124826
310,0.7280092026767868,0.7364661750859125,1694056444.2259452,0.013297642054390652
311,0.7280092026767868,0.7364661750859125,1694056444.2403271,0.1922969969999868
312,0.7280092026767868,0.7364661750859125,1694056444.2548385,3915.0462969650152
313,0.7280092026767868,0.7364661750859125,1694056444.2692192,21.95631020082392
314,0.7280092026767868,0.7364661750859125,1694056444.2838316,1769.8691090710618
315,0.7280092026767868,0.7364661750859125,1694056444.2981856,0.9343743395168601
316,0.7280092026767868,0.7364661750859125,1694056444.3126633,6.6774001479430165
317,0.7280092026767868,0.7364661750859125,1694056444.3270257,0.3460368408969465
318,0.7280092026767868,0.7364661750859125,1694056444.3411486,0.0038257512736333986
319,0.7280092026767868,0.7364661750859125,1694056444.3554754,15.253386772644124
320,0.7280092026767868,0.7364661750859125,1694056444.3698597,5.6777361865951645
321,0.7280092026767868,0.7364661750859125,1694056444.3843086,4722.07500739144
322,0.7280092026767868,0.7364661750859125,1694056444.3988116,17610.267554468537
323,0.7280092026767868,0.7364661750859125,1694056444.4130774,5.514707941190208
324,0.7280092026767868,0.7364661750859125,1694056444.427592,87.26209752131219
325,0.7280092026767868,0.7364661750859125,1694056444.4420538,0.08355411617073288
326,0.7280092026767868,0.7364661750859125,1694056444.4566257,58.13083140260861
327,0.7280092026767868,0.7364661750859125,1694056444.4712749,95966.71008499751
328,0.7280092026767868,0.7364661750859125,1694056444.4859238,25340.90661814775
329,0.7280092026767868,0.7364661750859125,1694056444.4987466,0.0002584464870971007
330,0.7280092026767868,0.7364661750859125,1694056444.5131907,24081.481137914994
331,0.7255665858397363,0.7328872774047676,1694056444.5250916,2.435430691145154e-05
332,0.7255665858397363,0.7328872774047676,1694056444.536958,1.7858569466459378e-05
333,0.7280092026767868,0.7364661750859125,1694056444.5498662,0.0005997742570957689
334,0.7280092026767868,0.7364661750859125,1694056444.564416,0.01123257221225629
335,0.7280092026767868,0.7364661750859125,1694056444.578887,70383.83791564706
336,0.7280092026767868,0.7364661750859125,1694056444.5934837,27202.854480451577
337,0.7280092026767868,0.7364661750859125,1694056444.6078928,436.0694671131327
338,0.7280092026767868,0.7364661750859125,1694056444.6224992,17.017698453344007
339,0.7280092026767868,0.7364661750859125,1694056444.637468,48846.76428415999
340,0.7280092026767868,0.7364661750859125,1694056444.65211,5.372330084052156
341,0.7280092026767868,0.7364661750859125,1694056444.665593,0.0013557994654830033
342,0.7280092026767868,0.7364661750859125,1694056444.6805775,0.0002160417166183533
343,0.7280092026767868,0.7364661750859125,1694056444.695437,434.1044568262452
344,0.7280092026767868,0.7364661750859125,1694056444.7100472,1.8757849443539039
345,0.7280092026767868,0.7364661750859125,1694056444.724642,1492.6088495715285
346,0.7280092026767868,0.7364661750859125,1694056444.7389324,867.9816785863786
347,0.7280092026767868,0.7364661750859125,1694056444.7532501,50.32340717349003
348,0.7280092026767868,0.7364661750859125,1694056444.7675261,585.5740311211656
349,0.7280092026767868,0.7364661750859125,1694056444.782365,76.1111740319895
350,0.7280092026767868,0.7364661750859125,1694056444.7973828,0.1939311730492182
351,0.7280092026767868,0.7364661750859125,1694056444.811703,2001.934570979536
352,0.7280092026767868,0.7364661750859125,1694056444.8260348,14417.854498627566
353,0.7280092026767868,0.7364661750859125,1694056444.8407974,594.8643478427853
354,0.7280092026767868,0.7364661750859125,1694056444.852126,7.219324695944396e-05
355,0.7280092026767868,0.7364661750859125,1694056444.8668232,31390.252399855817
356,0.7280092026767868,0.7364661750859125,1694056444.881477,0.5905504572417013
357,0.7280092026767868,0.7364661750859125,1694056444.896063,7159.824336619476
358,0.7280092026767868,0.7364661750859125,1694056444.907559,7.072185416616516e-05
359,0.7280092026767868,0.7364661750859125,1694056444.9221878,24116.85994996747
360,0.7280092026767868,0.7364661750859125,1694056444.9362197,0.0140789169923465
361,0.7280092026767868,0.7364661750859125,1694056444.950207,0.16241263710874848
362,0.7280092026767868,0.7364661750859125,1694056444.9640894,71.3485058801615
363,0.7280092026767868,0.7364661750859125,1694056444.975656,8.09361365298959e-05
364,0.7280092026767868,0.7364661750859125,1694056444.9890406,0.0012026809940045857
365,0.7280092026767868,0.7364661750859125,1694056445.004202,6.762560177432406
366,0.7280092026767868,0.7364661750859125,1694056445.0192819,0.07120592269635109
367,0.7280092026767868,0.7364661750859125,1694056445.0310607,0.00011587643141434323
368,0.7255665858397363,0.7328872774047676,1694056445.0432882,1.2613910973363612e-05
369,0.7280092026767868,0.7364661750859125,1694056445.0574396,9149.559881768133
370,0.7280092026767868,0.7364661750859125,1694056445.071914,47.8909907778331
371,0.7280092026767868,0.7364661750859125,1694056445.0862353,0.01735071380917038
372,0.7280092026767868,0.7364661750859125,1694056445.10087,7255.5169331493735
373,0.7280092026767868,0.7364661750859125,1694056445.115691,47013.54994040186
374,0.7280092026767868,0.7328872774047676,1694056445.1265974,6.537494451659669e-05
375,0.7280092026767868,0.7364661750859125,1694056445.1412122,0.0040253442053053146
376,0.7280092026767868,0.7364661750859125,1694056445.155933,1.9802294075364597
377,0.7280092026767868,0.7364661750859125,1694056445.1708527,16087.258496706472
378,0.7280092026767868,0.7364661750859125,1694056445.1839767,0.002140739090901659
379,0.7280092026767868,0.7364661750859125,1694056445.1980686,22568.77628325466
380,0.7280092026767868,0.7364661750859125,1694056445.2123394,10263.130904728368
381,0.7280092026767868,0.7364661750859125,1694056445.2264347,0.024102448859101774
382,0.7280092026767868,0.7364661750859125,1694056445.2395012,0.001787948362813282
383,0.7280092026767868,0.7364661750859125,1694056445.2524598,0.0006816501578352652
384,0.7255665858397363,0.7328872774047676,1694056445.263505,3.5462954338437106e-05
385,0.7280092026767868,0.7364661750859125,1694056445.2777348,36374.706191797275
386,0.7280092026767868,0.7364661750859125,1694056445.2897472,0.0002938454272727776
387,0.7280092026767868,0.7364661750859125,1694056445.3038437,37820.99219645835
388,0.7280092026767868,0.7364661750859125,1694056445.3178835,0.02461929872237152
389,0.7255665858397363,0.7328872774047676,1694056445.3289647,3.918504823826516e-05
390,0.7280092026767868,0.7364661750859125,1694056445.3427312,1557.0888400887131
391,0.7280092026767868,0.7364661750859125,1694056445.3565505,1081.4966036254737
392,0.7280092026767868,0.7364661750859125,1694056445.37005,0.42977807598981455
393,0.7280092026767868,0.7364661750859125,1694056445.3835828,529.1103703956527
394,0.7280092026767868,0.7364661750859125,1694056445.3973615,307.74581782248856
395,0.7280092026767868,0.7364661750859125,1694056445.4111578,0.3213080090859036
396,0.7280092026767868,0.7364661750859125,1694056445.4245565,0.006818901152180963
397,0.7280092026767868,0.7364661750859125,1694056445.4373927,0.00026600820099016926
398,0.7280092026767868,0.7364661750859125,1694056445.4511232,12613.571607394146
399,0.7255665858397363,0.7328872774047676,1694056445.4611547,6.180981962507039e-05
