trial,score,test_score,time,alpha
0,0,0,1694056429.1726913,0
0,0.12367967944173397,0.13235065814723412,1694056429.1761792,1
1,0.12367956147709558,0.13235128620214964,1694056429.1794274,0.1479858008262408
2,0.12366160045685881,0.13219622419018806,1694056429.1825147,159.67794487583626
3,0.12367954074344212,0.13235139505079152,1694056429.185571,1.0026370484058337e-05
4,0.12367954222290978,0.132351387298701,1694056429.1886477,0.010551779964424744
5,0.12367954078322607,0.1323513948423627,1694056429.1916854,0.0002934667538425119
6,0.1236795407538005,0.1323513949965215,1694056429.194752,8.38273906282216e-05
7,0.12367954084432764,0.13235139452224576,1694056429.1978114,0.0007287895114844968
8,0.12367954474800136,0.13235137406249164,1694056429.2008693,0.028550076115684796
9,0.1236795537570311,0.13235132678399963,1694056429.2040284,0.09282709131819131
10,0.12367987391432378,0.1323495882798592,1694056429.2070546,2.4443722237313104
11,0.12367956253876333,0.13235128061640966,1694056429.210115,0.15557691091700665
12,0.12368129673548034,0.13229136366435224,1694056429.213162,71.15329296351369
13,0.1236795408975464,0.13235139424342302,1694056429.2162066,0.0011079559582029609
14,0.10662390206129513,0.11214446829622893,1694056429.219269,6041.911560283391
15,0.1236795407446718,0.13235139504434867,1694056429.2223449,1.878780015563565e-05
16,0.1236824524900415,0.1323102077259498,1694056429.225417,50.6611567427364
17,0.12367956161231675,0.13235128549077957,1694056429.2284467,0.14895257782642687
18,0.12368005815589378,0.13234853134544,1694056429.2315116,3.8627649714580437
19,0.12367954077760734,0.13235139487179903,1694056429.234623,0.0002534366305306397
20,0.12367954087639044,0.13235139435426257,1694056429.2376375,0.0009572268915979561
21,0.12253160233459981,0.13040769051206924,1694056429.240684,1017.2921347881147
22,0.04346175559835452,0.04510297859926382,1694056429.2437768,48152.15820395765
23,0.1236795426537296,0.13235138504086674,1694056429.2467954,0.013622028406348661
24,0.12367993040261338,0.13227912646682127,1694056429.2498097,83.79655349166647
25,0.10740108935377024,0.11299791844009754,1694056429.2528458,5806.1937368570825
26,0.09794317932285646,0.10270339622677271,1694056429.255904,8832.154042762626
27,0.12367954075198151,0.1323513950060523,1694056429.2589521,7.086668432729146e-05
28,0.12367954074548426,0.13235139504009075,1694056429.2619593,2.4578073143084784e-05
29,0.12367954081210741,0.13235139469105062,1694056429.2650225,0.0004992340467017384
30,0.10661244457768115,0.11213189885806518,1694056429.2681017,6045.399897177922
31,0.12367954075554677,0.1323513949873758,1694056429.2711213,9.626498296920035e-05
32,0.12367956351849996,0.13235127546067638,1694056429.2741416,0.16258341820257013
33,0.050966423220108026,0.05294654153681766,1694056429.2771926,37922.355180320614
34,0.12367983432353302,0.1323498097353487,1694056429.2802336,2.146114306792388
35,0.12368003838524488,0.13227996874166514,1694056429.2832735,82.94135756246055
36,0.12367954274802884,0.13235138454663964,1694056429.2862802,0.014294083346067347
37,0.12368110115548747,0.13228933378960694,1694056429.2893326,73.28401869202118
38,0.11934970438876802,0.12647564681447332,1694056429.2923758,2219.5080216559
39,0.12367954074417342,0.13235139504696036,1694056429.2953885,1.5236414307065625e-05
40,0.12357202856375926,0.13197610280879957,1694056429.2984161,317.28033064508827
41,0.030527735023384572,0.03162435403708341,1694056429.30126,77376.82209611357
42,0.12358271264097831,0.13199830137119162,1694056429.30439,303.14928188808574
43,0.12367954163668682,0.13235139037065646,1694056429.3073895,0.0063744089274568394
44,0.12297938355328808,0.1310247386175345,1694056429.310451,781.255853917748
45,0.12367954075715304,0.13235139497895865,1694056429.313471,0.00010771100194259773
46,0.12367958287581082,0.1323511733873246,1694056429.3164961,0.3012556922986985
47,0.08888225671082772,0.09297339743368005,1694056429.3195655,12188.6338504969
48,0.12367954195359199,0.13235138871003604,1694056429.3226726,0.008632597332881076
49,0.12367954180119456,0.13235138950862957,1694056429.325695,0.007546635702360237
50,0.12367954077005894,0.13235139491134562,1694056429.328701,0.0001996575424629258
51,0.12367954074422705,0.1323513950466787,1694056429.331737,1.5619588160237115e-05
52,0.1236820097386494,0.13230046199894763,1694056429.3347838,61.42643761017293
53,0.12367954092548605,0.132351394097042,1694056429.3377984,0.001307016770187117
54,0.12367954137691284,0.13235139173182164,1694056429.3408117,0.004523416665126914
55,0.12367965522040614,0.13235078834315783,1694056429.3439,0.8236289299581947
56,0.12367954074683085,0.1323513950330386,1694056429.346925,3.416846361380572e-05
57,0.12368026379895292,0.1323472958162123,1694056429.3499668,5.510310288839458
58,0.12367954078320009,0.13235139484249836,1694056429.3530867,0.00029328222947799733
59,0.12368053666824952,0.13234555164205108,1694056429.3562012,7.8172746216239375
60,0.12367755926887869,0.13226334504994697,1694056429.3592973,99.44514840547724
61,0.12367954075684595,0.13235139498056825,1694056429.3623235,0.0001055223096233052
62,0.12367956011051184,0.13235129339039942,1694056429.3653936,0.13821649582619377
63,0.12367938066370365,0.13227505325323852,1694056429.3684497,87.90257092843245
64,0.12367956016547976,0.13235129310130345,1694056429.3715005,0.1386094037266691
65,0.12367954074646836,0.1323513950349351,1694056429.3745265,3.158890628807942e-05
66,0.12367985285033645,0.13234970634343746,1694056429.377603,2.2854096622362037
67,0.12368254378713195,0.1323165476400736,1694056429.3806403,43.44566530714724
68,0.12367973520412479,0.13235035590134525,1694056429.3837063,1.4089355281955707
69,0.06123777525933216,0.0637150170084303,1694056429.3868012,27922.066681421096
70,0.12368048137227594,0.13234591570152432,1694056429.3898227,7.337538703063876
71,0.09241173584219198,0.09675182428234752,1694056429.3928385,10814.816448124328
72,0.12367954077530008,0.13235139488388614,1694056429.3958664,0.000236999288092849
73,0.12367954077670917,0.13235139487650416,1694056429.3989575,0.00024703783495592295
74,0.12216603705290363,0.12992638891459773,1694056429.402037,1185.5309247426364
75,0.12367955403211328,0.13235132533905491,1694056429.405045,0.09479127609679183
76,0.12367954080524501,0.13235139472700408,1694056429.4081202,0.00045034150117352113
77,0.0747740686834022,0.07798037080498721,1694056429.4111722,18840.21280539217
78,0.12367954495658295,0.13235137296883714,1694056429.4141834,0.030037141293473856
79,0.12356819489162074,0.1319682717746905,1694056429.4172077,322.19665799625204
80,0.12365302932159294,0.1321689060158513,1694056429.4202926,181.96164464280477
81,0.1041389584260849,0.10942605379940362,1694056429.423304,6808.648468304264
82,0.12368146985630846,0.13233825134804567,1694056429.4263735,17.247337846684417
83,0.12356743273046389,0.1319667227864777,1694056429.429415,323.16501590170924
84,0.1236795450678877,0.13235137238521377,1694056429.432459,0.030830702444858676
85,0.12367954144429816,0.13235139137874097,1694056429.4355123,0.00500355776112831
86,0.09717557402218713,0.10187500602942723,1694056429.4385455,9096.245686006414
87,0.1236795674829233,0.13235125458809793,1694056429.4415603,0.19094658636726877
88,0.045874400897573775,0.04762255252349323,1694056429.4445825,44504.14598003902
89,0.12368254399856737,0.1323168528233677,1694056429.4482436,43.093818499302344
90,0.12368140482703993,0.1323388556004378,1694056429.4513214,16.479999800025993
91,0.12367954076174548,0.1323513949548989,1694056429.4543517,0.00014042994622225107
92,0.05739558195693839,0.059681923821227834,1694056429.4573824,31253.062976159217
93,0.12367958487290531,0.132351162833783,1694056429.4604647,0.3155886203384805
94,0.12368033280467339,0.13234686671444384,1694056429.4635265,6.079895907372733
95,0.12367955764622263,0.13235130634762293,1694056429.4665575,0.12060575385743952
96,0.12367954107126866,0.13235139333324752,1694056429.4695807,0.0023456856036514124
97,0.09242655299480862,0.09676771538561457,1694056429.4726777,10809.241143276935
98,0.12368025704110353,0.1323473374300479,1694056429.4757032,5.455001404256578
99,0.12367954074353427,0.13235139505030846,1694056429.4787195,1.0683247019133885e-05
100,0.12368125942715347,0.13234014058294596,1694056429.4817874,14.840520603637273
101,0.12367954333383158,0.13235138147620984,1694056429.484878,0.01846923969865475
102,0.12367979668189721,0.1323500185198654,1694056429.4879441,1.8645800044171414
103,0.1027891832626403,0.10795535391683131,1694056429.4909732,7234.7077643745915
104,0.12367954598711595,0.13235136756477694,1694056429.4940517,0.037385018511306684
105,0.08892429843943817,0.09301832782906283,1694056429.4971075,12171.707555428091
106,0.12368145952035192,0.13233834872031203,1694056429.5001597,17.12383986805228
107,0.1236795407440554,0.1323513950475791,1694056429.503167,1.4395025165952601e-05
108,0.07325999891190105,0.07637977741275104,1694056429.5062203,19695.741580831695
109,0.12368026439604662,0.13228178457814632,1694056429.509291,81.09035004790759
110,0.02608233490954326,0.027002089183728928,1694056429.5121117,94021.78771052473
111,0.12367954081627652,0.13235139466920698,1694056429.5151608,0.0005289383832805644
112,0.1236795407750414,0.13235139488524084,1694056429.5182645,0.00023515677540946074
113,0.07076522370120564,0.07374539686744674,1694056429.5213282,21181.398470639113
114,0.12367863640048682,0.13226999474292234,1694056429.5243578,92.93549466747015
115,0.12367954074845033,0.1323513950245523,1694056429.5274453,4.5709000749134166e-05
116,0.12353795198461237,0.13190855439037952,1694056429.5304987,358.6167133587667
117,0.1235490044494274,0.13192999232514124,1694056429.5335166,345.7497578455193
118,0.0782556468182164,0.08166643558581455,1694056429.536566,16992.033493966013
119,0.12367069552107379,0.13223010600842477,1694056429.5396976,130.39099106366106
120,0.12367954076657917,0.1323513949295747,1694056429.5427635,0.0001748677087912997
121,0.12367954074425314,0.13235139504654203,1694056429.545788,1.580524886099121e-05
122,0.12367954074460163,0.13235139504471838,1694056429.5488477,1.8285627514770105e-05
123,0.12367954074472842,0.13235139504405347,1694056429.5519283,1.9189553962253702e-05
124,0.12367954114879864,0.1323513929270359,1694056429.5549524,0.002898082043664909
125,0.11354912630712632,0.11982239431336628,1694056429.5579934,3983.634517752534
126,0.12367987402100478,0.13234958768051364,1694056429.5610654,2.4451789220007725
127,0.12367999549580422,0.13234889582788412,1694056429.5640926,3.374580455253622
128,0.11805549178674069,0.12495953421534722,1694056429.5671175,2632.139627254361
129,0.12367954076652399,0.1323513949298637,1694056429.570188,0.00017447497758317872
130,0.12367954161109873,0.13235139050473343,1694056429.5732539,0.00619208329972407
131,0.12368046588172865,0.13234601667507162,1694056429.576318,7.204315348639331
132,0.042539491515081185,0.04414031996107226,1694056429.5794492,49654.37081580874
133,0.12368008535858521,0.13234837143277844,1694056429.5825243,4.076638414537476
134,0.12367954074419085,0.13235139504686722,1694056429.585597,1.5362889036437865e-05
135,0.12253700584152816,0.1304149262326012,1694056429.5886674,1014.6744547705447
136,0.12367954104193624,0.13235139348693004,1694056429.591695,0.0021366960069805784
137,0.12218370840478443,0.12994932895856182,1694056429.594777,1177.7468631236552
138,0.12367955134590325,0.13235133944568445,1694056429.597819,0.07561473607549174
139,0.11240697479956441,0.11854257976725635,1694056429.6008594,4319.35148121333
140,0.12358796405216288,0.13200943429525436,1694056429.603903,295.94869370671597
141,0.12368003106188341,0.1323486896013082,1694056429.6070075,3.6509201953238914
142,0.12367954077452825,0.13235139488792946,1694056429.6101055,0.00023150067230986676
143,0.1236795407476119,0.132351395028945,1694056429.6131425,3.9735336492366826e-05
144,0.12367954076497933,0.13235139493795722,1694056429.6162386,0.00016346868062930544
145,0.12367954074595022,0.13235139503765225,1694056429.619315,2.7894513117026212e-05
146,0.12367954075871446,0.13235139497077952,1694056429.622353,0.0001188341573798174
147,0.12367954099574097,0.13235139372896165,1694056429.6253762,0.0018075627633478508
148,0.12366946873966622,0.1322250842382966,1694056429.6284657,134.8620645477712
149,0.12368006993293612,0.1323484622400708,1694056429.6315513,3.9552124902384844
150,0.12367954074390919,0.1323513950483458,1694056429.6345756,1.3352414373166929e-05
151,0.12367954074939669,0.13235139501959547,1694056429.6376297,5.244967444762114e-05
152,0.04414960136408308,0.04582112268151051,1694056429.6406827,47072.070338554135
153,0.12368017591573166,0.13234783148686236,1694056429.6437068,4.797385511566273
154,0.12367954089345157,0.13235139426487896,1694056429.6467419,0.0010787786594950298
155,0.12367954121029501,0.1323513926048301,1694056429.649841,0.003336241234140788
156,0.12360294478511535,0.13204213903066875,1694056429.6528916,274.32067500464905
157,0.12367954086837374,0.1323513943962652,1694056429.655979,0.0009001083926343489
158,0.12368038421627425,0.13234654193245887,1694056429.6590133,6.510124179391541
159,0.04224848337804976,0.04383661979800524,1694056429.6620944,50141.79660491667
160,0.11705636463445668,0.12380481419404232,1694056429.6651902,2939.598485120875
161,0.12367954109336177,0.13235139321749334,1694056429.6682038,0.0025030964914456973
162,0.12367966109787398,0.1323507568101009,1694056429.6712976,0.8663575065447269
163,0.12368134847910439,0.13233936386011547,1694056429.6743493,15.832780241452692
164,0.12015783428743887,0.1274381930321331,1694056429.6773992,1948.9872386379564
165,0.12367954079393395,0.1323513947862638,1694056429.6804345,0.0003697549072145528
166,0.12367954074418752,0.13235139504688598,1694056429.6835008,1.5337762965815756e-05
167,0.12367954074907339,0.1323513950212909,1694056429.686534,5.014428431197653e-05
168,0.12367964234995066,0.13235085726101337,1694056429.6895638,0.7302156043449052
169,0.12368094293584031,0.13234268005986094,1694056429.6926668,11.56896791277112
170,0.12368018631780842,0.13234776869604292,1694056429.6957753,4.8810625248413775
171,0.1236795428351557,0.13235138408999692,1694056429.6987906,0.014915028694459397
172,0.030664115670288927,0.03176623606043627,1694056429.7016048,76941.65862542402
173,0.12368035591607651,0.13234672126166314,1694056429.7046924,6.272666420857636
174,0.1236795496203994,0.13235134850317587,1694056429.7077425,0.06330116840372843
175,0.12367997705660938,0.1323490020798347,1694056429.7107882,3.2320806649257885
176,0.12359637653106315,0.13202761393204565,1694056429.7139037,284.0169825358647
177,0.12368248353746225,0.1323114675847018,1694056429.7169466,49.24123474685244
178,0.12367954136781145,0.1323513917795076,1694056429.720013,0.004458569867867268
179,0.12367954074850007,0.13235139502429216,1694056429.7230601,4.60625889954186e-05
180,0.12367954778621715,0.13235135812772836,1694056429.7261014,0.050215984216785775
181,0.12368167408050013,0.13233620971261084,1694056429.7291508,19.823259682485
182,0.12367954091944589,0.13235139412869001,1694056429.7321763,0.0012639797002397955
183,0.12355633920300069,0.1319444533448273,1694056429.7352118,336.9423010204532
184,0.12367954074853005,0.1323513950241345,1694056429.7382653,4.627695912122566e-05
185,0.12367954130486469,0.13235139210932623,1694056429.7413285,0.004010061062241343
186,0.12232202524302238,0.1301299414594692,1694056429.7443738,1115.6953870075045
187,0.12367954086270094,0.13235139442598565,1694056429.7474525,0.0008596918829558405
188,0.1236820078957881,0.13233220054723827,1694056429.750524,24.808974276464067
189,0.12367978328216522,0.13235009243422102,1694056429.7536044,1.7648308679659177
190,0.07687825591624309,0.08020719162810974,1694056429.7566895,17704.3384777814
191,0.12367954134486137,0.13235139189975864,1694056429.759728,0.004295044866434214
192,0.12367954074844456,0.13235139502458249,1694056429.7627556,4.56678858505371e-05
193,0.12363297172961973,0.1321135671986886,1694056429.7657745,224.21240280673308
194,0.12335850254415648,0.13159593969417416,1694056429.7688074,526.9632093728584
195,0.0894235694668345,0.0935520392138911,1694056429.7718384,11971.774421392982
196,0.07125889435197896,0.07426640951400143,1694056429.7748516,20879.528727593384
197,0.12367954074396992,0.13235139504802484,1694056429.777941,1.3788458926239608e-05
198,0.12367954105167411,0.13235139343590918,1694056429.7809787,0.002206077987542593
199,0.12368124800466418,0.1323402380062333,1694056429.7840445,14.715789605689586
200,0.05776440213259448,0.060068800169347125,1694056429.787103,30914.56976730821
201,0.056861025159077094,0.059121295070888036,1694056429.7901325,31751.276683055537
202,0.12368003553320528,0.13234866355365038,1694056429.7931688,3.685800986584611
203,0.08385048145378182,0.08760784088434881,1694056429.796174,14323.973130157961
204,0.12368207794524311,0.1323311979571865,1694056429.7992406,26.0412657459694
205,0.12367955188280755,0.13235133662673804,1694056429.8022704,0.07944693395434546
206,0.1236796415312067,0.13235086163900656,1694056429.805333,0.7242802969369199
207,0.12368088881927963,0.13234308491037095,1694056429.8083847,11.043451525259691
208,0.12367996374520396,0.13234907850502697,1694056429.8114316,3.1295306916637693
209,0.07581067604327707,0.07907703697241397,1694056429.8144593,18273.185671937936
210,0.08152139876713738,0.08513159922592328,1694056429.8174875,15393.392967851096
211,0.1236795532028312,0.13235132969483832,1694056429.8205347,0.08887019420854912
212,0.04700869083807979,0.04880775988087527,1694056429.823561,42916.59763291457
213,0.12367954081908994,0.13235139465446966,1694056429.8266058,0.0005489801819448357
214,0.12367954076777099,0.13235139492333303,1694056429.8296676,0.00018335602885701899
215,0.12367954077351495,0.132351394893239,1694056429.8327384,0.00022428053348750337
216,0.12367969849312677,0.13235055528035633,1694056429.8357682,1.1392568715836764
217,0.12367954074433862,0.1323513950460934,1694056429.8387885,1.641527084284286e-05
218,0.05858225877985601,0.060926895919848345,1694056429.841821,30178.81009337204
219,0.120394644254468,0.12772328163783875,1694056429.8448675,1867.0446825360777
220,0.12367954074401832,0.13235139504777282,1694056429.8478887,1.413155025886954e-05
221,0.12367954082316923,0.13235139463309542,1694056429.8509557,0.0005780462069394611
222,0.12367954367816303,0.1323513796712601,1694056429.8540297,0.020923567947662366
223,0.12367954077069065,0.1323513949080355,1694056429.8570595,0.00020415896159309274
224,0.12203052283829086,0.12975139440620342,1694056429.8601038,1244.2479138574977
225,0.12367954467272968,0.13235137445715228,1694056429.8631668,0.028013445428221578
226,0.06479517467235563,0.06745498676252737,1694056429.8662102,25181.107283651967
227,0.1236803959562528,0.13234646713993414,1694056429.8692296,6.6090920317222475
228,0.10629522124716573,0.11178402683825928,1694056429.8723092,6142.141879135465
229,0.11750906361266922,0.12432657451089368,1694056429.8753524,2801.202168789709
230,0.09108072740612871,0.0953253581985195,1694056429.8784425,11322.000952538727
231,0.1236795962050451,0.1323511028690897,1694056429.8814867,0.39701110807403045
232,0.12367993476016703,0.13234924411804638,1694056429.884562,2.907154816947349
233,0.1226310791835834,0.13054158154132567,1694056429.887587,968.3579258203189
234,0.12367954175221363,0.13235138976529226,1694056429.890605,0.0071976134220637245
235,0.1236796518269272,0.1323508065320439,1694056429.8936336,0.7989787452609658
236,0.12368075685272861,0.1323440415823377,1694056429.8966842,9.797224874219305
237,0.12367954074404208,0.13235139504764892,1694056429.8997495,1.4299891935528771e-05
238,0.12368062595714158,0.132344951359318,1694056429.9027574,8.60625246450206
239,0.12367957114334904,0.13235123530131976,1694056429.9058027,0.21715182812909029
240,0.12216794597531255,0.1299288655820393,1694056429.9088721,1184.6915446951302
241,0.12367954273556026,0.1323513846119877,1694056429.9118876,0.014205222185242816
242,0.09895311132727291,0.10379466258667847,1694056429.9149003,8489.597203641162
243,0.12368032389072692,0.13234692257861835,1694056429.9179473,6.0058178011492105
244,0.12367954083916266,0.13235139454930367,1694056429.9209833,0.0006919935019004717
245,0.12301994898930757,0.13108292437557156,1694056429.9240267,757.3425162564414
246,0.12368110434422419,0.1323414243022505,1694056429.9271185,13.19203425815295
247,0.12367954074689169,0.13235139503272042,1694056429.9301858,3.460132428644262e-05
248,0.12367956304508765,0.1323512779520707,1694056429.9332423,0.1591977040358753
249,0.12368199034941407,0.13230015705600584,1694056429.9362838,61.75730925180961
250,0.0816203837573729,0.0852367516265572,1694056429.93937,15346.798104536307
251,0.12367954074345155,0.13235139505074267,1694056429.9423878,1.0092999434346366e-05
252,0.037778665186681604,0.03917499941495495,1694056429.9454625,58558.7085577232
253,0.12367954892197375,0.1323513521684594,1694056429.9485157,0.058318070619561006
254,0.039716052027702786,0.041194807417156976,1694056429.951581,54680.86594452092
255,0.1236808995623333,0.1323430051459411,1694056429.9546087,11.14707722206473
256,0.12017546527579581,0.12745936576202554,1694056429.9576433,1942.934141424867
257,0.12368027305273732,0.13234723871602516,1694056429.9607038,5.586181562682702
258,0.1236816180032495,0.13233679448393243,1694056429.9637837,19.08806842187907
259,0.12367954174890328,0.13235138978263938,1694056429.9668305,0.007174023863300055
260,0.1236804868429966,0.13234587993646996,1694056429.969878,7.384709344765663
261,0.1235727192915329,0.13197752095170534,1694056429.972907,316.3862762466458
262,0.11407288005871441,0.12041165455876168,1694056429.9759493,3829.4672900846076
263,0.12354067827294335,0.13191380524821417,1694056429.9790375,355.48549493482477
264,0.12367820695740772,0.13226726173410575,1694056429.982076,95.62522818017663
265,0.11208631809876357,0.11818444353312241,1694056429.9851077,4413.613512295282
266,0.12367954310779183,0.13235138266101776,1694056429.9881842,0.01685815211925611
267,0.12368244319342825,0.1323098729590525,1694056429.991253,51.037325479306375
268,0.12367958585735572,0.13235115762994232,1694056429.9942684,0.32265571665986553
269,0.12367955003028108,0.13235134635191292,1694056429.9972966,0.06622584682789939
270,0.1236795587183358,0.13235130071124002,1694056430.000371,0.1282665752798185
271,0.12367955524678875,0.1323513189577058,1694056430.0034413,0.10346556524453206
272,0.12367954283619331,0.13235138408455605,1694056430.0064995,0.014922426882060112
273,0.12368141213273198,0.13233878868741644,1694056430.0095701,16.565085400308455
274,0.12367956884075582,0.132351247435332,1694056430.0126195,0.200665498452014
275,0.03970380072969659,0.041182031541459385,1694056430.015657,54704.213606947436
276,0.12368209044600431,0.13230179100114048,1694056430.0187118,59.980338771362305
277,0.1236795408778476,0.1323513943466299,1694056430.0217845,0.0009676067387340769
278,0.12367956664234858,0.13235125901508582,1694056430.024825,0.18493115985095027
279,0.1236795445489196,0.1323513751062937,1694056430.0278494,0.02713078737130012
280,0.12267329659344006,0.13059886950473842,1694056430.0308623,947.0829965667375
281,0.10574946833557874,0.11118615461885706,1694056430.0338893,6309.324806552833
282,0.09211986676745709,0.09643885190939328,1694056430.0369263,10924.95252169025
283,0.12368254322101668,0.13231746769859187,1694056430.0399642,42.38362747047647
284,0.1236795414488463,0.13235139135491036,1694056430.0430849,0.0050359640398920415
285,0.12367954121073654,0.13235139260251516,1694056430.0461411,0.003339389021422141
286,0.1150535536843117,0.12151955563289962,1694056430.0491958,3539.8057222197626
287,0.12367980049120864,0.13234999746832576,1694056430.052272,1.8929819072733576
288,0.12246117046149307,0.13031373893987042,1694056430.0553496,1051.0196604443738
289,0.12368023896210767,0.13234744840661816,1694056430.0583816,5.307440961774009
290,0.12363801681685882,0.1321266930359336,1694056430.0613914,214.49899063659606
291,0.12367975420693789,0.13235025208826645,1694056430.0644925,1.5492313425919377
292,0.12337756409289313,0.13162703286309207,1694056430.0675323,511.4923056370921
293,0.12368018640927603,0.13234776814318971,1694056430.0705583,4.881799145622971
294,0.12367960412971735,0.1323510608534969,1694056430.0736384,0.45404488331018106
295,0.12367954449175222,0.13235137540602104,1694056430.0767288,0.026723237998052086
296,0.12367954074878507,0.13235139502279802,1694056430.0797668,4.809428627842314e-05
297,0.12367954917886426,0.13235135082037774,1694056430.0827854,0.0601508533914048
298,0.12367954075081478,0.1323513950121643,1694056430.085836,6.255481974430503e-05
299,0.034020350736806426,0.035259766083072464,1694056430.088941,67324.19005156278
300,0.12367954083394672,0.13235139457663214,1694056430.091999,0.0006548299179720579
301,0.12186471564423063,0.1295392976464913,1694056430.0950344,1313.9746214834588
302,0.10802410453127986,0.11368330738970212,1694056430.0981097,5618.449084551118
303,0.12368077054041837,0.13228616494467937,1694056430.1011395,76.58302624215676
304,0.12368019534914299,0.13234771404810153,1694056430.1041758,4.953864545975392
305,0.12367954079917709,0.13235139475879265,1694056430.1072485,0.00040711243529539603
306,0.12367960585121407,0.1323510517174188,1694056430.110317,0.46644476968817494
307,0.12367954471232134,0.1323513742495669,1694056430.1133473,0.028295704511804996
308,0.12367954099186063,0.1323513937492915,1694056430.1163447,0.0017799162914432602
309,0.12368060464231523,0.13234509609500855,1694056430.1194088,8.416251166274332
310,0.12367954260359437,0.132351385303623,1694056430.122433,0.013264728856398154
311,0.08333382353215046,0.08705816361346108,1694056430.125448,14556.45206887708
312,0.08815415911779634,0.09219554947803388,1694056430.1285024,12484.042817094736
313,0.12367954126492497,0.13235139231859294,1694056430.131594,0.003725486018186549
314,0.1236795407600716,0.13235139496366943,1694056430.1346488,0.00012850292328206157
315,0.12367954086139765,0.13235139443281263,1694056430.137723,0.000850407966986289
316,0.12367967813572267,0.1323506651840486,1694056430.1407728,0.9904708687172665
317,0.12364820567839385,0.13215472027407738,1694056430.1438348,193.1330858981677
318,0.12367954091154076,0.13235139417010555,1694056430.146882,0.0012076591719233669
319,0.12367954116623114,0.1323513928357012,1694056430.149901,0.0030222861696846287
320,0.11590544736993913,0.12248746293771595,1694056430.1529388,3286.3873434512375
321,0.1236795609253627,0.13235128910451044,1694056430.1560318,0.14404134987230596
322,0.123681245104871,0.13234026266220789,1694056430.159111,14.684212867149972
323,0.12367954104675216,0.13235139346169855,1694056430.162194,0.002171007842997937
324,0.12367954075672138,0.1323513949812215,1694056430.1652355,0.00010463394367047337
325,0.1236797395107635,0.13235033241062877,1694056430.1682594,1.440688765934312
326,0.12367962308164215,0.1323509600982936,1694056430.1713018,0.590758352270301
327,0.12367954078923693,0.132351394810871,1694056430.174446,0.0003362919263295753
328,0.12368140843527675,0.13233882258240093,1694056430.1775177,16.521988570948043
329,0.12367991481647822,0.13234935744219978,1694056430.1805594,2.754870497694907
330,0.1236824337810386,0.1323239531467082,1694056430.183621,34.78351522385098
331,0.12367954078118171,0.1323513948530709,1694056430.1866708,0.00027890442279187205
332,0.1235639521608215,0.13195968106267753,1694056430.189748,327.55042807916266
333,0.12367954097523559,0.13235139383639538,1694056430.1928108,0.0016614657690561716
334,0.12367975585405866,0.13235024307025134,1694056430.1959312,1.5614146278423935
335,0.1230929567961131,0.13118900165558045,1694056430.1989658,712.7878401480626
336,0.12367954074438181,0.13235139504586735,1694056430.202029,1.6722618414527368e-05
337,0.12367954320116414,0.13235138217160503,1694056430.2051556,0.01752365108283352
338,0.1088846226669149,0.11463191575966325,1694056430.2082322,5360.727901848056
339,0.11751427581337126,0.1243325951257429,1694056430.2112787,2799.600587770872
340,0.12367987112595269,0.1323496039401999,1694056430.214359,2.423292989684356
341,0.11133280439475124,0.11734469296551586,1694056430.2174392,4635.352239274255
342,0.05714891747658857,0.059423214402671065,1694056430.2204862,31481.82594871571
343,0.12048090082349694,0.12782752089026106,1694056430.2235298,1836.8342819462307
344,0.11526668275701724,0.12176119777239047,1694056430.2265944,3476.5976987780373
345,0.12367954075567034,0.1323513949867262,1694056430.2296538,9.714803446176527e-05
346,0.12368236758519979,0.13232579522419718,1694056430.232724,32.586920673640684
347,0.12367586075011239,0.13225396467828754,1694056430.235785,108.43509930406739
348,0.12368105231532056,0.1323418374051577,1694056430.238865,12.659254369236832
349,0.12258509083031,0.13047949982101903,1694056430.241888,991.1801987514965
350,0.12367954074514598,0.13235139504186355,1694056430.2449436,2.2167269369476055e-05
351,0.12338667652208735,0.13164202584731988,1694056430.2479775,503.9498793331325
352,0.12364143034189468,0.13213583353315006,1694056430.2510366,207.62804149984498
353,0.12367954129692948,0.13235139215090486,1694056430.254077,0.0039535199348465265
354,0.123679541264336,0.13235139232168225,1694056430.257092,0.003721285478593148
355,0.12368176297074851,0.13233523877529418,1694056430.260161,21.03939146495028
356,0.12367954472379916,0.13235137418938814,1694056430.2632313,0.028377531596877864
357,0.12271748982767183,0.13065916313605908,1694056430.2662487,924.4571379163643
358,0.12367958122000589,0.13235118213412145,1694056430.2692873,0.28937587398258885
359,0.12315646533559288,0.13128291563337502,1694056430.2723887,672.1932511843548
360,0.02964168653478305,0.030702674982496125,1694056430.275225,80300.42359403321
361,0.12367954215352728,0.1323513876623008,1694056430.2782543,0.01005734609366722
362,0.12367954077981846,0.13235139486021497,1694056430.2813914,0.0002691896033756474
363,0.09378122961502589,0.09822167201072696,1694056430.2844608,10305.86296633394
364,0.12367989494486253,0.13234946985353613,1694056430.2875109,2.603717061230799
365,0.03908668813861016,0.04053855137937368,1694056430.2905574,55898.95750773459
366,0.12368191091203684,0.1323334786713264,1694056430.2936494,23.229721335412044
367,0.02781149994493337,0.028799492717064168,1694056430.2964642,86922.10719811701
368,0.12367993235222452,0.13234925782752482,1694056430.2995152,2.8887372485415
369,0.12367979306556165,0.13235003848896343,1694056430.3025634,1.8376353601748892
370,0.12367954077376886,0.13235139489190928,1694056430.3056452,0.0002260887906026134
371,0.12367954580159879,0.13235136853769858,1694056430.3087332,0.036062157834399505
372,0.12367954074460197,0.13235139504471594,1694056430.3117769,1.8288819468974278e-05
373,0.12367954079842403,0.13235139476273872,1694056430.3148203,0.00040174621628686345
374,0.12359500083962516,0.13202460994823895,1694056430.3179088,286.00388142157226
375,0.1236795407448612,0.13235139504335658,1694056430.3209596,2.013709872620353e-05
376,0.12367954723495089,0.13235136101971112,1694056430.324033,0.04628400932765914
377,0.11280607706086676,0.11898902323486937,1694056430.3271234,4202.062700469493
378,0.12367984190236936,0.13227844736297856,1694056430.3301654,84.48452663465109
379,0.1236802543100538,0.1322817019121998,1694056430.3331852,81.17483614600896
380,0.12367954085008137,0.1323513944921012,1694056430.3362398,0.0007697824571062494
381,0.123679577465032,0.1323512019589811,1694056430.3392792,0.2624477219778351
382,0.12368038811463977,0.13234651712313872,1694056430.3423314,6.542957109945123
383,0.030035485634323345,0.031112286160907554,1694056430.3451118,78979.99040453196
384,0.1236795408956034,0.1323513942536022,1694056430.3481846,0.0010941131866278422
385,0.12367954116330482,0.13235139285103392,1694056430.3512197,0.003001435518638865
386,0.12367954132946479,0.13235139198043133,1694056430.3543773,0.004185340902507861
387,0.12357186963961031,0.13197577683540707,1694056430.3574169,317.48567378669
388,0.12367959263239858,0.13235112178877728,1694056430.3604774,0.3713242173558932
389,0.12367954074724141,0.132351395030888,1694056430.3634918,3.70932070836458e-05
390,0.12367970905201142,0.13235049809190735,1694056430.3665297,1.2166408831556577
391,0.12367954092689437,0.13235139408966579,1694056430.3696117,0.0013170481311998382
392,0.12263105004636887,0.13054154210310898,1694056430.372666,968.3724996047375
393,0.12367954206184772,0.13235138814274194,1694056430.3757007,0.009404025867748063
394,0.12367954074468512,0.13235139504427906,1694056430.3787477,1.8882527225244948e-05
395,0.12368062487224551,0.13234495874844243,1694056430.3818407,8.596555960936778
396,0.11769440347981297,0.12454085570861373,1694056430.3848958,2744.1275205135985
397,0.1236795498009432,0.13235134755561473,1694056430.387935,0.0645893985748088
398,0.12357363444726721,0.13197940333794655,1694056430.3909948,315.19774897672545
399,0.12367971937714417,0.13235044204699908,1694056430.3940878,1.2924530714803169
