trial,score,test_score,time,alpha
0,0,0,1694021307.8447714,0
0,0.09532046795566596,0.04473805507753881,1694021307.878676,1
1,0.09527914006276006,0.044830016537175554,1694021307.9107468,3.2209132335058994
2,0.09446618699312037,0.04589078651070211,1694021307.929877,120.63636043495595
3,0.09534399861354748,0.044684900372748415,1694021307.960937,0.00811049552727607
4,0.09531422766811926,0.04475207310031937,1694021307.9922924,1.2831459336090951
5,0.08273812646501921,0.058173160156561154,1694021308.0022542,8500.990747226393
6,0.08164392917672836,0.058109474786483206,1694021308.0112717,9181.86470916494
7,0.09533854211808668,0.04469122470137632,1694021308.0422535,0.00018024079929419208
8,0.09534780553657796,0.04469042455129546,1694021308.0734415,0.0011814865483077482
9,0.0953371901968546,0.0446879970629277,1694021308.1071973,3.2709358969753595e-05
10,0.09534405344916053,0.04468795043793217,1694021308.1435285,0.0025947265100813104
11,0.09534378472816096,0.044690301427062096,1694021308.17931,0.004107044613623071
12,0.09534009696152368,0.044700444293107267,1694021308.2141974,0.004046609073821889
13,0.09534435760941384,0.04468474067208239,1694021308.2487707,2.6701632039024488e-05
14,0.09534227833147146,0.04468310315654078,1694021308.2834735,1.0188424950095755e-05
15,0.09533875915809609,0.044688074137037126,1694021308.3180182,0.00023908410206949178
16,0.09525000962049723,0.04478033573942275,1694021308.3565743,1.0546427469102911e-05
17,0.09533303635856616,0.044681339140834275,1694021308.3911152,0.04791769117817472
18,0.09533739124177476,0.04468973859186898,1694021308.4260266,0.00017000376919536008
19,0.09533238294421797,0.04468250462553269,1694021308.4603803,0.00026371209586349307
20,0.09534478792412415,0.04467477396315489,1694021308.494982,0.04559621538406187
21,0.09533793023300807,0.044689913573611406,1694021308.5297008,0.08855621894489953
22,0.09533841485240557,0.04468731022324124,1694021308.5642428,0.0006226099843008458
23,0.09533849747241907,0.0446876731489112,1694021308.598678,0.03263579885315371
24,0.09534516817969685,0.04468522010132592,1694021308.6331139,0.0009760693314653601
25,0.09533536037401691,0.044699967485066994,1694021308.6675742,0.22178042644974968
26,0.0953430337456771,0.044684388312573264,1694021308.7018938,0.0011284086969189653
27,0.09534083549951888,0.044686114098914764,1694021308.7360947,0.02606803300778741
28,0.09533787529834803,0.04468934036990013,1694021308.7704604,0.013695188766130031
29,0.09532890155719731,0.044691239684742645,1694021308.8041034,0.2234036440245244
30,0.09534477868895186,0.04468372132150078,1694021308.8383076,0.0028758456297825106
31,0.09533961700565619,0.04468570494364843,1694021308.8730106,0.0009680413799945133
32,0.09533886494914834,0.044686224796899876,1694021308.9075692,0.009938946934342883
33,0.09533429379575897,0.044679225943837664,1694021308.94187,0.0021766616207352712
34,0.09533861033407487,0.044686817225194075,1694021308.9766848,0.011203659714951268
35,0.09534103129859417,0.04470631500049094,1694021309.0115595,0.4084622099647899
36,0.09536247583211876,0.0449149907526577,1694021309.0437276,4.108015541309977
37,0.09530486192920118,0.045044277253103004,1694021309.0732856,8.18709164536546
38,0.09535740751484467,0.044935523514325504,1694021309.1061506,4.2652323486461405
39,0.09490179706277135,0.04526589811585213,1694021309.1339688,34.41463455287004
40,0.09539943648408888,0.044954674773282965,1694021309.1667528,3.0834807421407047
41,0.095307604223822,0.04477182750976105,1694021309.2022736,1.578809840219897
42,0.09533348729962532,0.04518044406987809,1694021309.2325213,6.687924975251083
43,0.09532683753847593,0.0447280984986943,1694021309.267345,0.8809223665880693
44,0.09447313357867593,0.045874307514994994,1694021309.2899446,117.44815437137038
45,0.09530367623458336,0.04477781424614535,1694021309.3251493,1.8888902975101691
46,0.09536415134494058,0.045169227341352314,1694021309.3553493,5.357297271448156
47,0.09532114701020689,0.0451793522933851,1694021309.3857007,7.082035579166849
48,0.09502237279467629,0.045155304258028384,1694021309.4134462,23.367573603750046
49,0.09528260023791602,0.04482103465295317,1694021309.4475026,2.9853787975795423
50,0.09532598528163339,0.04472281434734349,1694021309.4823735,0.7354639585271011
51,0.09539445165573202,0.04496244343714917,1694021309.514873,3.315998020396711
52,0.09540458691394038,0.04515359360741977,1694021309.5449114,3.715720685424854
53,0.09527924263261067,0.044824509199064666,1694021309.5794544,3.1781556621241043
54,0.09502024254160935,0.04515719272397822,1694021309.6068199,23.538921969071257
55,0.09531860993899188,0.04474114315985478,1694021309.6419783,1.0764922983623062
56,0.09531646138432903,0.045013458795089556,1694021309.674443,6.838126728488569
57,0.09432771057694755,0.04638602014815929,1694021309.696813,216.05297289375642
58,0.09533800148772964,0.04471089905584791,1694021309.7322657,0.43362627302363904
59,0.09527332723215864,0.044842092524853716,1694021309.7675714,3.627730772293145
60,0.09517183433197451,0.04513698756124418,1694021309.7955375,13.949417242889382
61,0.09533653065224323,0.04469334653893098,1694021309.830678,0.13731122380667385
62,0.09533070484276285,0.044709298668418995,1694021309.8656569,0.42886711905337666
63,0.0953070524240679,0.04478679101260419,1694021309.9007754,2.0576607809415193
64,0.09469579294815078,0.045434430162815564,1694021309.924479,48.06287611160175
65,0.09536911756469035,0.044967619105033996,1694021309.957092,4.095580488809783
66,0.09536528570334546,0.04491583271622934,1694021309.9898727,3.977304213104549
67,0.0952244653649964,0.04509740956137276,1694021310.0198,12.129621727248644
68,0.09530638756294374,0.04475132991343855,1694021310.0547547,1.395765877516538
69,0.09526952211781259,0.044850080026665906,1694021310.0904617,3.8804359298308655
70,0.09516597260267556,0.045140859468956185,1694021310.119615,14.299812434876157
71,0.0953471914688957,0.04495552046554052,1694021310.1551573,4.767992780682373
72,0.09543344039176138,0.045142192594776476,1694021310.1860573,2.6295434243850377
73,0.09529871451948402,0.04478796621575876,1694021310.2215276,2.1795093050082617
74,0.09531966210308673,0.044738935504047506,1694021310.257868,1.0590960722398823
75,0.09533063278212717,0.0447313520950543,1694021310.2937064,0.6761767048413276
76,0.0952668515894356,0.0450695167366707,1694021310.3232079,10.024207444422823
77,0.09530293464790973,0.04477418431185398,1694021310.3581855,2.0221792745411022
78,0.09540125859946624,0.045153627056091494,1694021310.3882391,3.89336121143572
79,0.09533831691582373,0.04470341957907775,1694021310.4234157,0.2431603872770317
80,0.09532408177674301,0.04473148785107006,1694021310.4591599,0.6432667335720896
81,0.09536509530893622,0.04497727913649985,1694021310.4925218,4.29882045120718
82,0.09532003309004655,0.045006105419868936,1694021310.5259974,6.542060301920823
83,0.09531724874791325,0.04475084776670457,1694021310.5615573,1.3507707453952298
84,0.09542813364764513,0.04514432474593055,1694021310.592228,2.8212125836057904
85,0.09528423881908965,0.04482739843226846,1694021310.6282835,3.2081333973680715
86,0.09514080424819515,0.04515751270566937,1694021310.6569073,15.849799054538268
87,0.09543501377005714,0.045141638312385934,1694021310.6870506,2.5637233860303414
88,0.09529966733958817,0.044786561097491906,1694021310.7227118,1.9312299166417375
89,0.09527294671806819,0.045065328403779636,1694021310.7525053,9.68252633937052
90,0.09533113874294386,0.044728355976233036,1694021310.7877462,0.7881361839911021
91,0.09534667466361146,0.04499677808000224,1694021310.8210685,5.147140104265744
92,0.09531458935607928,0.04475459518283498,1694021310.8567576,1.4449683978482173
93,0.09543886411768954,0.04514000822880482,1694021310.8873696,2.428767421624068
94,0.09541627530511698,0.04494871497788633,1694021310.9207344,2.566438751721162
95,0.09540720672705982,0.04495033271958204,1694021310.9543583,2.8016372327323884
96,0.0953290106355209,0.04471532359757546,1694021310.9905586,0.45100779676311514
97,0.0953161324790961,0.0447477434272302,1694021311.0271761,1.2610617813845848
98,0.09529747766028585,0.04479156497510406,1694021311.0639381,2.26773747225784
99,0.09531703100894229,0.045036331992352574,1694021311.0945423,7.675512447777339
100,0.09529942829736349,0.044799887774505054,1694021311.1306155,2.338907977759207
101,0.0952890508396137,0.044815018078191105,1694021311.1665027,2.8903492520601315
102,0.09531977806075642,0.04473876284076561,1694021311.202337,1.0039727776706773
103,0.09509137570204296,0.045190660376856706,1694021311.2308285,19.11505313640795
104,0.0952719351394975,0.045066195217860705,1694021311.2614775,9.755870686411466
105,0.0949563890562144,0.04521484028584222,1694021311.2901912,29.041022161281397
106,0.09535039159196335,0.04506324051881483,1694021311.3233428,5.4000704240987
107,0.09529304071685829,0.044805518235313424,1694021311.3596342,2.6740827991156126
108,0.09532787415347632,0.04471751344946617,1694021311.3965294,0.6136505632838994
109,0.09525719124235354,0.04478648666112928,1694021311.4365878,0.31094961656829767
110,0.09531404507817476,0.04475239771914019,1694021311.4737754,1.3572455371768413
111,0.09540657375092298,0.045152360723985874,1694021311.5068536,3.6594800619557994
112,0.09532066620750534,0.04503394745603451,1694021311.5399747,7.508973883519928
113,0.09540691115653721,0.04495226078220271,1694021311.5749831,3.2282456362915695
114,0.0953229350327397,0.04473149553858524,1694021311.6126528,0.8908574686021384
115,0.09521143478444294,0.04510581383721424,1694021311.645007,12.806959091093505
116,0.09542779766410059,0.045144432930093625,1694021311.6781087,2.836103840117754
117,0.09530232097857727,0.0447858213054535,1694021311.7163203,2.1376806433016022
118,0.09535269736515528,0.04517345654108351,1694021311.7498088,5.845457377847779
119,0.09533149790837703,0.044715549030804325,1694021311.7889483,0.5958639682643988
120,0.09531151189732279,0.04473670581176303,1694021311.8275962,1.0178336634986733
121,0.09540033552270666,0.04496290990461005,1694021311.8634217,3.4274214255957447
122,0.09530960583472836,0.04476418705480889,1694021311.9035676,1.5652465063793737
123,0.0954259233111795,0.04514397322941843,1694021311.9380872,2.9417600072047487
124,0.09527387631149842,0.04506487616577093,1694021311.972023,9.653352744810906
125,0.09542131446967228,0.04514697639342358,1694021312.005823,3.0804773263013154
126,0.09535545523102262,0.04516721400092383,1694021312.038486,5.816878150242906
127,0.09530650373733185,0.04477322541150608,1694021312.076383,1.8683657391327917
128,0.09533168867799369,0.04470653050422513,1694021312.114386,0.37323708880227724
129,0.09516622921444284,0.04514068565602092,1694021312.1445177,14.284610103787283
130,0.09527626221898766,0.04483463068802407,1694021312.1822464,3.3749956538069443
131,0.09528025135270479,0.04483640582789883,1694021312.2202504,3.4791033092638397
132,0.09530978010689406,0.0447640642236804,1694021312.2578673,1.6160028268735818
133,0.09537349308652365,0.04516577747515538,1694021312.2901387,4.949770217616241
134,0.095428692544403,0.04514413254650618,1694021312.3217988,2.797903231678413
135,0.09532218349765909,0.04473233854922121,1694021312.3585331,0.8642663723708355
136,0.09529497994743674,0.04479553398115754,1694021312.395111,2.3151749074559915
137,0.0953055264871353,0.04504389946825338,1694021312.4264343,8.203637341519471
138,0.09531434168445552,0.04475234913001702,1694021312.46293,1.3571258577490941
139,0.09503806483573118,0.04514139253073801,1694021312.4924712,22.13190722835657
140,0.09533332639489278,0.0447124260973909,1694021312.5298293,0.552185405743821
141,0.09538253855728795,0.044890588148355004,1694021312.5653481,3.5524159968368383
142,0.09536262459736011,0.04516998799391325,1694021312.5982246,5.4093793336376494
143,0.09530058466129865,0.04480501178504637,1694021312.6361988,2.5116019114986505
144,0.09528908435972816,0.045054871686716624,1694021312.6679838,8.948686263569796
145,0.09529164487896302,0.04480616173955543,1694021312.705337,2.686520001067266
146,0.0953549468373518,0.04497193564038049,1694021312.7404692,4.562569023807812
147,0.0953269576548218,0.04474720185626191,1694021312.7780383,1.1075108397636324
148,0.09531456948680961,0.044754759367127916,1694021312.8160522,1.4476298558713563
149,0.0951779856394126,0.04513293930660156,1694021312.8487413,13.585187128275182
150,0.09542769584853339,0.04514309755461898,1694021312.8815565,2.8847337933930595
151,0.09528923084453333,0.0448058284035886,1694021312.9185514,2.87940908987091
152,0.09533492630918428,0.04507440210652569,1694021312.9531088,6.261064310720007
153,0.09530031684287943,0.044787741201922304,1694021312.9906368,2.0488190832338935
154,0.09540580108324703,0.045151384833646,1694021313.0233004,3.7224994386762607
155,0.09532003628820118,0.044725304304109814,1694021313.0609245,0.7914626533139066
156,0.09531075925267596,0.04475737289258386,1694021313.0980942,1.6800831459682157
157,0.09531296301177061,0.04503901223846851,1694021313.1303742,7.861548031410156
158,0.09537152096051116,0.04495560510228458,1694021313.1656337,3.886178232063305
159,0.09532160438372184,0.044732187094284614,1694021313.202833,1.1544002429493345
160,0.09537068909957847,0.04516654824544075,1694021313.2351813,5.0439010629182075
161,0.09528992506863132,0.04481349737758655,1694021313.2724574,2.5178489310064562
162,0.09527988963092693,0.044829590101016725,1694021313.3097506,3.3043244081505803
163,0.09526849351872257,0.04506828456230394,1694021313.34178,9.961557486229244
164,0.09530108114886349,0.04478257458819723,1694021313.3791194,1.982347814949272
165,0.09536618829700472,0.044944996804870185,1694021313.414335,4.606415307378592
166,0.0953141078048384,0.044751466500439374,1694021313.4526649,0.79330534825198
167,0.09531826082759809,0.04476089409682571,1694021313.4903424,1.5249682435021767
168,0.09531315432509069,0.04518436287701255,1694021313.5239327,7.4645225319238815
169,0.09540789936337868,0.04515174774489705,1694021313.5560167,3.5510762923145363
170,0.09524203537544274,0.045085947061196174,1694021313.5883307,11.24881722999997
171,0.09541248704027416,0.045150429666825476,1694021313.6198146,3.394944086458756
172,0.09529238847842958,0.04480206938685227,1694021313.6561744,2.481032332602233
173,0.09534074666915082,0.04506901932483265,1694021313.68965,5.720740080530674
174,0.09528376693537244,0.0448303849487276,1694021313.726616,3.2859526108157877
175,0.09531537591897166,0.044747146042213415,1694021313.7637417,1.1647329017533221
176,0.09530027309518596,0.044779303346720534,1694021313.8005936,2.1257139527774545
177,0.09540066180766249,0.04515473182044871,1694021313.8323495,3.89140162905932
178,0.09509761440479081,0.045186440158325736,1694021313.862706,18.68551955151727
179,0.09532000124749407,0.04508033339513384,1694021313.897077,6.701222668346755
180,0.09532338118268413,0.044758886776804174,1694021313.934236,1.4157462180899496
181,0.09539689989782352,0.04515659969597974,1694021313.9658651,4.017417057624141
182,0.09537746942000536,0.0450478915589122,1694021313.999727,4.221857392670283
183,0.09529305743620964,0.04478944829609355,1694021314.036444,2.3866647055060337
184,0.09533985811279033,0.04506947600687927,1694021314.0715604,5.835219179276548
185,0.09530157839734887,0.044784754197973564,1694021314.109496,1.9328578075770968
186,0.09540815867059049,0.04515123344902772,1694021314.1432714,3.5317818190193893
187,0.09526659635467238,0.045069569774327856,1694021314.175436,10.050375975802366
188,0.09532015259379822,0.04473706965790558,1694021314.2138386,0.988093206990872
189,0.09532644071045582,0.04471934565357416,1694021314.2518466,0.6253460057064125
190,0.09528804770446209,0.04480468813133187,1694021314.2902513,2.73739720681791
191,0.09536441840557264,0.04496822339673334,1694021314.32567,4.256899157119729
192,0.0954144021803397,0.04514944129421716,1694021314.358211,3.3545233657891362
193,0.09530874508039422,0.044761606787458,1694021314.3955586,1.7950724861642184
194,0.0954267457633653,0.04514481374276125,1694021314.4282262,2.877028275880156
195,0.0954186508942414,0.044944151810492494,1694021314.4641016,2.802906615996356
196,0.09530918456244863,0.04474695109410165,1694021314.5016189,1.3167565186449577
197,0.09529442799030619,0.04480089056650749,1694021314.539002,2.553725679062982
198,0.09534263169508006,0.04517312191142564,1694021314.5722442,6.351903032775507
199,0.09530461455146633,0.04477480507117981,1694021314.6106336,1.8611545556667368
200,0.09541788313419497,0.045148351849390145,1694021314.6428926,3.186893239679266
201,0.09542004015078931,0.045147271686759916,1694021314.6747944,3.1359144106125063
202,0.09528206990332733,0.04482292500560181,1694021314.711652,3.0458133410567543
203,0.09531855077601403,0.04500786646464494,1694021314.7463224,6.167498050056945
204,0.09530964402046371,0.04476513342635258,1694021314.7830036,1.6431354921513572
205,0.09531811262148582,0.04474805408824711,1694021314.8191454,0.9613174836745603
206,0.09528818808145456,0.0448099735105314,1694021314.8555195,2.7247399766324483
207,0.034162446571245675,0.02977864802759389,1694021314.868651,77483.118261963
208,0.09528914171454916,0.045054815926146574,1694021314.8988996,8.952487046031191
209,0.09535450962062264,0.044979610491017286,1694021314.9328625,5.2560432873326075
210,0.0953075240751593,0.044768133529062726,1694021314.969877,1.6922757191910525
211,0.09541636134489762,0.045148554314346945,1694021315.002308,3.283407705183401
212,0.09528467769340909,0.044816525556778286,1694021315.0399125,2.8598429412636692
213,0.09538030494927097,0.045163081054003906,1694021315.0724459,4.682359867488332
214,0.09543761658609351,0.0451398542777115,1694021315.103928,2.4971658264908148
215,0.09529895773211616,0.044791249557029844,1694021315.1409104,2.21969034558407
216,0.09532306639771093,0.04473054854362346,1694021315.1782727,1.1344749053269683
217,0.09528695248912,0.044818700367355246,1694021315.2157927,3.0036911906569292
218,0.09531193887496703,0.04476013461584494,1694021315.2545137,1.4779152254149777
219,0.09532940264439571,0.045178609877375986,1694021315.2875571,6.923278404951654
220,0.0953293609894934,0.044715766721142525,1694021315.3263235,0.592669848434768
221,0.09526962209860179,0.04485013429730256,1694021315.3647501,3.7503874564118376
222,0.09542143998329455,0.04494352528509982,1694021315.4006028,2.3441817816704424
223,0.09529607885526759,0.04479383955842764,1694021315.4390843,2.199268490375052
224,0.09529302613102897,0.044802041372200896,1694021315.476883,2.5026016918906477
225,0.09538455922838784,0.04515771446685324,1694021315.5097587,4.5942450454173285
226,0.09531140321018894,0.04475903856129049,1694021315.547022,1.4827291905860907
227,0.09532792819767788,0.04473515561490282,1694021315.5845997,0.901663315925947
228,0.09540741217892068,0.045151571763961895,1694021315.6166198,3.561318780836881
229,0.09533388833872558,0.04518123834140608,1694021315.6497319,6.63050101854711
230,0.09534817608544521,0.04468813530150517,1694021315.6881676,5.846041087807014e-05
231,0.09527513065420534,0.04482272307330204,1694021315.7266192,3.2061408449079867
232,0.09529478393406221,0.044787007063486706,1694021315.7644503,2.13581708144294
233,0.09538993699635201,0.0451582756850708,1694021315.797955,4.246995024753497
234,0.09530469135527986,0.04477890673303453,1694021315.8364732,1.715468949739577
235,0.09540763236026684,0.04494354645995935,1694021315.8726585,3.2185939281667753
236,0.09537100249086905,0.045166552118888315,1694021315.905573,5.074160527457182
237,0.0952856969633703,0.04481444871089979,1694021315.9431944,2.7723544374652476
238,0.09524277927931302,0.04508542896119039,1694021315.9751954,11.220832998394359
239,0.09530418052400247,0.04478376683329455,1694021316.0127645,1.7795159009655528
240,0.09540709428747696,0.045152633303434,1694021316.0450969,3.607666948698036
241,0.09528139122791834,0.044825575286509434,1694021316.0835702,3.126465117461846
242,0.09537828640551471,0.04516354140710277,1694021316.1168354,4.731660627697571
243,0.0954409059285819,0.04513931486751277,1694021316.1497698,2.3471745228891328
244,0.0953165530005281,0.044746642357872624,1694021316.1880598,1.21173773092088
245,0.09529485796557557,0.04480119129314486,1694021316.2254214,2.2138640954151527
246,0.09532823473816598,0.045183368701139814,1694021316.258485,6.887547513347208
247,0.09544686656496593,0.04513699318202846,1694021316.2913208,2.1257771955433755
248,0.09534573048007877,0.044685463851093066,1694021316.3319523,0.006185610838504795
249,0.09531765997716068,0.04474648908727474,1694021316.3695774,1.2606570150047562
250,0.09530009536676454,0.044788163917055424,1694021316.4073713,2.1788885507414384
251,0.09539273695956885,0.045158127509311585,1694021316.4396148,4.192265335211984
252,0.09532122597646575,0.044734431027307564,1694021316.476864,0.9164066786310268
253,0.09531189077332669,0.04475567168844741,1694021316.514466,1.6785754563245783
254,0.09528813621451349,0.0448134875674584,1694021316.5530472,2.8789044299794413
255,0.09530391400778093,0.0450450675804378,1694021316.58592,8.25576415099869
256,0.09538024432504122,0.045163127675612924,1694021316.619333,4.67020539684001
257,0.09530152454640173,0.044784628253722536,1694021316.658008,2.124929371512851
258,0.09531868651303232,0.0447542039180403,1694021316.696854,1.3703444368916542
259,0.09542387177869927,0.045146059229839164,1694021316.7301435,2.9733762332237346
260,0.09532312224840156,0.04473024330181585,1694021316.7690978,0.8794188200737941
261,0.09533438062965416,0.04507484477880508,1694021316.8054433,5.872476179552355
262,0.09529729901551309,0.044792272135538824,1694021316.8438725,2.301719626059294
263,0.09533686810987729,0.044690213654711486,1694021316.88205,0.04857376440085944
264,0.09541066707749746,0.04515066811445345,1694021316.9146872,3.4445055760694685
265,0.09525257334989101,0.044785275809884895,1694021316.9563506,0.14043125456395333
266,0.09531501916625884,0.04475402344984958,1694021316.9944754,1.6287023452225713
267,0.09516332149596196,0.045142588919207305,1694021317.0258594,14.460646182589102
268,0.09533566951291883,0.04470721293334079,1694021317.0637043,0.45056906870446506
269,0.09531152322863812,0.04518575764098498,1694021317.097675,7.551976153255553
270,0.09534414621385501,0.04497017398507963,1694021317.133555,4.952925642553375
271,0.09542945824825966,0.045142615998304825,1694021317.1663806,2.812129032190655
272,0.09378862818875411,0.04999776909097864,1694021317.1865351,1059.551074505684
273,0.09531921524502951,0.04473459432552285,1694021317.225038,1.180880771682301
274,0.09533994612762142,0.04468463565226244,1694021317.2636178,0.0008128111611241326
275,0.09543745571984952,0.04514046717030773,1694021317.296989,2.4847440760793957
276,0.09530118449096692,0.04478224895557836,1694021317.3352304,2.0271211514236818
277,0.09532324621518684,0.044710512993799245,1694021317.372638,0.6336500060307247
278,0.09530619151192399,0.044789816904034274,1694021317.4106169,2.180065535235267
279,0.09531357080426484,0.04475395796771253,1694021317.4490383,1.264465999029739
280,0.09534455681645648,0.044688108311088603,1694021317.4880915,0.018406992508754917
281,0.0952920717001845,0.044803935254426164,1694021317.5263906,2.441936767597371
282,0.09533618247701603,0.044676419968189274,1694021317.5653012,0.0005262380468587065
283,0.09535995166618039,0.045166020739614954,1694021317.599334,5.44242654239107
284,0.09527896681394088,0.04482072327772624,1694021317.6376715,3.1923924246356763
285,0.095322174400012,0.0447317880781366,1694021317.6766539,0.880691888490477
286,0.09527017557471762,0.04506729266783216,1694021317.709794,9.82897515514321
287,0.09531147485978186,0.04475861608310028,1694021317.748945,1.488227963577236
288,0.09542075624302537,0.045146591191064234,1694021317.7828171,3.1283305065214386
289,0.09530588633450832,0.044776051101397596,1694021317.8216667,1.9407295962256912
290,0.09532481095875123,0.04500809436489661,1694021317.858357,5.9946424880721185
291,0.09529382406011044,0.044811270433632644,1694021317.8972633,2.733929736872388
292,0.09532064555695985,0.044727800352903135,1694021317.9353578,1.0100409672287278
293,0.09533528696387361,0.04470324683884075,1694021317.973988,0.3696009822356466
294,0.09537337697342696,0.04496822399381473,1694021318.0091937,4.512593232064273
295,0.09530248830648858,0.04477981698995748,1694021318.0477262,1.9657065495114268
296,0.09532534091592104,0.04503079387590425,1694021318.080639,7.309203948878595
297,0.09531007571462868,0.04476147157895083,1694021318.1189396,1.552383381443178
298,0.09528220660255315,0.04482407620961337,1694021318.1572585,3.0540437277822075
299,0.0953150682165218,0.04472403585145723,1694021318.194832,0.7474722282277082
300,0.09537333903430256,0.04516086917462392,1694021318.2283945,4.894763270679066
301,0.09526074924238237,0.045073575895998697,1694021318.2612493,10.300797085751803
302,0.09543619343515097,0.04514034543915202,1694021318.294205,2.5516491197645292
303,0.09531261898247667,0.04476347502146827,1694021318.332493,1.241784058843381
304,0.0952942613063611,0.04479785765086963,1694021318.3707788,2.3667717412469553
305,0.09492931232395252,0.04523991129164007,1694021318.4013393,31.6212816900776
306,0.09531227155089006,0.044762487748582824,1694021318.4393375,1.6267046077442817
307,0.09527038993590287,0.044840678146833124,1694021318.476565,3.8344949218749664
308,0.09533313178873704,0.04471577833589502,1694021318.5145423,0.6007388701021222
309,0.0952910659258226,0.044806363928518,1694021318.5520866,2.601819537460398
310,0.09511477329235718,0.045174885650547614,1694021318.583243,17.530999063840873
311,0.09534425913138134,0.04468484734697287,1694021318.6213863,0.00019437725409811272
312,0.09534329082014303,0.04468328475461958,1694021318.6600895,2.780372142894794e-05
313,0.09533844505772004,0.04470268835935376,1694021318.6989148,0.23951977723867235
314,0.09533871261465499,0.04468611192135086,1694021318.7371714,1.1805825057142655e-05
315,0.09531769040946336,0.044744947489924525,1694021318.775913,1.14490314339863
316,0.09532862702100675,0.04501199712508874,1694021318.8118305,6.274431916269513
317,0.09530524964264753,0.044766517709249776,1694021318.8499026,1.8537996292783887
318,0.09539661941981536,0.04515668837178022,1694021318.8837254,4.031952317794236
319,0.0954241744983434,0.045145950685831604,1694021318.9167924,2.956191147530866
320,0.09532336572131295,0.04472205237463045,1694021318.9547489,0.8850278225970716
321,0.09544305627098204,0.045138363662545644,1694021318.9875627,2.2724733206205765
322,0.09530627551844284,0.04477513643289022,1694021319.0266528,1.9135235182835733
323,0.09531086386707543,0.04504043963070281,1694021319.0602539,7.948216068302618
324,0.09542689994319387,0.04514478193255833,1694021319.094674,2.8421034161660037
325,0.0946441878602372,0.04550691038999455,1694021319.1222327,59.788679272854694
326,0.095315781992383,0.044749526735555545,1694021319.1614416,1.2745576151133777
327,0.09529572086036975,0.044799235297268813,1694021319.2002785,2.5122695161410395
328,0.09537151086808837,0.045165076053530595,1694021319.2338288,5.088623653825178
329,0.09531379454865352,0.04475863395421242,1694021319.2724352,1.5294270239582985
330,0.09533092762829243,0.04471949131610364,1694021319.3119187,0.6939854567650905
331,0.09543261256628499,0.045142552845787054,1694021319.3459105,2.6503764199393
332,0.09544253158357108,0.0451384865444977,1694021319.3794665,2.2945059353441257
333,0.09530626907290629,0.04475934973781648,1694021319.4180505,1.714632533087091
334,0.0953681098089384,0.04516700358197523,1694021319.451619,5.212424777394829
335,0.09532926670158626,0.04471368338980386,1694021319.490586,0.49028089636696787
336,0.09532233596173034,0.04473590578263076,1694021319.529969,1.0247306751128524
337,0.09543409754375864,0.045141306331877074,1694021319.5633307,2.626688832046149
338,0.09530202031034951,0.04478546607125189,1694021319.6020448,2.1644653956100273
339,0.09520775140723736,0.04510857392095624,1694021319.6359966,13.061312582857163
340,0.09339951918675571,0.05146412635690434,1694021319.6561728,1493.3316144341688
341,0.09532149588839478,0.04474160982938957,1694021319.6937504,1.309351206632855
342,0.09533438642297198,0.04470145958106053,1694021319.7322624,0.14854448572409
343,0.0953666492513413,0.0449842810443879,1694021319.7681196,4.392608741247517
344,0.09533935856654663,0.04468668536692544,1694021319.805219,0.00011698394836766317
345,0.09544227425409213,0.04513842445501981,1694021319.838235,2.3127446012239266
346,0.09530712912230377,0.044776140104658246,1694021319.8764615,1.9356158924044713
347,0.09532282779574341,0.044730026742152096,1694021319.9130447,0.7796995376673026
348,0.0953129307624393,0.044754981303040786,1694021319.949297,1.407398879429657
349,0.09531315592285294,0.045184564114453485,1694021319.9808824,7.468329265231833
350,0.0953378301479888,0.04468881675201497,1694021320.0170598,0.025795634220545777
351,0.09533156238323481,0.044710994991352226,1694021320.0533233,0.33989854033813166
352,0.09529722376972616,0.0447968941715996,1694021320.0901487,2.3794329851299882
353,0.09536460720070039,0.04495354604317314,1694021320.1236153,4.1750396814800785
354,0.0953375828588966,0.04469255085894197,1694021320.1598222,0.06841069214897136
355,0.09532083635914468,0.04473562239734241,1694021320.1962092,0.9816582083873864
356,0.09529651123583871,0.044793111618827486,1694021320.2323534,2.315312462343059
357,0.09531241091755338,0.044765220122551685,1694021320.2683706,1.4662035365980406
358,0.09526523511176443,0.04484272526294031,1694021320.304053,3.6056605842932585
359,0.09527970523844453,0.04506092580141918,1694021320.3349416,9.415530549815958
360,0.09534770770757328,0.045172521695090784,1694021320.3659213,5.950783265342034
361,0.09529231545105721,0.04480190441269449,1694021320.4019692,2.530804968528042
362,0.09533112161144597,0.04471540007961938,1694021320.4382615,0.6207854862274226
363,0.09531736544518188,0.04474159819377588,1694021320.4745445,1.0499489155429784
364,0.09530775633214106,0.04475960338159757,1694021320.5112839,1.7206269200480548
365,0.042595073320999544,0.036482865863266434,1694021320.5255172,54001.33636802482
366,0.09538423977738308,0.0449719532654852,1694021320.5606444,4.049616265383063
367,0.09534659041487248,0.04468583875543386,1694021320.5976648,0.002444985470308845
368,0.09534499980686373,0.04468480897982219,1694021320.6346257,0.00968886094283054
369,0.09528461863323523,0.04481752533244443,1694021320.6709964,2.8956211919605797
370,0.09534504797297272,0.04517077310682682,1694021320.703126,6.053973566236653
371,0.09530535115742189,0.04476817848413028,1694021320.7392561,1.943698041580293
372,0.09511566437617847,0.045174026046683635,1694021320.7684789,17.486701308571796
373,0.09531970404359502,0.04473411033886776,1694021320.8064752,1.0485879541721934
374,0.09526740366547004,0.04485166795629303,1694021320.843293,3.869300868466995
375,0.09526636759945817,0.045069850650080956,1694021320.8739414,10.022304830937719
376,0.09528995868233758,0.044808180077845594,1694021320.9105265,2.57631345145666
377,0.09530722414413861,0.044751527930653734,1694021320.94682,1.4822166685068718
378,0.09534711890094383,0.04496406496728633,1694021320.9810865,4.85711027612274
379,0.09543274356097609,0.04514238465421472,1694021321.0122383,2.655187868121683
380,0.0953253429888592,0.044713316223827126,1694021321.0484672,0.7392550895811768
381,0.09533025534165118,0.04471279942713968,1694021321.0851078,0.464926088430354
382,0.09530915037490884,0.04476537446004025,1694021321.121805,1.5939612428436354
383,0.09541719329156528,0.044946028317958686,1694021321.1557674,2.5053198425952865
384,0.09534352562637793,0.04517201026188988,1694021321.1876872,6.125981314115301
385,0.09531726974505095,0.044744814452100656,1694021321.2242281,1.188463599500731
386,0.09540294301797314,0.044953387115948096,1694021321.258336,2.993433055683557
387,0.09444364388095994,0.04594786398591577,1694021321.2827466,131.69332760888452
388,0.09530450284596481,0.04478130090119192,1694021321.3193858,2.0287502109307365
389,0.09536886243033749,0.04497753056327769,1694021321.3531399,4.615716447950526
390,0.0953104355158606,0.04504071722707714,1694021321.3839312,7.970517855381799
391,0.09528288079250902,0.04482260083302203,1694021321.4200442,3.2172626711996584
392,0.09533338067770647,0.04470161581856369,1694021321.4569874,0.22900275494654865
393,0.09530959224147062,0.0447668943630497,1694021321.497543,1.7196528612976896
394,0.09532605363682378,0.04472977027249736,1694021321.538683,0.9066946986033024
395,0.09533847448025867,0.04468724975575722,1694021321.5789595,1.5117865630307978e-05
396,0.09521176503150475,0.045105947373814126,1694021321.6127288,12.826850089833902
397,0.09539733480474666,0.04515635794305073,1694021321.6474044,4.009599159346776
398,0.09533783254156425,0.04468911260456543,1694021321.6872175,0.005568942395131128
399,0.0952942932660884,0.04479611307011999,1694021321.7264333,2.1254989702950855
