trial,score,test_score,time,alpha
0,0,0,1694021244.6410532,0
0,0.194614640164969,0.19125301337268086,1694021244.6759207,1
1,0.19458776113739762,0.19121721092413313,1694021244.7082703,0.00034803941002622453
2,0.19528929986364618,0.1916430606887365,1694021244.7302916,251.47624397967834
3,0.19458776630647534,0.1912173902903358,1694021244.7639134,0.004296849592536916
4,0.19464439467378858,0.19129258899570567,1694021244.7920003,2.174672856539461
5,0.19458771906485017,0.19121722031042665,1694021244.8213549,1.3987806789170183e-05
6,0.1532827897013137,0.15009925541942204,1694021244.8319287,15398.204425644191
7,0.16827537442850016,0.16461050486569162,1694021244.8441677,10165.963385227595
8,0.19458765045006754,0.19121723036328597,1694021244.874457,2.1588092798973222e-05
9,0.11196019493254117,0.10989996623150144,1694021244.8855693,37110.20579598412
10,0.19530371776711442,0.1917824827269078,1694021244.9134395,180.5797186690035
11,0.19530560669995256,0.19160957805653078,1694021244.9409614,278.07850387339084
12,0.19530963627182174,0.19169166595176645,1694021244.9687047,230.13579316064244
13,0.19530554633214203,0.19161822645907856,1694021244.9943867,271.55618751013225
14,0.1948098008753547,0.19150878488534573,1694021245.032437,10.370537441277005
15,0.19459218537013523,0.19122359568446878,1694021245.0702584,0.17407930461039292
16,0.19460742308473833,0.19017790721686412,1694021245.0911467,1271.0435405124051
17,0.06576860966584386,0.0646898212920245,1694021245.1072032,97017.07276394962
18,0.19493028664822643,0.1916957060746597,1694021245.1436296,22.84661882554985
19,0.19266040691344977,0.1881524250699933,1694021245.1640897,2267.544852075749
20,0.19491037250756638,0.1916742050456376,1694021245.1987972,21.085014355240464
21,0.19530297852119116,0.19161577121861628,1694021245.2252793,273.9347070627205
22,0.194304051676782,0.18984351692940804,1694021245.250931,1460.0100571325056
23,0.19524959587562263,0.19198729192186303,1694021245.2863686,67.73266743928816
24,0.18182738286342004,0.1776688531735222,1694021245.3092418,5936.81251784995
25,0.19413896088795402,0.18965441426198582,1694021245.3343222,1558.313119314808
26,0.19531728302281415,0.19159190104345558,1694021245.3600233,291.53451297059104
27,0.1946999388969325,0.1913657143051879,1694021245.3983214,4.570239901679606
28,0.19522979952870234,0.19199229966181086,1694021245.4344409,57.365347474638575
29,0.19460061757558644,0.1912343250513483,1694021245.4761412,0.4710087355068605
30,0.19467822087634012,0.191337106771855,1694021245.5158744,3.5944857504953314
31,0.19530348821141985,0.1912247519422865,1694021245.5496995,595.0255698295152
32,0.1952965410251113,0.19196899433196568,1694021245.5992715,94.92255575651483
33,0.19528303431860972,0.1911680845737873,1694021245.6340492,636.4469608526907
34,0.1952977845249385,0.19163037973617458,1694021245.6721087,261.6620553862951
35,0.18765103920020942,0.18327609877558515,1694021245.7009237,4096.130550570838
36,0.19519043316405638,0.19198638792162492,1694021245.7368793,42.608532599388376
37,0.19533593775218838,0.19139400922041216,1694021245.7657201,457.35822590749723
38,0.164411395537847,0.16087762098029146,1694021245.788812,11437.264618891264
39,0.18868880261547583,0.18427848573186734,1694021245.813492,3747.9588044469624
40,0.19485419399199722,0.1915650774989005,1694021245.8630605,13.231283824973913
41,0.19533821145699426,0.19148328809914117,1694021245.899289,396.0013242416559
42,0.19527482786530248,0.19199425974614548,1694021245.9424562,78.15167296138237
43,0.1953549647299162,0.19134334485602988,1694021245.9792633,519.0570098221627
44,0.13811994784271286,0.13538428787056445,1694021246.0074995,21773.92954599858
45,0.19536541239982697,0.19139320220821476,1694021246.040558,484.08745659317054
46,0.1950004769184348,0.19069360964979476,1694021246.0731144,970.7863362741167
47,0.1905102657932356,0.18606596677127984,1694021246.1030273,3104.8587022140473
48,0.19525516030724344,0.19110299831599042,1694021246.13334,683.6104092582577
49,0.1770825074254363,0.17310096435329625,1694021246.160115,7397.738360513948
50,0.19523472426294164,0.19184709032409053,1694021246.2016573,135.68029016909836
51,0.19533626775249846,0.19140632072243013,1694021246.2384825,447.93097967730876
52,0.19534017405153947,0.19145761019457563,1694021246.2761903,414.9016694782944
53,0.1179118303060811,0.11570714632517498,1694021246.303637,32975.73585062136
54,0.19533622411736273,0.19142164183529398,1694021246.3342826,436.21036176590627
55,0.19531658850043532,0.19193257470717384,1694021246.3712,115.46874214836166
56,0.19364337031098044,0.18914116679763682,1694021246.4010942,1817.1231347144546
57,0.1951333261631335,0.19088926389115823,1694021246.432101,842.2531670392729
58,0.19500650907919792,0.19177369561767765,1694021246.4794977,30.867811171473832
59,0.18340952936113564,0.1791916070070375,1694021246.5109603,5445.4471958610375
60,0.1520728744135893,0.148927007351091,1694021246.5391114,15860.023765914348
61,0.19531421969353158,0.19126003089625998,1694021246.5741568,569.123632963036
62,0.19533660563588406,0.19152955338775823,1694021246.6144407,341.22014510369513
63,0.19526338484791206,0.19181758407406257,1694021246.6501791,155.68036743101248
64,0.19266239746746494,0.18815440330838729,1694021246.6797395,2266.690644271611
65,0.1953292562040736,0.19155700340772186,1694021246.7189708,321.7990179675361
66,0.19521442287254176,0.19199195109113043,1694021246.7712226,51.00886990429655
67,0.19466437791318614,0.1902426490296919,1694021246.804886,1232.6108279378673
68,0.1952404856641411,0.19184182065947142,1694021246.8497753,139.33970490523757
69,0.19489063005859886,0.19161034827849766,1694021246.9074824,15.87040871342702
70,0.19533110500861395,0.19152713083418527,1694021246.9471395,364.14581618025784
71,0.19534093154644716,0.19143322290407494,1694021246.9875674,432.9733700056729
72,0.19414485761144262,0.1896606205624235,1694021247.0216413,1555.0398178257797
73,0.19527405118907049,0.19174492811660404,1694021247.0654004,191.9684351128312
74,0.1950140685519769,0.19178096783179832,1694021247.12051,31.79945322678095
75,0.19536717102707934,0.19140350526703354,1694021247.1609883,476.9155194639127
76,0.19526508394109776,0.19199817452566692,1694021247.208361,74.31035538414295
77,0.19221410308029574,0.18771386562911951,1694021247.2351472,2455.610617240675
78,0.1952959163461888,0.19171399357124264,1694021247.279128,214.0979639020289
79,0.1951233318325193,0.19087345665548738,1694021247.3183632,852.8545781565416
80,0.1873512463064393,0.18298684599227621,1694021247.349738,4195.005723823121
81,0.19534024632079927,0.19145861834492695,1694021247.3899624,414.15241517388836
82,0.19497427185692118,0.19065779233212643,1694021247.428329,993.6796462586866
83,0.1953370907527755,0.19149059663904255,1694021247.4653203,390.6572997616758
84,0.19527837502350587,0.19173970936312057,1694021247.5043588,195.75070546350688
85,0.19529246019146085,0.19197649419151996,1694021247.552015,90.46101870482428
86,0.17385396313451518,0.1699933117375002,1694021247.5821135,8395.918529788665
87,0.1953362739880291,0.1914073922076005,1694021247.6229224,447.111408663021
88,0.1920209776111681,0.18752313988026392,1694021247.6542563,2534.1359606970505
89,0.1950035434083499,0.19069784764782138,1694021247.6865823,968.0645586238722
90,0.19519205029658782,0.1919869039943135,1694021247.7344353,43.334568483896234
91,0.19536776842465275,0.19140720917075704,1694021247.7731576,474.3426343981738
92,0.19439296379574822,0.18994001380371772,1694021247.807657,1406.9622783686023
93,0.1953052879363062,0.19161140827009016,1694021247.843634,277.2988734970558
94,0.19531159815968568,0.19125090087086505,1694021247.881857,575.8329439056573
95,0.19530387091648738,0.1917823818366282,1694021247.9186583,180.6478925152783
96,0.1953062842288752,0.1919471374068129,1694021247.96358,107.1385075959774
97,0.1952093596160812,0.1910118607540111,1694021247.9986887,748.6785969480877
98,0.1953328320729888,0.19154529973802248,1694021248.0379674,330.67820160645687
99,0.1935170956623421,0.1890124405028094,1694021248.070657,1878.8765771588635
100,0.18723994951192258,0.18287949150750027,1694021248.099312,4231.543709181095
101,0.1953697974384162,0.19142075190929297,1694021248.1323087,464.9607271897205
102,0.1953355836869316,0.1915004469964129,1694021248.161487,383.46037091594906
103,0.1953111999896946,0.19124954580902886,1694021248.195963,576.8283521358245
104,0.19530806040753257,0.19195250406700992,1694021248.2420394,104.6386959590803
105,0.19489085345763335,0.19054781407705945,1694021248.2776704,1062.7641481327732
106,0.1952477865169061,0.19198816387129658,1694021248.317767,66.53942626219992
107,0.19530331518513921,0.19170186723490024,1694021248.3576064,222.76184342833625
108,0.19456898674536627,0.19013463509418682,1694021248.3906744,1296.3637399329878
109,0.19526501429145404,0.19181563008938185,1694021248.4290595,156.97397322956326
110,0.19525828951411772,0.19110983188869424,1694021248.4606383,678.6832813819312
111,0.19533890220521644,0.19147445478357072,1694021248.4988408,402.4899168049936
112,0.19532021148324252,0.1915805298759362,1694021248.5396283,302.2096876346062
113,0.1953362911428842,0.19141766175368458,1694021248.5761485,439.253133256671
114,0.19170834238152434,0.1872153971751277,1694021248.6024656,2658.5739853575087
115,0.1953183502613901,0.19192502539687906,1694021248.6397243,119.37280887861958
116,0.19365543582912637,0.189153502293138,1694021248.672369,1811.1463457021396
117,0.19529431862789537,0.1916351880378553,1694021248.7140303,257.6291494179369
118,0.19524025083610486,0.19107167851731333,1694021248.7465997,706.1103510853026
119,0.195243498743514,0.19199427985590656,1694021248.7884734,59.65905717710241
120,0.19533767222081522,0.19148542233864685,1694021248.8237865,394.44103225768674
121,0.19534040516858286,0.19145146606657315,1694021248.8604844,419.44300361847723
122,0.1952657067743504,0.19181481612853746,1694021248.898169,157.51441569811425
123,0.19532461103898224,0.19130119746474383,1694021248.932416,538.8433998413815
124,0.1948871563884983,0.19054306116756836,1694021248.9692712,1065.7092917725329
125,0.1953361923341751,0.1914240226226257,1694021249.0085824,434.3886513107248
126,0.1953056358230434,0.191697729170494,1694021249.0507817,225.7145317371776
127,0.19414303645059827,0.18965870348198144,1694021249.084532,1556.0513336277343
128,0.17974092043666445,0.1756606167744006,1694021249.116435,6579.887086409087
129,0.19510714084965342,0.19084831398319024,1694021249.1511428,869.6394462293175
130,0.19529846728738132,0.19196663312763096,1694021249.1924624,96.37257255304749
131,0.19532588542969975,0.1915660762236876,1694021249.235068,313.7995651904873
132,0.1953359880997494,0.19139573201547444,1694021249.276371,456.03995873230906
133,0.19529490521706172,0.19179684965178612,1694021249.3181944,171.22529547520546
134,0.19031601694264633,0.18587581614851856,1694021249.3466866,3175.845391471741
135,0.19521661148825642,0.19102539497108517,1694021249.3786464,739.0959889487178
136,0.19531739107008828,0.19158714104852648,1694021249.412626,296.9678023332102
137,0.19456685281207065,0.1901322418574265,1694021249.4470468,1297.75585908495
138,0.19532524799273465,0.19130408332538185,1694021249.4856584,536.7200758999336
139,0.1951432898324823,0.1919664463177586,1694021249.5367072,33.66769731119034
140,0.19525721040911048,0.1918246596971216,1694021249.5815835,150.97159028859653
141,0.19534039515659574,0.19145085524496752,1694021249.6187592,419.8936470457704
142,0.19532716311342924,0.19154480516059513,1694021249.6589074,351.4705856668982
143,0.19514951813979453,0.1909153903081393,1694021249.6981242,824.6494581435976
144,0.19529144058797587,0.19163465495717802,1694021249.7357237,258.7527468298547
145,0.1933020098388668,0.18879457255660814,1694021249.7692113,1981.0100105816914
146,0.19528365735137676,0.19198123350302132,1694021249.8186545,86.80077955019412
147,0.1953561744289486,0.19134842852517198,1694021249.8580148,515.4741119947543
148,0.19532425949775933,0.1912996303571478,1694021249.896619,539.9965232984538
149,0.19483451406483854,0.19049321517437667,1694021249.9286304,1094.0543974374705
150,0.19527631562741443,0.19180128454583245,1694021249.9673972,166.41410499858708
151,0.19533631991186973,0.19141611146064774,1694021250.009013,440.43793915072325
152,0.19530104445048113,0.19170564593300254,1694021250.0483484,220.058281833248
153,0.19528938690650532,0.1911846091368692,1694021250.0877254,624.3974891460093
154,0.19532212342657984,0.19158091712897207,1694021250.1240382,300.25257793428796
155,0.1947127339151894,0.19029827114574083,1694021250.1574564,1199.0324939583127
156,0.1953223682158719,0.19191711161207692,1694021250.202661,123.6698835991218
157,0.19517334558079358,0.19095516765166032,1694021250.2406874,797.6564749595382
158,0.19298014033755417,0.1884711976700324,1694021250.273704,2127.751405912737
159,0.19524331029713538,0.19199496296464647,1694021250.3138762,59.065198948482745
160,0.19534065700790837,0.1914450354702384,1694021250.3469114,424.2053234673997
161,0.19533736364608034,0.1914887989888885,1694021250.3827932,391.97295998825973
162,0.19533631823359987,0.19141370359663457,1694021250.4221249,442.2807038363395
163,0.19530273897700956,0.19162210559280224,1694021250.4642217,268.21304442769286
164,0.19525233833514544,0.19109691868566991,1694021250.497546,687.9886667117981
165,0.19526929902580314,0.19175093052162884,1694021250.5383508,187.65969050237396
166,0.19532764499575517,0.19154329417457516,1694021250.579924,352.5484895997136
167,0.19467652871614827,0.19025656575988603,1694021250.6146083,1224.2594361824347
168,0.19531520051039353,0.19192831828977142,1694021250.6615474,117.41257516830107
169,0.19531354498484188,0.19125764377886112,1694021250.7015648,570.8781730054204
170,0.19075584947436774,0.18630679874931277,1694021250.7289672,3014.038104759066
171,0.1953372592440734,0.19148937855689996,1694021250.767309,391.54834439636113
172,0.19533335148817188,0.19151548106678606,1694021250.8106978,372.5568734355744
173,0.1950442090544684,0.19075508750776493,1694021250.8481457,931.032800718009
174,0.19528617171408236,0.19172859943628817,1694021250.8916764,203.66411432181727
175,0.06451495246951244,0.06345968488377018,1694021250.9174664,99903.8318034673
176,0.19535881451419268,0.19136003293971815,1694021250.9531658,507.30873863505576
177,0.19531060145784596,0.19124752650795807,1694021250.985539,578.311675639437
178,0.1942511718158244,0.18978659827403555,1694021251.021887,1490.8001051283934
179,0.19530607730732907,0.19169803092611004,1694021251.0658653,225.5802861730775
180,0.19518109718101484,0.1909684996965446,1694021251.103003,788.5588057057141
181,0.1947670970941746,0.19145344936986908,1694021251.1528845,7.914311918605431
182,0.19533628155072225,0.19141914761349432,1694021251.187732,438.1161853963957
183,0.1953283648606492,0.1915573179842055,1694021251.2221467,319.3909674236947
184,0.19532236581978069,0.19129144357801153,1694021251.2595415,546.0203193456446
185,0.1949407972994286,0.1906129836558409,1694021251.2918606,1022.0454878481615
186,0.19523134471092796,0.19185005163729052,1694021251.335379,133.60137628815485
187,0.19460726464320388,0.1912431437530151,1694021251.3900473,0.7191479369201755
188,0.1946383021525665,0.1912843575174077,1694021251.4336658,1.923960679448218
189,0.19531787738214945,0.19167480885078625,1694021251.4753838,242.16129833486488
190,0.19533851199515362,0.19147863938982734,1694021251.5155165,399.41673126392806
191,0.1953388406311215,0.19147598153910972,1694021251.5565996,401.36761341338126
192,0.19533608182664774,0.1913981270038918,1694021251.595428,454.20454885494524
193,0.0985458021325879,0.09679530819028626,1694021251.6207147,48417.89280135787
194,0.19527328461673465,0.19114411847070867,1694021251.6452065,653.8719799786319
195,0.19532615806670317,0.1915488402189961,1694021251.6812744,348.5917635651467
196,0.1939734337709733,0.18948128903930528,1694021251.7145114,1648.1196719611828
197,0.19529393402938033,0.1917983397564591,1694021251.7594504,170.25265306015038
198,0.19509904306286263,0.19083593809842836,1694021251.7946384,877.8661567139385
199,0.195295953124052,0.19163376007444788,1694021251.8301628,259.11746151004326
200,0.19528361071684408,0.19198461646869625,1694021251.8707712,84.92908258334137
201,0.19532751084686106,0.19131481580568377,1694021251.90764,528.8235158068914
202,0.19533230545642455,0.19152041049773916,1694021251.9493713,368.9872375116709
203,0.1951797349228377,0.19096614148983182,1694021251.9811175,790.1698380686774
204,0.1953338572953054,0.1915415911862619,1694021252.022287,333.35194787480077
205,0.1953044419052512,0.19170000901485185,1694021252.0665593,224.09511859921417
206,0.19535629992324322,0.19134896698968673,1694021252.1045885,515.0949180196486
207,0.19463962382210032,0.19021441416297835,1694021252.1396534,1249.4553159670218
208,0.19459402476227228,0.1912260258290498,1694021252.1960056,0.24090639191751811
209,0.19458806725316613,0.19121765763168397,1694021252.2508008,0.011833938907459323
210,0.19528231638676508,0.19116626529901837,1694021252.2888322,637.7718311055702
211,0.1953363113104195,0.19141270209464478,1694021252.3299727,443.04750536799486
212,0.19534073942156704,0.19144492976872063,1694021252.3702917,424.28427471577413
213,0.19529738302030708,0.19179299012146345,1694021252.4150274,173.7421051374977
214,0.19518728771610827,0.19097220436486428,1694021252.4533145,776.5843478214096
215,0.1952969497956727,0.19162495374700916,1694021252.4960709,266.0078386942253
216,0.19531803961448668,0.1912741062822656,1694021252.534627,558.7744110200549
217,0.19533387287408177,0.19151264916485888,1694021252.5764534,374.60818806019006
218,0.1949359511720673,0.19060657646467916,1694021252.61387,1026.0767899329883
219,0.19532080799102292,0.19191410805434905,1694021252.6610308,124.97174391673555
220,0.19329402942683516,0.18878651897817955,1694021252.696155,1984.7319464033353
221,0.19533691277794896,0.19149231433198088,1694021252.7335887,389.40339489135334
222,0.19529813336500879,0.1916244014202082,1694021252.7751322,267.2242260964759
223,0.1953276105491616,0.19131530695679078,1694021252.8149033,528.4621308899232
224,0.19519216722651844,0.19098079018774194,1694021252.8544865,770.5647444401515
225,0.15791038507775101,0.15457922870066232,1694021252.8845427,13694.127550095734
226,0.1953394230675899,0.19146911370023179,1694021252.9214716,406.4182805771792
227,0.1952925400696366,0.19180041599973785,1694021252.9658723,168.8960313001067
228,0.19534043606894713,0.19145169799421502,1694021253.0079067,419.2722442728061
229,0.19530135240113167,0.1912182960598079,1694021253.0472238,599.7575896856667
230,0.195315798622258,0.19167908709133685,1694021253.0908396,239.09160325562723
231,0.19533880395975223,0.1914761861864256,1694021253.1316752,401.2176474228618
232,0.19534012554495317,0.19145865753182123,1694021253.1648924,414.1280753104128
233,0.19512162047385895,0.1908707727118092,1694021253.2023914,854.6508947505479
234,0.19535529849613076,0.19134473269161567,1694021253.2429702,518.0785010666805
235,0.19490196828812634,0.19166505346468898,1694021253.296661,20.378210405336752
236,0.19478349966679498,0.19042839503051934,1694021253.334236,1133.8079659744553
237,0.19535646144751007,0.19134965273281368,1694021253.3717952,514.6117430638773
238,0.19522385721025315,0.1910392061236259,1694021253.4041524,729.2873613189099
239,0.19532717840107328,0.19131318476992287,1694021253.4370334,530.0234357828731
240,0.19531313081948176,0.19159621710658525,1694021253.4782321,289.56229203889404
241,0.1953687927640435,0.1914138585606634,1694021253.518443,469.7313641526487
242,0.1953588552685942,0.19136022163038735,1694021253.5585632,507.17623575024965
243,0.1945630400339805,0.19012796809540145,1694021253.5926015,1300.239743695172
244,0.19528143244637464,0.19116403946154192,1694021253.6188838,639.3924414037544
245,0.19529154010613092,0.19164174146878,1694021253.6626651,253.1428423179864
246,0.1953281908468828,0.1913182113090368,1694021253.7015107,526.3255124026946
247,0.19495109212191586,0.19062665942687262,1694021253.7393408,1013.4202740390033
248,0.19527590670953043,0.19174411556927873,1694021253.776165,192.73929112904148
249,0.1953325087238329,0.1915443034801798,1694021253.8124056,329.6057715959887
250,0.19531326011395977,0.1912566438184825,1694021253.8459685,571.6130742054451
251,0.1825471602399651,0.1783615948677233,1694021253.8799396,5713.84857416103
252,0.1942688648684091,0.1898056061804061,1694021253.9162667,1480.557516306105
253,0.17020932671694133,0.1664774356021531,1694021253.9481926,9544.777049090999
254,0.19533952874359894,0.19146747042277878,1694021253.9839737,407.62860034251696
255,0.19518725957597416,0.19097215515074484,1694021254.0204642,776.6188209415667
256,0.19529414353141517,0.19162970031046578,1694021254.061455,262.3316783821949
257,0.19473141275800954,0.1914073111161071,1694021254.1126482,6.081238828348475
258,0.19465484719707882,0.19130642800342734,1694021254.164918,2.6041847243240674
259,0.1952248931561239,0.1918554031672417,1694021254.2036958,129.78928186412898
260,0.195364716623612,0.19138933291162985,1694021254.2417164,486.78618260135266
261,0.19208037224829932,0.18758174161872398,1694021254.2740567,2510.1286956321833
262,0.19510868287413008,0.1908506851493328,1694021254.3079402,868.060570963136
263,0.19532379583165738,0.19129758649563966,1694021254.353369,541.5004158661951
264,0.19530740205833097,0.1917762490547238,1694021254.397982,184.63541870159077
265,0.19407280157118356,0.1895849735229762,1694021254.432841,1594.6760773151937
266,0.19458758938424348,0.19121721794566682,1694021254.4806652,0.00012339895169247264
267,0.19487586472017904,0.1915920697372323,1694021254.527339,14.762960474350505
268,0.14435479984438904,0.14144100721731823,1694021254.557332,18986.690552485117
269,0.19532709984606178,0.19156286821416846,1694021254.599263,316.54494080603075
270,0.19520290876845148,0.1919902460985773,1694021254.6481755,50.24653519136354
271,0.19535560598237056,0.19134602117657473,1694021254.6889365,517.1702990210562
272,0.19499400796162913,0.19068470243840707,1694021254.7251146,976.4978681149344
273,0.19527231089088382,0.19114180485669408,1694021254.7622712,655.5507050862786
274,0.19535895486143784,0.1913606771106725,1694021254.800745,506.8562133951031
275,0.19459525527057198,0.1901641739355059,1694021254.8361368,1279.1104108387542
276,0.19498127489746742,0.19174881462876736,1694021254.889062,27.964715236181366
277,0.1953187094172366,0.1912766842643694,1694021254.9273014,556.8783361173804
278,0.19530543722876248,0.191698978170311,1694021254.969433,224.88715494883192
279,0.1953059087302309,0.19195325215470527,1694021255.015224,104.04291258186777
280,0.1951145186245784,0.19085970260218255,1694021255.048666,862.0484240122222
281,0.195307402087868,0.19160686080444023,1694021255.08906,280.55820654488554
282,0.128817480473719,0.12633521838665496,1694021255.1190884,26462.315509413
283,0.19536977411780998,0.19142059188363036,1694021255.1553376,465.071433715365
284,0.19526016045321437,0.19111396663748248,1694021255.1904817,675.6991157826246
285,0.1893475979888859,0.18491602856280986,1694021255.2224002,3521.1345223540075
286,0.1938567059441526,0.18936031835665534,1694021255.256928,1709.2776867299226
287,0.1953193352617888,0.1912791251607865,1694021255.2958534,555.0829098286372
288,0.1952639733203808,0.1918168829965321,1694021255.3399167,156.1453412898151
289,0.1947167381287802,0.1903029066117332,1694021255.3753068,1196.2096420650867
290,0.19531619229763342,0.19158836527910683,1694021255.4167936,294.9735656163896
291,0.1953363171915773,0.1914132074291166,1694021255.456336,442.66042885095914
292,0.1951720280933511,0.19095292211118264,1694021255.494125,799.1863467262092
293,0.19527586112876383,0.19199019479591806,1694021255.5408618,80.71466248065975
294,0.19527293474582263,0.19174621558620775,1694021255.5850937,191.03271094006755
295,0.19533281277696557,0.19154589495502317,1694021255.627534,331.22090516018073
296,0.1933324860301534,0.18882534679024177,1694021255.6624894,1966.7539554428977
297,0.19532343951242426,0.19129603388980854,1694021255.696738,542.6428364138502
298,0.19496722585828763,0.19064827693745112,1694021255.7358716,999.7287134065209
299,0.1952985323607641,0.19163026548628448,1694021255.779249,262.0634751620941
300,0.08786744349890785,0.08634812181339857,1694021255.8076057,60077.21171841057
301,0.1953674896158648,0.19140547233792427,1694021255.8473892,475.54886271929405
302,0.1848094675327474,0.18053928839901823,1694021255.8797388,5005.571722850505
303,0.19523323401138004,0.191057555312927,1694021255.9183826,716.210224322503
304,0.19458806046860133,0.19121823180730313,1694021255.9712632,0.02762416414507895
305,0.19480532155807806,0.19045592549264434,1694021256.0078738,1117.004959881288
306,0.19524158186574725,0.19184077692167179,1694021256.0515926,140.05793797626035
307,0.19536454823582783,0.19138840440105243,1694021256.0904958,487.4340247269183
308,0.19467991416349562,0.19133998350141113,1694021256.1437845,3.6905040230285677
309,0.1953278655794548,0.19131657512711442,1694021256.1824725,527.5291577646772
310,0.1923460361463164,0.18784447454376485,1694021256.21609,2401.160234544962
311,0.19460492011621733,0.19124018980719815,1694021256.2701757,0.6348536205795937
312,0.19529241940928022,0.19171935866663448,1694021256.3101327,210.26341128533954
313,0.19533197555717252,0.19154734618468927,1694021256.3477008,328.09982522378886
314,0.19518525006246912,0.191985352663807,1694021256.396078,43.93985853512632
315,0.19524531237171283,0.19108209821581268,1694021256.4335816,698.640272745528
316,0.1947081660137393,0.1913766088624318,1694021256.489295,4.952623625117703
317,0.19433121974180856,0.18987289203765945,1694021256.5211718,1443.9772736855155
318,0.19536846748565584,0.19141168379375817,1694021256.5587432,471.238092378643
319,0.19514676614410997,0.19091090197084792,1694021256.5965123,827.6808271696128
320,0.194756215783345,0.19143934157680575,1694021256.6514256,7.334605205321442
321,0.19486974724993322,0.19158430869109522,1694021256.7084472,14.310621619262955
322,0.19533619058767304,0.1914025286806058,1694021256.742501,450.83469253307504
323,0.1946469526830178,0.19129594207193046,1694021256.7919586,2.2775206988648247
324,0.19528808996909464,0.1916462932189268,1694021256.8324132,249.3861033641114
325,0.19478198651783074,0.19042649628574038,1694021256.8641193,1134.9625146931958
326,0.1953572147574839,0.1913529152271377,1694021256.9025836,512.3148919353767
327,0.1282933294370514,0.1258248172408104,1694021256.933494,26748.182138041593
328,0.15333325562648914,0.15014814215491368,1694021256.9641356,15379.09505369165
329,0.19527360815941264,0.19114489021744074,1694021257.0024757,653.3118742888125
330,0.19459083173598202,0.19122132482845677,1694021257.0497324,0.11178374202785116
331,0.18874839680085054,0.18433611248585424,1694021257.0795083,3727.646356923769
332,0.19528360469143324,0.1919861382125312,1694021257.1271093,84.0646845477707
333,0.19533937045046867,0.19146779104159128,1694021257.1688533,407.389830238518
334,0.19527216720071894,0.19180672648504793,1694021257.2134972,162.84293769842753
335,0.1950648204601344,0.19078492575914086,1694021257.2468596,911.5285306613329
336,0.19530963926401457,0.19160375794521511,1694021257.282068,283.8939095382393
337,0.19402534143940942,0.18953536471417076,1694021257.311893,1620.3699521048034
338,0.19533581844483106,0.19139124761002635,1694021257.352638,459.4738396082551
339,0.19458750333244046,0.19121724611182034,1694021257.4026203,0.00040232838300011467
340,0.19530886958588478,0.19124177972555678,1694021257.4422336,582.5318673044826
341,0.19530366713649971,0.19178271609580388,1694021257.4804928,180.42997509426218
342,0.17278982522484398,0.1689670866642511,1694021257.5078847,8728.813501949773
343,0.19508146331007092,0.190809487065845,1694021257.5475152,895.3707147823897
344,0.19532289171748818,0.19157416215394563,1694021257.58951,307.53979050598576
345,0.19304767833881042,0.18853882317802018,1694021257.624639,2097.502737621351
346,0.19528800195788643,0.19118093615995824,1694021257.6609223,627.0780067530367
347,0.08884275086747662,0.08730282676535728,1694021257.685095,58888.57903666978
348,0.19531364395052286,0.19193053668450377,1694021257.7248704,116.14831867490119
349,0.1946410373659927,0.19021602237457846,1694021257.760978,1248.499395894363
350,0.1953357728471533,0.19150095121252642,1694021257.8027098,383.10551624689396
351,0.19502467522159905,0.19178564211458726,1694021257.855351,32.73704378699081
352,0.1953153985645134,0.19168031168542288,1694021257.8979232,238.2416603039018
353,0.19492741612014342,0.19169260609277472,1694021257.9437296,22.583092717463938
354,0.19531726345683742,0.1912711645879639,1694021257.9817543,560.937896314313
355,0.1951162445927629,0.19086238308910652,1694021258.0196905,860.2589058346738
356,0.19532786046759298,0.1915606126215732,1694021258.0626972,318.2493850499049
357,0.19533624805958094,0.19140585467233917,1694021258.0970087,448.28878453216055
358,0.1952877797830862,0.19172754193165653,1694021258.1358266,204.54762771813748
359,0.19094702555982956,0.1864946476772147,1694021258.1706455,2942.438014768024
360,0.19447482911669045,0.1900298698506393,1694021258.2065148,1356.534244437648
361,0.1952277776838266,0.19199380510938024,1694021258.2540543,54.51472020268509
362,0.19523778954570714,0.1910666839183207,1694021258.2937775,709.6855280453764
363,0.19463043117413903,0.19127424989143593,1694021258.3439634,1.6206312168879862
364,0.19521956993222467,0.1918595628343145,1694021258.3889475,126.77282894879511
365,0.19533689067194393,0.19153048351929491,1694021258.424885,342.49466675085176
366,0.16200757610772054,0.15855346703729556,1694021258.457192,12251.657695379938
367,0.1953153518974744,0.19126410143651407,1694021258.496247,566.1313938374126
368,0.19506605274194833,0.1907867293597364,1694021258.5341196,910.3451710329613
369,0.19530435334142393,0.19170057392781958,1694021258.5715191,223.72173817482843
370,0.1953603899051426,0.19136733599206823,1694021258.6153443,502.1800048199418
371,0.18101739820881313,0.17688927987991465,1694021258.6469462,6186.887909463219
372,0.19324349298451238,0.18873556492406773,1694021258.682015,2008.1964934214286
373,0.19469716598925124,0.19028029319342687,1694021258.714189,1209.9443344263311
374,0.19459349198210496,0.19122533003501652,1694021258.7654796,0.22176143394404035
375,0.19536423744168263,0.19138673766749648,1694021258.801472,488.5980779811132
376,0.19529632087103455,0.19120366141363,1694021258.8423707,610.4733197190226
377,0.10972174354638309,0.10771465381518974,1694021258.873901,38790.6605847897
378,0.19458745215680784,0.19121721748058573,1694021258.928059,1.9167473523900102e-05
379,0.19532063778958741,0.19157501262300014,1694021258.9725308,304.9268975299319
380,0.1951030334574595,0.19084202081291401,1694021259.007158,873.825666985702
381,0.1952690191910601,0.19181072857745507,1694021259.0624166,160.21048376294885
382,0.19533997773845657,0.19146273174807116,1694021259.104434,411.11747326073976
383,0.1952689937820531,0.19198936530994704,1694021259.1533248,70.46674464586253
384,0.19418837591920346,0.1897065151194246,1694021259.1904304,1530.7113870790702
385,0.19526416665785362,0.19112294785014883,1694021259.230735,669.2093102202607
386,0.19531501913703886,0.1916804315384747,1694021259.2742321,238.11556434747158
387,0.19459637050221346,0.19122929692291413,1694021259.3297226,0.3310291211349784
388,0.19460960275119132,0.1912463964876231,1694021259.3850374,0.8103917828517881
389,0.19536233119896962,0.19137682377577325,1694021259.4268537,495.5302248066781
390,0.19485147352261434,0.19051514225070898,1694021259.4615698,1080.4538401478485
391,0.1948132808218368,0.19151309461899824,1694021259.5075383,10.575452249443629
392,0.07253974121715323,0.07133122330037323,1694021259.5358202,83203.60405678654
393,0.19530523465840088,0.19123015139241906,1694021259.5740936,591.0657330327908
394,0.19021800026991753,0.18577997106806787,1694021259.6084578,3211.3984844734355
395,0.1945876830801061,0.19121723090584197,1694021259.6613476,1.1570357022935068e-05
396,0.14419114557550672,0.1412821297827188,1694021259.6881256,19056.659176034773
397,0.19533629987351986,0.19141314278472865,1694021259.7266545,442.711327890038
398,0.19531230430346758,0.19159648650030126,1694021259.7684863,288.44739364735284
399,0.19487930568585732,0.1916400774043896,1694021259.8191805,18.562955010865103
