trial,score,test_score,time,max_depth,min_child_weight,subsample,eta,colsample_bylevel,colsample_bytree,gamma,lambda,alpha
0,0,0,1693534400.33412530,0,0,0,0,0,0,0,0,0
0,0.007147462794223736,0.0036675019834258027,1693534400.433203,6,1,1,0.3,1,1,1e-20,1,1e-20
1,-0.28176742965127044,-0.27854339250999804,1693534400.522184,10,38996.76817062786,0.93459727010696,0.0045110584860376494,0.6163641639886454,0.5056994021387149,0.00020169177263162493,0.00010556345609688222,0.0016855696914008188
2,-0.08033349813502899,-0.07770132639209537,1693534400.6151612,6,0.16581894958588836,0.7716930087712701,0.06374966075626659,0.8561872870410456,0.8098410480517197,0.00018235501218044772,7.775893077365152e-06,54.77121965793856
3,0.006445137403649492,0.004553862409020004,1693534400.708807,4,6.98897988703001e-06,0.5329041938936057,0.8210181022181542,0.5639278564625159,0.6610653966020896,5.1218687759726045e-08,1.7688841467551718e-06,8.636726151249813e-05
4,-0.2816911294296638,-0.2784671793477129,1693534400.799384,10,0.00030974261172866854,0.9923747186426357,1.3920673413800773e-05,0.67584236813506,0.6904794446019265,0.43812830727669533,24.43650733569207,1.5736131084540683e-05
5,-0.20710125133334323,-0.20413403301769617,1693534400.9020336,5,3.250084411696814e-05,0.9005279431631972,0.015530807279674305,0.5343450667290786,0.8018222381845557,0.9031202583964879,2.089688555577595e-08,0.00035849097026931145
6,-0.28176742965127044,-0.27854339250999804,1693534400.997312,9,71081.19745983473,0.7919822717504834,1.5651699031723056e-05,0.7232114537589514,0.5940862576466571,0.018644745882786685,1.422911845214654e-06,3.233710051425487e-07
7,0.007212638535830318,0.00411582852173531,1693534401.0957468,6,2.018498006911676e-07,0.8655792159903314,0.4991777247576652,0.9716590922316009,0.6873692525088881,0.009067810982730809,0.04167034755529183,0.0012758644966462205
8,-0.27375022430483376,-0.27051254012250125,1693534401.1936612,6,1.3041865366851323e-08,0.5339482017826847,0.00149307334362676,0.7157468154401804,0.5929418427598855,0.0019817696223345185,0.009791799889169017,0.16189918662313046
9,-0.23798158965556482,-0.23483279535818213,1693534401.292489,4,0.0018077611216717779,0.9113912102487632,0.00862286836259281,0.8532577717027281,0.7552911233410913,1.9980971940900891,0.16098303646309498,4.598506755381655
10,-0.0007961631746891129,-0.00042617888659912673,1693534401.4267404,1,2.398614356674348e-07,0.6754540183785184,0.7373317548388476,0.9880783151461937,0.8593445482498814,50.07564117587828,0.0032555286211296917,0.023374963259023912
11,-0.00527689882850102,-0.006075238294857899,1693534401.563756,8,0.3609751762444166,0.9913447291162785,0.15647638305829403,0.9768884233301638,0.9847562101074809,2.3744532160187498e-08,0.7927540162333592,1.0005351188085585e-07
12,-0.026946790493582062,-0.02630019295333974,1693534401.7033744,8,4.383133066734674,0.8493165384099508,0.10953211911869802,0.9206490339921505,0.9353387744390667,1.0862373680537748e-06,35.655208870362536,1.2238534146021821e-08
13,0.007151603346879032,0.0034500664302233863,1693534401.8484907,2,1.0558570083060363e-08,0.8646324695726401,0.8971590013734971,0.8187210788591215,0.8967344111705484,1.0592832529243274e-08,0.20396892070211103,4.155680837038725e-06
14,0.007835811166856055,0.004408314904888688,1693534401.9704547,1,9.277731928563341e-08,0.8374762115964348,0.9148400472573454,0.8133591888208622,0.8902684235064744,0.0047126472931094485,0.03181008710106868,0.0052055653250137794
15,-0.12319808210944294,-0.12090403737073308,1693534402.1021652,2,1.114538318355469e-06,0.8255313251744594,0.04072492246143108,0.7872486122430066,0.8521537106733929,0.025400685118748018,0.012299691619527254,0.010279449468945736
16,0.004505006864811478,0.0026439330473915224,1693534402.2304215,3,3.4840448573213736e-07,0.7267672881301049,0.23859679440184967,0.9059153066758995,0.7435809822517342,0.03083445640643421,0.00040772304907780494,0.12565513225250122
17,-0.13260379307691328,-0.13021596587936002,1693534402.3547995,11,5.5315867231605906e-05,0.82134617381893,0.037186366509013795,0.7871827207803462,0.9266445763240241,0.0021610899348426193,0.010478296645041402,0.0022223131565034418
18,0.005864370734950386,0.0036926488040770478,1693534402.4831984,8,0.0022710402062735575,0.7335040197598766,0.27398961720715703,0.9229548620269828,0.7865533541447778,0.11737241345007504,0.0006344780246689411,0.370956926520377
19,0.006465020118588849,0.004549876614049597,1693534402.6216097,1,2.471314342532186e-06,0.8863254428943887,0.9788902594485912,0.8606707477111115,0.8493225936508517,14.979677441852587,0.06377189427865221,0.007917049304137192
20,-0.184073587733536,-0.18112691653673552,1693534402.7616394,4,8.768678781735856e-08,0.9262452108080923,0.021564102125694592,0.755466107321179,0.7167663075989764,6.099968514318512,4.792734624693242,0.00041546842969406576
21,0.007112157747347525,0.003608060426566251,1693534402.9013803,2,2.8505271810029112e-08,0.8614772009318156,0.9133906913544879,0.8203570852150364,0.9313126708036252,0.00037918698772445393,0.08388336040252871,6.804438438980963e-05
22,0.006388054349022121,0.0036912419299276467,1693534403.0424807,3,1.2403218785368616e-08,0.8626257289886357,0.2907178840198095,0.7980079496525023,0.8770757366564523,0.0036370531492259284,0.7639049051674066,0.0016996731283383572
23,0.0075332658867703906,0.004119409462756796,1693534403.1865644,2,3.5375280804390444e-07,0.7986899179513888,0.4022494641514129,0.8850455982154086,0.9034117464148937,3.160961598998989e-05,0.060272528962825395,0.029787902492852944
24,-0.04327491080047863,-0.04160436250085198,1693534403.329873,1,7.172845656078434e-07,0.786293131823278,0.09032550790240546,0.9432527475320028,0.8206113510950663,5.994161219573468e-05,0.025016247063622914,0.0461961370820449
25,0.007229402879272651,0.0042791862077985465,1693534403.4772599,3,5.1592479660935525e-06,0.8074943073635538,0.32017296443439597,0.8838922197101716,0.8984192416718397,0.008634710034083979,0.0013261657562711842,0.48553760005195956
26,-0.01900536401491526,-0.01910616933533693,1693534403.633531,3,5.302787131407939e-06,0.8126272060309901,0.12028269242193405,0.884027286732058,0.8989478374364565,0.15663620765846561,0.00509537598518636,1.2024820202665132
27,0.0075635988592789305,0.004595839508271915,1693534403.766366,2,1.3530725484057258e-05,0.7429103613181097,0.35202148183167964,0.876842879379103,0.9591995823503822,0.0009027099186267305,0.001295934785341587,0.06009716585867148
28,-0.03750011751233662,-0.03687221747680569,1693534403.8971221,2,6.863376021243808e-08,0.6893159623468106,0.09404630498668495,0.9463142447860373,0.9649251819413684,3.6116345383972674e-05,0.0020532805776892595,0.045090167202929014
29,0.007622624581780868,0.004476171210975766,1693534404.0302057,5,7.63570686657465e-05,0.7623274791082475,0.3814885400315621,0.8312246029240238,0.9964334729489382,0.001100733861779799,3.032827080776838,0.009990291690740501
30,0.002076568915430288,0.0005184795887879234,1693534404.183724,5,5.5137125899165704e-05,0.7376715326162571,0.19687008358143987,0.847422334530912,0.9950582823432896,0.0010180552914315383,3.234550052896495,0.007155213731976449
31,0.00727895990249916,0.005237192217599551,1693534404.3284552,1,9.403579060429499e-07,0.7606303993897883,0.4109164666956946,0.8943651008894645,0.9940608519639474,0.000901614456324184,0.1555833014875749,0.042816520050732304
32,0.007740619228071233,0.004458842347589531,1693534404.4729354,7,1.3850157783419891e-05,0.7592079959564203,0.423011025664991,0.8391153656136623,0.9305763871614212,7.043511445296265e-05,0.6644940630541406,0.006788707525680194
33,-0.00131417302898873,-0.0025928503833703154,1693534404.6197753,7,2.115213875237734e-05,0.7002169473476332,0.17469715993521454,0.8357992243802854,0.958914669625776,0.00024831394238641094,3.333133682234441,0.005200725476635531
34,0.007534234783900362,0.003980909520057141,1693534404.7689996,7,0.0001928912511246488,0.7691629231697018,0.4799573420430394,0.8103746585095707,0.9574445142797291,0.00010641202969005452,0.4810596378503643,0.0035417957146970974
35,-0.07936271039876042,-0.07759393973858653,1693534404.9296138,5,6.450526792492371e-06,0.7578263692239386,0.06203901820724281,0.7740442377835024,0.9629988465479741,0.00038438551903602125,12.27198202308036,0.01002552667328215
36,0.007547963753396614,0.004304778855673375,1693534405.0914729,7,0.0005809367195412789,0.6614204647294324,0.5291409635342619,0.8315676527012394,0.9965637627959308,0.0006893600101544904,95.44524471179072,0.0009670270696748336
37,-0.0011446712399791892,-0.002389025818843038,1693534405.2499175,9,0.016452740348626392,0.715660391482078,0.1753996564335987,0.8632702276338592,0.9326096017163986,0.004283729892691833,1.899370528560736,0.11834393214322893
38,0.007430184674813711,0.0037540792203180073,1693534405.4030418,5,1.660063082615016e-05,0.7685845386283474,0.5940470527984852,0.7642356945475653,0.9647972563312952,7.70482920458416e-06,0.00010046642587453617,0.00049663365461046
39,-0.08241491608343998,-0.08068799289738182,1693534405.536144,4,1.770615602988177e-06,0.8312663936228469,0.059777759490208617,0.7257553756222193,0.9203076256598803,0.00012461734990796398,0.4183029039756738,0.018694598847023604
40,0.0069246100773970864,0.0039799297543073875,1693534405.6715016,7,6.802055632430877e-05,0.7840601316456381,0.30797962413735797,0.8204186043228185,0.8716650519821734,0.0011016220917888866,0.02746833541022981,0.0016319918842094172
41,0.007650939577694804,0.004175130577874775,1693534405.8067641,7,0.00022951308283246155,0.6638561992306922,0.5157063347308771,0.8363894811837722,0.9967879388852676,0.0005955509330649769,53.41855051927495,0.0006011042915628823
42,0.0076515958589713495,0.004214549539655055,1693534405.9367342,6,1.2741600895969866e-05,0.6307106039193695,0.9742829280587972,0.8643464287403061,0.9502989550677865,0.004217610960116779,8.275662455545634,0.002869572269228605
43,0.007612642708193507,0.0040968814885554705,1693534406.065904,6,0.0003914173782341512,0.6553273403036853,0.9377138854155315,0.8398536849282401,0.9757547328912771,0.007606135012343061,9.252285881474407,0.0033524249528465314
44,0.0078102498797252284,0.004240691569219024,1693534406.1981392,9,8.975542597615013e-05,0.6128845777210994,0.5210704012893048,0.8030568132941631,0.9454957386368501,0.004598452049321415,24.9296906481931,0.00025431685509871545
45,0.0076867831192442004,0.004175471789099716,1693534406.3317008,9,8.712410823186141e-08,0.624830359712903,0.6348180114830703,0.7923082951034418,0.9382719593531641,0.021217360271115836,27.28354772253973,0.00011180932969330883
46,2.549824872988271e-05,-0.0014124929559991006,1693534406.4717379,10,1.1199899610417111e-07,0.625797309086033,0.18216476152457578,0.7986256874537985,0.9366855533973711,0.050070881030169975,20.206292143834094,0.00017693363914580109
47,0.007440922402854877,0.003868737613337614,1693534406.6299167,9,4.627119990286489e-08,0.593551998506364,0.7109575333314654,0.7421614685534474,0.8810745309214134,0.012826211058805187,11.944312871220696,5.974714835235282e-05
48,-0.010875112621745675,-0.011069755526941893,1693534406.7777698,10,2.5492978837795e-07,0.58053245948424,0.14306559961279544,0.7818137667527351,0.915546493556955,0.004058694147872148,96.68065662298547,0.00018661887762183092
49,0.007342544168587706,0.004175435053375143,1693534406.9243636,11,8.749442793774531e-07,0.6202134852194994,0.9792391528877405,0.6927710627390382,0.8352880474048947,0.06513960692344131,1.3329603980664357,2.392826831819285e-05
50,0.0074611843092768915,0.003894709975005628,1693534407.0777113,9,1.8015115672604945e-07,0.5479398820634842,0.5446106474361804,0.8068999543007689,0.9423694089559383,0.01623548961193106,25.24727189314793,0.00018158339342625165
51,0.007867167874932579,0.004263626498794526,1693534407.2367904,8,4.609685706511478e-06,0.6316707514554792,0.5059755660316241,0.8613962807154972,0.9465158821190779,0.0032170878461866515,42.86337275738206,0.0003320848989478605
52,0.007494642898391191,0.0038262833868806245,1693534407.3928366,9,2.771536266911975e-06,0.6382860082290813,0.6433371629650299,0.8546913591500384,0.9117807532258998,0.003370173203652664,6.7384021037108095,0.0008425959576387952
53,0.004568975702946454,0.002428768744650922,1693534407.5444605,8,2.5788612172344996e-06,0.5930941819945694,0.23050839238460252,0.7698602458922322,0.9434228900937957,0.030696017275048414,32.72386171079475,0.0026203075339292195
54,0.0074496107810728684,0.0042144149216267746,1693534407.7016847,8,1.249631408556688e-05,0.6845098202066393,0.6292461431662147,0.7945796192649697,0.8827132548594042,0.019313236581612662,1.4863550163509747,0.0010841992397021948
55,0.006039014749041671,0.0033108416412529484,1693534407.847588,8,3.4335243266565e-08,0.5067649710177701,0.2549834230150553,0.8645289911831443,0.9158709779594342,0.007486624779690002,13.614000443937822,0.00025168017178849717
56,-0.01872927182026074,-0.01880440019231089,1693534407.9964602,10,5.33983475759331e-07,0.7094928059531929,0.12118060850073781,0.7512934893177543,0.9807580751139832,0.0020934294911780483,5.952779629182409,0.00040323895320547234
57,0.007300103158916493,0.004139147398102838,1693534408.1584687,6,1.8630109368037934e-07,0.6384585892711045,0.9264947360938153,0.8113559983684664,0.9477681281288378,0.28033297668726803,42.18535903560386,9.159115647899081e-05
58,0.007399526336117623,0.0040654451860479,1693534408.3246047,8,2.730987007653719e-05,0.611890449066822,0.3848184580163754,0.9028806625620542,0.8929636440299691,0.08678052640311584,0.8369047906406105,0.002060979702596188
59,0.005308417340351701,0.0031559894887875917,1693534408.4783802,9,4.250100745674077e-06,0.6743666587081986,0.24790634794075062,0.8696348013322998,0.862832326855305,0.034663741058771486,19.190021681583538,0.0008565041893400498
60,0.007495692167630463,0.0039413855092552685,1693534408.6427968,11,3.2636630336365205e-08,0.5691959345032837,0.6297410272660647,0.8555036268900303,0.9215867900515264,0.010650411047892558,5.794936484715478,0.01605389733462208
61,0.007746680110216619,0.004247717605444623,1693534408.8051305,7,1.1677294233633322e-06,0.658124534492037,0.47982448794825966,0.8359253399192109,0.970380058716352,0.0022709769528794542,46.193611895852804,0.0004628856626335491
62,0.007558728979812246,0.004181883330695579,1693534408.9404182,7,8.704214677129842e-07,0.6371489593777169,0.443714468827041,0.7827040275391659,0.9770212089477378,0.002947462800150638,59.9471834338938,0.00038414128970545776
63,0.007613735419585543,0.003868421616557205,1693534409.0784628,8,8.202041358847718e-06,0.6038673138700112,0.9827685207864418,0.8175059630784582,0.9460988151706499,0.002119326630653494,29.000452292719412,0.00450815599483964
64,0.006995605863655885,0.004164168012263714,1693534409.2099876,6,1.7304450478430502e-06,0.651241317717533,0.3012008081960617,0.8442802692041729,0.9747717805740472,0.0003614255076888683,2.3605008978360567,0.0019164328817721594
65,0.0078031417640532785,0.004208884075914576,1693534409.352098,9,3.8413290477019333e-07,0.6263116603547945,0.6881441841162691,0.7977344504734681,0.9304324547027403,0.0060665509941463065,97.58462713307026,3.781444316204841e-05
66,-0.011895171016319095,-0.011945265956783802,1693534409.4979208,9,9.934431764399611e-08,0.6109841583718411,0.13978074302581417,0.7957521937748921,0.932441426589181,0.018929299521556954,91.93781540869183,7.1883604869966e-06
67,0.007439168249578798,0.004481077365365627,1693534409.6474807,10,4.4793475599200884e-07,0.6916264850555979,0.4044901353222931,0.8245023793659175,0.906259517296601,0.001608871703689265,38.381883086255314,0.00010050366477860419
68,0.004248820511198126,0.0024323704487529962,1693534409.8050044,8,1.0329369993840658e-08,0.7232637213843167,0.22765406128222637,0.8069273991434489,0.8904523873897953,0.006830087798338025,17.92631028604523,3.4259056885793756e-05
69,0.007242304111283238,0.004057667679131627,1693534409.969858,9,3.5121961295676957e-07,0.6782152868373964,0.7014729050978057,0.7599816426251681,0.9060489842025984,0.04767765369177923,4.457581575457699,1.3190802537576465e-05
70,-0.03580577263077234,-0.0348852681865055,1693534410.1258729,10,7.21860503889011e-08,0.6443762360730572,0.0975884384764516,0.7830618408564619,0.9705936636851515,0.12679834711716692,55.80468996003045,4.262081908858252e-05
71,0.007688727658055727,0.0041549564796758975,1693534410.2757373,7,1.5485179096410755e-06,0.6217397309613696,0.7411982451658536,0.8327683938324758,0.9482771662923485,0.004854734479214324,10.441633690317634,0.00010808119805385507
72,0.0074139286085983525,0.004266398843558616,1693534410.4110687,7,1.4610333112010872e-06,0.6244715881800318,0.3522204425046619,0.844624959647885,0.9295498415063939,0.0017643715177026189,15.176535592987262,9.166380263772293e-05
73,0.007684968206837728,0.004195149378788843,1693534410.5503597,7,3.9464678625888e-06,0.6579433249077297,0.704440654927002,0.8245739164936774,0.9532198418849149,0.005358155908233275,2.354234768022927,0.0002702935258819575
74,0.00781272355893936,0.004174620883223401,1693534410.686774,8,5.721095696006537e-07,0.600540276451667,0.4949145428254943,0.7963581991826318,0.9844037509444069,0.012852703204337589,30.645440722501483,0.00014161472658069421
75,0.007532485228223251,0.004021685850743806,1693534410.8196487,8,5.703118915083555e-07,0.6008134296762492,0.44962016919544856,0.8785611283767228,0.9829105462522051,0.011171476749150196,6.520224318201697,0.0005982391815568552
76,0.006826756063138872,0.003992630391028706,1693534410.9588628,7,3.477716112621117e-05,0.5809855297293445,0.30683410845485254,0.8318281538421372,0.9553264559881902,0.0013755820402498564,97.11701308443459,3.734546034752709e-05
77,-6.33054483327733e-05,-0.001619683859245713,1693534411.100941,8,7.236709556678357e-06,0.6157429678521202,0.17953303959386083,0.8093351305506065,0.969626058865694,0.0005655687460737514,11.062027636713237,1.742395267876646e-05
78,0.007693472557943171,0.004473522293448884,1693534411.2384548,7,1.550634718705432e-06,0.7481810498347243,0.4481982033530811,0.8464703793526176,0.9855484356163832,0.00021148369782278883,46.96148120503279,0.00015540665408556695
79,0.00770643843919383,0.004436745539645015,1693534411.3784223,8,2.256750786746329e-08,0.7447272453785538,0.5161012788958429,0.8495934857393406,0.9844162473391673,0.0002517230507778932,47.55184885919654,0.0012829678558182967
80,0.007102336774833629,0.004207151239822626,1693534411.5335102,8,1.7440701025417365e-08,0.702241765739888,0.31809101098804937,0.7705168943602825,0.9249223547676148,0.0004334036939926779,0.318702447310047,0.0011826893185053877
81,0.007956949760309362,0.00451837009537015,1693534411.6931124,8,1.5257409632636643e-07,0.7419353874550578,0.5129673716942321,0.8534562685478958,0.987322952659432,0.00018952798504954458,41.92602582186082,0.00029906271679471056
82,0.0075555229549415515,0.0039742632849577575,1693534411.8570921,8,1.7665213499058626e-07,0.774887521614455,0.5522391797096438,0.8710063465921026,0.9874783403448035,0.00018765333598987798,54.4014658376198,0.0002819872354741194
83,0.002924672104259285,0.0013672083489097986,1693534412.0160847,9,2.034716493894289e-08,0.7323136470880199,0.20930832996650384,0.8929479935878333,0.9641140260973854,0.0007674446861764187,27.07863427729195,0.006341930647557687
84,0.007736620880619549,0.004411341993512452,1693534412.1655502,8,4.972485972637572e-08,0.7541694581573491,0.4462477231159422,0.8586737874704709,0.9970090770045354,9.299250361394206e-05,3.6141266073508582,0.0006987424492976737
85,0.006117554050633411,0.0035347155960038235,1693534412.3143919,9,3.0712110056111997e-07,0.7841110700705478,0.26430971068376735,0.8552903104405948,0.9982814506346425,0.00013543413407338318,3.434174563076027,0.0006215417766304124
86,0.007331681251491418,0.0035521902019206575,1693534412.451901,8,1.3093291252836104e-07,0.810087532535128,0.7735392254118493,0.8229022392380143,0.9710131665952669,7.481310551663634e-05,18.51459505795229,0.00040518329380883716
87,-0.007757775101482567,-0.008508889706356548,1693534412.5855918,7,5.759480235415092e-07,0.6739156380183615,0.14698620769136855,0.8745686999136718,0.959216058735432,0.0010986018111662236,0.7155798598449651,5.9299140756060456e-05
88,0.007540442290258742,0.00448994625940613,1693534412.7237835,6,3.8032824043534546e-08,0.7170291261512542,0.38726399125618505,0.8375876737044298,0.9366376650973778,0.002986161519999369,1.5000635360799484,0.0035930314180035354
89,-0.05452462160113325,-0.053318350719186336,1693534412.8604016,9,3.0379251775680566e-06,0.8000201323409346,0.07887533164436757,0.7994343466761209,0.9851133312353281,4.267536468138591e-05,6.925558348457347,0.0002093033196459172
90,0.0077705473582135864,0.004360572201127955,1693534412.997781,8,2.0732563798578027e-07,0.7536100328086448,0.4900999291717282,0.8133250610495063,0.9216489965035741,0.01124330066710413,4.683797746505544,0.0015194075208286482
91,0.007867562380884596,0.004260283244554186,1693534413.1345832,8,7.498610720799681e-08,0.7587103778423016,0.5231272289019538,0.8102671263008109,0.9205882906449406,0.010369849725832003,4.250832977499504,0.0006426094658022938
92,0.007631842008204104,0.004343865773418609,1693534413.2981617,8,3.078771102171413e-07,0.734184636120215,0.7370512200035545,0.8084649098763688,0.9173119796788,0.010756572146136734,21.596519288948667,0.0013935777864381243
93,0.007557144798878812,0.003917199066315158,1693534413.4514096,9,8.186590621214604e-07,0.7679805600437382,0.5504298771347681,0.8230054752454091,0.8997676689250959,0.024902854417897694,8.378458126147637,0.0003500469832071413
94,0.007010746097041554,0.004143472132966841,1693534413.6169162,7,1.369779497870708e-07,0.7937261375498333,0.3115081291482194,0.7787162371711471,0.927722511425436,0.0070898334479184795,15.344111882220824,0.004985884468998564
95,0.0023027095888502602,0.0006308998198945037,1693534413.7703767,8,7.950531749369243e-08,0.778974989483653,0.20541464734188322,0.7909884785157381,0.9439315770735082,0.0025938588617414795,34.995023671398584,0.0021060548825738326
96,0.007241254734328795,0.0033568769318708114,1693534413.925851,9,2.0652114767626142e-07,0.8227381000124856,0.7985124605956578,0.8018541934143087,0.9138249230404539,0.013498681804027251,1.1115575769861226,0.00014442353711108773
97,0.007628238797840581,0.0038977453105502047,1693534414.090354,8,1.1089809990961453e-06,0.8353860136341836,0.569399349396232,0.7756568604774162,0.9609773649344474,0.005084155773302554,2.040461780349314,0.0007954218661726524
98,0.006101074223781144,0.0037065294088483025,1693534414.2550888,7,3.968522300980554e-06,0.7233198373397383,0.262047687601101,0.8150259644545611,0.8840269171342297,0.03901601990434201,4.432858403426561,0.00026085027958530144
99,0.0078095219974254615,0.004185434536022159,1693534414.3906422,10,6.728193002327844e-07,0.748108860860967,0.9739007075936343,0.7880387090122074,0.9260582909717395,0.0015781305342112927,65.61954720058353,0.012006133335729342
100,0.007708418138235085,0.0044221489060430885,1693534414.5302558,10,5.029921667942747e-07,0.7424674964879967,0.7972708530431486,0.7888723099257025,0.9069489542697324,0.0016990336040165574,69.73174306680744,0.010985081049285151
101,0.007677411303815607,0.004041878649064579,1693534414.6721852,11,1.2053566645342949e-05,0.7486769363097461,0.9873029860473754,0.8011779428442184,0.9289682447060693,0.0032717688233092294,69.67105850921324,0.024783447937016756
102,0.0074380471970342255,0.004430760918426202,1693534414.8097951,9,3.019949687842349e-07,0.7565744015371361,0.3752924580728046,0.8162951185728505,0.9418213491581002,0.0074994449486307365,21.887124208484593,0.003473636252948975
103,0.0075508233630871,0.004055350708204397,1693534414.9452765,10,9.433925984192249e-07,0.7702663216157937,0.5056937018364316,0.8300883010457021,0.9205336173900054,0.012127102623001852,34.058008313217925,0.006532680830607606
104,0.007747273677680799,0.004002785568370748,1693534415.0850735,10,6.005215800099155e-08,0.6475719186574344,0.5784855271482436,0.847245055704114,0.9549027438944405,0.0008146689657411924,96.49928776576247,0.0013440003354139734
105,0.007760531816180749,0.004016407459519589,1693534415.2229483,10,5.485825440782384e-08,0.6486639074796178,0.5917240483523469,0.7678658208157435,0.9564620250038788,0.0012941569673253935,74.98263364235035,0.0005399155694531245
106,0.0077232902484595245,0.003941175088729598,1693534415.3555334,10,4.842454860916564e-08,0.6452814346570533,0.657437840970681,0.762431173706581,0.9525024947255685,0.0009229648213770933,87.16577732861948,0.0011937494632337918
107,0.007175809862801197,0.004220183389044951,1693534415.4870481,11,7.184265587870382e-08,0.6345587341756745,0.34228251767193235,0.740672540416571,0.9362175591994375,0.0012606375735275373,12.172379529456801,0.0017697040175431787
108,0.007577362755258221,0.0042113134435531885,1693534415.62118,10,1.743453783770944e-08,0.6995245116078488,0.5813117434140087,0.7703471358486337,0.8941084800639089,0.018234752463783803,67.13909876615574,0.0006135336032983747
109,0.007433119250946918,0.0037307778621161747,1693534415.778942,10,1.4574373167089384e-07,0.6438101531780176,0.7822357278432529,0.7881727669352288,0.9521639990824994,0.005406397837190723,32.183390996551154,0.00013792194007769632
110,0.00741789281167804,0.003953547967519011,1693534415.93262,11,6.279067629584972e-08,0.6667975572177894,0.8187647062267899,0.7529915514131965,0.9643684110295391,0.002856409144870614,98.09428653569047,5.896636847486533e-05
111,0.007725564478351599,0.004272237019890324,1693534416.079081,10,1.1847530906973919e-07,0.6533372568545552,0.4486243589617699,0.8126655634089153,0.9739853933354055,0.002185639893781761,42.821278502778505,0.0004501059947330008
112,0.0076567781391920775,0.004120384996430859,1693534416.2275832,9,2.7451825899756073e-08,0.6290375899873806,0.9671972755199872,0.8433844035181806,0.9752785771979825,0.0006225425339164498,25.610507681903865,0.0002458962798858299
113,0.0076258670255927585,0.004075789808114405,1693534416.400458,9,2.648291915724123e-07,0.6597921492478579,0.6217516639374304,0.7944776785623967,0.9429572117598053,0.004178382550450532,51.80290459284919,0.0005188103372762691
114,0.00743851619851521,0.004216621752844429,1693534416.5705042,10,6.638806230112986e-07,0.6093733161674972,0.3623832260149058,0.8279165210193793,0.9658006681638226,0.0015192257646040653,14.51561804248472,0.0027471172205124003
115,0.0063695276662792955,0.0038748227377227717,1693534416.7353923,8,1.1559997955046759e-08,0.6904227125388678,0.27165181032574387,0.7822583332672727,0.909099861602554,0.008728625061011849,10.17074082321155,0.000938569849262312
116,0.007523492317133673,0.004222697807581111,1693534416.8915021,9,1.8146233374308592e-06,0.6679089054065147,0.5312237486338985,0.804378470815822,0.9536495608098261,0.025831819177099678,42.96220276685346,0.00016363998783510471
117,0.00195503115775153,0.0003379411778418051,1693534417.0465453,10,2.0984269702560355e-07,0.6144658412988532,0.19974351761653522,0.8393299248440922,0.9263180801654809,0.00038300426786177664,64.68196059016523,0.00032072611877843524
118,0.00777412849079917,0.004275427345579952,1693534417.1865723,9,3.90301722929273e-07,0.6324516967569616,0.43695977507345846,0.81708597749241,0.9362644750593409,0.0008171548432214005,22.679401567569066,0.001901641340400552
119,0.007709910072924098,0.004010018458406428,1693534417.3269744,9,3.8614736706960625e-08,0.6358618825901161,0.6793734004882837,0.8193670943851327,0.8709019244908084,0.0006921652807913332,99.38914942797255,0.0013932681961428637
120,0.00756362715966763,0.0039616828320409025,1693534417.4749494,11,4.4697595521702195e-07,0.5934962323788389,0.9835149997762785,0.7667123684888423,0.9362051260068004,0.0011551734770113367,21.110415319189407,0.0019147064731015137
121,0.007667406706376445,0.0041401349354459605,1693534417.6151688,8,9.251168086532975e-08,0.6512395497742236,0.4662900879086759,0.852414368935592,0.9195593653872515,0.0020144545121634242,29.23292766352338,0.0008367517985534701
122,0.0074200945167457455,0.004267178764738477,1693534417.7741394,9,2.6022918578155505e-06,0.6223927407277777,0.3608506708195752,0.8043883146897115,0.9490091067861093,0.006082645799256844,6.670898625894203,7.775098863481001e-05
123,0.007493216608400632,0.004307186557472309,1693534417.9341466,8,3.8064610382832057e-07,0.6802028054133059,0.45443990150706276,0.8608717066511942,0.9884581905892338,0.003586671750896479,43.466009585549706,0.0026745787090292246
124,0.005736004590401467,0.00317334322030971,1693534418.102989,4,9.067700779242112e-07,0.6031539360834204,0.2456007646456841,0.8344674513246138,0.9783174590676927,0.015945916226394123,15.59115023896687,0.004238263349358048
125,0.00779670826437695,0.004170149328565631,1693534418.2817547,10,1.5085937302232368e-07,0.6301691527231706,0.6342909390999741,0.8185413697698868,0.9678867164028752,0.00228660074211461,8.0713262734874,0.0004259130336581829
126,0.007726551140204707,0.004222982372801831,1693534418.4501762,10,1.564886574010512e-07,0.624804437665111,0.6555894802315095,0.791493844668074,0.9024242926485858,0.000332469891264665,10.971244023977096,0.014983109440772203
127,0.007751966075171479,0.0041757723456592455,1693534418.6358852,10,5.954469676231969e-08,0.6326734370677464,0.8374565575952476,0.8166673813776482,0.9598040740557907,0.008192345233551177,4.740693711273418,0.00022000637500266295
128,0.007604149512826175,0.004099483066799747,1693534418.8252459,3,3.9582676573889505e-08,0.6164496401495204,0.807029150714422,0.7789140552838711,0.9383426800180649,0.008549846877022602,4.994263239885451,0.00020601079811573568
129,0.0073273860171276795,0.004244128324372154,1693534418.9944093,11,1.2912856561066412e-07,0.78735995197137,0.34684529884942217,0.8140296142639375,0.9636060896452933,0.056433338117702375,2.8848122957301747,0.00012005039348113781
130,0.007646792508550382,0.004205308100299399,1693534419.1568656,9,2.3528326378366324e-08,0.630934029747137,0.9896395659261323,0.7966481374901812,0.9255654287428804,0.003752926322662489,8.94872076093593,0.0003277617574759965
131,0.007776603144493799,0.00408768176498997,1693534419.3185477,10,6.065350819791785e-08,0.644476254177924,0.5842008156208524,0.8283159243657657,0.9572001419869662,0.0005356907023950209,24.6008546393873,0.0005373148283970183
132,0.007707923929205385,0.004024518086947593,1693534419.4872491,10,2.4749541838096473e-07,0.642647710891345,0.6547387547250281,0.8250639311845293,0.988019755912,0.005122569486446284,4.378686740070768,0.0005233544595863597
133,0.007624234300510402,0.004089670830781489,1693534419.6583955,10,7.076938446042046e-08,0.6026810421305433,0.44271803459757186,0.8092532038646427,0.9437088207934964,0.0004759281045137169,21.332068839764098,0.0008613797806653253
134,0.0073391198195822405,0.0038694607888334343,1693534419.82037,10,4.480052991767624e-07,0.5826420741674649,0.7630513461008797,0.8232875673446408,0.9141839508954646,0.0013334374618142034,7.389809482339426,8.97913536529016e-05
135,0.007010691348937725,0.004249562646620131,1693534419.955728,10,1.1401121624614597e-08,0.7305649385566081,0.3023425271595295,0.7835035049349844,0.9990918553886883,0.012792578904549181,0.10971321152884518,0.0003511180225961796
136,0.00781530809986064,0.004178254478965582,1693534420.0932398,9,1.130654006211614e-07,0.6330532242134723,0.5463920901293259,0.8012505625924853,0.9592280585997807,0.0026838037822348175,0.2995813554163372,0.00019961740497621846
137,-0.0038433394360126716,-0.005040707843437797,1693534420.2293565,9,1.8147051287321707e-07,0.761790977276801,0.16164349314329768,0.7988326832469858,0.9799936087849934,0.0020428771344285406,0.25776113334273326,5.8718734363821546e-05
138,0.007273947207088627,0.003784308931815583,1693534420.3732781,9,5.511001113894589e-07,0.8755772489329703,0.5630189682265743,0.7619433561770482,0.9314500366407363,0.0005804880520909883,0.0498446490886855,0.0001295996471741541
139,-0.24495087592695275,-0.2418224381465226,1693534420.5131273,8,9.779649069207337e-08,0.7129398063113437,0.007073167542182031,0.7720527058879597,0.9722413302037943,0.0025342736293258233,0.5256664654977621,0.0005035776769934818
140,0.007421135486896824,0.004331124826769339,1693534420.6655047,9,1.8269039671465163e-06,0.6690710986570672,0.38300262372409355,0.8016416322990717,0.8881245061736259,0.00026090571727500244,1.87881833645884,3.8787278179376107e-05
141,0.007687156454319832,0.004067120350689346,1693534420.843261,10,2.7825625565888997e-08,0.6354065400960458,0.7311076315408714,0.815695926130069,0.9558226216084268,0.007054760349992059,0.03005964047272336,0.00025634665411090115
142,0.007477813485690321,0.004022052260416853,1693534421.0151637,9,2.530398628021554e-07,0.6158540313075015,0.5060103578026495,0.8301174342388113,0.9623089617373927,0.029775486787701765,0.9805477216300083,0.00018540956707347004
143,0.007024478936307976,0.003858769477568802,1693534421.1828291,10,6.252458754420315e-08,0.8441258036531087,0.8638402249359386,0.8095491837311338,0.9484697376372184,0.004325047805485142,15.884561251460573,0.0005940334855526003
144,0.007762989041252943,0.004094488545740127,1693534421.3421416,11,1.1045044799919119e-07,0.6282256021707525,0.5776734313243508,0.7841026629412721,0.9424580259140418,0.011153026719454034,0.1817037938599507,0.0007894625263784117
145,-0.16483127710797696,-0.16214423333200867,1693534421.4969783,11,1.1980980816072887e-07,0.8024745771287067,0.026690823711854814,0.7862878851585072,0.935703235824465,0.0009491679526149728,0.09587535199018375,0.0009864545410892115
146,0.006692702941791362,0.0038809771360051037,1693534421.6588953,11,1.0766342860851735e-06,0.6537473358568063,0.28448903625896216,0.7750523770373634,0.8982256356231194,0.020344957260980106,0.17965971302690265,0.0016327880286150435
147,0.007686210440847163,0.004129037305134808,1693534421.802958,8,5.125973685956859e-06,0.6082358424735523,0.5645344231092223,0.7860491431709229,0.9169900637691882,0.001502320152799184,0.2609605603373658,0.006957160639363155
148,0.007698094541079947,0.004266960472175785,1693534421.9504938,11,2.550638057656853e-07,0.8125152936845876,0.40981049452337764,0.7944108522441408,0.9422800985568441,0.0024291891389864183,0.5194844428236012,0.0007609467965837964
149,0.007888260575477979,0.005178912346077924,1693534422.0888202,1,5.49642303733079e-07,0.6241529335743905,0.6290683759667544,0.8011074854810574,0.923515200823085,0.014927595837828751,0.012351081219145387,0.0028856728134526574
150,0.004081025277252848,0.0031085320284472973,1693534422.2294998,1,6.843228918007735e-07,0.6244682784398308,0.22922625695034549,0.8384511869189388,0.9254348827505402,0.014972543457374105,0.010993243276105855,0.0026795836504033836
151,0.0077467801711361695,0.005096465986532461,1693534422.3644936,1,4.353716975859703e-07,0.6445614775741606,0.6293588683318976,0.8048680871574968,0.9694384457604034,0.010455698235657162,0.020385779219187966,0.0099393759434706
152,0.00797321484011948,0.00440742057633936,1693534422.503645,2,1.4125811028103553e-07,0.5919722914706719,0.4828349106984382,0.7926609101204445,0.9091171187037586,0.036425740543725146,0.003438653491060056,0.0014615546500318078
153,0.007596252148535432,0.005324782297241981,1693534422.640407,1,1.7099087040577177e-07,0.5940726610294831,0.4526469134918356,0.8181220565255505,0.9065270827423972,0.07481401820875036,0.003218823897846161,0.0040233308563346675
154,0.007449958139656321,0.004579054326261822,1693534422.775298,2,2.518612900893928e-06,0.7388053469265464,0.3373412204659172,0.7960847416137602,0.9131162246152431,0.04287333402328979,0.0053562303436548555,0.002443973936528864
155,0.0065831180606353845,0.0051082820447028165,1693534422.9072561,1,3.4191609479490453e-07,0.5698495990384513,0.7097831045171147,0.8078496948322034,0.9242674526238568,0.025517252403899602,0.056311504958382844,0.001450676291865438
156,0.007639953480746087,0.005314911708121706,1693534423.043809,1,8.123516696587106e-07,0.6104617906494265,0.47148179746503505,0.8274885099535965,0.8927034750404867,0.004938901299479845,0.12764341369107413,0.0055309766023968355
157,-0.2652477046747077,-0.26204961823466655,1693534423.1848397,2,9.712360815025657e-08,0.5992125284767676,0.00307590539494716,0.7860504541512031,0.78032359802178,0.014024466217312785,0.012184409145853012,0.0003602448915477731
158,0.0077572737474909115,0.004314316970320919,1693534423.325662,2,1.4636411583140117e-06,0.5861241768436866,0.3853085029846894,0.8230022160308244,0.9334942158149453,0.008502134820351007,0.032103453478099134,0.001044545469112572
159,0.007742935206630608,0.0052748728479899976,1693534423.4640737,1,7.85111806144696e-06,0.6221935119014269,0.4942013042325899,0.801187489606538,0.945943978320428,0.0036680777567956193,0.018969651724753917,0.002002190742308271
160,0.007490290962574697,0.0038718798608923244,1693534423.608554,8,2.09516052975577e-08,0.7512820106179356,0.996093552717505,0.8475759771743386,0.8830716224917146,0.04262543726941459,27.67087328394661,0.012752991516053528
161,0.007816063171588228,0.004212738659474691,1693534423.7684705,9,3.8471959116843515e-08,0.6163234100181084,0.5844900014682879,0.776757514315478,0.9517216885918938,0.00569009582663647,49.15472186498162,0.0006659524864229359
162,0.00731854545373567,0.0036063667024723856,1693534423.9198477,9,3.543664503379174e-08,0.7777004509895532,0.7399416660368572,0.7900457536629167,0.8414440388142426,0.0062898432004341335,32.674128214148716,0.0009017587344991056
163,0.007759379438830427,0.004146003068179693,1693534424.0822847,9,1.6854026184578052e-07,0.6094848102801564,0.5809470823698306,0.7767783836342766,0.9201638880536218,0.01993420749959792,55.307397188432105,0.0003911251479190109
164,0.006807116063578866,0.003934816990354029,1693534424.247251,8,1.0701032156486583e-07,0.629781257111988,0.278747839218542,0.8079620278669063,0.937127993400139,0.011026977431352341,17.925908385932235,0.0006710910861177922
165,0.007702619697554702,0.00408566603830296,1693534424.4100974,4,3.3233037873105535e-07,0.5970864818398173,0.6309809766721376,0.7520071399971652,0.9062186603528479,0.0031112133392209268,0.008177465152423864,0.003572600568098944
166,0.0073969565424182315,0.005248550341099167,1693534424.5576053,1,7.76507267696044e-05,0.616464868452251,0.4027331961939874,0.7788366805474939,0.9492553684922812,0.03220502585688409,0.3445660855102256,0.000154127000936818
167,0.00761061252713513,0.004029714142693375,1693534424.7396462,9,4.260705344662669e-08,0.6386755657070671,0.8221024221102267,0.7938483826574956,0.9781054041015569,0.006138565053482647,0.05482021214769255,0.0014145542865679486
168,0.00768752983231813,0.00401179695720022,1693534424.8899364,8,5.641445394742653e-07,0.5878856580222134,0.5323098740110662,0.8166400812196564,0.874047931837604,0.010274624594619319,33.762501066751184,0.0002184077128912297
169,0.007110104957809615,0.004258687695241181,1693534425.1715417,9,2.267270867050453e-07,0.6625447096646889,0.3092121812004654,0.8693950717595599,0.9266638462702839,0.08392356635716822,11.382710544536423,0.00010108781264399503
170,0.003161017467777527,0.0009784466810170978,1693534425.3138335,8,8.500874424052497e-08,0.6049901069900097,0.20493848924438424,0.834308959404117,0.9657231860565324,0.016985564111590187,0.08570796506978125,0.00040470768217835723
171,0.007841158159051509,0.004181828920285291,1693534425.504433,9,4.270061907775834e-08,0.6302882008297097,0.6119840257942488,0.7604879994701574,0.9567527657782456,0.0016699816114839855,75.53376046680995,0.0005453853810956325
172,0.0077974015668201835,0.004187375319699038,1693534425.6431398,9,2.5857580239578658e-08,0.6304206051889835,0.661746773153091,0.7719298061135019,0.9420954341233972,0.0023194547643205763,57.99191825379237,0.0006294744378300891
173,0.007335446186910954,0.003556466910570988,1693534426.2525964,9,2.0263025438505948e-08,0.7934958746967524,0.7985494452749277,0.764902845127957,0.9573554929893006,0.0020511837811806894,58.329461296061716,0.0004641416312894148
174,0.007561263185722811,0.004475516060209905,1693534426.3926184,9,1.641591570883985e-08,0.7655401508831087,0.40640809968642577,0.7569609155395497,0.9877909049267429,0.0007744394571704663,48.92404364955217,0.00021903097014622976
175,0.007207592004251695,0.003765637715261949,1693534426.6549668,9,3.341333633249568e-08,0.7258744216024313,0.9797544931990069,0.7732477592035983,0.9350637404687895,0.003760741307276793,22.941566291700372,0.0013381908543525672
176,0.007553298765702987,0.004084322660883433,1693534427.1116264,5,0.0014003783878632269,0.6201637010931921,0.7283496629991619,0.741561570548471,0.9506479175091076,0.0014608036209316773,36.17403443961217,0.0002677471347243043
177,0.007805429598272351,0.004134855395259596,1693534427.2478564,9,6.003504073243109e-08,0.6392807893659441,0.493217742569013,0.7978305240854051,0.9680720886032322,0.002875937358544098,64.97058343206756,0.0024676794766102226
178,0.007692392618683042,0.004058076875664285,1693534427.3989987,9,4.551663710173035e-08,0.6395376217354332,0.6633156642777998,0.7994092870230581,0.9714135181550029,0.0027769816202244954,98.80209674193243,0.008195314777563932
179,-0.015401981116454522,-0.015423095213138893,1693534427.6685345,9,6.019238533321136e-08,0.6551988477975186,0.12999488751033186,0.7590349897874934,0.9804347989546184,0.00103909933297022,58.051502111359916,0.003160288690388379
180,-0.21036796756019172,-0.20733039550538446,1693534427.8108673,3,1.574099488062515e-08,0.6303718173506278,0.014794695316284752,0.7913275313396427,0.9611755089381169,0.00048076285914472544,25.523461654866587,7.082154156918708e-05
181,0.0071514720462084735,0.004017081410468526,1693534427.960921,9,2.0362782018420456e-07,0.8538136389639496,0.4956441312014216,0.8093648868174645,0.9118458895124174,0.005072052565822771,60.46457084938514,0.0022615549674322366
182,0.007424314098569251,0.004031883896827626,1693534428.1067412,9,1.3055083515410647e-07,0.9027485395718697,0.5116608126846729,0.8175257308070999,0.9296171872831227,0.0019109650368737774,36.14262537711768,0.000650756468731913
183,-0.2784787000186768,-0.27525996278684506,1693534428.2451422,8,1.041414337172398e-08,0.6180392382161688,0.0005980259465206017,0.8025451268594823,0.999939307031193,0.002846256518666701,16.30993976796161,0.0010771016373049478
184,0.007351128781728167,0.004335588764474929,1693534428.3802316,8,2.9447250222709538e-08,0.8182340585630529,0.3697185739258452,0.7766299374989911,0.947491260599073,0.006575948010575926,73.93819056644587,0.004656915200240611
185,0.0076309795656950286,0.003904186784605135,1693534428.517912,9,6.250291712942306e-08,0.6462951281227893,0.6395025725083855,0.7915215026097685,0.9677788440119124,0.0017047343865519429,42.289685541716736,0.0018246324180508145
186,0.007613340008732816,0.004409221151811082,1693534428.662354,9,4.217643921220325e-07,0.7087446067375848,0.43255038764149334,0.8245356494716599,0.955825908795271,0.0007850311365406548,9.903843367192428,0.0003254940935450012
187,0.007579212446037431,0.0039996686352175015,1693534428.8125944,8,8.858333734771881e-07,0.6369252220540635,0.852033297374508,0.8113684996643366,0.989483911726105,0.004641124899654727,0.0020997050048713693,0.0005771915504551402
188,0.0071352083230467045,0.004434188219226143,1693534428.9557629,9,0.010984620805306159,0.7408082887827819,0.30968151577640957,0.843120458366618,0.9197876855744994,0.00021776243250571343,15.80884060321972,0.00013142870725773158
189,0.007422458614769312,0.0039401480755454354,1693534429.0931668,10,1.5674128410865274e-07,0.6067699698889805,0.5332938692004524,0.5610899687434012,0.9390179921107954,0.003041922041251253,22.24622788554944,0.001045633967814336
190,0.00711386236141065,0.0038539227974150325,1693534429.2374907,9,8.142993117351311e-08,0.6799899315724347,0.9993566745378073,0.8009181411528742,0.8554502884543966,0.0010966130988716964,96.50525076246561,0.01828744795450001
191,0.007756950472779689,0.0040972002480818,1693534429.3869693,8,3.00131626484399e-07,0.6278670157774343,0.6115611377245287,0.7854829960080032,0.9439490706249082,0.010937948546730835,0.18593454364444814,0.0006610907327570786
192,0.006885226178941051,0.0052482687871909794,1693534429.5247943,1,1.0176376743800518e-07,0.6289183297769303,0.7197613495779676,0.7835888519513143,0.8233502102725168,0.006925168613935152,0.019736963992451565,2.6999012101052907e-05
193,0.007750217427553774,0.004230613130338345,1693534429.6629722,9,5.102811855807743e-08,0.618562014005764,0.49705209374836284,0.7678717666766006,0.8995881462354774,0.00014459523744275463,1.208995297973664,0.0008476970390708345
194,0.007875325875920769,0.004270946731103398,1693534429.8047197,10,1.1553157892952196e-07,0.751068789889068,0.5965388764662981,0.7968582884180819,0.9354025263778809,0.018422515636216056,3.060714440134775,0.0003038529158702002
195,0.007534897212507774,0.004462877837562829,1693534429.9456272,10,2.1756669338111665e-07,0.7193936704486438,0.4031886663714077,0.8099267950617036,0.9285976822423461,0.02807233774044266,3.143395411853198,0.0003630319622790462
196,0.007286206146243868,0.0036164434827916647,1693534430.0899186,10,2.7281441314522887e-08,0.7727653906717615,0.7098742984803862,0.8288924947479411,0.9548923254235226,0.017816275986419636,7.343753054629199,0.00016798803914618894
197,0.007265267093022332,0.004371963498646991,1693534430.2304718,10,3.189348225513877e-05,0.7502433865919045,0.34012603027351535,0.8586338005250825,0.9744022132255219,0.003455254027544762,32.837539428708226,0.0002723339385894887
198,0.00746718238369648,0.004241329620669698,1693534430.3663192,10,5.655680042427186e-07,0.75795177505137,0.48912065331350646,0.7979924475865371,0.7142721857715308,0.0019776538125940326,2.7266742339548875,0.00047806979345345465
199,0.007702203491977255,0.0043658653109184264,1693534430.5202868,9,3.3494186073609757e-06,0.7427608503236763,0.8124075625657605,0.8164219515373358,0.9177865329266478,0.00035738910681818033,53.68534883096587,0.0022007977693619773
200,-0.0979262569723034,-0.09600595879838347,1693534430.6632571,8,1.6076145271354907e-06,0.5965804089973571,0.05172697326637032,0.7922366247727696,0.9350693578671935,0.005286610433920375,5.552414986130426,0.005980791233933971
201,0.007716875948048374,0.0040081717069508915,1693534430.8142915,11,1.1505252802812693e-07,0.644067290578734,0.5909420277382021,0.7703895966998177,0.9399477078095221,0.008866031816731571,0.03599789300364991,0.0007669960561212767
202,0.007752948972537532,0.004451032696539681,1693534430.9532807,9,1.6209587383551858e-07,0.7337207091161664,0.5767153349719871,0.7818392556611147,0.947881897945386,0.014188039763361082,1.57749008833649,0.001298738397790483
203,0.0074577346428637,0.004026714103153584,1693534431.0932233,9,8.846245354997668e-08,0.6122099100034426,0.43487131624548664,0.8037562923836641,0.9288526118624808,0.02604255605656409,0.0068914695319390205,0.00044153057997165906
204,0.007606976685765265,0.004218454623387324,1693534431.237707,2,3.0581517525019573e-07,0.6237160066551712,0.6689022969636884,0.7821114843458645,0.9660480764771604,0.00807724281180339,0.476359441814802,0.00024126770660037365
205,0.0076515006237880545,0.004063071107085259,1693534431.3850281,8,0.00016501438544708243,0.6346022101871697,0.8280794243761356,0.7915302297694178,0.9083660141487018,0.004725508604305005,0.06427459942004285,0.0007660684960915892
206,0.007646840483750417,0.0038746397910928154,1693534431.5292752,10,3.943518980651151e-08,0.833738492770346,0.58536655417687,0.8830814209113347,0.9416160038862114,0.011875863163743118,0.014736945540530694,0.0016687682154489026
207,0.005615821327361714,0.004298612388267009,1693534431.6727262,1,1.3782253261449866e-07,0.76142364764798,0.2665536150445731,0.8226466920854272,0.9549641175871808,0.04882459403314031,0.6713534779050615,0.00012945235921130554
208,0.0074235008772634,0.004154580705707955,1693534431.8154655,9,5.96179484916993e-08,0.7888449780746458,0.36709493336982124,0.8049401549146751,0.9230349462353983,0.002647751149740549,0.004468217788025633,0.03245265368378134
209,0.0073550270126439,0.004256622420192424,1693534431.9677546,11,4.5653650312803973e-07,0.6584772731392861,0.484088508782358,0.7343607994207831,0.6563729225643916,0.0006152553667479589,0.144668369046107,5.098322575293353e-05
210,0.00743294917973325,0.00382050607327189,1693534432.106503,10,8.650314938601907e-07,0.5761614072096704,0.7923667565666684,0.758109463971014,0.9827064994203512,0.0013478040151445267,62.5187483306394,0.0037647936391443956
211,0.0078066524031698,0.004067482462355887,1693534432.2434657,10,5.644209159992763e-08,0.6448268186209463,0.5980599908623992,0.7673591933846241,0.9622281907628932,0.0014862422329224559,64.20654388755791,0.00047845887623154454
212,0.007653913856141781,0.003924002355660483,1693534432.383003,10,2.8824926046585907e-08,0.6461556282975646,0.6112425907691788,0.7518792636218165,0.9558813136360806,0.0016051073225098287,41.09874581214835,0.0003159904184633778
213,0.007476707516666958,0.0038953393248724044,1693534432.529604,10,7.593433417081573e-08,0.6378729554305613,0.9958620787568432,0.7740506849709392,0.9646042339121017,0.0026477385916212274,27.385655351461846,0.0005330108334669366
214,0.0074956328256243765,0.004248269074559996,1693534432.6771758,9,2.030705179324604e-07,0.6233580267248852,0.4485220405219676,0.7627450494981434,0.9483389259308802,0.004156295958504009,98.13773016994337,0.0010541019145893767
215,0.0071248307357607565,0.003718575022708559,1693534432.8165636,10,5.1427459218165226e-08,0.8839810734523617,0.6799663241351035,0.795799554309208,0.9779165988871386,0.001104332765862378,13.33391609671077,0.00021125336453044032
216,0.007495975222117868,0.004142461642989703,1693534432.9687424,9,1.1402961377880793e-07,0.6710794561621531,0.528737673285581,0.7849883903578323,0.9342205016204189,0.01976638071630513,63.01924840480295,0.0004083705800848807
217,0.007311047020149286,0.004269023160771046,1693534433.1094878,8,1.7992945880391593e-08,0.8261405032688831,0.3612127109650558,0.8103582702161154,0.8667560964833624,0.006369950469181719,23.58104803691085,0.00010334597508359818
218,0.007482487476438537,0.004253550756425972,1693534433.2586849,9,2.6013907749573973e-07,0.6899908287499743,0.762067972139699,0.8368159262199362,0.9621560840575745,0.0006341564046581232,0.0009699984581074604,0.0027023314043977923
219,0.007752006472357853,0.004073683076530443,1693534433.3983555,10,1.714162401060857e-05,0.6034488086510804,0.5522067634980776,0.7764477175292829,0.9421669880343645,0.0020799645276295214,38.407574492061634,0.0007204795520596141
220,0.007362542211279854,0.004136706948565938,1693534433.536123,11,0.2553104724534695,0.7800351940590997,0.44091028274419136,0.7480533215702381,0.9714661518356601,0.011597313996430542,9.334211806860468,0.0015526248880371727
221,0.007691651425295376,0.004147293705680122,1693534433.6786892,10,4.617448170984985e-08,0.6524593344219701,0.5937847778417787,0.7679581832180403,0.9560770896492392,0.0013761420062479086,67.32256842728226,0.000550647763027133
222,0.0078082255633314945,0.004204949142120884,1693534433.829423,10,1.037062277846427e-07,0.633703413512391,0.6594080125082724,0.7974764474932285,0.9184564470513722,0.003227437520143314,69.7543251840536,0.0003300567787243318
223,0.007760040635169885,0.004153797716223151,1693534433.9762654,10,1.2082248324581007e-07,0.6301158473693186,0.7823924609182847,0.7996766239662129,0.9130099437277935,0.0036987183824895332,39.79640695406136,0.0002588968833892167
224,0.00758239428320806,0.00398029737280492,1693534434.118988,10,3.6894437111771746e-07,0.615639796934393,0.6450051402245044,0.8156433494745177,0.9234727615276168,0.007568111105889863,65.46984000349111,1.1230243058496043e-05
225,0.0075534509649259896,0.004169755997911029,1693534434.2660847,9,2.708234428919376,0.6394970814062773,0.4820181183990199,0.7895657543149593,0.9047933183812098,0.0025665726926824284,99.59357788182758,0.00036834464003336533
226,-0.024007866115165255,-0.02369049717691496,1693534434.4056377,10,8.822142799572838e-08,0.7021684015201276,0.11330980609316514,0.8030451317804406,0.9356331541795075,0.004547948692368809,21.081190376066083,0.0011413315290606438
227,0.007303681811591356,0.0041245207025625286,1693534434.5511198,8,1.791520156690559e-07,0.630292845944949,0.3231439029519156,0.8270934519015187,0.9275433182267222,0.0007928561937828914,0.23967803876684066,0.00020385316732361142
228,0.007148037998712442,0.003520205373944929,1693534434.6911678,9,2.605346302230415e-08,0.8626226179964804,0.8491321646195927,0.7923201843906725,0.8927732030891626,0.017797712167808188,2.152786217507346,0.0006028859575321297
229,0.007716868106135366,0.004340228967600557,1693534434.831295,10,6.073875528997944e-07,0.7489055126722651,0.4033259124037622,0.8142872256094935,0.9164944295377836,0.0020596760364488494,0.033958050660210376,0.00015251604861638653
230,0.007064521551647274,0.0035695972975469115,1693534434.9696317,9,6.749645530530493e-08,0.663920171958694,0.9881502957002252,0.6625691047027867,0.9903828789559653,0.007306574105014399,51.10142760068021,8.942966738514342e-05
231,0.0077433731197370514,0.00415139045935653,1693534435.1174052,10,5.256170325890513e-08,0.624327244888239,0.6145493037247186,0.7820256964336069,0.9478679853587659,0.0011247238652894957,0.008702811427604328,0.0003878795974224932
232,0.0076499846411576256,0.00405938494429936,1693534435.2703934,10,3.3426807830213156e-08,0.6520675635496183,0.5392452277249531,0.7703221182339257,0.9606098295246076,0.003498125845800712,69.28902055552742,0.0007087579021187067
233,0.004501446080892535,0.0032014628178134164,1693534435.409052,10,1.6712906287551403e-07,0.6448731228213035,0.7028991330224471,0.7979082765993724,0.7964196479845222,0.00043815058420465253,33.50295146187123,79.55466140886273
234,0.007448333227145554,0.004128795002783181,1693534435.5519397,11,69.619799424079,0.8038918328490161,0.4846822144201769,0.7624568027755438,0.9404921623878825,0.0013254811890481416,44.69859378706458,0.00028261439669069075
235,0.0071384592834868865,0.005533222270190152,1693534435.6887946,1,8.522764703066682e-08,0.6359075184833778,0.6681529991388961,0.9817063758558401,0.947529219121802,2.888444574664283,4.518415420799978,0.0009054449843734445
236,0.007426094342471989,0.004067126344055483,1693534435.8323233,8,2.9247595629412375e-07,0.7684051190537735,0.3985832010648112,0.8697048460924932,0.9719436703044549,0.0017588008078655987,0.08443402485103292,0.0004985123562830082
237,-0.051462890193134436,-0.05028984233656675,1693534435.969389,10,8.912856353670186e-06,0.9295551499217642,0.08197117605436934,0.7791639486067581,0.9319563007366148,3.641004478915933e-07,26.042251627183244,0.0019560435069080526
238,0.007706242512661388,0.0043472957518729816,1693534436.1112266,6,1.142651402724909e-06,0.7260638400595792,0.5544333713928511,0.8057210398381129,0.956920794454338,0.004817046988717259,0.3843779806602051,0.001271549768277023
239,0.007055075370977604,0.004319778776783356,1693534436.25076,9,2.1289445698110618e-08,0.6082857320513297,0.8030953122844239,0.7883934052062472,0.918187562325779,24.712265773289484,71.31953245031464,0.00945397288755063
240,0.007525584935228813,0.0040992930196613875,1693534436.3996174,10,4.356759240017924e-08,0.5582842949719938,0.5051197318749859,0.8229750752920824,0.9001669528162825,0.23667988505573537,14.978105026667535,0.0003111373347500775
241,0.007712204982465387,0.00412766878940285,1693534436.5512707,10,1.3751720923802747e-07,0.6253462955091976,0.7489942726815498,0.7990258399347382,0.9211131955451776,0.003909985614282352,40.557770237727,0.00022002886951358813
242,0.0007481739292177769,-0.0013515866764943762,1693534436.692804,10,8.101042757351194e-08,0.6325246743580274,0.8008570124953585,0.8089884542529783,0.5008228272906107,0.0030423295591947845,43.080264389752045,0.00017362538984300876
243,-0.10074357566103731,-0.09879093578256826,1693534436.840162,10,1.4032466929564642e-07,0.6163619773494714,0.050078415389179384,0.7994984121187737,0.9066640038660717,0.010835473392825794,1.056503759669842,0.0004616410292884795
244,0.0065338243491498416,0.004164298337274719,1693534436.9819667,10,2.6479274374642627e-07,0.643695376838058,0.6343940669167465,0.5139844757618369,0.9117489633884392,0.0021032302437181067,74.35822105556092,31.76957753260049
245,0.007770261623258223,0.004180790256080313,1693534437.1268458,9,9.93250575234115e-08,0.6325550473698821,0.4408194244766508,0.7880385077626529,0.9296907281586919,0.0008384824669495245,0.012678599011933656,1.3733043431825257e-06
246,-0.06462424989854654,-0.06319027191340232,1693534437.276729,9,4.9590154265200106e-05,0.8428999805796044,0.07084802126428213,0.7764763297354349,0.9330626470778997,0.00026169055895163196,0.015105297052919749,1.4002620419385457e-07
247,0.007657470027315094,0.004265790036696915,1693534437.4176514,9,5.665883149073246e-08,0.9459446410873655,0.40830339959160544,0.787795660016283,0.9437815616318586,0.0008534659843932986,0.01815731626468706,5.557718572215965e-06
248,0.006454371770809986,0.003787818256940967,1693534437.5596948,9,5.652355519051823e-07,0.7530548042548748,0.275563051018849,0.816150424213231,0.9671103366330494,0.0006320345579817688,0.004486731634362618,7.598595099099792e-07
249,0.007469988796335758,0.004110675271276398,1693534437.703431,9,4.725874184182068e-06,0.649343535182573,0.3439911265133216,0.8561718181745701,0.9807295682802427,0.0001552171818113815,0.012737876245632818,0.0008134552854848483
250,0.0077296636993121615,0.004131267607995981,1693534437.8569558,8,3.271083370728822e-08,0.5973634456690294,0.49944453931189603,0.7688418031342804,0.9275197426668269,0.0011671888713858636,0.003060974987247619,5.247204654947946e-07
251,0.00742962770134592,0.004010396836603758,1693534438.0218947,9,1.0709409971552993e-08,0.6156877896617033,0.5932620793631296,0.7874516234726506,0.8400515766165815,2.363654474761871e-05,0.03316607937211945,6.763507765010412e-05
252,-0.13617913132684856,-0.1336187348954998,1693534438.165794,7,9.615973292564462e-08,0.58832742288044,0.03611329406082221,0.748464101767367,0.9498732492168467,0.036364730998493036,0.0061653606304861485,2.2140601506518393e-05
253,0.007513276175276307,0.0044745350120332095,1693534438.3109481,9,3.1405431258700247e-07,0.7373156774636834,0.4590400510219564,0.9202949848512514,0.9592864937964626,0.006198624825730618,99.66339816288153,4.051528443213487e-05
254,0.0076936340092429445,0.004068352068537173,1693534438.4613774,8,2.146019738420334e-05,0.6365250862555643,0.6493312461316608,0.8111354175783525,0.881126380334729,0.000529430590202133,0.009585688103427914,4.670103355560081e-06
255,-0.0002761237817854312,-0.0017038668449622651,1693534438.6088421,9,0.0004439760291586774,0.6599969525748417,0.17946807576472393,0.7945255484635436,0.9450434921667322,0.0016480355870694028,3.2397760016735586,2.2030885893544963e-08
256,0.0073171079268349315,0.0042489085041990116,1693534438.7472312,11,1.9567555929605538e-07,0.797624285918973,0.3442207911768655,0.8315238656168573,0.936093217958844,0.012093649166976209,19.598158823839068,1.5166795571383398e-06
257,-0.0020323804661255274,-0.001729112895345164,1693534438.8851085,1,1.7484625085139248e-06,0.6249200734628793,0.2412648650000413,0.9606200852436932,0.5535344565702165,0.00032506764386388567,6.8197328323946165,0.004681459389810926
258,0.0073687699540680995,0.004158916623235531,1693534439.0349414,8,9.470126044219295e-08,0.7188019767210452,0.9943905438199024,0.778952687683048,0.973594522915697,0.0027375299609339178,1.1287441646728357e-08,1.747431229438268e-06
259,-0.2787526567077172,-0.27553491190918233,1693534439.1853325,9,0.00012030947518785996,0.7601427763655435,0.0005451884645573962,0.7591644630638256,0.9933441809989192,0.0009411731286917062,0.05827451345595301,1.8102388765149844e-05
260,0.0076714104641983916,0.004153848185507791,1693534439.3347552,9,4.915004667988765e-08,0.6493374106533107,0.4329997571366479,0.8469769966033436,0.9255122007919595,0.024744087740410575,0.11617981693817304,8.655956285058821e-06
261,0.007661684164602667,0.004098733819977829,1693534439.4823475,9,4.2884870155172394e-07,0.608572797136566,0.5585586682901543,0.8065940895216549,0.9630869029761853,0.009390461905037848,0.8361195894143394,0.002752597619889043
262,0.007524042967344324,0.0038295080132295656,1693534439.6362178,8,0.00028488113653702036,0.6379928609256268,0.6945485066989586,0.7725223899356861,0.9534786031824852,0.005519138962440476,29.47235418346534,0.0005414664876627288
263,0.007439678091655244,0.004245709299480538,1693534439.7832863,10,1.8080993661943704e-07,0.620641194274919,0.3978479017177057,0.7883409778296839,0.9359768722559583,0.0020112111756808524,54.5609155667457,0.001177679302798497
264,0.007278111372849394,0.003531394437663038,1693534439.9263787,7,7.71353558177196e-07,0.8077764257352825,0.8022612306627429,0.8158625949222048,0.9809282284885774,0.019907038267505183,0.02092568408803562,0.0003457086834378079
265,-0.19577559144292822,-0.19288288509592388,1693534440.0677402,9,2.040210540928622e-08,0.6845709548988997,0.018232374938289938,0.7984756931573116,0.8643432889123038,0.0013316551020371144,0.17226632817789722,0.00010714900675699625
266,0.007853686112273217,0.004506172536387187,1693534440.2116702,8,6.882267261725616e-08,0.7423614492300188,0.5189871947930906,0.8221682371885836,0.9175274926816438,0.061003540329989434,12.933148920647106,0.0018665523607038638
267,0.0072651736060022065,0.004394214034581179,1693534440.361632,8,1.0662783181723506e-07,0.7444835414400801,0.31893290844694683,0.8220724123952677,0.9115242668648058,0.05350626939173349,13.437630754622804,1.1785468629215752e-05
268,0.00742924744725415,0.004342373285893375,1693534440.5123172,8,2.473491428560606e-07,0.7302632747802031,0.4979185441525443,0.8254667049243355,0.7742483726784263,0.07197668046651119,10.10956173035548,2.73166421726513e-06
269,0.007532496943416955,0.0038313118505930444,1693534440.657808,8,2.559809057185954e-06,0.7779151196370858,0.6172498269504653,0.8953143431091055,0.9201745791811636,0.03210894058080904,19.990408394398475,0.0021127824579146794
270,0.007440529078276525,0.004636272426380539,1693534440.805238,8,6.240807867135768e-08,0.7565880273740343,0.4347368945544111,0.8328472665077297,0.8876969852574124,0.896095365602544,1.890276589641016,0.003411168352877642
271,0.0076665472987067496,0.0044293388285061575,1693534440.9536095,8,3.482162644199223e-08,0.7359247527723614,0.7711324198091394,0.8416769566576826,0.8953108675840424,0.00892485830247842,0.0020030319098809667,0.001665844040001942
272,-0.006690100623555795,-0.007580050760539692,1693534441.107887,3,0.0012431240444920864,0.8252369859401403,0.1509932733512816,0.805583503090733,0.926016794209358,0.12656749865577716,5.533604290067365,0.0010815673778331529
273,0.007373305531517604,0.005003737387981766,1693534441.2464635,1,4.2482970893888605e-05,0.7708418919292954,0.5158580612289104,0.8183213086444213,0.8294782340113093,0.014824117536977469,0.00038830990601661735,0.008884678281462067
274,0.00721594317904628,0.00433236581562646,1693534441.385712,2,4.571263311153184e-07,0.5981140672998027,0.3359830122870858,0.794931796984699,0.9035827966255956,0.08374127651941653,27.078216682712902,7.2161655266397125e-06
275,-0.031939327986777455,-0.03154061374247297,1693534441.5303113,9,1.453991710196137e-07,0.6727241471271787,0.10053209197180521,0.8087224212918771,0.9160464145935951,0.003564623162219282,0.30791794528097294,2.706129872686158e-05
276,0.0078096858259885105,0.004204029879769644,1693534441.6817033,11,1.1197828997009942e-05,0.7454120511529683,0.8647481450866428,0.8616711057279999,0.9414304983324688,0.005703551430678895,8.591759196750264,0.018169923431727592
277,0.00777139379052183,0.0041766330234160876,1693534441.8388863,9,3.037565961929696e-05,0.74591335325395,0.9952523861225255,0.8766913741567522,0.9327927334525665,0.0051599638750565325,11.786215084274195,0.015992720983053165
278,0.007142228292938868,0.004001522900870413,1693534441.9828055,8,6.051882932857762e-06,0.7424728308438778,0.979329568144747,0.8905065301909224,0.7487389971785736,0.00558629165522456,7.962841089106428,0.017732408247621703
279,0.007655957427108673,0.004323474211122669,1693534442.1291964,7,1.5167209994559907e-05,0.7443247711993936,0.9881907416279345,0.8633891811825822,0.8527212205883498,0.0033255603959103483,12.552576070056524,0.013220186320629376
280,0.007708053085245137,0.004108222880201962,1693534442.2836828,9,2.5562268023658108e-05,0.7520206229021404,0.8021290972835851,0.8644472163866992,0.9402186311281759,0.0047266647325408945,8.56931297894122,0.028725564724382327
281,0.007838026740714765,0.004192542466273097,1693534442.436317,8,1.358706336863508e-05,0.758930132029147,0.7345616190057954,0.8797933163224664,0.9470994421462672,0.006709524467116399,4.334943658026738,0.006633191971234423
282,0.007695539227834947,0.00411726803684731,1693534442.5821157,8,1.4790509999629725e-06,0.7646313157459137,0.9937448952791005,0.8843800644035462,0.9531220788085194,0.006530420459520696,3.7993778025290728,0.006765719521907094
283,0.007631865335204879,0.004358217963480238,1693534442.7237856,9,3.573066693795384e-06,0.7295921721733674,0.7301576498837374,0.8818520774006751,0.9712713109389004,0.0026406891305709736,16.571606118943492,0.040799494335717744
284,0.007370135037084058,0.0036557643999939327,1693534442.876908,9,9.200519401387126e-06,0.7899137252293231,0.7073789531516619,0.8797189206079485,0.9472229971216847,0.004183184795198365,31.37527038440818,0.02117679145134967
285,0.007544742600293919,0.004233021078162702,1693534443.0292852,11,9.622570163732273e-06,0.7172655017855429,0.8251065017890484,0.876884811623037,0.9875856986926125,9.943093679320006e-05,6.467045853599907,0.011296355515412138
286,0.007376926045561394,0.003871496806092334,1693534443.179127,8,2.3816491451079895e-05,0.5822649245861538,0.6478405893106833,0.8713878528181381,0.9618969064686104,0.007722793119379531,12.05653108581168,0.07920841899110283
287,0.007340587551711519,0.003873701262666396,1693534443.3295567,9,7.715640719176359e-05,0.7085390349401479,0.8399206962830292,0.852342095168928,0.9357578853587787,0.0025620804320691487,46.492599397543515,0.007097661423945214
288,0.0071954040888512205,0.0037567557504259996,1693534443.4729033,10,1.6152422777286765e-05,0.8747093333204607,0.6119204729622773,0.8664739473572824,0.8486106769036685,0.001870952229220484,19.86854647487925,0.016900565393266474
289,-0.2458319869377883,-0.24258754195126797,1693534443.6177487,1,6.521174297026115e-06,0.747835495860866,0.006971881516584449,0.8534741854649684,0.9486350659910383,0.04404396002444203,3.6661979783948917,0.005206165877181304
290,0.007418739327020418,0.003779975572038907,1693534443.7634702,9,1.4261360110933572e-05,0.783413448944569,0.5612328773044343,0.8594356128454381,0.8201635783893594,0.015892934934003896,3.3601335492552124e-07,0.02733192944006637
291,0.007787290276896619,0.0041307765333552515,1693534443.9118454,8,3.074457838517018e-05,0.7637314979395289,0.7885845491084978,0.8436033170032554,0.8062535081478227,0.004621822471115406,31.22851402647972,0.010772032193211456
292,0.007868797249678372,0.00418125967244154,1693534444.0574245,8,3.4185224757832648e-06,0.7587683974236218,0.6891590950990616,0.8472456996809927,0.8977302086071735,0.003493831942609357,47.49095261906173,0.004740623322958313
293,0.007395694776359374,0.00416142750027626,1693534444.2127516,8,5.434884967304142e-06,0.7638676023067703,0.6840375325530228,0.8439079633592547,0.7967175310376864,2.0157360134181565e-08,57.91432920404824,0.007964353911563235
294,-0.02066445752642654,-0.020392620386610272,1693534444.3670328,8,2.4861251388162295e-06,0.7583880571897946,0.11976298550467346,0.8395260885672665,0.8026518830146255,0.0033553542090637846,39.77467846771258,0.004353761651160931
295,-0.22148672594739138,-0.21833377945398125,1693534444.512504,8,9.177857789538216e-06,0.7794547445365868,0.012394447585932507,0.8461155223238737,0.8803990855559055,0.007677358386362888,73.42047681366101,0.00016378197748611537
296,0.007183780846527932,0.0035004028992364766,1693534444.6650178,8,3.063420207810318e-06,0.7674269791860839,0.7719525063304986,0.8312310957030489,0.8681173279029225,0.004139394550479544,31.00886565944189,0.009834552413240216
297,0.007538476219857371,0.004344420751089317,1693534444.8092163,8,1.2133483476882198e-06,0.7366043617624466,0.5647199025645376,0.8562118134606397,0.9124217619481436,0.002459731258784617,97.11895083518878,0.00543484643274409
298,0.0036005322813688068,0.0018194677659760794,1693534444.9578443,8,4.545161528617085e-05,0.7575219465344264,0.22027919391153922,0.8364552495306448,0.8803468141272358,0.007239986892734337,49.525651669606106,0.003155271483854922
299,-0.26767190778843175,-0.26447804874745295,1693534445.103821,7,8.353734994811372e-05,0.6989337365874986,0.0026049738792713905,0.8482944441619575,0.8919566379415553,0.014845376241741788,1.4286647606128198,0.00024948360691541636
300,-0.0006217669796255709,-0.00030044819310104387,1693534445.2469559,5,1.6699631227207723e-08,0.6064950286914838,0.6921430922644392,0.8613412561773331,0.8589874462718438,48.82129723856553,26.38210718202448,0.00013200753891132636
301,0.0074989363596548175,0.004439633211825722,1693534445.3933074,8,2.9915732614193737e-08,0.7222807952565992,0.5261133737857521,0.7318686052642567,0.8178060566250998,0.0019403666168903051,62.118858768523346,0.0003856420555723889
302,0.007354778546587726,0.0036521843230440387,1693534445.550419,8,1.5022438163166345e-05,0.7717098856371092,0.7432783950220961,0.9085630771199071,0.9679878888244687,0.029711439675785222,40.002160883957714,0.012823065221577962
303,0.007358691773666548,0.004121527453698315,1693534445.700029,10,5.6270876334617654e-08,0.533158662345635,0.39503126251565185,0.6054403769633196,0.9043125753501279,0.005039071756907912,2.818504743813592,0.8971322366622495
304,-0.281554946237782,-0.2783309155830227,1693534445.8419366,8,0.000256559774279324,0.8191363155891882,3.8937493190389464e-05,0.8262088573077097,0.8924921225273261,0.009906078671283654,63.378795481344206,7.624623116171869e-05
305,0.0070195178134041525,0.003981797682964583,1693534445.9979064,10,9.74991481736039e-07,0.8439296713662481,0.8698794378132517,0.8697014665845733,0.7695081164981282,0.1693542966700919,96.94745532969716,0.04799670466590817
306,0.006811419288356713,0.0035918006688900883,1693534446.1457005,11,4.097752150259352e-05,0.5687602390416407,0.550684250742467,0.9968326332319859,0.7387585876404791,0.003147958538363247,23.514336146310804,0.000292770007216013
307,0.006358080036700464,0.0035924751550621137,1693534446.3019288,7,0.04132933478317314,0.5942510918873035,0.2697376272102499,0.8381396558666742,0.9749375936682323,4.6822650612031636e-05,0.7301088680597582,0.0006290823234418094
308,0.007605184776002916,0.0038129292562030237,1693534446.444979,3,5.658955804637372e-06,0.8063632209133216,0.6289799829547619,0.8494248733470311,0.8722251138194489,0.0018234278797342378,37.114884138395524,0.003762612152219407
309,-0.18667811548997282,-0.1837365722807942,1693534446.5893195,8,1.9444081226931182e-08,0.5076605750496037,0.02085232986217024,0.79684417022836,0.7596151217350887,0.006226828804187441,17.522598446850964,0.007005757093677742
310,0.007602693485417644,0.004164672159108318,1693534446.735051,8,0.0001154663808185498,0.7944789562890644,0.4493545541385913,0.7516713714807067,0.901007337968149,0.021381689788394255,5.390045812945807,0.00048218747965807435
311,-0.28176742965127044,-0.27854339250999804,1693534446.8793867,1,19370.181037628194,0.7540359392171163,0.999734162849707,0.8042111230356355,0.9582111196391782,0.000168450229008027,2.1660276720580174,0.00017940861058540793
312,0.007579541342127238,0.004408406758083072,1693534447.0316136,10,4.433592434416177e-08,0.7342967910394615,0.6619346155715238,0.7761437154477622,0.8120579138299238,0.0975404723301166,0.048622410148231945,0.002400737915058603
313,-0.050981772014974336,-0.04934389910740733,1693534447.1796029,7,7.246123389133505e-08,0.6131995294715897,0.0841013644869812,0.7613413600817684,0.7933424253109993,0.0039062898453665965,99.66240407633255,0.00028520778216940433
314,0.0076531720546542115,0.004002264000143585,1693534447.333423,4,0.0009948931936270915,0.8351370060641833,0.4993439117197288,0.8226816087611997,0.8444226404897673,7.241710641260154e-05,0.0062752588662374625,0.0008132493980482038
315,0.006999386473095948,0.004309902080221528,1693534447.4805722,6,2.2877707491279837e-05,0.6589796231085676,0.34137449587517316,0.6984589841780937,0.8404605779818053,0.05580700672230433,49.40493418649827,0.010639131153905234
316,0.007430295044039914,0.0040773496627865,1693534447.62869,8,2.5002568664167208e-06,0.710819614714893,0.7954135075725558,0.812430766509775,0.9854424283629376,0.009460874879053546,9.414794461858737,0.005029634447013262
317,0.0073454836209988494,0.004179764902683569,1693534447.7728105,10,9.901488695816352e-06,0.6209826422439454,0.415963956308648,0.7420897964398246,0.9199956167468866,0.0026276745419874905,27.461190244986042,0.023561520824415497
318,-0.0846884904410583,-0.08270749231366481,1693534447.9206095,8,6.032806584977754e-07,0.685726280091015,0.05902521797055419,0.7866776477886851,0.9437300645258223,0.0013641851563300975,18.21691043987986,0.00011433589192486808
319,0.00760911930303676,0.003899185503524749,1693534448.0740952,2,1.772816432459695e-07,0.7672323449706575,0.5831394059127741,0.832740924875363,0.9638251997172416,0.0054994824509539755,0.02647613384398501,0.00046415528959057304
320,0.007126818910955679,0.0037091784623199953,1693534448.2288952,10,1.2891966773639622e-08,0.6423390854690749,0.8363076152447347,0.7227634249879863,0.6837599494519657,1.6355832509305989e-07,39.89307706012975,0.0014684143185085738
321,-0.11711737082095897,-0.11484970978598907,1693534448.382499,11,4.4904000341435816e-06,0.8514291655196274,0.0433027973752589,0.8549874042498593,0.9988805079414566,0.010721019853924662,0.0039314463311508245,3.554588447242552e-05
322,-0.16811406178921184,-0.165209114265507,1693534448.5333335,8,0.0023691230919606274,0.7776309281134847,0.02633666739262838,0.8021693122612381,0.9540460955658132,0.016384053412421894,65.67027154753475,0.00018919253443035856
323,0.007540152825110891,0.004207107115398401,1693534448.6833606,10,4.0473296358201237e-08,0.6744695782630793,0.4951398105833468,0.7816674853579682,0.9282448319235376,0.003415499544633288,0.002407136799614929,0.0027790078740274277
324,-0.0025830781867175467,-0.0038788331061641035,1693534448.8392975,8,2.1462326910714437e-07,0.7458803056628468,0.1670143877823349,0.7698205374152329,0.8273092422625147,9.358608408048423e-06,0.0012019967354892002,0.0008350499227296461
325,0.006692198723314835,0.004124554091566424,1693534448.9824028,7,1.0159578481603542e-07,0.9099132381513517,0.29938783514720535,0.8152697460187172,0.8095728237213754,0.001597479932313846,5.884503621905997,5.065442176980766e-05
326,0.007082845328567178,0.0038323045180781445,1693534449.1247633,9,2.6094057410345188e-08,0.8634626358225983,0.6778233029575191,0.7926720157777278,0.7868268443577463,0.0004259555421255804,13.77574359021233,0.00034977170427224005
327,0.0072879999253707695,0.005191153769313006,1693534449.2692194,1,3.854226555838479e-07,0.6065820522908878,0.38686471518984034,0.8646225879879554,0.9092517524935881,0.028665331647540256,29.40819557981302,0.08602628592031877
328,0.0067354404765941345,0.004547837947992517,1693534449.4284396,11,1.627440783887322e-06,0.7252078656355945,0.8483343912486389,0.8896637538883094,0.9787610265818404,4.237161743970769,1.3607056905513688,0.0005121231821719708
329,0.007396579564841854,0.003885654138973349,1693534449.5896878,8,0.00015314455072220194,0.5856388579027035,0.5758764644584756,0.840201102846349,0.9194651564764746,0.005864995756815192,2.4720157407828478e-05,0.14276136292214278
330,-0.2268306429469087,-0.22378282498314905,1693534449.7384949,10,9.453515155097084e-08,0.622307192103669,0.010874972554194636,0.8240170135787538,0.9416354567757931,0.7845798543414201,0.0978960220570207,0.00022107391569066486
331,-0.14224823367576267,-0.139756603548147,1693534449.8995297,9,7.386399235739748e-07,0.7554605873746254,0.03392248048167668,0.8069701310844246,0.9681592850039292,0.0023385672615182573,0.009009643109111624,0.0011374560274764053
332,0.0021752255917711905,0.0006224280088324985,1693534450.0509257,10,6.010821886684341e-08,0.6523418033346354,0.2028359938164088,0.9543905001275791,0.8546318730589195,0.0012329370147995506,52.09521814028246,0.23828583646220067
333,0.007434449656837261,0.0041040268973304705,1693534450.2039988,9,6.106088277563353e-05,0.6974099611968443,0.6875332876818292,0.7808884030933504,0.8949159237605551,0.004262590047342187,8.019686877870964,0.001936589677694634
334,0.00781783063237762,0.004178301149485364,1693534450.3486533,8,3.34211393865787e-07,0.6360521153379174,0.4796910740275542,0.7958687776010704,0.8356079023354548,0.00027601491919652417,3.742217540192412,0.0066131214822289725
335,-0.08828381538600172,-0.08653489353423205,1693534450.4951582,8,4.116026781813638e-07,0.6306430147149952,0.05637787744196891,0.7940634595163943,0.8289450774164778,0.0002203025968068352,3.6518027968417646,0.01588434267424016
336,0.007664003135092745,0.004170248453085668,1693534450.6463342,8,1.0867768890632025e-06,0.812061918493892,0.4649833423962585,0.798497690479876,0.8859872888526015,0.014135715451677855,4.293702167355434,0.005062548348148363
337,0.007386372630222349,0.004193614464809148,1693534450.8040478,8,2.845365897739515e-07,0.6122723062362274,0.35524391809030265,0.7686590214475945,0.8722293267019349,0.008525691064109974,2.136064681574393,0.008216079250147829
338,0.007408346828776224,0.003955899472952162,1693534450.959899,8,1.7096636822333367e-07,0.8937379398601663,0.5015284831675904,0.7833543463707967,0.8563288447167758,0.0028599187679342647,0.2812015566757033,0.003475001203250689
339,0.005902367140288134,0.003649527236033401,1693534451.1120195,8,4.023807974724411e-06,0.7382078652517411,0.2543483873910432,0.8049542122679745,0.9107049813804484,0.04369331176416591,2.717108860054739,0.006511020136222103
340,0.007613527053847768,0.003913570623679918,1693534451.2761865,8,2.706098667018874e-05,0.5994743846875925,0.8566811079843929,0.7584897760681834,0.8366820133644823,7.749276066579302e-05,71.35243118871941,0.024956482697855074
341,-0.2436093383239104,-0.24049898793990465,1693534451.4293492,8,5.872526237949957e-07,0.6361631591170003,0.007311432523459323,0.7947319124805375,0.9002125804774672,0.006914041731782862,0.5667342725511064,0.012620063489314345
342,0.007344405469581372,0.0042044122040580945,1693534451.5842934,2,1.2120712150302973e-05,0.7668255671484099,0.6425390571641049,0.7760893069006564,0.7814680237091473,0.024049930438240334,0.9344258653241333,6.728252109358664e-05
343,-0.19683365168508948,-0.19393390993227033,1693534451.7366977,9,2.065842950974604e-06,0.6260797254120302,0.01795795677807883,0.8130745478949952,0.8071234018583321,0.1366969603010498,6.487800517508958,0.003280403887588394
344,0.0072483943009327145,0.0038864503643998294,1693534451.8858337,8,2.8953206062792324e-07,0.5473544364494821,0.40857269267016905,0.7904392454189427,0.8332550432317511,0.00016560124434635768,44.85472312703155,0.0001306748211625672
345,0.007331226545296943,0.003637705456577822,1693534452.0415065,9,1.3160076468873803e-07,0.7818919492992483,0.7261006782188215,0.853156218517337,0.8185402528090008,1.0863333333720522e-06,0.005457778952382588,0.01012349481205381
346,0.00747156673679128,0.005044370087712191,1693534452.1982253,1,2.8465122144540723e-08,0.7931037555763786,0.5074350794317988,0.9031029148006214,0.927617933745182,0.003297245237214836,14.283689450986683,0.0002972198070300877
347,0.007767561470168438,0.004095299837007849,1693534452.3524494,9,6.09016426570302e-06,0.7499653715622374,0.9736258825930998,0.8671029439735288,0.8034790450614431,0.0019109656462643033,0.07279019527589979,0.005849702303475518
348,-0.2558255782163239,-0.2525982231091626,1693534452.4995701,8,8.411437012332658e-07,0.8732057752060847,0.005022210513366838,0.92815643070262,0.8633331013225108,0.00516349295481504,98.41167832649953,0.040333737841983644
349,-0.0011669836906558206,-0.0007098186199794299,1693534452.6517484,7,2.2512494398595075e-07,0.6629132327436462,0.3114861222466726,0.8033069093553179,0.93994402643183,91.67323608992146,0.0007062758059123253,7.834022540164252
350,0.007682489191750519,0.004149076167631938,1693534452.8061717,8,0.0024069422993428687,0.6175593246274307,0.6309937353908244,0.8720522690715619,0.9217597693716143,0.0009147022515978913,0.04521928934401701,0.0019829569597633497
351,-0.2725500650794921,-0.2693377247827775,1693534452.9529853,9,1.0852582020974323e-08,0.834163220171787,0.0016972162551343111,0.8166316872670244,0.9526451528805036,0.00010473047616597616,24.128177377043198,0.0008212529885279686
352,-0.07593462490705516,-0.07354179634433944,1693534453.0937521,1,6.856218291066233e-08,0.8190855074308817,0.06479526561624373,0.7479321489838402,0.9337224102307226,0.00897105024083202,1.7294355752897523,0.003959229855711234
353,0.0006737999600404665,-0.00047686922930423314,1693534453.2369773,9,4.298910217655951e-07,0.5895646326621141,0.42526252677791504,0.7840856456283263,0.5122718761754753,0.06363435276123099,0.002516444183473529,8.357778755238995e-05
354,-0.2164937910446212,-0.21331215857174923,1693534453.3930404,8,1.1746125735324247e-07,0.641753229804974,0.013501212009018191,0.8004810645845737,0.9136484183897722,10.716158471631351,61.43800183896195,0.0005577655728618762
355,0.007789880277506156,0.004528189452063458,1693534453.54723,8,1.9009840406676186e-05,0.7269492380631478,0.9926224999493359,0.6593305258586738,0.7886982707951269,0.018445390566097033,9.166297109545678,0.00017895097137341978
356,0.007438425752839817,0.004137694457324037,1693534453.6969206,11,3.9093663262997e-06,0.7324452389976632,0.8434126667286569,0.7656575147770316,0.9517789167520393,0.013955510251426557,2.729777246488105,0.00024363927828973092
357,0.0076927752350149925,0.004327762763782439,1693534453.8507998,9,1.6893088253782933e-05,0.7191761933310654,0.5576020969424539,0.7558649468940476,0.9829671307119991,0.02460713284138801,9.897322028859634,0.00011635964980726572
358,-0.12073223345479245,-0.11829993709010345,1693534454.0002222,8,8.469713004784501e-06,0.7067003325676969,0.04215120727824134,0.728881796081196,0.9619894101184595,0.33605072215627396,4.560237363914975,0.00033595276043645907
359,0.007134896914409494,0.003957262029107511,1693534454.159589,7,2.0465332478233052e-06,0.7408290480763997,0.9956641629052639,0.7343245340837596,0.7394999150337376,0.0003329057314343304,0.022896333107277168,0.00016302484776702772
360,0.007149217231623317,0.0036797247312013726,1693534454.3061655,9,3.1221012652702806e-08,0.6297665661051246,0.7200937805869373,0.7782906476339257,0.7729832695333727,0.04193649208692615,10.301192048124193,2.286831678534617e-05
361,0.006849566330551227,0.004272419035484587,1693534454.4548793,10,0.003947356896010472,0.6033946293023619,0.3602056033825954,0.7159237302791216,0.7907655887548651,1.3154567253263099,5.32044392930433,0.00017608210424638815
362,0.007483860772089845,0.004366859940417189,1693534454.6115823,8,1.3368733938146987e-06,0.6879854350473514,0.5470089787787715,0.5662544195005672,0.9427039567594129,0.013842374089386414,0.0004854961190572246,5.236536376574668e-05
363,-0.054833107176804674,-0.05282659981143545,1693534454.760142,9,0.0006245536959583157,0.728618324450788,0.08049884754389992,0.6452680763847652,0.7644792239878119,0.02095034023394288,15.748284915649414,0.0012257156636353587
364,-0.14633597423526434,-0.14381385483580567,1693534454.9108322,9,0.0002872067045474988,0.6510180885593007,0.03243310971145129,0.7005528062085257,0.9302184698443623,0.0014226423684966672,0.0013907956840200375,0.0007078060103905299
365,0.00711044371047076,0.003645292815388834,1693534455.0749161,8,0.0006835774674593141,0.856745213133336,0.9958229260650362,0.613597209829605,0.9044708786274301,0.008441028447553666,0.008944357542704062,0.00039048589918653836
366,0.006786513735503763,0.0037930536435398787,1693534455.2306964,2,1.6566916169194553e-07,0.5779678169095881,0.28601031806240146,0.8798158403166302,0.9910546157330891,0.03516576397329987,0.3884210718969258,0.00023721514951790046
367,0.006853552316354428,0.005155335106530434,1693534455.3802848,1,5.2006312708205607e-08,0.677135808615296,0.4462767501853838,0.658894347671333,0.7787801917841197,0.09661794811023194,6.569143095967753,0.0023233004683547594
368,0.006764786861817029,0.003603387996398588,1693534455.5274885,10,6.193836816412377e-05,0.6159216051459004,0.66508096798116,0.7889531996797727,0.7528063553449061,0.0023485090052951393,0.004096524905533909,9.681485043108834e-05
369,0.007643292935536228,0.004322685824123429,1693534455.678341,4,6.812120186842016e-07,0.7521037874756669,0.5410618525156247,0.5850160256752218,0.971528677738112,0.011135830312044992,1.1348303478174309,0.0014245873347905425
370,0.00735442842500833,0.004130284629767389,1693534455.8391802,8,2.7662583060704985e-07,0.6966141530131921,0.7827284376472593,0.7715342769017777,0.8849488401914618,0.1923877781864432,0.19967496996344017,0.00048242469975196065
371,0.0038891318497167315,0.001907036101352011,1693534455.9987597,11,7.814529180938257e-08,0.6389773660989626,0.22043417502124485,0.6226508802790669,0.9266401341656735,0.0007689938110178227,35.039791747869096,0.0008315402400749215
372,-0.23222110183735234,-0.2290094236341742,1693534456.1495216,9,0.12403337057849424,0.6288990033231974,0.010054855980149458,0.7461551770682933,0.9166781884498915,0.0037471708316295814,97.23360332702325,3.316339429802152e-05
373,0.007441300324608213,0.004373147244160269,1693534456.3082764,10,1.8334255834917632e-08,0.9169907524768646,0.4193085144710005,0.8112542018209228,0.9432837350987955,0.006260391481027869,54.47601360440432,0.00013774316265046852
374,-0.003585799596309114,-0.004486310149141914,1693534456.4616706,8,1.3490030914898765e-07,0.7417150164610048,0.1640193642427204,0.7110773174864257,0.9549088503193403,0.01969624113878385,3.3300185358976724,1.8627949721916026e-05
375,0.007346940112237577,0.003998851388114177,1693534456.625468,10,0.0048665968625128415,0.6110099744566845,0.6121953874810937,0.6411498693987681,0.8992633547949366,0.0015779746232769478,0.1506066968952902,0.000299994960895588
376,-0.20011451199909902,-0.19720853046413445,1693534456.804227,9,8.423142696153571e-06,0.5957911698788394,0.01712701938605727,0.797934279442254,0.8752254918859979,0.0002424376353208023,0.014635929669862551,1.1843488245714805e-05
377,-0.21145697831711652,-0.2083878603204612,1693534456.9513447,8,3.835997051253945e-08,0.7165007160310065,0.014577694833482117,0.5333299046358853,0.9763523099968376,0.002303231896298827,18.154851213209103,0.00019927622095642953
378,-0.1620305868919556,-0.15895756200943167,1693534457.106335,9,3.652179642742728e-07,0.6637660458769299,0.028077469812634905,0.5017490989833424,0.7268680089184597,0.0005586813026051758,8.16547802171791,0.002973738573021244
379,-0.1848015911536054,-0.18198838637562442,1693534457.2691574,8,2.9579186041626217e-06,0.6233637797003997,0.020997636173534454,0.7609061384131417,0.9349060005503539,0.00012160042165317974,4.611204299397789e-08,0.0014375659949353154
380,0.007753582028856121,0.004127172725747363,1693534457.425441,6,0.00014659868588564037,0.7584116975436037,0.7770010482695678,0.7911552953596497,0.9635370459676615,0.06663991389361251,42.28731188378056,0.0005790709978238075
381,0.00723477134319217,0.004068986265515551,1693534457.5789065,3,1.0146013266114544e-06,0.6485799480160543,0.5182689075387763,0.8214461144893718,0.7664103396594535,0.003945043404337148,0.6477871575776781,0.005751966429200171
382,0.006973399508204081,0.004296975084137844,1693534457.7271142,9,0.013934728503265766,0.965227687392323,0.3233065412454588,0.6691505486300315,0.8464538249745492,3.041219709732477e-05,0.03036365604196856,0.0003615253158781044
383,-0.013919648819319397,-0.013818341369866038,1693534457.9606977,7,9.190313598975587e-08,0.730699389876589,0.13364708148979332,0.80543958337987,0.9194802710893485,0.009739745631286614,65.82528351322603,0.001003273516149071
384,-0.27727233449018307,-0.2740559550959383,1693534458.108153,5,1.8066945013506436e-07,0.7711729860665961,0.0008215232479058398,0.7770427296872071,0.7907940357189936,0.00603146071688687,0.0001547920579715942,8.887176644820517e-05
385,0.0069799152609625326,0.003680596214354459,1693534458.2564468,10,1.6654521524315616e-05,0.6388866392794434,0.9920940141777476,0.8897114430829419,0.6243311624226484,0.0011159344408917166,21.459792114852856,0.019612977541648893
386,-0.28085548359639967,-0.2776325073456021,1693534458.4099696,8,4.2012747806448134e-08,0.7470698893904868,0.00016540212359359135,0.8109709076665949,0.9477276869007785,0.014278310064192043,12.505549457100727,0.37131911572675147
387,-0.06494027163677418,-0.06279459819209521,1693534458.567574,1,5.34783644774458e-07,0.6056898287119501,0.07156968835219633,0.794686491248926,0.9091305577934893,0.0029519167176839177,0.0016525291454576186,0.003856675874734374
388,0.007686655320615188,0.0041614525482952525,1693534458.7218812,7,2.6233102104891694e-07,0.621443132923755,0.6726399640458159,0.8329305461971898,0.9362561382582195,0.033103119496214785,36.059428564863644,1.0888695216229428e-07
389,-0.2671337464436432,-0.26393034197746745,1693534458.8792932,9,1.91602178768908e-08,0.7903033559746713,0.002716170693011425,0.6809756499716312,0.8278328900795919,0.002141946346355737,0.11720990224697592,0.002014910510399671
390,-0.23361175328272177,-0.23038807284690876,1693534459.0270483,8,5.160063002779884e-06,0.8043627330270899,0.009724187905297837,0.7423600809253691,0.9676915669457977,0.004379896246867023,99.76775345535253,0.0006614715017702915
391,0.007869192567453553,0.0042698709852145855,1693534459.1831257,11,4.0977146198555775e-05,0.6341295855551068,0.4535084115433013,0.7864394028459424,0.9239841933530233,0.01870562885628432,2.670521482014511,0.00021088136038991553
392,0.007709768135372386,0.004339089122570083,1693534459.3327146,11,8.804868650146931e-05,0.6335016482377578,0.41095342696609233,0.7845501087961508,0.92517891667657,0.007271357979567245,2.0700268693955355,2.2392946381902592e-08
393,0.007518340083683128,0.0041646719207232286,1693534459.4862556,11,3.8680555734944604e-05,0.6451596208687167,0.35844485410648025,0.8016412066485482,0.9129376319192497,0.0013497506842545604,0.0028721249903770354,0.00037689588482959434
394,0.005853902233705965,0.003437712552583183,1693534459.6382372,11,8.77245329363114e-08,0.6694145409255003,0.2543939145329739,0.7702138854533905,0.8990335327404956,0.0008431414367872276,1.7396890704488095,0.8841669605082072
395,0.007669429774189385,0.004059780704188443,1693534459.8041575,11,0.00034735924868124876,0.8267188694010665,0.4772498277831468,0.7841692894578427,0.9499536875556226,0.0034058246403166634,4.286060508809285,0.007684598366548418
396,0.0072770602348737334,0.003816591368432598,1693534459.9596014,11,0.7160611065078741,0.8805731681737322,0.5463853271911536,0.7952021848324643,0.9302809050581655,0.009848038114784859,1.19436979829949,2.44077599918245e-07
397,-0.16542695034773613,-0.16274832997275013,1693534460.11628,11,6.564876480572352e-08,0.6143869699438728,0.026496374488484114,0.8179584090594887,0.9996665242955276,1.3265871049144903e-08,3.225444816051817,0.00026080195969046014
398,0.007417794804147837,0.00401627436839358,1693534460.2677157,10,1.479314071225267e-07,0.8941357813858305,0.4561888673012388,0.8065442450380131,0.9403708689723567,2.855230682342058e-08,0.07611267438045012,0.06350760088269576
399,0.007121734398301327,0.004235147549558338,1693534460.4257169,11,1.5442294774776483e-06,0.629867704339287,0.32814183063036406,0.8593724368216404,0.9211454368409556,0.00034999392380477833,60.7651416923049,0.0010678867443216394
