trial,score,test_score,time,max_depth,min_child_weight,subsample,eta,colsample_bylevel,colsample_bytree,gamma,lambda,alpha
0,0,0,1693534094.74077220,0,0,0,0,0,0,0,0,0
0,0.7318464536732081,0.7447363551065067,1693534094.9901319,6,1,1,0.3,1,1,1e-20,1,1e-20
1,0.6588413220436955,0.6639239104542378,1693534095.182575,1,137.70328448258485,0.7192046157204468,0.04143104515916126,0.9889947559983013,0.7692479352052168,0.0010261353203244576,5.254257267419562e-08,4.8349256610810355e-06
2,0.7167723416047082,0.7271984333303756,1693534095.4026642,6,6.760673296843502,0.9018695180521877,0.0008029817331845199,0.5329681734529526,0.6440727996539968,12.47197630824431,1.3609856177171345e-06,0.00033207762793950894
3,0.7295128842568626,0.7431547917054716,1693534095.6919863,11,2.107123342283561e-08,0.8002744587320613,0.5631803612766828,0.6151514395104825,0.7742449596180152,12.339107528093438,2.1463199265042954e-07,0.0017144538798133766
4,0.7238135439130283,0.734655609852632,1693534095.9511197,9,4.9793440088114735,0.7338764298724904,0.00010574149626882931,0.7453829445455352,0.6861923446925295,0.0005943079619102761,4.559359716869249e-05,2.3943075946345096
5,0.7253702824420935,0.7340991627083057,1693534096.222681,9,0.00012076214091926246,0.786312666321977,0.00024001878979773068,0.7264214662732003,0.6764891829721973,0.03749683638756821,5.0525524419215045e-05,0.0003898789420439064
6,0.7266004879931145,0.7339467847750815,1693534096.4806437,8,0.002338265266234887,0.9532116345821693,7.984690669061547e-05,0.8705594364566321,0.7111870218215701,0.00018388052153184043,0.02206981467632001,0.0016945797419706538
7,0.704529439181099,0.714372133144213,1693534096.7211745,5,1.0436369509739081e-08,0.546131172923376,0.03523481281311652,0.7621727983825985,0.8480802317584845,35.86602360941106,0.06747432423890629,3.3984971239658156e-08
8,0.7364122581075458,0.7432934519695272,1693534096.9545293,4,0.5055113781276411,0.6175602036287322,0.6681208080297684,0.972524111896397,0.9242004404188444,0.0005287373169317066,2.5987658371531395,2.0469461776236616e-07
9,0.7167377033039977,0.7275566945568955,1693534097.1553907,4,0.01044607462424567,0.8709236003417333,0.0026861245340082875,0.5684380593987255,0.6717682648521792,1.7549376718417834e-05,1.0096922973844574e-05,4.5187051557074615e-07
10,0.5,0.5,1693534097.3726764,2,14204.21770939705,0.5880070399899331,1.3463800962700105e-05,0.8901671090934459,0.5318838199502134,0.028973060062734167,64.23618521080559,81.48990232736692
11,0.7384140342881462,0.7450880800141751,1693534097.6287246,4,0.6479031424272356,0.9867379111094202,0.7167385694080765,0.9958720674784483,0.996744689223952,2.382205534917817e-08,6.848636049262829,1.4275932035326118e-08
12,0.5,0.5,1693534097.8516626,3,1165.1528820114852,0.6762218057790952,0.9362108589496759,0.9264122420365721,0.9870711347114001,3.341660706439054e-07,19.10058156711458,1.3604849500385795e-08
13,0.7198612046268036,0.7308306377647561,1693534098.1158657,4,0.11609923473508538,0.6094097740416391,0.11658629318308715,0.9363600180864153,0.9262227938594421,4.1580142763779113e-07,1.7754760677932164,1.0871671775301298e-08
14,0.7002933437294552,0.708686675299051,1693534098.3660364,3,97.29321026078732,0.5260915046904868,0.018996458124444438,0.8434382967914835,0.8969560877506748,5.843714547003026e-07,0.0033949527511478836,8.80096692256378e-07
15,0.5,0.5,1693534098.5896792,7,18807.759516147176,0.6650302131033757,0.16893233651270517,0.9922920623045116,0.9402687668310638,1.6016509435099285e-08,0.8598618635919146,1.7137408168582464e-07
16,0.7184111600039382,0.7326441867323951,1693534098.8101895,1,0.3909248308371374,0.8497568263555318,0.9528820834517451,0.8284847757099948,0.856441088315077,1.8343093208286196e-05,54.36022806771188,3.293558279596365e-06
17,0.7089715779343901,0.7202744935702081,1693534099.0742543,5,0.0004547055774592978,0.9977168683391521,0.00651182237970845,0.9409254905539912,0.9641929936885276,1.2640768307637489e-08,0.0008847097544225517,2.9780067981413885e-08
18,0.7205603226503123,0.7267715622569643,1693534099.3141634,3,0.036948276688683564,0.9259143612188245,0.12434157982570641,0.9184825309994554,0.8925482673880419,0.1193002178952454,6.578061896334942,1.2407453440976087e-05
19,0.7313235046576108,0.7400477181377624,1693534099.5754302,5,9.477164783054157,0.8158570283205164,0.34864606885766525,0.8109818473920279,0.9494801993227974,0.41942896310789374,0.1031980140977476,2.0453617937551087e-07
20,0.6989343114898319,0.7060685463327929,1693534099.8136995,2,5.873011900889748e-05,0.753438966953569,0.07289724993499946,0.9492249150561842,0.9904698789955849,0.0027467668714804138,6.497926960913288,1.5060453380940567e-08
21,0.7299092893371997,0.7436161182096704,1693534100.0997734,6,0.8588343872706912,0.9912070503730097,0.34072067755016744,0.99890497245497,0.9934619306865584,6.161565852839399e-08,0.789282139284842,7.043693518636142e-06
22,0.7315336172152155,0.7440587495518912,1693534100.4004047,7,0.2507385867003849,0.9441824277003714,0.3319819717533308,0.9720777567707637,0.9954203101027015,3.1760277411238234e-06,0.8786320300332481,4.010026351966765e-05
23,0.7395868732551825,0.7418427547023385,1693534100.6566136,4,0.01923768529990727,0.8878799398096282,0.9576461028198965,0.9020235857881505,0.9373072424946085,6.681092136190706e-08,5.615528613251456,0.022642961597503484
24,0.7363048694503289,0.7455002336196463,1693534100.9111304,4,0.022390796553646876,0.8879397719175252,0.9267076587283073,0.9011707937298888,0.9133953239908312,1.004090511606586e-08,82.36784331454247,0.09035534142771066
25,0.7264449630154257,0.7357898654333207,1693534101.1611934,4,0.007205484987767974,0.8615078396703042,0.1998908883870104,0.8777935252245689,0.8423757055823419,1.2797454336579638e-07,4.736024078818715,0.06833876369308238
26,0.692034044387841,0.6981424211845191,1693534101.4243906,2,0.10305134250113267,0.9203691259626798,0.09056815342425309,0.9607893055918784,0.9337997600764041,2.352647707555165e-06,0.2227356867121463,9.918861888528842e-08
27,0.7351118827037962,0.7473849188074168,1693534101.69234,5,0.0018233476464977016,0.9578571494775447,0.43343945232479136,0.9565862746591843,0.8871012113386346,5.911501765640771e-08,20.48632432625672,0.007758423200406786
28,0.6995027170719776,0.7045404560402563,1693534101.939862,3,2.5939284558360836,0.8916378462451875,0.013585230119003032,0.9092207645546185,0.9503051030440762,2.3881708225540672e-06,0.019775849379631276,4.7354599340341226e-05
29,0.7298149024490171,0.742429991348623,1693534102.2221282,6,0.9995489769038539,0.8180408308930543,0.23189236777402522,0.9935764337413884,0.8123091696035589,1.3562623316339078e-08,5.677938553802344,9.673211513875538e-07
30,0.711898365469207,0.7193816732670945,1693534102.4808044,4,47.84957512263129,0.9714220225616665,0.05475369141282153,0.9611928748024762,0.9630864154975095,4.6133418890532e-05,0.2873444697979514,1.086954595269115e-07
31,0.7369598211591781,0.7452653991640693,1693534102.7361615,4,0.034091491713867016,0.9005936994269987,0.9065569278109366,0.9117000851916751,0.9130242480451828,4.593667341901311e-08,86.81858583565024,0.04752151850404551
32,0.736578799851363,0.7464151785020301,1693534103.0036132,5,0.08277533338214814,0.9364672969374243,0.5031428613323625,0.9142092338796481,0.9170270398085792,6.62619006201707e-08,21.009549837462224,0.03336115229498061
33,0.7337697229888744,0.7449400560433439,1693534103.270871,5,0.032394004974649206,0.925156558161088,0.4712210821476672,0.9164253957473733,0.8784742204552174,6.320314423284809e-08,13.353563472219111,0.02537226571208045
34,0.7359500501808734,0.7446162932497091,1693534103.556827,7,17.47043304051414,0.9701871890299806,0.5110915413477185,0.8627627553415838,0.9090518126372786,1.0117796300712296e-08,77.50679727489008,0.005896980410942529
35,0.729021695287762,0.7399227970439239,1693534103.841747,6,2.270666181690255,0.9050070521580051,0.20396080827974794,0.8848055048599266,0.964975837484731,1.6024317253933272e-07,26.422393288247108,0.28114590541133055
36,0.7180944527902788,0.7253166507842002,1693534104.07908,3,0.09714893591947514,0.9400230842759072,0.1593150509598664,0.9342564115786426,0.8074183039092806,3.744493594632441e-08,17.171395345695547,0.007590509042520009
37,0.736548925557627,0.7467973058927774,1693534104.4456801,11,0.0028059718604880844,0.8439383981599791,0.529287429171749,0.9015278564752918,0.8688466124610806,6.624835641899214e-07,99.85086191158187,0.30916793279672794
38,0.661354831973474,0.6657371261556195,1693534104.6687803,1,3.7689786345795896e-05,0.9050532702656235,0.052023733528575054,0.8592177109383141,0.9200191758351056,1.1931068732751064e-07,2.224866629212269,0.0007951756826661565
39,0.7348164150212315,0.743336454067234,1693534104.931045,5,3.617315124216776,0.9761939688220019,0.8867257495845505,0.8028597037148775,0.8965101390192062,3.56998077289029e-08,8.248700049535724,0.002180421205166926
40,0.721407124890031,0.7318210835801888,1693534105.2912722,10,0.00048634334938426336,0.9964771992126031,0.2280432079437309,0.9714145986786911,0.9661405586875139,1.0818005813508464e-06,0.44301516159974225,0.00020753834332413497
41,0.734415543684356,0.7475189348449202,1693534105.6179702,9,0.00448032574543673,0.8697587182780893,0.5418562136224832,0.9054135996870198,0.8615274185414906,2.5404481998353636e-07,92.09906772377965,0.1261880742790023
42,0.7359283143990524,0.7458279741073189,1693534105.938825,8,0.01818749526811519,0.84877853986626,0.47841742074050986,0.8942227932948775,0.9347515661076767,1.197737317216391e-07,26.117644256531708,0.5368997959037135
43,0.7274547339937305,0.7340629656925609,1693534106.312597,11,0.0022573480271642836,0.9427171273137107,0.611789504484108,0.9330238587739996,0.8690638140908602,3.195150926521679e-08,2.494307943038381,0.018936400172166915
44,0.7195316941444002,0.7276444188362176,1693534106.5651996,4,0.08821747035067866,0.9144566908727534,0.11478278644313038,0.8714561423342644,0.9110697116759332,5.277183343648245e-07,37.062614875108586,0.6971336270029488
45,0.733767936486259,0.7457635354639052,1693534106.857229,6,0.2975436431185928,0.8758586108035966,0.35826064403143315,0.8458320470225971,0.9715983836928308,2.386085437935138e-07,2.7268636255482512,0.024899011761211617
46,0.7307213540260623,0.7391134545629838,1693534107.214367,10,0.006309977908939043,0.894534597541607,0.9246607124843108,0.9826105586426102,0.943834680821579,2.8228472564148002e-08,11.16485285913805,2.87484548463713
47,0.7227403520918755,0.7314141224780157,1693534107.4577272,3,0.0428974028284924,0.9517943467454784,0.26335864018518024,0.9493906214945628,0.8323165461500508,9.894467928838314e-07,35.00848768845944,0.06523144537253212
48,0.7154821889659246,0.7243390840970307,1693534107.7116325,4,0.7387273950333788,0.8359336995396627,0.03011860803058698,0.9222361286847477,0.8918326450448181,8.712841290200107e-08,1.2669952450873099,0.002366468771029647
49,0.7243052291328556,0.734301175812808,1693534107.983008,5,0.000758954703813243,0.7782632524910809,0.08881059955516561,0.8867807531918293,0.866613104626807,2.586450315868721e-07,12.978342458179819,0.0172161103683318
50,0.7240395364938814,0.7333765984605377,1693534108.2224505,2,0.011462454082992762,0.8741399338727314,0.6352934664673697,0.9727474490165384,0.9780546896208097,1.8241069615582713e-08,43.63846523890026,2.3733224793700054
51,0.7357795384312442,0.7443543137199548,1693534108.4803514,4,0.17800624036099627,0.9276411952033292,0.653517727544871,0.9363694190095674,0.9255338287595214,1.0295638190985798e-08,3.5464503004449055,1.637648842519898e-08
52,0.7365130962551729,0.7447035015038586,1693534108.7605877,5,0.8135022586378019,0.8367204470879192,0.9632702010213228,0.9893547293732026,0.9492478723455969,4.7613787362348804e-08,78.92659993663166,7.25049993365538e-08
53,0.7377110455089706,0.7435753629715689,1693534109.0377827,5,0.3913573976745934,0.8428668695578901,0.9675719007887589,0.990690000937648,0.9460106007765333,4.654381286217333e-08,87.93562573567309,4.430235314413595e-08
54,0.7281572265221796,0.7369659405540291,1693534109.326468,6,0.05480552335707067,0.8949768609333011,0.15000074990049567,0.912214589564944,0.9977900896953796,2.751106635743089e-08,10.685857601962933,3.528902746059958e-08
55,0.7250268769393479,0.732532521035175,1693534109.575622,3,0.2887645976123878,0.8554038540209684,0.3218991801484375,0.9980213356248124,0.9054952877727196,1.1578979278453692e-07,35.562878726035194,1.0784075581489905e-08
56,0.7329650028107642,0.7426053646535957,1693534109.8796096,7,10.867453897531538,0.8806349866959007,0.2663882212589393,0.9474420704642986,0.9766287097067565,6.669856870026656e-07,3.6068620958445883,0.23632959361068792
57,0.7370143094889491,0.7450328330691464,1693534110.150741,5,0.014659162087123275,0.8028429993912567,0.6494533744018572,0.8982790118263012,0.924335543285262,2.8280609852049096e-07,82.90366474345129,0.03475254232550119
58,0.7321438071085336,0.7404242767568566,1693534110.4279718,5,0.02485369445371592,0.7980284517234504,0.7001423150396149,0.9709146088994725,0.9337900294963009,2.357047723733078e-07,1.2817492286153616,0.02830618280524646
59,0.732499916629878,0.74112798458478,1693534110.685917,4,1.6500379215988867,0.912180555350034,0.3464173860191725,0.9241252160107434,0.9539858682976863,6.769245138654636e-08,7.553293500581366,0.0040788925003997474
60,0.7226774274997539,0.7333159332511979,1693534110.9582646,5,0.2020621553732235,0.9325898809538773,0.12671077791401944,0.9505649039345163,0.9766471960395939,2.4876117072725426e-08,21.993611506172456,0.0010514410436932454
61,0.737749256814912,0.7437641099289285,1693534111.2458231,6,0.010075752919289114,0.8229752767218425,0.48114783277506823,0.8988113322207182,0.9182389806506549,3.3332635680235603e-07,96.79816238069682,0.04578980666690037
62,0.7352834862050238,0.7469225172507752,1693534111.5401917,6,0.00790251886346861,0.8221766483967516,0.9663096484756759,0.8884937148452992,0.9207040742733084,3.626202493814234e-07,49.16855859961994,0.04535045722368546
63,0.732601449528522,0.7415777865267934,1693534111.806246,4,0.060010382290948586,0.8594978744722748,0.42812601138142986,0.9278560071073713,0.9427420303157844,7.929657511644533e-08,99.01874531995941,0.012433480065395405
64,0.7370495432905314,0.7465810160918365,1693534112.085955,5,0.019487004163039313,0.8024596087897814,0.6819873472656,0.9608799597932692,0.8814218503378433,1.5121779640555225e-07,16.56353398488961,0.010137539284954502
65,0.7266616260826206,0.7398028211913219,1693534112.400445,7,0.016795466444738,0.7867352245325382,0.6889475022848166,0.9801591894821888,0.8819326835065723,1.6617897126120864e-06,5.557854988181699,0.008961234636313325
66,0.7323070735975558,0.7422282900093291,1693534112.6987896,6,0.0009203596405542301,0.808707001529809,0.22885230888039476,0.9578255820270916,0.9836536159040234,5.008356394327723e-06,35.6286066749591,0.004217001712710926
67,0.735713437834473,0.7446190238829136,1693534112.9741585,5,0.32753643601467947,0.82896679502195,0.39823284281355403,0.9831618308016148,0.901284284908942,2.0839783522423312e-07,10.291895569611064,0.01022513038356791
68,0.7217380248744684,0.7288826319881123,1693534113.2408621,4,0.011971870780763024,0.7693845308352509,0.19333874804883883,0.9998656939011186,0.9538387771083932,1.659216702736069e-08,49.070815489296784,0.11628959561786249
69,0.7346306187492258,0.7452541541155191,1693534113.5292864,6,0.004244256513930062,0.8039080460023189,0.707498496327597,0.9404904886422614,0.9267972160490466,4.234103947736931e-07,16.866976738688948,0.06242522150826992
70,0.7244976751645965,0.730291455962659,1693534113.7817206,3,0.00023026315566872767,0.8285804616219753,0.26687956388906875,0.9608263162339038,0.9956502988966052,1.4170264484586376e-07,5.300623555164295,0.04875435635628148
71,0.7351919775710551,0.7403709649062244,1693534114.052298,5,0.1305058102487637,0.8611255258030571,0.9913086127032701,0.9081132214294265,0.9097141761295513,5.101823670162164e-08,22.234002951116196,0.02928337185270732
72,0.7338774093965275,0.742757387819514,1693534114.3312852,5,0.035396437984211174,0.75142237717995,0.4540944844189481,0.9188306115876334,0.8840019621690564,5.238756350801936e-08,51.65485497919751,0.03836152325028788
73,0.7302670861110142,0.744593362381107,1693534114.6074142,5,0.5444983707145777,0.8165682675194988,0.5287252047254889,0.8804515303894243,0.9603751863844144,1.7323337956536103e-08,16.80509092392436,0.004711222976866804
74,0.7330021223651071,0.7397712038989831,1693534114.8658814,4,0.0864265663980632,0.8437894802120913,0.7083430658166425,0.8947803715346075,0.9299339273783924,1.2904581500822722e-07,1.8700134720381456,0.010551102013425169
75,0.7332935207917145,0.7429542944249136,1693534115.1566389,6,0.0017875267641613726,0.8918119800286957,0.33185188915240155,0.9642560990645122,0.9159334667789737,1.0454863298118089e-08,0.653284518181099,0.017052083452683726
76,0.7225596175772802,0.7311245786036311,1693534115.4298315,5,1.2005501156680762,0.9613856347938767,0.18094582827215136,0.9389372320428765,0.9421416789784067,3.096862262975152e-08,95.08883332141954,0.14730252817361092
77,0.7331716416132832,0.7402271658914931,1693534115.6913872,4,5.013379667236021,0.791401955747946,0.4073958043234352,0.8659685136227262,0.8988128911151555,8.372109399928875e-08,8.057645646413508,0.09290427436178333
78,0.7364981094832324,0.7425325083495561,1693534115.9426758,3,0.020218114167215948,0.811986956344598,0.714528692256107,0.9049640406747759,0.9631966065600643,4.118905081683029e-07,25.92168249347682,0.01642234111214122
79,0.7347305636455452,0.745753472973042,1693534116.236253,6,0.05457895625541448,0.9063778184930167,0.29068847796104935,0.9763534892056117,0.9833075996935915,1.1150979271170237e-06,4.1885636993399915,0.03834718605167154
80,0.7324592240703041,0.7429174523777031,1693534116.495216,4,0.006616916173248449,0.7682805795477414,0.5166021434265989,0.9470610217910858,0.8758845416242342,2.1573040109730398e-07,13.241376949509306,0.002955492874760506
81,0.7344121691794157,0.7456400871919133,1693534116.7639241,5,0.1419454719301009,0.8485964409086039,0.5570840232967422,0.8947828842765886,0.8873487888110699,6.203760308103089e-07,94.7118754453866,0.060686611874777
82,0.731208672239496,0.7425701566860985,1693534117.112607,10,0.0032952550440258238,0.8783230158848547,0.998970144932483,0.9257505481791394,0.8585787011768924,4.1859631507670207e-08,45.33120773026272,0.005642901982169909
83,0.7347263951394425,0.7430305048925744,1693534117.3846376,5,0.014108109535305795,0.8435727582276369,0.44459863020226836,0.8755017492563842,0.9167987869578884,1.2952004674984332e-07,57.02181427740166,0.22872050839198224
84,0.734694039592074,0.7461125619899427,1693534117.641461,4,0.0017035161892307244,0.9821935145711004,0.7500540695889456,0.9030234129102851,0.8956820036682268,2.0923507714848858e-08,23.328409328129165,0.023776861810127878
85,0.7391246653285101,0.7450172125571544,1693534117.9264605,6,0.06340393567935462,0.8328941180907788,0.5023994663713519,0.8507636211791348,0.9359777663475141,8.301903608044417e-08,96.13697210957993,0.09670685310897865
86,0.7323179911135389,0.7422495437961206,1693534118.2063487,6,0.38844043034828146,0.8664882971543132,0.28140246364096894,0.849687162170569,0.9426748437134587,8.973042054045807e-08,54.115612653124366,0.09371997561578552
87,0.7338081327951064,0.743754176444358,1693534118.498713,6,0.0751076803204317,0.8040393590686878,0.7556148547746218,0.9156164593746352,0.9344171338588125,4.501450652392593e-08,27.06533445742262,0.012452624940381983
88,0.7337473917061815,0.7452396839096407,1693534118.7973728,7,0.03669047552442941,0.9150974430280532,0.3753075255874361,0.8573716854589835,0.9536429486851347,2.1100676376341342e-07,2.80447748605031,0.03875101295542341
89,0.7325123228980407,0.7439250452795965,1693534119.129052,8,1.7891292988723448,0.8292072693963182,0.22117285271671772,0.9879952539373724,0.9684371844310987,2.508514165082069e-08,8.201297812095746,0.14683887235170767
90,0.7324882051127323,0.7428583997470273,1693534119.3986275,5,0.15843048340959304,0.8831611100343602,0.5674147654977028,0.829434800177188,0.9096962520950023,7.931760366932813e-08,12.467786036024101,0.07056613679151592
91,0.7334540082766682,0.7416537712334413,1693534119.658818,4,0.010027108711794644,0.8547595725800592,0.5071458714356194,0.8712341173300104,0.870982050102145,3.690216853108214e-07,99.92244705880474,0.3205069667791806
92,0.7336637238336917,0.7451142360401054,1693534119.9619026,7,0.026969968912524747,0.8394077748789447,0.7830625250322248,0.8835964827970146,0.9241201795892414,1.6916509269663614e-07,59.525198801102775,0.022432803591092735
93,0.7354548912059607,0.7456392916531057,1693534120.3351936,11,0.5139827962538288,0.865928598312707,0.5587257237709051,0.9309042067023207,0.9011655771553466,8.621272387193439e-07,37.70557455221027,0.15938148108332048
94,0.7395909425111398,0.7454896873551837,1693534120.6757727,6,0.004548943534548821,0.7957394101677405,0.37552955295243445,0.900552841659259,0.9366743469119622,5.686220540998567e-08,17.974549528739004,0.00737544665429738
95,0.7377192832710308,0.7440711126549819,1693534120.9650052,6,0.004973464986131964,0.7941964775298411,0.33303667379704804,0.8949812923398276,0.9347689465154545,1.5523927162392975e-08,16.848695517535536,0.012793890617582886
96,0.7292503676225383,0.7396311783183251,1693534121.3793614,7,0.00512538914572922,0.7981978053690435,0.14688844477805724,0.8777183149305706,0.9379146211883479,1.60207604036512e-08,5.567872419144912,0.0071772571074312985
97,0.731935381803399,0.7445572943716554,1693534121.6848097,6,0.006496197436488087,0.8212084689161385,0.302860277487226,0.8957502865124316,0.9498073342247324,3.606300126369404e-08,14.059248099977209,0.0034858363942425236
98,0.7384791423834645,0.7466925097806659,1693534121.9853144,6,0.013583899066525996,0.7825928015729519,0.37974512179354175,0.9660278600722519,0.9625985290054637,1.7385362396929346e-08,32.60661060746024,0.006833307068019587
99,0.7341925286078619,0.7424310126484436,1693534122.4660127,8,0.01551304169910213,0.7823552806792234,0.18603158900650327,0.9645767906515181,0.9864429538203416,1.236311668192023e-08,1.5080033091187595,0.0014038867165217593
100,0.7345214435893934,0.7427368758189077,1693534122.7643888,6,0.0011069787277881587,0.7913314078080923,0.3469647177232957,0.9508019256994327,0.9551245686488882,2.26760808665342e-08,27.881272252969055,0.0019915585341605067
101,0.7362740026551398,0.7456521277792711,1693534123.0623324,6,0.030794587659079175,0.8124816125416637,0.8112115594630284,0.9408163755181836,0.9652303920407972,5.6706028795810874e-08,61.930198860620806,0.008058312741487305
102,0.7370265172568212,0.7475551533617136,1693534123.3746665,7,0.0039465016357397515,0.7740075101731564,0.4111906814123716,0.9211464189510685,0.9736890389611885,3.4860844552098285e-08,36.399013552901806,0.014253264275572147
103,0.7343670103633031,0.7473901005601904,1693534123.6944532,7,0.003122975538308469,0.7383649565127804,0.4273637630317632,0.9876417901296967,0.9718912967118878,1.021725574479498e-08,16.30083801788227,0.01676172977712347
104,0.7356340377182313,0.7436068297565658,1693534124.0196452,7,0.010312490198669701,0.7735712230886134,0.271345062801165,0.9230836405454844,0.9843277000594243,2.2385830068790495e-08,8.560742187270488,0.006042120706038419
105,0.7390076494071988,0.7471877111873333,1693534124.323061,6,0.0031500753025761677,0.762548437665075,0.5838573826776238,0.9717192748795349,0.9997517233324779,9.972284223564304e-08,34.528517977474564,0.011586162101650255
106,0.7338830666548096,0.7422529194607907,1693534124.6259348,6,0.0013255799857044685,0.7585592166761146,0.234934876274126,0.9812308586260946,0.9914163894754247,8.5969574715831e-08,3.466945219904321,0.012219455192818208
107,0.7365395960439686,0.7450933370206199,1693534124.9282174,6,0.002661106666654478,0.7803127651082498,0.3797326632663895,0.9705129613297103,0.9735301051619791,3.550004786503469e-08,32.54433286044758,0.0020834698131907315
108,0.7351341147363439,0.7464543319119922,1693534125.2484195,7,0.0006764066183735547,0.7606381982639413,0.6216060305038259,0.9570693366831334,0.9949644026606135,1.703522831652994e-08,19.210500497677646,0.003353001647177662
109,0.7269180884580815,0.7364457979306918,1693534125.5496285,6,0.004447532863922564,0.7871757028330965,0.10597659484601125,0.9701806076003514,0.9976857500209708,1.1379140017322324e-07,5.7345023731787,0.00726669197782313
110,0.7335950427331425,0.7412116236648199,1693534125.8763556,7,0.06815953984933766,0.7383832564396494,0.15607096533172043,0.9942364665728005,0.9600713920653524,6.239206299736967e-08,10.021223460364117,0.004819897499133286
111,0.7402850980273835,0.7456393561562524,1693534126.1674163,6,0.01965990814702929,0.7964202486035545,0.6204633715728523,0.9118908178604839,0.9340607395464114,3.3952902314183024e-08,65.11414887376989,0.02690516311442841
112,0.7379019035383867,0.7483507351713877,1693534126.4651215,6,0.007945827251615863,0.7971804467274054,0.8091457735347929,0.9327188733597004,0.9447653039417137,3.369185252308919e-08,41.598800833698384,0.015059940157938961
113,0.7388510326779119,0.7432422794732562,1693534126.763147,6,0.023128725522376915,0.7939074177923936,0.811062801289888,0.9440152988259778,0.9328381045678931,1.5830825117219825e-07,57.447787572175656,0.021345816366467416
114,0.7381540981575998,0.7466225453676969,1693534127.0686047,6,0.008173644952428396,0.7938497044688934,0.8418532707589315,0.933904928833274,0.9426648578744533,1.5515166490504667e-08,66.46078052449148,0.02418228120317666
115,0.7372636258539483,0.7458147832138473,1693534127.381293,6,0.008359039258061172,0.765680056305679,0.7856724871945123,0.935407798562554,0.9324327349773643,1.5515519384955415e-08,58.0730412416909,0.024434099122192274
116,0.7343510310899095,0.746476800508044,1693534127.6834798,6,0.0020576823946158434,0.7949586173778737,0.5322127451714533,0.9128095718402462,0.94398715667013,3.100217513841596e-08,28.653923985515583,0.021051945237457858
117,0.7366030168868167,0.7420074634870801,1693534127.98337,6,0.02388959419749237,0.7817478986509879,0.8504004424604568,0.9437959124324516,0.954343493842919,2.3967220066340503e-08,40.70008197386256,0.045772628248898
118,0.7357122468327294,0.7435415203206734,1693534128.2859025,6,0.0004335901562673819,0.8069355450700263,0.3409034597612974,0.9317824416601812,0.9355027014872198,1.0480586197432324e-08,61.38958996492577,0.0744248168553542
119,0.7341418117836125,0.7458787380836619,1693534128.5846825,6,0.0076963505872977385,0.8227243523714173,0.6024438288475762,0.8872737608057342,0.9832193248231215,6.471430013073236e-08,19.83895709018733,0.03462472065410699
120,0.73778310111446,0.7463268306922913,1693534128.8964734,7,0.04947273897689485,0.7913403030949844,0.45002724720016457,0.9077586497988678,0.9198103066218651,9.034332854930186e-08,10.244075465281592,0.011076866487256342
121,0.7393266393742,0.7465913903479082,1693534129.2105181,7,0.05303989874564142,0.7968234503389529,0.4621037790799871,0.9057293430053925,0.9243820269325622,1.0779410797788038e-07,10.389685170219868,0.014878814027293843
122,0.7390658099923458,0.7455999124821306,1693534129.540625,8,0.05582808026972875,0.7731747125519955,0.4524761805258872,0.9077830086618494,0.9209190811223943,1.8257857630924335e-07,9.715212688917445,0.007033737354405165
123,0.7044744546006017,0.7154799639358608,1693534129.8865962,9,0.11325597128383944,0.7480029802259525,0.9962810452409043,0.9113256642457399,0.9244345997727118,1.3597760493313265e-07,2.11448895219278,0.00556948957531314
124,0.7391127553110738,0.74731969537572,1693534130.227616,8,0.044046303459621954,0.779950287858339,0.4444995724687552,0.9286630400766019,0.9622647513102228,2.0131564727013542e-07,7.609829788492473,0.0029591056039778157
125,0.7289073591203739,0.7389389628010139,1693534130.5639315,8,0.04186951671679857,0.7751787465008968,0.6556003746405439,0.9530564073284087,0.9659635632331031,1.8659232904924992e-07,4.91279957622945,0.003426363313238152
126,0.7355948339108368,0.7426106324105649,1693534130.9035606,8,0.018827695341726024,0.7634741209708975,0.22820515673432468,0.9323554470138917,0.9580803491780586,4.8642696461276114e-08,3.428299337360255,0.0011634261984847104
127,0.7253247266253997,0.7295120106901496,1693534131.2621064,9,0.17194128343164394,0.7528468365669141,0.7639161365876959,0.9188654056888549,0.9477444843013002,2.8104455963426505e-07,8.361075890723331,0.0029191210784671184
128,0.725518264408739,0.7361595867188796,1693534131.595101,8,0.23812617941095876,0.8132186496933402,0.5822360742293787,0.9440839956067938,0.9779209141309613,8.687695682611997e-08,0.9452040010588739,0.000674983718088158
129,0.73803430323222,0.7483499073810069,1693534131.952695,9,0.06978957667096268,0.7771526936104334,0.4228758524592317,0.9526246362240968,0.9074587377490624,4.788619583363515e-07,30.27907913097174,0.007137671954688507
130,0.7335788649594583,0.7443117953958471,1693534132.3160067,9,0.07213949909033646,0.7246230264903601,0.42648247343296264,0.9512724827492862,0.9037134297410555,1.6786777127981773e-07,7.109743213157632,0.0017276974085011405
131,0.7369297483651516,0.7453292035265418,1693534132.6543047,8,0.030602034633442094,0.780489284528993,0.28088762231821446,0.9275495356384373,0.946625547549706,4.402029692749278e-07,29.688676353447246,0.008080583242465276
132,0.7360567440870734,0.745046228222582,1693534133.0136044,9,0.01336958585874103,0.7726973633222396,0.8033561514602925,0.9651181547048154,0.9281334252431364,5.026434048882019e-08,50.696424219042186,0.019322137124899046
133,0.7364056083478105,0.7445065518963614,1693534133.3668044,9,0.1033586035113346,0.7977769891590403,0.49620672476300537,0.9763958290217247,0.9080523474256744,1.0873707839652312e-07,13.087510702331734,0.0046918664806402085
134,0.7268880156640549,0.7346943224910925,1693534133.7483165,10,0.047553496612846045,0.764615087418395,0.9927413341533319,0.935204870934409,0.9412828286134698,3.024170481391658e-08,22.224996956852237,0.027484240318662433
135,0.7375634605429062,0.7479103506887721,1693534134.0733602,7,0.02154750532485129,0.7853822599624581,0.6039305010208456,0.957275239353819,0.9607600429108684,1.9460622745597022e-07,35.461165355062484,0.007258722893261037
136,0.7394429605444942,0.74689542592922,1693534134.412429,8,0.24790379245219057,0.80459974519341,0.3829673796418561,0.9042376340028337,0.9994767592694724,5.496812538819641e-07,64.71143237426247,0.016825640972138928
137,0.7347983514947866,0.7455980956435027,1693534134.7489173,8,0.22641056492984551,0.806323192811955,0.377630830223539,0.9030342734374324,0.9876338846592314,5.518431554890095e-07,12.637826299484823,0.0023481251851935193
138,0.7355874894000844,0.743525631045571,1693534135.088877,8,0.8522547561144415,0.8160254007668847,0.29900609383455656,0.9214657255446291,0.977527655064237,3.20710945000244e-07,68.11349233266222,0.009502171578738795
139,0.7349986382880065,0.7431140149663211,1693534135.4428272,8,0.11773171633707274,0.8335756819430961,0.19404130591459334,0.8698807765568033,0.9993642129438647,1.1932956427903454e-06,4.414698277001158,0.030441475743312508
140,0.739165060137648,0.746122065453536,1693534135.7683468,7,0.5926528358902545,0.7847088410516365,0.462573066951401,0.8825580927453383,0.9674323593759544,8.327249235982628e-07,22.343126218575435,0.05584146226016981
141,0.737414982325534,0.7472604707366532,1693534136.1094697,7,0.511581201050912,0.7813535661483411,0.43264421226955174,0.8846164489834125,0.9998839983571653,5.821052496014204e-07,22.487210309194232,0.017762097929990096
142,0.7361475579700248,0.7461967600972526,1693534136.4786634,9,0.2565002327025849,0.755533225510351,0.5199784148470197,0.9078667125313191,0.9711975700644384,2.86061271414629e-07,62.55412862370125,0.05196440248089814
143,0.7286101049351936,0.7419570757790921,1693534136.8206298,8,0.061564010865728554,0.7907375692001931,0.3185806732272171,0.897031604571883,0.9637180160135285,7.554339119049037e-07,2.027627838890601,0.005219900632100127
144,0.734956754726689,0.7442087301181683,1693534137.1595838,7,0.9822773782295464,0.7670286272360417,0.24835607369929924,0.8870632311925095,0.9824078618902858,1.3934540522642254e-07,6.87921820155781,0.08746228820344135
145,0.7314886568993937,0.7425466775407505,1693534137.4930522,8,0.1517246220985339,0.8055050182032705,0.6328676735645201,0.9166382158109284,0.9319503036546919,6.267081195247515e-08,13.185679458492892,0.010626548324249365
146,0.7360634930969538,0.7451398975419119,1693534137.8145971,7,2.266879021681069,0.7739960342368489,0.3814850839141935,0.8638460918122789,0.9570517109231342,1.72495044799025e-06,24.102389190439425,0.028873743508342674
147,0.7128259573272016,0.7225061841854238,1693534138.1133263,6,0.025003617751194834,0.8263011852092668,0.01014276557259614,0.9447783976252474,0.9159122604279821,9.405094064796133e-08,38.3290983307466,0.014663662391555915
148,0.7087799259038114,0.7186448753249857,1693534138.3625703,2,0.4719190711546654,0.7448347974883243,0.13611751967033667,0.9021331107628217,0.991067910797457,4.044636855789131e-07,95.36367539238765,0.054724106744441656
149,0.7310049116911908,0.7402245212624841,1693534138.6849616,7,0.07925590607113055,0.7892426852306056,0.1857384071995184,0.8791928492639114,0.9751034008333058,2.1556952789326993e-07,19.377213276273753,0.0038912171269217598
150,0.7237140952674355,0.7332128034703724,1693534139.029265,9,0.0463446887648887,0.9993559775483845,0.03104688636050597,0.9785072257803944,0.8926022395914247,2.102778380033826e-08,0.2696393768009264,0.007346191762020529
151,0.7376769034589867,0.745022243802586,1693534139.3300385,6,0.01211310695893504,0.7995994044751489,0.7277243750940598,0.9284751105889524,0.9409971791799032,4.203725061317172e-08,41.76304086151608,0.011947251526921266
152,0.7390135051657715,0.7452999405990524,1693534139.6317863,6,0.00766377798527058,0.8137366248743562,0.802631251610944,0.9379800943450735,0.9470950457731961,6.755520826700252e-08,59.84777023856843,0.019411485806605507
153,0.7383249076576649,0.7463470094266405,1693534139.9305813,6,0.0029233969443967158,0.8144387558091005,0.5051784775431544,0.9147909393651165,0.9525043226800424,7.093225799279561e-08,67.45165546228709,0.019768943831760272
154,0.7383826712422306,0.7466692026437087,1693534140.232046,6,0.00240856667974518,0.8094740976875124,0.5304095657524611,0.9145637742396893,0.953281405836952,6.729666003103862e-08,61.36956197286843,0.023181609947675687
155,0.7386332778591187,0.7459901672693445,1693534140.5266154,6,0.001451130136590487,0.8175255502914728,0.5288465538314014,0.9121309058892335,0.9542554464015041,7.303539675128258e-08,97.28179755938034,0.03694824241255652
156,0.7140317473424781,0.7281584551616805,1693534140.822375,6,0.0020199303372645493,0.8331679730289482,0.002864459972739541,0.9006238463569368,0.968067729049647,1.2667220758852254e-07,0.00048662847144626876,0.10187428866907826
157,0.7370562923004118,0.7448817559493779,1693534141.1048505,5,0.0013404947622066331,0.8198662110501526,0.6153465442982118,0.8963039040829698,0.9895693620010673,7.013157146837272e-08,99.65180091823319,0.03981384583133045
158,0.7359138238778382,0.7461152603715738,1693534141.4151466,7,0.005348153600825302,0.8083203995558678,0.4955111204891312,0.8895680191697309,0.9288373051517705,1.8917374236686814e-07,50.02315707429505,0.049722245966859424
159,0.7143092507487432,0.7229353021184403,1693534141.7073863,6,0.01532983058992315,0.834976080804642,0.0021961312233361595,0.9125679005473688,0.9672449123578563,4.993919650358335e-08,9.229111330287289,0.03134114520717243
160,0.7030356252441554,0.7151069422393028,1693534141.940161,1,0.0041004354362318635,0.8489299768214222,0.3275720733040025,0.8806152896924047,0.9527112685594084,1.0582356376692781e-07,0.03260504578606141,0.060074826968084076
161,0.739178855907845,0.7473849080568924,1693534142.2366428,6,0.0008922412753262092,0.8130299464207781,0.49522108600741704,0.9158097504738028,0.9541943271107426,6.676570041060262e-08,65.88520701322297,0.019042295840716372
162,0.7366969075242726,0.7476158078205292,1693534142.53119,6,0.0007513086916830266,0.9469616627421262,0.5651786468826578,0.9216098386116038,0.9786575131332014,3.3546788258546915e-08,30.374395812036767,0.017868054389456968
163,0.7374111115698674,0.7468575518316647,1693534142.822579,6,0.0003739480309951602,0.9630032928386913,0.3885580796504164,0.90782575306083,0.9614860346700458,1.593113855438736e-07,15.432555304343484,0.011145185345009393
164,0.7368450879912087,0.74673846827259,1693534143.120206,6,0.00019988629407219078,0.8176825816485417,0.6798973483903377,0.924555406419389,0.9364423903815037,8.080550661128823e-08,64.52920926692101,0.023303107920035464
165,0.7162696396187523,0.7252333127188443,1693534143.4079328,6,0.001407437602899952,0.9207366225502865,0.08137772036969458,0.8929741111349128,0.922618545330554,3.086192353388036e-07,97.27982617810228,0.09311308362810983
166,0.7320102164129569,0.7400663272955449,1693534143.6909587,5,0.002261982592127555,0.802538296614347,0.28391658092962263,0.8721203166967362,0.9553198043229204,4.962674708640375e-08,38.969127362254284,6.369148761656537e-07
167,0.721844321780087,0.7316353467696683,1693534143.999668,7,0.0010663937245699404,0.8261214611267396,0.04253290193009542,0.7845102988073241,0.9859570097099032,2.3895457149051974e-08,21.541033534607177,0.03374295055568608
168,0.7399695818154677,0.7474269533579252,1693534144.2833183,6,0.02758312085365259,0.9408328470973533,0.8004895233711647,0.9394208775624552,0.7634871181811469,1.2808472413432905e-07,55.51891648495182,0.014870681984302222
169,0.7278786313643163,0.7369546740044299,1693534144.594535,8,0.02211713134851337,0.9365530351139446,0.9924972826378881,0.9419404941636241,0.7473812992425903,2.2625799263859088e-07,12.17657372895072,0.005429065002005814
170,0.731160337418734,0.7436444888436325,1693534144.8562343,5,0.036556454450222715,0.9869493698932893,0.8151995159666452,0.7409072130866022,0.6549151166384022,1.017718136699529e-07,0.458923226562366,3.265393578890497e-06
171,0.7332725790110557,0.7454739593379475,1693534145.136418,6,0.01167939494977349,0.9826735309527947,0.4818565666108594,0.9086956052143367,0.6965102949917379,1.4246379917802984e-07,51.639567632412366,0.015625338931833
172,0.7368573950092262,0.7456171455727868,1693534145.4411488,6,0.004939663047615727,0.7863433259465608,0.7009579096372588,0.926040659518967,0.9480382254917158,6.68703794828055e-08,34.609882882641266,0.009722297884998857
173,0.7385022676673199,0.748207839200708,1693534145.7280502,6,0.008280074913585275,0.9543064397829217,0.6028023192838666,0.855202998081313,0.8507549092606169,3.904214204100473e-08,61.51594962764347,0.019981481406704565
174,0.7359599751954038,0.7452363297460196,1693534146.0192356,6,0.026217764436656552,0.9309876713353512,0.6197812217977032,0.8621693715043437,0.9161817596284324,2.0358128186730912e-08,22.800954019152297,0.0035136152356845737
175,0.7361289981928534,0.7473044941341807,1693534146.304125,6,0.007282929878046582,0.9481998062377813,0.439496489406952,0.8528432299175579,0.8260455534464479,3.751748491472871e-08,5.736856245049455,0.014226292782147563
176,0.7378125784076148,0.7460676462988879,1693534146.6000671,7,0.31504287700663947,0.9668446263057637,0.8070497827835003,0.8437916577782786,0.7953100599925607,0.00021547689827422145,42.59396469940204,0.03600849506224252
177,0.7294875754698106,0.7423779158082999,1693534146.890098,6,0.13164498470088717,0.9022112826824653,0.34314986499229794,0.8370247355371527,0.9340032774003705,5.084395811368591e-06,0.1767896649525821,2.11469779775314e-07
178,0.7292464968668715,0.7387453136045156,1693534147.2200537,8,0.013557469155082557,0.9710598015029508,0.22643093381093368,0.9646764063940461,0.9995878782061232,9.950471622593978e-08,97.50529755238527,0.0674492602740838
179,0.7316680019119549,0.7438202599180092,1693534147.5047736,6,0.028295788810096055,0.9777500215715469,0.9812231028365865,0.9404653480812317,0.8525882907235623,3.687241451266985e-08,16.575890559122318,0.007624484405901692
180,0.7281904753208559,0.7392846674150035,1693534147.8096457,7,0.04546525846291514,0.8911216947680201,0.6341789665258651,0.8552421286238628,0.9265815718114049,1.2604345724492726e-07,2.664356480176108,0.1360728680735524
181,0.7377147177643467,0.7468001655322749,1693534148.1031032,6,0.0032211380705655405,0.8062248323637947,0.5101444854794243,0.9166105327468352,0.8452102254213425,5.7480970630165005e-08,63.287977959193455,0.023174694375579116
182,0.7365595453231744,0.7470963532307552,1693534148.4090893,6,0.007826828945850609,0.7936871092876301,0.4401937973743464,0.9030649169651312,0.9700624652705537,6.937619046748344e-08,59.46248653437026,0.0163439674501833
183,0.7369088065844928,0.7471462464146195,1693534148.7008755,6,0.0026608879020076797,0.9519676345870343,0.6020779144767536,0.8863918781584832,0.9419219352370853,1.9702109011937639e-07,40.67110750219481,0.025341723718395888
184,0.7340784901909095,0.7449573321360976,1693534148.9860587,6,0.0005452136227811568,0.8145655745462058,0.3638271330278941,0.7049938242172111,0.8619016726020767,2.5992698771105082e-08,26.849238533838253,0.044214237114330646
185,0.7375556197814273,0.7459617966353826,1693534149.2691824,5,0.005886468153277341,0.7838184507668646,0.7870389110869234,0.9165944539917656,0.9521910826045976,2.8071266466925545e-07,67.2966316669387,1.1548173796102781e-08
186,0.7171538591632498,0.7265341369250006,1693534149.576636,6,0.013996882576425881,0.7984729735405921,0.019288888630122427,0.9988712198104053,0.9604310697550795,5.1044352515634215e-08,10.82502147232049,0.010361096634315848
187,0.7371557409460048,0.7475522722211674,1693534149.8825164,6,0.0009037759080761153,0.7625346058551792,0.5093107003996747,0.8759798332744425,0.9764437224479188,1.0131732584461118e-07,30.521192614023754,0.004288188299645727
188,0.7342505899428637,0.7427586671319206,1693534150.21659,7,0.09151603135052125,0.7721836582845875,0.26545860680981265,0.9278763498633185,0.9371143969478384,1.724925136029151e-08,17.411138177944792,0.00014769958748494328
189,0.7154348466466156,0.7261378510935831,1693534150.4887903,5,1.323464015380919,0.9388065362370297,0.06743133080366365,0.8955103682133971,0.922862300461062,1.6143936135827824e-07,50.50358726054426,0.0027361862450649053
190,0.7362795606632768,0.7477637350366406,1693534150.7844744,6,0.17595956439829485,0.8389632660423822,0.7923447511085074,0.9470279273463891,0.8852825472273655,3.118850501593499e-08,96.62830027105412,0.02051491491423528
191,0.7373720070126182,0.7462101122485907,1693534151.0841107,6,0.004228268855597031,0.8077747310022211,0.5225874310328285,0.912456089366144,0.9494223908311498,6.73764423179234e-08,55.39598548539863,0.019466983851828813
192,0.7367179485550767,0.7462901499029475,1693534151.384932,6,0.001651036073425564,0.8200686079411394,0.4139916155633818,0.9090096291758144,0.9539774591061713,4.8127980929692986e-08,64.09997184801472,0.012318026357401727
193,0.7353479987994702,0.7463400753383851,1693534151.696589,6,0.002745596609070744,0.9555465064966723,0.6203968256463891,0.9203889230681987,0.9661921799260144,9.01397725669885e-08,31.910604278531096,0.0060796389831655594
194,0.7231737774764103,0.7254979583786565,1693534152.0299733,8,0.018343956308893947,0.8113250134306071,0.4881471742374144,0.9328597881802069,0.9388917647988165,7.010859074953818e-08,0.009428723994117936,0.037257917628965236
195,0.7329616283058238,0.7416729286679697,1693534152.3328478,6,0.010057850669782637,0.7880711576640592,0.3743537241605038,0.9562222129708741,0.9112294680801474,0.0020798993331678905,97.26720478789849,0.024813264822888637
196,0.7303397372173752,0.7400869790529687,1693534152.641021,3,0.041726668529280614,0.8741665802974106,0.6846257025662081,0.9007410283920634,0.9822118316830536,4.2884761899798377e-07,7.67722205208635,0.06883518992029102
197,0.7325558937118284,0.7432947420324584,1693534152.9286044,6,0.003505584359179298,0.9203352959168134,0.303313281774703,0.9154655246111124,0.8369305681112478,1.8798203846719156e-07,19.4186106722771,0.01041281290233383
198,0.7349812695125785,0.7463363986590312,1693534153.2376628,6,0.07693232478532264,0.8004059610417196,0.5320783582422053,0.9858314197807512,0.9475985459351516,2.985416343533014e-05,45.23890826490437,0.0063357446260801226
199,0.5,0.5,1693534153.4659097,7,29459.993727421574,0.8243935120970002,0.9886863758393047,0.9388252856330896,0.7550617063897418,3.8717490675809326e-08,1.1214932144728091,0.019030847259389815
200,0.7391902696745548,0.7460726775443196,1693534153.7620037,5,0.0015669931721366726,0.8126430772645455,0.6681261324408233,0.8907326056852265,0.9290983838446196,1.090000674227077e-07,67.1758361255984,0.05015213931273625
201,0.7378639899828814,0.7443064631357315,1693534154.0441976,4,0.0006379763441642138,0.8128825129369398,0.7163955264542249,0.8948355691236048,0.9302991175268736,1.1580564041903301e-07,64.86451085000142,0.05643355848777768
202,0.7378846340131042,0.7446485985756114,1693534154.3294098,4,0.001398231666429214,0.7975000593891934,0.587345552821353,0.8853380261893368,0.9596687210767021,2.448059588433996e-07,31.353248274357327,0.033368645534793705
203,0.7351926723220723,0.7440093831437239,1693534154.6146288,5,0.002387325342460865,0.8326830564977762,0.4440920924653017,0.8654341984475356,0.9239546570359507,7.351294351167726e-08,63.83715916478243,0.015875923023869257
204,0.7346070964647893,0.7460271813249458,1693534154.9176662,6,0.00027667873072672694,0.9891765811146259,0.7782129420392945,0.9071277926282766,0.9408127415808737,1.4054332216642767e-07,26.029075580160217,2.6164346550068225e-08
205,0.7344808502799649,0.7460290841677693,1693534155.235324,6,0.00011485815825459914,0.8546531196299785,0.3632433548969092,0.8904379646982653,0.9033419420856537,2.4410725569030538e-08,4.456259826652317,0.08933542723789058
206,0.7149618204541051,0.7215730064136123,1693534155.5311573,5,0.007014019516024187,0.7815740290710569,0.10126015079334225,0.9243254328893786,0.989179582143226,1.0232760797076287e-08,96.60387613449726,0.008525289453386696
207,0.715025142046808,0.7239003766962259,1693534155.838093,6,0.0009235359587437993,0.8157646882748594,0.00011502425402736123,0.9695144365842858,0.947989640226737,4.8751427903325656e-08,41.17480189210109,0.046660087110817844
208,0.737337765712489,0.7466271680932003,1693534156.1605413,8,0.01929402560096366,0.9761986987982882,0.5432805908449082,0.9057211623660386,0.8705756008663473,7.268175685248957e-07,66.96640619704749,0.025960750356005684
209,0.7272751904808789,0.7418832949299516,1693534156.469491,6,0.004978186202794637,0.790170503187776,0.8291374620428619,0.9142089629849586,0.9743248350282627,9.135881040257032e-08,12.365772334427835,0.0013920857359719368
210,0.7360033475089007,0.7441279829291992,1693534156.7787905,6,3.5934347324194102,0.8058931058930218,0.43664283671480913,0.9295765850034694,0.9339373980349176,3.208617554606134e-07,21.17540966823544,0.013934799837543203
211,0.7353563358116756,0.7447448587713281,1693534157.0796664,6,0.011326071750094263,0.795954902717757,0.705887367324774,0.9367805496902085,0.9443918375887079,2.4165881495245796e-08,68.16498813884378,0.023942485399653525
212,0.7194574550357142,0.7280608941525082,1693534157.3782535,6,0.03032608042045697,0.9606506990565284,0.8757844251994464,0.9551320542286315,0.9182509779355454,1.994543039616703e-08,1.6259769659212552e-06,0.03589032638282672
213,0.5,0.5,1693534157.6113403,6,1712.3889879114051,0.7765964934152024,0.5927653410507213,0.8208115919800338,0.9569846280174543,4.494006172353302e-08,42.240173731518844,0.016755477975809525
214,0.7267114496555622,0.7293287465002474,1693534157.9127245,6,0.007490008842106629,0.8245810933312875,0.6606875387224772,0.8741312171842188,0.9309328379146385,1.741470732930633e-08,0.10062251370445631,2.9940438974186633e-05
215,0.7371924634997666,0.745052098008919,1693534158.2026737,5,0.0024833093289447833,0.7885356851263834,0.9884437050277121,0.9451099449828768,0.9643748784067973,1.3806769276467717e-08,67.69928714897088,0.010199222594486045
216,0.7384513523427798,0.7461705180671272,1693534158.497672,6,0.016179026051648317,0.9129592797536172,0.4824648608816564,0.9210307714067414,0.9437188966402111,0.011750418953947708,36.53465629396921,0.06354700454333191
217,0.7357055970729941,0.7447981383703869,1693534158.7882648,6,0.042258082584686815,0.9038159989711732,0.3081253554303809,0.9012469949421642,0.8265540012461999,0.16913533323469415,25.762002294492245,0.14056156335001208
218,0.7363457605101933,0.7453373631745818,1693534159.0939975,7,0.5341700573987306,0.926619364099173,0.44615670643413013,0.9190574565506084,0.803982544966255,1.4091936157099606e-07,41.2858255875811,0.06603529133578803
219,0.7339364632329821,0.7447406553162773,1693534159.407382,8,0.014163676976998215,0.9404960625610695,0.3572094597565403,0.8914794019006606,0.7810109940268715,7.286538976443184e-05,0.6264119553282154,0.21610047134894536
220,0.7367487161001204,0.7443680851417454,1693534159.679106,4,0.02156437563115061,0.9086364306149018,0.5165334606168002,0.9080477481313207,0.9505731572728074,7.897364681734658e-08,15.842910240444045,0.1050751978103782
221,0.7013962113440534,0.7077082808215011,1693534159.975641,6,0.009198012335181301,0.8012163727939126,0.0008282338314003311,0.9288161375938098,0.9398057678835415,0.015229212016580075,94.30466642185011,0.03118778414887333
222,0.7368183897021225,0.7430023492691009,1693534160.2784402,6,0.004589654247041064,0.8137952412726003,0.765713088083101,0.9382537584245405,0.931732630541357,4.395264612363327e-08,43.466443161183804,2.3156512369992446e-06
223,0.737767320341357,0.7461257851349876,1693534160.5815682,6,0.06627700693628114,0.7664633181436219,0.5433094678461351,0.9211782325868817,0.9138685693670767,0.0010318455632127926,30.701650223494056,0.05149720518052968
224,0.7338141870539698,0.7453067779325877,1693534160.883935,6,0.0016925343487353298,0.8912729709886782,0.6929648367827943,0.9008532016896216,0.9560499157794782,0.006586393605745988,62.26760161097699,0.02284409725644948
225,0.7216094959363022,0.7320808807534844,1693534161.1886396,6,0.028853350363399696,0.7775285848575842,0.06342583860912995,0.9773628352697574,0.9429492888692828,0.04498321892229837,9.353600235489072,0.014053537776646306
226,0.7361930145365734,0.7464222093450052,1693534161.53166,7,0.008815600559869142,0.9198069484916152,0.42485948827001063,0.9640890115941628,0.966296548614785,3.23092226792464e-08,47.60615603834818,8.693928453580222e-08
227,0.7241775934459967,0.7404343930003421,1693534161.8216543,5,0.3055920916838232,0.7947937667676286,0.6034558122661617,0.9350675927230715,0.9897576007734914,7.070678753057161e-08,0.0020129315083381406,7.0634239679984005e-06
228,0.7386048923175623,0.7428811263556653,1693534162.130169,6,0.01703060517272931,0.7570595297409516,0.840969968007709,0.9185563704473954,0.9294492237723311,1.8823618619362075e-07,24.621420365903248,0.007588352051458139
229,0.733083507484255,0.7433552889860298,1693534162.43468,6,5.985449458427642e-08,0.7482844646138235,0.25584225373056646,0.9156304461242412,0.8927665311128049,1.9790648368528976e-07,17.040212168441435,0.007101674519455297
230,0.738159457665446,0.7442342411126328,1693534162.7405279,6,0.04358405867594617,0.7637679042260668,0.4770157106871444,0.8798409726039272,0.9250497567153216,1.1345933890866912e-07,5.766185332938549,0.003650682965706329
231,0.7243544572049253,0.7336321921787827,1693534163.0392644,6,0.04884889129419821,0.7576151609164663,0.05087041719151942,0.8817029762814781,0.9253967945673908,1.1986114524565963e-07,5.2833866488857275,0.003057763034739953
232,0.7366870817598876,0.7461869233674023,1693534163.3476396,6,0.10661010641981324,0.7531917878885838,0.47037124190320917,0.8539489924448254,0.9998806797916207,1.82406423521737e-07,7.169315381083832,0.004877570277987864
233,0.7337011411384706,0.7431505452483231,1693534163.6506176,6,0.019550515241547002,0.7701164507944976,0.3755481159753001,0.8923534601881489,0.9165105387991506,3.3889770581578403e-07,3.2968347642099762,0.00215174644755366
234,0.7377370490470397,0.7426512908939467,1693534163.973613,8,0.040617429099353376,0.9311789100844529,0.6110297675584809,0.8709801653862284,0.9315236238053562,1.0681617843596688e-07,10.978518811214377,0.007827265060172867
235,0.7361699885028632,0.7462298824630114,1693534164.256488,6,0.8819288441444488,0.9663623517600187,0.795099511428891,0.9064669525418352,0.7241730111147772,6.334967618703784e-08,22.56087088743271,0.005167771854900559
236,0.733611319756972,0.7411528827993522,1693534164.549205,6,0.01443796425108675,0.9135399624042788,0.9945103933671298,0.8802176797564847,0.899570527166167,2.656844070129792e-07,25.152075726431363,0.012197161550484087
237,0.7249300087975329,0.7315297013661272,1693534164.8385496,6,0.2026257634883923,0.7316294684597526,0.005466937173407566,0.9236036240368186,0.6170037264582571,5.59033206975009e-06,1.788205420734607,1.872125746329762e-07
238,0.73904586071314,0.7474101610387708,1693534165.1256754,5,0.08106039107030975,0.76083161617092,0.49059442780823564,0.9905208002036124,0.8157078285627622,1.1075252741830721e-07,35.70166781019188,0.04206274391266916
239,0.7127008028939755,0.7236322478664993,1693534165.411151,5,0.09673419392926774,0.7825249319794584,0.024472602992079207,0.9738934884470104,0.7832600220795336,6.079230825786739e-08,36.9572699687587,0.043031163628847756
240,0.7133305450659181,0.7233490898036242,1693534165.67417,4,0.004221806597480909,0.882017197848113,0.036847036465462016,0.9002058242585367,0.818935098063388,1.3258742516815042e-06,65.52809927040845,0.0005331842305753158
241,0.7351128752052493,0.7453012844146056,1693534165.9818022,6,0.061552470207256876,0.7619771635094946,0.490860235239894,0.9906882463937418,0.8349570306485843,1.2617883511916535e-07,13.372322743959314,0.01927064521675762
242,0.7355331003204588,0.7471514281673931,1693534166.2767546,6,0.02799323402103805,0.94639509267607,0.6026728942031548,0.9906549256161822,0.8209458910655865,9.552974894341578e-08,35.00234142793711,2.0086235239929607e-08
243,0.7079243896513064,0.7149143035921006,1693534166.5656438,6,0.14499542399675067,0.770659693760124,1.1974301316824313e-05,0.9153128714609713,0.8054791746561092,1.688912054674277e-07,99.26036755851585,0.08049106184781253
244,0.7348901578791911,0.7421896741255884,1693534166.8326042,4,0.03581942019566793,0.9975815568859504,0.3520999266706926,0.8913018142183248,0.9483286124888165,9.102933921111795e-08,0.0002792374216649559,0.03261742536138025
245,0.7372149932827501,0.7436997142876125,1693534167.12705,5,0.021482623893598896,0.7442377347267469,0.4600781952080025,0.9974112537134525,0.8595449709708796,4.956726692211988e-07,51.09208126950661,0.010168278566536928
246,0.7296318851810799,0.7420201491059036,1693534167.438261,7,0.07387094288595962,0.8100099700905398,0.6862764631453772,0.9105523206641206,0.8470753749907474,2.5193604677862447e-07,6.735047164259177,0.018397536776660523
247,0.7277197318816875,0.7380014203162852,1693534167.731385,6,0.01290959478346804,0.7553971356360702,0.5172549095391209,0.8386289206363235,0.7925133845639104,4.741229679885981e-08,3.0816728296680394e-08,0.004125095414683282
248,0.7378723269950866,0.7455330872222943,1693534168.0283847,6,0.002817834993717781,0.9551343029237122,0.3007905505429727,0.9217723941001928,0.9383091332007228,1.3189299163600697e-05,28.166341225875577,0.05012589810267548
249,0.702695296495914,0.7162092365108708,1693534168.3500109,8,0.0012310621684460145,0.8279316770283429,0.804486590842472,0.9007961775455422,0.8465885696257767,1.417401012516551e-07,0.06477103043217793,0.027426913677577987
250,0.7336253140274597,0.748435191291284,1693534168.6355107,5,0.5614510964411107,0.8038019251616559,0.4018166160014273,0.8647293360596215,0.9235475776761052,0.00030884607324821375,3.735082922227235,5.745617906528445e-08
251,0.7404349657467899,0.7479780037389894,1693534168.9531968,6,0.007026655028190793,0.7848354737462766,0.5729926828134926,0.984945879677148,0.9559971374685419,7.48536273595616e-07,98.25139388257521,0.00118030554630701
252,0.7398346016178567,0.74749474616496,1693534169.2735298,6,0.004891898765839732,0.784655628309362,0.6750370353345815,0.9890558773481316,0.9585829558382521,9.399554148563457e-07,98.23036988704506,0.0012330262545269994
253,0.7409897740590291,0.7486841626864821,1693534169.599923,6,0.004435435697600665,0.7811588293885787,0.643963639502783,0.9799546436713297,0.9720956926710503,6.993957459016176e-07,99.68545667562907,0.0010554086961291913
254,0.7383121043889208,0.7457712328393948,1693534169.9496334,8,0.005855358522187443,0.7846755019613583,0.706212872981677,0.9821981230276696,0.8777857648100893,2.0978878449839103e-06,98.96908274968463,0.0016030650333583318
255,0.736300998694662,0.7438660894036402,1693534170.2562847,5,0.010449912447783635,0.7746426141800464,0.9973956295260541,0.9836114891653835,0.9803850511840468,7.269638272402816e-07,99.26464718704904,0.0006505637573779355
256,0.7377567005758097,0.7461745387632626,1693534170.6075923,7,0.006125091925776794,0.7810965084591602,0.6227085805850979,0.9982364435563205,0.9713089784281246,7.359347710904746e-07,45.661129017469214,0.0012108569262471401
257,0.7122879222895182,0.7208176100642455,1693534170.911594,6,0.02111401951694692,0.7911994915155708,0.014799593414905802,0.974294855487964,0.7707801246071712,1.0294157016410224e-06,64.57079940951768,0.00025160690178069404
258,0.7259175477432898,0.7349387034123606,1693534171.2317133,6,0.013013443604092867,0.7732224564047464,0.14528608934681675,0.9791364393790662,0.9682713466756121,1.0845666746026247e-06,40.491933091747306,0.0010105650504204059
259,0.7314659286161195,0.7414870736016809,1693534171.5366378,6,8.823041875363181,0.86204110023323,0.7763168752423341,0.9669564570132975,0.810833132632761,5.485124084785476e-07,18.493967954206028,0.0008968435438393862
260,0.7357300126087385,0.743842803767732,1693534171.805776,3,2.0851313388202115,0.7889157771030606,0.6290540395590977,0.9807283786026464,0.9859735514341854,1.5619038224017305e-06,0.015235456710761684,0.0019101939992520647
261,0.7354516159511657,0.7443114406285409,1693534172.0854213,4,0.0070762407344249455,0.8006797002691437,0.8281078051845074,0.9922717490679503,0.9647489975617185,3.436130635739185e-07,73.6794342846615,0.0012102352209111679
262,0.7122580479957822,0.718932978629097,1693534172.4086144,7,0.2937373564513332,0.9306923921462035,3.862698304988541e-05,0.9577723129310641,0.959874630043265,8.366765452570038e-07,29.805090442582316,0.0007989070005601667
263,0.7311749271900934,0.7392862799936675,1693534172.7115896,6,0.003595979517222047,0.9739788431438878,0.3602277097491199,0.9880454957902073,0.979710883491106,4.2035517863645015e-07,3.1494859815131827e-05,2.4618048685152785e-07
264,0.7378443384541116,0.7455070172005596,1693534173.025047,6,0.0211574698178426,0.7100240204854986,0.5925724425597739,0.9643166959587022,0.9422231312041244,3.0923881676744006e-06,98.37422656887541,0.0005207991160614393
265,0.7321529381219014,0.7378471932928596,1693534173.3486838,6,0.1529056182715458,0.7820318502779737,0.20189806831134433,0.9490756633342265,0.992729689861037,1.544668472121578e-06,46.64228859534808,0.00034296773627883663
266,0.7311365173838613,0.7370224130588426,1693534173.634269,5,0.011038779125435869,0.8980817823660362,0.7779060134762599,0.998235508081157,0.8654438509335183,5.732648158241097e-07,0.005349028393607819,3.5468126126015586e-07
267,0.7154519176716074,0.7247594188515907,1693534173.9342272,6,0.05041565100803751,0.8426589567254683,0.26943518588963206,0.9703557988968476,0.9554115609157067,36.73939130275173,14.552956468919922,0.002425059835782799
268,0.7377132290121673,0.745960044299901,1693534174.2646706,8,0.000536755852762531,0.7933882673533705,0.40816098794134026,0.9866398106826069,0.7633814538186138,2.387012114001066e-07,63.68293450091914,1.216772416532778e-05
269,0.7175708090236644,0.7233051524102924,1693534174.5495977,4,0.0014643091816217253,0.7612272788540553,0.049058507567399864,0.9771643271070728,0.9999362404955919,4.3989346874367273e-07,25.618093283445674,0.19400373951632133
270,0.7303455929759481,0.7398499192388353,1693534174.8618934,7,0.006433693642353408,0.9856560208168181,0.5347919991232155,0.9553547148965154,0.9731885848639481,6.8086735174428314,99.90264256464725,0.11361409577420437
271,0.7363931028295025,0.748948926602063,1693534175.1522098,6,0.003652890504331626,0.9422693854251598,0.6552041717831313,0.8023702127586609,0.9067603458027792,3.2854955169987265e-08,45.47338432042719,0.002090761831217974
272,0.7253681981890421,0.7368526407770961,1693534175.4506629,6,0.02784820924852996,0.7760428762469206,0.1188130063400451,0.8305957656057159,0.8329323392347121,8.577694949360138e-07,0.21891775288786794,1.5600691414336664e-08
273,0.7277712427070993,0.7402776288531518,1693534175.7336268,5,25.560264960528816,0.8728694600341945,0.8798506014727752,0.848163134599175,0.9369216687544764,0.0006875311332739684,0.33721561669476807,0.0003878287221670345
274,0.7350465761081875,0.7470396657154531,1693534176.0336773,6,0.9924825978680513,0.9094865948354616,0.44177812271109507,0.9322921081122083,0.952978667717995,1.9798516098879054e-07,10.312498621071988,0.006301377467645045
275,0.7315920755507985,0.7432846150384484,1693534176.3132112,6,0.10228600257556507,0.7995287238200086,0.30574442337743085,0.5200075330283723,0.9481144746790388,3.266675181478137e-07,1.2584102512200575,4.2696183148712677e-07
276,0.7355247633082534,0.7467045503680239,1693534176.6356962,7,0.013542813304562216,0.7691787886373169,0.555604696376394,0.9424028815211253,0.8135388377979851,0.00014528937848109016,20.38965853582587,0.07317609034485918
277,0.727678543071387,0.7380547966700638,1693534176.997373,8,0.001956369450590587,0.5029668188312438,0.9894916923898143,0.9903427400674982,0.9164890405847113,2.9352614983304833e-08,44.32386912046187,0.012495092337986373
278,0.7132659332213263,0.724208809242028,1693534177.3048956,6,0.060934783542066835,0.8199833036421572,0.01022214038998148,0.9998508873895948,0.9335080455513863,2.3102463399614023e-06,30.030463308343737,0.368857050845168
279,0.7318647156999438,0.7362805731207775,1693534177.6139824,6,0.3231580684613396,0.7846870160682105,0.6493833509758535,0.9754766714350428,0.9610329379663747,1.6843439457552129e-07,0.7287333798924337,6.010407003078298e-07
280,0.738297713117852,0.7468505209886895,1693534177.8968444,6,0.007906702793764387,0.9534296958609944,0.42542954498889834,0.57232490865886,0.9874136320187394,5.2537232570906695e-08,62.93835977616241,5.340026338473982e-08
281,0.7227663556299447,0.7330747344851603,1693534178.1895075,6,0.03207315175177203,0.9211673999290002,0.030641970627106673,0.9276072714114355,0.7965464477767734,0.010503341418363387,1.412539929527016e-07,0.041042281772074855
282,0.7354419886870714,0.7455812710727747,1693534178.474883,5,0.017755628326975716,0.8872841490128184,0.7778618373881602,0.9656581258355337,0.8851990685279497,1.1300025672669709e-07,15.19988361454954,5.494164479753804e-05
283,0.7342678594681462,0.7436247938828828,1693534178.770371,6,0.0010427026318898364,0.9628823463976897,0.3572739524516514,0.9510420622383964,0.8561174920835402,1.4069657266733391e-06,33.408034820783264,0.00853205676706267
284,0.7377900486246313,0.7464132111560601,1693534179.0476105,4,0.004417738739045069,0.804925450626904,0.5341104183186992,0.8894249674061199,0.9724192241039136,2.624337493443863e-07,64.33589143620922,0.000840548783922773
285,0.7332341692048238,0.7427555387293125,1693534179.3681748,7,0.20734742585880292,0.787954734546218,0.22353742549242298,0.9041733884933337,0.8425151717229311,7.220173011357637e-08,8.891259723367867,0.0029795174015539833
286,0.7275540833891782,0.7363491614666201,1693534179.7191927,8,0.009927749269796575,0.7959113469068386,0.17398427960357443,0.9852284516000245,0.944249847651871,1.0041388780007165e-05,98.50687600408732,2.7534609791803397e-06
287,0.7099557423752068,0.7268413976636401,1693534180.0257654,6,0.08609275369844097,0.6044218769336782,0.7093603491046367,0.7650493259088823,0.9323121581663701,3.0392292158965306e-08,1.061394662580051e-08,0.06189407672053191
288,0.5,0.5,1693534180.2721026,7,54243.86752363948,0.7546771818084856,0.48470153943379285,0.70956255331556,0.7388088804269043,0.0017752923052372584,20.631112695877942,0.0014414395834610814
289,0.7198241843226058,0.7271220401037993,1693534180.563589,5,146.73001387731708,0.7702312501250062,0.30786875466066727,0.857362322092866,0.9813125546487126,4.3744219063611463e-07,0.045996340824192704,0.014620204951741453
290,0.7027680468524207,0.709966707990966,1693534180.8728626,6,0.03553156401158503,0.8353871123221256,0.0006823046680164643,0.895863741451052,0.9608411591897432,4.317991717325729e-08,48.880271430502155,0.031443404156694964
291,0.7167562630811691,0.7256320819214044,1693534181.181205,6,0.0024426975226193005,0.8177524420143135,0.05780599618334366,0.9410003632023983,0.9104297249585426,0.005073368622018756,34.46217616720084,0.00014230916658497156
292,0.7367747196381895,0.7469465554233934,1693534181.4809153,6,0.02104342598294122,0.8105187925005692,0.8324267618119151,0.9144246342282951,0.7640480352200694,2.3476354289690387e-06,64.34759162259695,0.005371048810650922
293,0.7369383831277929,0.7442988625149617,1693534182.0942988,6,0.5932278277150894,0.9354901053271947,0.610622116535589,0.9611419767005567,0.9459005921057405,1.2849996720407512e-07,2.097371898911995,0.15426477273985734
294,0.7323895504683019,0.7428403496165148,1693534182.3888657,4,1.4991800754387887,0.5620003096993793,0.4045036894879544,0.9257108229037386,0.9257868191747749,1.0592226927748089e-06,16.096275962244487,0.00945074167410435
295,0.7255640187257234,0.7322564798194704,1693534182.7441697,8,0.000535585608159128,0.7810418187859389,0.08626399303131793,0.8207648775367031,0.9708185831209253,3.6973585142973476e-06,26.476104560617838,0.01972614962060976
296,0.7375318989967001,0.7465539355208057,1693534183.122225,7,0.0046789954102070845,0.8519834054882452,0.6908949702884963,0.9032277752648207,0.8756599261698674,1.7806577402058902e-08,65.49449911200969,0.043297943777949585
297,0.7334196677263936,0.74597543905088,1693534183.4057488,5,0.015234278238945591,0.8990544825746334,0.5346806323399995,0.8696820747095938,0.89853504972836,8.229323286748805e-08,9.50543251520765,4.10093223582343e-08
298,0.737526936489435,0.7467777506888451,1693534183.722455,6,0.13094160131598134,0.7916853552216503,0.3970906313205134,0.8852715063384365,0.9379216033404987,5.926521023327312e-07,3.996922786559094,0.08290279445385211
299,0.7359005243583676,0.7440003204516321,1693534184.025459,6,0.05649411457368539,0.8255293186032104,0.9616439211250183,0.9104817048031949,0.7764718493250313,3.4111106119567356e-05,43.53156425820135,0.013552097663804592
300,0.734609279967986,0.7404489492104158,1693534184.3207812,6,0.00745844342459195,0.9811841113740446,0.4925738936755872,0.973076444766936,0.8260025796586372,1.8387879716189913e-07,0.11356383277718124,2.3988101610073617e-06
301,0.7297920749155976,0.7406090137686051,1693534184.639627,6,0.0020350410573952648,0.765675416056698,0.273528760100903,0.9357305827505407,0.9550040181971005,0.07512944712531366,0.015427744347880676,0.003481143661767055
302,0.7152405148621137,0.7259063923026761,1693534184.9787962,8,0.04327649901747589,0.9699960559206958,0.7061931196809536,0.8433451982048751,0.9914036131877428,5.2569416719743773e-08,0.0035299917482059335,0.028463736503630953
303,0.7374355271056118,0.744266772199548,1693534185.3026347,6,0.0008905342680720912,0.7449289432275047,0.3430359846632686,0.9498707976702637,0.9242287089745962,1.1156375815631157e-08,22.805175303479075,0.0072721790186974404
304,0.7129020821886483,0.7229169402227195,1693534185.576219,4,0.0037033820351357427,0.8032791254414913,0.08723062056017619,0.6574291586475136,0.9772960832435258,2.41089929611313e-07,73.48945635910852,0.05416944695762825
305,0.7277901002347068,0.7396941548904168,1693534185.867837,5,0.012555246111711089,0.7776664375419602,0.5966848451149852,0.9200545798059967,0.7916086050018961,0.00048770510967393883,0.03315825939657322,2.5307824941714013e-08
306,0.7340800781932345,0.7456339163908925,1693534186.2007363,7,0.025389646401239793,0.8650219126557086,0.8141556862462971,0.9875697917770704,0.9617060127442562,5.811479968131922e-05,98.74033332024922,0.0005291791437216627
307,0.7257762155363795,0.7364689115582091,1693534186.4682055,3,0.006140194248540639,0.909711851039584,0.4524748331185133,0.8938123053680932,0.9489138310569276,0.026561399882058648,38.41371241195982,0.0016624212842451319
308,0.7301539409453695,0.7409046316892907,1693534186.7652068,6,0.08650960653341679,0.9476265842584961,0.5582182815522788,0.8742395006726941,0.936020395208832,8.939502751896024e-08,0.3943433421877212,0.019554500008806645
309,0.7198136638072038,0.7298500609307472,1693534187.0830915,6,3.5432402483896888,0.7952719116975385,0.03715282893078267,0.9292448540011722,0.9987787543807285,2.723175959957891e-08,0.00014142779111873624,1.3993560584525226
310,0.723843318956619,0.7366977257201073,1693534187.3768897,6,0.37844026547377246,0.9956277425591537,0.11486292904040536,0.806928225598583,0.9144717123662651,9.246221688052241e-05,13.046101072853174,5.042959365291129e-06
311,0.7321559156262605,0.7449699855033478,1693534187.7034528,8,0.2024013941818761,0.9269383609338264,0.236039977778444,0.9081035567028313,0.7828947672129102,1.5648667084567424e-07,6.2085662644473,0.004765841574832196
312,0.7373348874582752,0.7453474579170184,1693534188.0419018,9,0.011323307921443196,0.8109618292449441,0.9640660215138271,0.7957319379823886,0.8346091715361559,3.9439187945111367e-07,50.36462126668752,0.011452115125510412
313,0.7369183345984418,0.7456634803330658,1693534188.3461957,6,0.0014589578980226672,0.879973456336575,0.6667517430409831,0.8604385147673281,0.9651746333218975,4.274371755430543e-08,23.967270686914492,0.0338822055078919
314,0.7363734513007327,0.7421128938801327,1693534188.6771562,7,0.028838429047673267,0.7635618576276063,0.39716972231903463,0.980330316041472,0.9435997185101068,6.080748307624232e-08,2.538691735258142,0.13657314095974915
315,0.7193824219258658,0.7299065549366096,1693534188.925824,2,0.00033660926875370714,0.8437891972044483,0.3207704627727088,0.9578123137085561,0.7516394598922004,8.819011765033367e-07,0.007962223196668542,6.456935714482882e-08
316,0.7341245422583298,0.7432526214777546,1693534189.227927,6,0.003017704278445509,0.7834691358381222,0.48674118353211715,0.9201551946161929,0.8103899531595478,0.0028523176143596695,97.56454349654545,0.002418794055285951
317,0.7239729396463837,0.7292019763162076,1693534189.5148544,5,1.796496870457919e-05,0.7986944546861677,0.7832260887675456,0.8977622643993833,0.929192857084013,0.29536533572233165,0.0015895556405644026,0.0011951900016530616
318,0.7398494891396521,0.7488036870170582,1693534189.8134878,6,0.054519165119454024,0.8271794679373434,0.6101500310744101,0.8811808901410942,0.8182630193500942,1.0574916121217466e-07,34.87876982788134,0.007489071449834604
319,0.7365210362667971,0.7481180185691229,1693534190.1128082,6,0.052756521487395146,0.8290014443913871,0.5775844095954363,0.8897512508134714,0.8235719161419169,1.1660589359312447e-07,32.57954263773477,0.014429005687577342
320,0.7361782262649232,0.7469599720778779,1693534190.412606,6,0.021087775438008133,0.8185944269845702,0.4336097417919678,0.8710483455003092,0.8436480170728998,2.4784361979547217e-07,54.602634179003026,0.00991531767636179
321,0.7283054069891158,0.7374343839053985,1693534190.7153933,6,0.05749583043074331,0.8574764289125656,0.18795621804737003,0.9060139774385837,0.7988922631373953,1.132084722690117e-07,0.0008749233381337816,0.00719588690053673
322,0.736096344895049,0.7443487341977773,1693534191.0130332,6,0.10747126583071265,0.8410342918129039,0.3523414504822584,0.8773919189275134,0.8047687441146443,1.7560410375323571e-07,36.144332781954084,0.023553913594338307
323,0.7380507787563402,0.747640620030906,1693534191.3177414,6,0.033081129757265966,0.8305892161164639,0.7013631725771122,0.8839457247432648,0.8218986607172634,7.43703230245667e-08,18.331439702118832,0.0393793327662062
324,0.7262529139842662,0.735950134251474,1693534191.6238105,6,0.0073153808828643144,0.8086187486197172,0.14141780763858636,0.8319968057985698,0.9559789334505641,6.048014377968916e-07,59.82868424623583,0.00530751208951521
325,0.7366616737226903,0.7458101389872951,1693534191.919006,6,0.015096926221933323,0.756568215904725,0.5041433635150292,0.8463450607201233,0.7699126844823104,3.7585758932734993e-07,30.428065826230373,9.153546073108162
326,0.737875701500027,0.7432602113479999,1693534192.223634,6,0.004687902096676959,0.7740787025861504,0.9962318568548436,0.9376995058290235,0.8672911003912233,8.565954450288733e-08,65.57445767143234,0.01655649763482341
327,0.7229725974318826,0.7321239473543378,1693534192.5321023,6,0.019249660509500967,0.787543439592295,0.006389138188200398,0.9475170705510446,0.9203837100620191,1.7284531928425478e-07,0.6229998399526332,0.0731264389626216
328,0.5,0.5,1693534192.7778323,6,93517.85319028533,0.6461676242220842,0.025860720864403282,0.9135982139196027,0.897433858696853,0.023730483988998456,97.97095989217956,0.008810256481867
329,0.7197291026834063,0.7284831317498914,1693534193.1026773,7,0.06405058536475851,0.8231617774817517,0.0023349268429467313,0.8988257462157064,0.8588288992995883,1.9260564531121954e-06,13.280534974474952,0.028075840527898542
330,0.7322183439676555,0.7412222881850512,1693534193.388001,5,0.008781575160462974,0.802533489027745,0.2746684210189955,0.861010131976296,0.8146854824611748,6.111423374581165e-06,50.746640806182405,0.0033598852371437495
331,0.7191490848342602,0.7325956803661818,1693534193.6992185,6,0.11487767305449033,0.7918235282331081,0.020799634360931882,0.926442804095158,0.9408943538645116,0.0012809929699290116,8.588877512503492e-06,0.01517976879509441
332,0.7394277752722629,0.7439439554520628,1693534194.0077462,6,0.03564315988273462,0.774499263343506,0.6636369893205871,0.8854326474612219,0.907237889432608,8.809113922156639e-06,22.307415490321993,0.006409849603395185
333,0.738983432371745,0.743660249112442,1693534194.337421,7,0.03629077336145181,0.7711493292709312,0.7870882748759859,0.8832115383137392,0.9079464625955274,1.923229912592858e-05,21.57529879801791,0.005420694174936027
334,0.7293662917922512,0.7376352359532627,1693534194.6633694,7,0.05027950887392448,0.7399248750812203,0.7942970457681077,0.8803540598889774,0.9108445814476938,1.1414081084816479e-06,8.445226922414706,0.004433370775078561
335,0.7107611573043342,0.7266326332297979,1693534194.98405,7,0.1516259178893385,0.7527164836181361,0.6946280492215974,0.8813140822995699,0.9039911504884522,2.644189930678502e-06,0.14356592258432443,0.007660743938460406
336,0.718145070364383,0.7280267074848312,1693534195.301713,7,0.03399925515936146,0.7685809621226252,0.04217879365925775,0.8904311983720946,0.7894812843184661,1.825229582088762e-05,20.4864605025955,0.0026665630796350055
337,0.7095839513309047,0.7129658677944799,1693534195.6177773,7,0.08789592608099135,0.7748794060253573,0.9993220962777638,0.8696578995150027,0.9179519349125981,1.0622773055626524e-05,0.056905668668655415,0.01076490434460782
338,0.5,0.5,1693534195.8612182,8,11185.823171873764,0.7610909377795342,0.6340501339218136,0.8880618306933701,0.8837569195292421,1.972136512908868e-05,12.044354356807863,0.004839299654907055
339,0.7321976999374327,0.7419866397212656,1693534196.1988156,8,0.034877847015864175,0.779558674847644,0.8055335234727331,0.850093719552651,0.8386513473678212,1.739597217352023e-06,20.195030221990265,0.022527292333310453
340,0.7261173382857832,0.7340844667414143,1693534196.519641,7,0.18859178510914437,0.8151059859014567,0.0014948837212950118,0.8993489322328706,0.8898664230358884,3.765581813164734e-06,1.2027187280020697,0.006661853794963619
341,0.7385773007771683,0.7449365513723808,1693534196.8283615,6,0.001430793817065989,0.7936336146601787,0.6113237343398057,0.8614591960773917,0.9287457996411114,6.971756255946321e-07,41.19604489083472,0.013816655500908655
342,0.7365895188670556,0.7466171163528613,1693534197.1088855,5,0.0008333291787695494,0.7900037538335535,0.5772285557562046,0.8849346207952348,0.7318594636139939,7.2587617360311945e-06,29.97375616889559,0.0018133827590358265
343,0.7141649410374736,0.7292363887448976,1693534197.4325445,7,0.0004900798715963999,0.8012178356459302,0.7999940922757312,0.8668994287334172,0.9272986995073972,3.170795094719971e-06,0.30153799887095434,0.011290292594237092
344,0.7336177710164167,0.7480123409140083,1693534197.7281883,6,0.0007863443690613518,0.7696389845859074,0.6555102771901088,0.8170272039021373,0.7153684933128853,6.845047805548071e-07,15.548499796696309,0.003832459573323898
345,0.7376699559488153,0.7424393443048742,1693534198.0387783,6,0.06150904975852371,0.7489552990243818,0.5134073909095975,0.8960998489462778,0.9088211970553097,4.2899380389488995e-05,6.713372361844318,0.007964894161854875
346,0.7352270128723468,0.7466330701311106,1693534198.3622231,7,0.0016779628597957952,0.8492187052033708,0.8401260976736151,0.8758996259754271,0.9199711614534477,1.0377782176411105e-06,41.73194542561751,0.01557254664737079
347,0.6892607968278065,0.698675550441364,1693534198.6992116,8,0.0024766729303788712,0.730351509826363,0.00402048335944452,0.907591918275272,0.9283221145808929,3.5416811551056874e-07,99.02565961887267,0.0007846667447137076
348,0.7363304759878169,0.747077830077168,1693534199.0064237,6,0.09257006836702196,0.8066916366013591,0.42271625774603544,0.908688934884689,0.902534886729775,3.2657500196794895e-05,22.998449903006655,0.038367140419022325
349,0.7325295924233233,0.7385052436435428,1693534199.310883,6,0.0012795247098573888,0.7832873859355769,0.9928887164217766,0.89700114398922,0.7560695770799434,2.745014619368694e-07,10.861671474682062,0.005211454379869796
350,0.7203149762911253,0.7287460143236978,1693534199.6127467,6,0.028968916891648357,0.8675049837621424,0.07185618456797824,0.880583664174097,0.9376201272659093,5.781178142780316e-07,49.32290864188243,0.011973085154488038
351,0.7092698246210232,0.7185152347509239,1693534199.9136887,6,0.39522353586844416,0.7947752021939504,0.00033277298020230236,0.9178979047100414,0.6853708782177361,7.592490316008758e-06,65.84600593293739,0.0027701953002869026
352,0.7135691424152245,0.722414858480419,1693534200.2339516,7,0.0036418053555328303,0.8377715037015406,1.7948061182090432e-05,0.8619903723334695,0.8924242936205962,1.456532413864882e-06,31.16087574689267,0.020189600100891998
353,0.7350278178307253,0.7428678172064251,1693534200.533751,5,0.24187657145029495,0.819373713521383,0.6331203233285894,0.9669383265103967,0.931771394807752,7.697852598427052e-07,3.2958831683335306,0.028141365030584717
354,0.7190547971962231,0.7285872183273908,1693534200.8344793,6,0.0018189667285935182,0.7740986142781241,0.054778525826589514,0.7909860739681923,0.9140357052460565,1.863431879452901e-05,20.68366914974257,0.0516096131025268
355,0.7140800821632403,0.7228766472571682,1693534201.150379,6,0.0002771495617230279,0.7633482550460623,0.025743845259866657,0.9340164706518578,0.7877563833004034,0.00016936539500347878,44.04717223074771,0.008932985398331211
356,0.7310625760256113,0.7401743163134111,1693534201.5253294,9,0.059613605449879606,0.786991973678007,0.5092475963079742,0.9441858859749892,0.9518828555821096,4.4865835418672e-07,4.5374457721317665,0.09555906201445748
357,0.7001356352485701,0.7197412353070701,1693534201.849025,8,0.021205991351582312,0.8046622850843098,0.7307262459207645,0.8382927102231226,0.7797397640862522,2.2254494779577997e-07,0.007504087663586791,0.0015737114004133453
358,0.7287733714242157,0.7378750264006004,1693534202.14812,6,0.03757688175168244,0.712363745468831,0.37937687787585916,0.7647856310897417,0.7489946870115953,1.1163408326777815e-07,0.06940648571555624,0.014880650008743236
359,0.7131639040719556,0.7205780453779205,1693534202.457992,7,0.14352241655938763,0.8811411835568004,0.00013493077655583617,0.8895950518240725,0.7392485590050839,3.0114885010908307e-06,63.03786101748995,0.0050637125252524446
360,0.7190570799495651,0.728983772921919,1693534202.767338,6,0.0008471904087457933,0.8132257695528436,0.0031244144760284834,0.904908815563962,0.9235784206288993,5.783569006507419e-06,13.578541423501749,0.027903312685759397
361,0.7251842876697971,0.739018656438589,1693534203.0578475,6,0.00501222211269284,0.7972724289310906,0.5628624397612872,0.5541860199698899,0.9351596423213141,1.5302118269374818e-07,0.2411545190153486,0.00106918595209053
362,0.7343132167845494,0.746439334930417,1693534203.3352673,5,0.01249890560904856,0.8318681997306562,0.8055733711843632,0.7393252839016906,0.7126866736993456,3.130135876213146e-07,28.357192458542542,0.007241350735520856
363,0.6673121234449487,0.6755790055072572,1693534203.6475027,6,0.7185749132623709,0.7551787069815863,0.005005251764593416,0.9889201311362449,0.9791446750649435,1.2200011131080861e-05,8.302078465350313,62.51342282440053
364,0.7215088562889657,0.7338239492829819,1693534204.038245,10,0.003066313007313381,0.7801447558563287,0.013270858659572388,0.9991258667568886,0.8749961505105238,1.199161163735953e-06,8.290951037761207e-07,0.002913037422674878
365,0.7305143182229619,0.7406043157894306,1693534204.34157,6,0.07821347285541436,0.8228507588140977,0.45061771622732755,0.7778765514362782,0.9472172988096889,7.430537782538643e-05,0.019287695612390097,0.043341131125447296
366,0.7285378508294136,0.742462694443929,1693534204.6818752,8,27.355949122565672,0.7894024820647512,0.6619178614768332,0.9256768318529145,0.9583079789538986,2.4369147089068125e-05,0.13831712463668655,0.01768280092417828
367,0.7105695052737557,0.7201170736410278,1693534204.9831586,6,0.0001388127238582339,0.738155923279309,0.012330090654581058,0.8261271115234874,0.7715808268678691,9.252256869060962e-05,72.15333379808386,0.2005509050147786
368,0.7289958902499832,0.7368146161721988,1693534205.3150153,7,0.028627573806758812,0.7687663322606807,0.08839106968101743,0.9150849128454029,0.9714634242049475,1.5592654436096873e-07,1.667630560758746,0.011462224195367715
369,0.7200837234525712,0.7286394443750557,1693534205.6077526,6,144.22197226659745,0.8076903552021588,0.3070614271651039,0.8729198243720784,0.802594800543398,4.844998644739693e-07,96.56002775893906,0.10672950355439409
370,0.7358364087645024,0.7454590376100432,1693534205.901095,5,0.009876795120320359,0.7960778378416351,0.5204213214945355,0.9786990015048006,0.6987571381931974,3.971525846513576e-06,45.03748920848098,0.027169718656254938
371,0.7349972487859724,0.7424198428535642,1693534206.2108607,6,0.0011986709722361481,0.891671164034699,0.8282677649676714,0.9590475894969743,0.9087736597155707,0.00027148388946578395,23.87971861052789,0.004233309150714973
372,0.7349517922194237,0.7457749202692732,1693534206.5275319,7,0.04486293911518807,0.7764471614620495,0.22309679302879884,0.8931879900835993,0.7630255529029099,8.338307432652338e-08,15.191401657104244,0.0071821959135887296
373,0.714876763079581,0.7223251561046025,1693534206.8338447,6,9.00831087569477,0.757743917731688,0.003920289061093888,0.930198478112273,0.9217562446398323,2.518713830640771e-07,38.00572873017411,0.0005184212082447853
374,0.7273444670822997,0.7310598604465824,1693534207.1777024,8,0.018265517119507798,0.7833128328371942,0.36558677187300065,0.9013966558569136,0.934106069468106,7.820718493815865e-07,0.0007414669646860153,0.05038200227362695
375,0.7375733855574363,0.7471349583639715,1693534207.492591,6,0.005532329273950447,0.8587636969299892,0.637050349683254,0.9468156661955515,0.9872985689341407,1.1527796560965886e-07,65.9025693826284,0.0021194234400058005
376,0.7233522292376636,0.7353050597837739,1693534207.754837,2,0.19924952911948904,0.81579813773644,0.4404843010296118,0.8825123221414505,0.946021707101138,8.761676698254623e-06,9.660590075393625,0.012851592510425947
377,0.7138811848720547,0.7283462238213173,1693534208.0601854,6,0.10306124374265202,0.8452020682172928,0.007698214147902366,0.9069983994369643,0.9653403176392851,4.169850917262847e-05,0.0002639805131126773,0.020019639886461476
378,0.6868678758245702,0.6980879805288223,1693534208.351455,5,0.0004569807048974361,0.745184597556236,0.007814320372745622,0.9193651872296533,0.7271440727855067,5.12192592248546e-08,98.47067617785558,0.07070560712295922
379,0.703366525228593,0.7193423478487415,1693534208.64824,7,0.002155246439501538,0.8751061483030435,0.99077433626801,0.6670530463361818,0.8149697588782528,1.983814504929194e-07,0.002630627384720397,0.009215848507475139
380,0.5,0.5,1693534208.8886116,6,1004.856802791394,0.7980545103139582,0.579929843776501,0.9695624985724298,0.6674435905898095,1.5763145121017257e-06,34.654716743479284,0.036932299583168834
381,0.717042897500802,0.7328830311335832,1693534209.1915152,6,0.008260836375277768,0.826480627415216,0.7587645271009535,0.758218700043384,0.9526409323473611,2.138710749433785e-06,0.001219936823722198,0.006008059591814376
382,0.7303566097420766,0.7420148705984101,1693534209.486756,5,1.2829673503678811,0.7671330204243579,0.4524775854228516,0.8655919728836992,0.6133427796506354,7.188331829182011e-08,0.002875786983787904,0.000818833556440756
383,0.7190032863708112,0.7287413163445232,1693534209.8012235,6,0.019019741921437596,0.7895142911604714,0.0015616984358026544,0.8911529066315729,0.917483248050224,4.2175875463495656e-07,5.839291091249743,0.019669604608527787
384,0.7341733733298186,0.7444493698569357,1693534210.134719,7,0.04265563826573941,0.8073686418711626,0.2774717129526958,0.8552279757273172,0.9017862757020294,1.3185329394664377e-07,19.846500685355917,0.002473072716382097
385,0.7138741381117383,0.7240130959448398,1693534210.45282,6,0.4170758674170182,0.7839280315869729,0.03023483842646997,0.9373458887185456,0.9408052441187779,7.71014298700724e-07,48.993983729927415,0.45200358567830673
386,0.7178375934142367,0.7277764030246041,1693534210.7208483,3,0.002995871019332988,0.7759717480564492,0.1750066669638612,0.8084724350440121,0.9289446923151989,6.213644724636749e-08,65.11126185672417,0.001436345436731637
387,0.7221384992107628,0.7311291905786101,1693534211.0635374,8,0.07050802064938903,0.834125246855823,0.07139564953949513,0.9836100825378549,0.8662506286122953,4.5114253141712445e-06,27.46149405256244,0.0038677050530844647
388,0.7354027848796771,0.7450408529603687,1693534211.3686337,6,0.0014271344823970937,0.9032421041469059,0.6822719752788051,0.9133756003307391,0.829175589953513,2.803069094554181e-07,15.610528018428326,0.013933865442504046
389,0.7137657569530682,0.7235546075790898,1693534211.6803467,6,0.011967457069263675,0.7629580850003033,0.018423353251842155,0.8761370006860044,0.8879059723077432,9.753687994886246e-08,42.05989384375589,0.028010164137862913
390,0.7318767249675253,0.7410016551722418,1693534211.97971,6,1.399967153376623e-07,0.8160633161148628,0.35474541139915183,0.8977056090617707,0.7412609031744146,5.271760479168665e-07,7.73330019290662e-05,0.1184914953179165
391,0.726068010963568,0.7359414585782615,1693534212.328197,7,0.005608371028920332,0.8006405708562466,0.13888192559409385,0.9284977236390285,0.9746658193855302,1.7522246655029367e-07,0.038698874715986556,0.008702758882502527
392,0.7246819826844227,0.7377142093057012,1693534212.6798053,9,2.1461619332502915,0.7919076157902654,0.5398232612649021,0.9558373870153121,0.7922163680242341,1.3147891950709614e-05,0.6098741970797232,0.056748391242733266
393,0.7355404448312113,0.7461539085068878,1693534212.9861646,6,0.14270103311786903,0.8527975100850489,0.9984448603152785,0.8865982666071033,0.8499207205438319,9.850962722521682e-07,65.35823807820128,0.01262624841642805
394,0.7267376516939221,0.7336254300989185,1693534213.3061137,8,0.03063405823308809,0.7492799643857531,0.017269061057397058,0.9730586585245937,0.5234709579546732,3.1645598095884796e-07,0.009648910751554916,0.03351221582775869
395,0.718123731583143,0.7330479334277645,1693534213.6361454,6,0.024935960823727326,0.7212929486930953,0.753574609691247,0.9996125614990063,0.9607511901267654,0.00014197358907730792,0.9199485161106344,0.004108584470950378
396,0.7372851631354789,0.7473728137169123,1693534213.9512243,6,0.0007425332587989545,0.7778981246574829,0.5603634174480299,0.9073217375934826,0.939660655699649,4.018298218562281e-08,99.80417624340414,1.649549074944526e-06
397,0.7220165207821864,0.7305205281371433,1693534214.306698,7,0.0035276387702552667,0.5443216054939313,0.4053017632158306,0.9402680936912894,0.9875317086416783,8.408194947774695e-08,3.286519067000879e-05,0.021042318073178547
398,0.7165576635404194,0.7281086264809629,1693534214.601832,5,0.2626011542282784,0.8867519503513953,0.010407686979573704,0.7742709562156733,0.9116965750152494,2.3237067338003857e-05,10.394096897611002,0.0073244479242073855
399,0.7303622670003589,0.7421399206985416,1693534214.9322658,6,0.05657697405141713,0.8093517830674923,0.6717955790731752,0.9200453343047985,0.9510990754365611,1.3537090086743385e-07,2.437508922655986,0.00021980296867707
