trial,score,test_score,time,max_depth,min_child_weight,subsample,eta,colsample_bylevel,colsample_bytree,gamma,lambda,alpha
0,0,0,1694054262.18785570,0,0,0,0,0,0,0,0,0
0,0.8932140124534474,0.9046176181663117,1694054263.5831115,6,1,1,0.3,1,1,1e-20,1,1e-20
1,0.8701771636068498,0.8825008980465122,1694054264.6780908,5,23.132278628720066,0.5000571874086724,0.00032483503450866756,0.5733779454085566,0.5461692973843989,7.287895114844963e-07,2.855007611568483e-05,9.282709131819133e-05
2,0.872920388398764,0.8863317836430099,1694054265.932735,6,0.0028153259748355144,0.8426097501983798,0.00010525948689799706,0.9390587181954727,0.5136937965989631,0.0506611567427365,0.00014895257782642692,0.0038627649714580445
3,0.8819281284742624,0.8961514628269878,1694054267.013962,2,3.7611387766590733e-06,0.9003722843377684,0.6939175614145937,0.6567120890796214,0.846161307834657,5.806193736857094,8.832154042762644,7.086668432729122e-08
4,0.8038029937310038,0.8070394601306017,1694054268.0580583,1,1.613598399141702e-06,0.9390712517147066,3.1026598745141294e-05,0.7105538125025261,0.978944765075251,0.002146114306792388,0.08294135756246057,1.4294083346067351e-05
5,0.5,0.5,1694054269.5584717,8,708.1638195550685,0.5091441386720958,0.05632764247197713,0.9944305444532473,0.8740828271899197,6.3744089274568356e-06,0.7812558539177495,1.0771100194259757e-07
6,0.5,0.5,1694054270.9404554,5,6482.485293956237,0.6468070741868397,0.00027471140679557234,0.5650142860591388,0.5096834789351485,0.06142643761017295,1.3070167701871164e-06,4.523416665126919e-06
7,0.8789184185051635,0.8927575946156543,1694054273.6659071,6,4.9398423208816553e-08,0.7870588027460066,5.415553798809469e-05,0.7946527684516421,0.8498791800104656,1.0552230962330523e-07,0.00013821649582619356,0.08790257092843247
8,0.8723223185563134,0.8842317413720324,1694054276.4072616,5,4.460617319357048e-08,0.7679482029577558,0.020843623798933626,0.7574445560291543,0.9722973779954067,0.007337538703063878,10.814816448124349,2.3699928809284863e-07
9,0.8289099217537972,0.8322758929256031,1694054277.7075434,2,313.39116815865873,0.6988384184927667,6.710748849223313e-05,0.963754290198017,0.6738829298727533,0.3221966579962527,0.18196164464280448,6.808648468304278
10,0.8647257155659639,0.8798943719054959,1694054279.381406,11,0.30135247164329676,0.9835976409771159,0.8675228225733036,0.8731870349826611,0.7164988568971566,1.7435646542010743e-08,1.9195121795303477e-08,1.3996566905727657e-08
11,0.877726421514958,0.8901079338846262,1694054280.5021408,3,0.0002467094665894272,0.911322875781291,0.7422418257241089,0.6976303912013385,0.8857258925013117,61.119508036876056,38.760472901390976,6.243110265011283e-08
12,0.8874779866503777,0.9022797325946359,1694054282.1194835,8,0.16710969023825023,0.9923403916211847,0.13033806561824995,0.8643337709522658,0.7922218771983895,2.316091808192756e-05,0.011806009721431445,1.1060857464220668e-08
13,0.8828297141117936,0.8992199019628568,1694054284.3855665,9,0.3031790779902757,0.9936481620259269,0.08104940362148993,0.8749763931793217,0.7816957542104173,0.0001616472380184987,0.016103330919317864,2.2831955733334815e-06
14,0.8783889990319621,0.8898561236313031,1694054288.5120091,8,2.8241605155511036,0.9897625316286105,0.006049952072524496,0.890272999170911,0.9795812536270048,2.489647940323762e-08,0.0055971082165585636,1.07323541686112e-08
15,0.8879011333229062,0.9007964827364782,1694054292.7767537,9,0.0169492432975814,0.8674966241470239,0.1508417852374965,0.9931489812513351,0.9252083884241546,2.337688897532783e-05,0.002561156663404508,0.0006306013472214865
16,0.8830610286564565,0.8963345063241109,1694054294.9478278,11,0.008665351742079807,0.8460921167487222,0.0035401327642568866,0.9955004345177365,0.939701229869171,1.0283046836127509e-08,0.9801213515579901,0.00029991703400785623
17,0.5,0.5,1694054296.0349991,9,32528.45553726258,0.8708821340829733,0.22698449453553207,0.9346279849809616,0.9195075257132462,1.0383419809595182e-06,75.33454562329253,0.005304208319831025
18,0.8837641876725242,0.896830291710992,1694054297.7893875,10,15.181827874148606,0.922629916358012,0.02001261365725729,0.8167049659850226,0.99538872091699,0.0003051827607359103,0.0017891280530970277,1.638552745239304e-06
19,0.8813160241967187,0.8936345940258933,1694054300.0058007,7,0.000790281389675889,0.8173236410809712,0.15433886861828205,0.9282547931147357,0.9304809566122276,5.266884729622837e-07,0.04832203324331477,70.19931337519918
20,0.8672859008881431,0.8788376619162945,1694054301.277732,4,0.037553999352526936,0.9453917225507881,0.023507581346003174,0.9889809333431285,0.903514265212717,2.6823118158455738e-05,0.8663330142447699,2.4963160622119712e-05
21,0.8907047230946775,0.9040563621135665,1694054304.56706,7,0.18089547214380872,0.9610697991995287,0.24425139584982847,0.9117007966778921,0.8081698960582805,1.3987497162622072e-05,0.007372353312458878,6.111358313220105e-07
22,0.8930628463694354,0.9067502438554431,1694054307.8691173,7,3.4363062351045075,0.9394461366568593,0.2613928050319478,0.9423349107464765,0.9308581475100529,1.6542317221773292e-07,0.0016724351833409768,5.721704791355415e-07
23,0.8929108348375261,0.905621443398837,1694054310.781261,7,3.1096836715943916,0.9446247999131864,0.3396571063734631,0.914401955257704,0.9980004890109885,1.1244088733366091e-07,0.0007895490546762122,1.1748813241232918e-06
24,0.8951968414066562,0.9077660289241317,1694054312.7590046,7,8.80862095792915,0.903117440016003,0.3243632972539457,0.9539620011873917,0.9966220924223075,8.679973974423483e-08,0.00037316158131692103,6.913607691610532e-07
25,0.863455599190061,0.869829290509742,1694054314.1505744,4,489.6544111771621,0.8910655966134118,0.5242455464043236,0.9621449904564524,0.9515157048126985,3.7786064903251837e-06,1.075856583995075e-05,1.194852981047882e-05
26,0.887194846149619,0.903535506184828,1694054315.6859152,6,27.962991716954363,0.9154690519932086,0.9954533301985309,0.8477867881271501,0.9372719483499314,9.41870579667737e-08,0.0007488028514975582,3.4824665201209964e-07
27,0.8842263940379014,0.8970111899873099,1694054317.9990637,7,3.132992866696934,0.9580914325020219,0.05875699330274383,0.9504086502306578,0.9558398979246941,0.00015225820916976737,0.053660163498374595,6.31634061181492e-05
28,0.8911765675660823,0.9053026065040444,1694054320.9616296,6,47.97240601517992,0.8942318058008796,0.3505152612895737,0.9036625272500368,0.9998396719168929,3.2005002195557305e-07,0.0004667578404927574,4.828405048957992e-06
29,0.5,0.5,1694054322.4184537,4,89402.9454050258,0.9640415716310743,0.3467229035759056,0.8368137207758123,0.8990132800879619,6.440778674213273e-07,4.85567327127635e-05,3.925215579289879e-05
30,0.8697423497533405,0.8804551768173849,1694054325.2587674,5,1.9079405696467424,0.9326028458953667,0.001802964041812049,0.9600010243706658,0.9538672268847694,1.0780621241028184e-08,4.398983353945082e-06,0.0001464654641419174
31,0.8949279044305698,0.9069598862491605,1694054327.1205754,7,7.145714512178895,0.9542581866701534,0.34598176224449356,0.9008580914941337,0.9915198961116279,8.146191443769282e-08,0.0009713087771162075,1.26767454501532e-06
32,0.8781854151783262,0.8905786303157374,1694054328.6980546,8,69.71533095742133,0.9966186819831984,0.09347053473293565,0.922268872660723,0.9577603537034607,1.8310154124834167e-06,0.00035280050117824193,4.3411526718680397e-07
33,0.898605771872794,0.9072738158362741,1694054330.580737,6,7.178802567680126,0.9673556711538192,0.44910318456267595,0.9600313754619694,0.997357644459785,1.0071578094396999e-07,9.885212260039961e-05,7.094663688662853e-08
34,0.8828122978851121,0.8943169675880522,1694054332.274174,6,140.16839800655538,0.906721482949415,0.44791087963259174,0.8878051803616968,0.9678884973582315,4.209977856731753e-08,9.001792444188409e-05,8.536069977376296e-06
35,0.8899674925283542,0.9024305149170736,1694054334.2735069,6,15.593946337828847,0.9715687809767516,0.9274147318399042,0.9647351559287034,0.9968656914976416,2.353995329389191e-06,0.0002423715769531734,5.457288145864442e-08
36,0.6068887094660573,0.6066630116277965,1694054335.5933108,5,1200.3336812381806,0.961400128540574,0.05530463754363478,0.5231997684726215,0.8714123095039727,6.564959124052281e-08,2.629354177934346e-05,9.476850740694753e-08
37,0.5,0.5,1694054337.0879164,8,1512.8939869888093,0.92454301631035,0.41911918428070916,0.972267440042766,0.910765809483579,5.173731996219986e-07,0.002933594417858088,2.42202179337196e-06
38,0.8881189207012145,0.9010300724233908,1694054340.4009182,6,0.9625903924154298,0.8788851337225554,0.17588324481886555,0.8996917892490282,0.9702980651364975,6.455337610747249e-06,0.0001608203789842607,3.448175505536024e-08
39,0.8949122636444723,0.9072685586642577,1694054343.112267,5,14.519590356486141,0.8531697281035666,0.5595821459009678,0.9496214936342762,0.8480518105717618,3.735103911875058e-08,2.926703141133731e-05,1.9377969768346065e-05
40,0.8930890552542472,0.9034473219579056,1694054344.3552122,3,10.23462912673636,0.8405818537734432,0.5627822070761046,0.9474410855275698,0.8478921725791163,1.0914243265399719e-08,2.848015962914631e-05,2.0879455935628779e-07
41,0.8880914436445567,0.9007763287092562,1694054346.1268442,5,106.530611498833,0.9714657241534256,0.5604535911786548,0.9941563216246806,0.9742134895379541,4.444794365654506e-08,6.818206913257262e-05,1.645117034536414e-05
42,0.8848850824945785,0.8959917773778605,1694054347.7632515,7,11.812117166682478,0.9008238826922194,0.9855240334948894,0.9255186585338828,0.9044195811141006,3.0710035491481835e-07,0.00027080615755634916,1.4704271165590466e-07
43,0.8898079565101602,0.902104938530309,1694054349.3315291,5,0.6068658086330665,0.9377723302276192,0.20163420359788584,0.9668966795670584,0.8782575682896036,0.002626459883299317,0.000984231644530724,5.0889553413360624e-06
44,0.8690160254648907,0.8788180234786221,1694054350.6399977,4,204.51735981927808,0.9953186642791437,0.0919328266804606,0.9383998683323704,0.9802314133717401,1.738109930082337e-07,4.7555670018003274e-06,0.0015041662182882678
45,0.8797570182743563,0.8867270751024678,1694054353.3960555,6,0.0583729499974838,0.9232917726642199,0.6042553552437071,0.9810137931508697,0.9517504756671544,3.883918979218655e-08,0.00011272181291120124,4.513755157728979e-08
46,0.8947219533228216,0.9068217082498231,1694054357.0394928,8,0.9344033665444524,0.9805439895625403,0.24968380820609617,0.8791608447600314,0.978762550903638,1.6618461465982139e-06,3.563610221151011,8.339511754931427e-05
47,0.8954109933590066,0.9077009725712988,1694054359.659975,10,45.46496450982913,0.8884908036782523,0.2897105922317123,0.8656585633496418,0.9816323201793169,2.4945589893008683e-08,0.1450509410507046,1.1294993398721356e-06
48,0.5,0.5,1694054360.7821832,10,5112.46034009177,0.8619357847383259,0.12001911885392777,0.8580170176753588,0.9393558786603792,2.35664109459941e-08,0.02000487396613006,1.4845552121801846e-06
49,0.8589526591449985,0.8676181294838337,1694054361.9350092,1,48.07183472276573,0.8080579829432786,0.41909500269235345,0.8972032629171053,0.9174305419699439,8.149163992642459e-08,0.13093267394234653,1.755832354325103e-07
50,0.8530044259197418,0.8623379953185941,1694054363.1834762,10,384.90031137100743,0.8777417708916222,0.6445525904964322,0.7836145976914153,0.8282101876789449,1.9866835168750747e-08,0.0044059569051680845,7.124852298047187e-07
51,0.8971529542063147,0.9062299679649481,1694054365.4708571,9,0.9587229594096357,0.9029749745202676,0.24893309817039438,0.8763326155147781,0.979817441025269,2.0733306841914364e-07,4.552356195391072,3.695346513833344e-06
52,0.8956709685873834,0.9058697458018304,1694054367.805634,9,7.572805256579956,0.9023383818822779,0.18105145576205836,0.8715252228171071,0.9992678400677943,2.2189423205532947e-07,0.2229735618666622,2.487586021365617e-06
53,0.8892094639437609,0.9030946494989096,1694054371.4881632,9,0.22010605249058093,0.9021445999230567,0.16918570715279643,0.872090210417849,0.9991633256607259,2.1440659890274209e-07,0.32340454763196763,2.8891479062300295e-06
54,0.8952020831836186,0.907127811924128,1694054375.044876,10,6.364805669968028,0.8929685528901324,0.2846982708189126,0.8335383558031676,0.9809356079533527,6.578543443541581e-07,0.30765618330964306,1.141643471444047e-06
55,0.8930448383292259,0.9058869443960976,1694054377.1568155,10,1.1101845913673016,0.8835910147588886,0.2257056447473329,0.8349252937119205,0.9669150325236184,8.64319021830716e-07,6.0426008343686295,2.448026628987776e-07
56,0.8908301030178263,0.9015168994418448,1694054379.2161326,11,4.804678297344283,0.8314953431612093,0.1283670241512519,0.8225322734997322,0.9828656236050617,2.824555152517015e-07,0.26272984618232625,5.90633266728301e-07
57,0.8849307366810253,0.8961675657934618,1694054381.6656299,9,32.24008960314793,0.8615017783863973,0.06967580491645835,0.8547227000704458,0.947830220076929,9.147591385341325e-07,3.1885140189542067,3.82154727609688e-06
58,0.8866198570347607,0.8997766374000852,1694054384.0867975,10,0.07497526483677557,0.9131448736140275,0.0440850931282,0.8055980450604787,0.9317129206436062,1.2226621791169638e-07,0.5600770693302493,1.712900853012038e-08
59,0.8871607745993635,0.9002568538239547,1694054388.121024,11,0.5031545545483777,0.88442084038202,0.10282589102697148,0.8581047043447383,0.9668113765767223,3.2648864568519853e-07,1.9695667354969972,7.828433070985847e-06
60,0.8756347834173848,0.8853338784833507,1694054391.194661,10,127.36452342971964,0.9314798364759568,0.16746206459701318,0.8828566347103294,0.986355814982239,2.0842013709616926e-08,20.61987165631372,1.3698025876142945e-07
61,0.9000624785996001,0.9074833385395602,1694054393.5469215,9,6.680939189295365,0.9496278403748981,0.30599426867290586,0.918916847853922,0.9841545872218941,7.62099114287642e-08,0.05414941138058899,9.899610034064227e-07
62,0.8942213636229134,0.9071378843342609,1694054396.2674305,9,7.051901996920542,0.9437296788044333,0.25347700583514376,0.9298843474467312,0.9645467205171221,6.125722393256904e-08,0.11330595563038864,1.560825788163651e-06
63,0.896078897197763,0.9096128522774806,1694054399.9147089,9,26.21365392994997,0.8981624320861321,0.303853279963523,0.916137628152901,0.9395060978497466,1.6454377927111242e-07,0.03260122585744533,8.860793183281388e-07
64,0.87510341941402,0.8843144750808574,1694054403.0789082,9,1.963578113318558,0.9179307411153146,0.7120225933286702,0.9052802792227554,0.9418537287868063,4.084052753693809e-07,0.02512364508661871,3.108430880732688e-07
65,0.8896922146930389,0.9019029471172321,1694054405.2783897,8,27.97439112268868,0.868887404719321,0.13573252497959476,0.8681413833690124,0.9236253810753566,1.6067438683549254e-07,0.4480713204081276,9.162801614102444e-07
66,0.8936670879815354,0.9045410070833901,1694054406.9945064,11,58.51222506026908,0.8934612453363417,0.303771192497511,0.8828414350764572,0.9821560188285411,1.201861833491224e-08,0.07452298286667146,2.807599548673989e-06
67,0.8949255371764578,0.9073118405655693,1694054408.6530259,9,3.2638542843921883,0.9487990352216351,0.20045386189962905,0.9101500851882204,0.9625236499880707,1.1365857703454979e-06,1.3403734852421247,7.4989130527117455e-06
68,0.8923143713460799,0.9037483341854066,1694054411.0164695,10,0.37837535395197214,0.9810408082987441,0.4250834388266928,0.9204843546467079,0.950787994010365,1.5568880294281732e-07,0.16544993499375096,3.638286847012768e-07
69,0.8922487645892603,0.9047385331226879,1694054413.7646325,10,1.3841951430978356,0.9321648929563113,0.2861900360917827,0.8402049503535393,0.9820661046273509,2.5765296473091712e-08,0.041460041235224274,7.094611710452988e-08
70,0.8913992585421943,0.9035787144304898,1694054417.016691,9,26.99079792772041,0.9091045051066216,0.8193818059117267,0.8901462626632397,0.8918178171493911,5.388184549672384e-07,0.009587358382312597,1.1299600989695748e-06
71,0.8960691745469456,0.9072996321415875,1694054420.0868134,8,7.778970984538427,0.8987515500810856,0.3597336690756622,0.9372871438002822,0.9956083956964425,7.92044384927334e-08,0.72511931148426,5.639613171711443e-07
72,0.8944775343357527,0.9064333404214621,1694054422.3370173,8,5.961476803135461,0.8878660729975489,0.43946530224227864,0.9142272853275225,0.997684445327768,6.072680253262866e-08,0.2489086201797184,4.927926285201463e-07
73,0.8733407450932317,0.8832372980279215,1694054423.7298055,9,176.6082619057044,0.852555727635772,0.14576754873558856,0.9392449671202573,0.984650793921631,1.6719972663085487e-07,0.9089427913806344,2.6660024836269477e-06
74,0.8944801552242339,0.9099511526777769,1694054425.6208029,10,17.989653437308412,0.9516676133151815,0.31765880708189814,0.8649837099834854,0.9596047502745636,3.30221223989537e-08,0.4938299830654691,9.72995274114909e-08
75,0.8798685328519915,0.8940095104911795,1694054427.2458434,8,4.077418118384027,0.9198267630633119,0.7173285186074053,0.9237480687572941,0.9384620361600104,7.251320428279944e-08,0.07227402456181203,1.2324372606773842e-06
76,0.8843997954016088,0.8948045956116996,1694054429.399743,9,81.77635298890661,0.8700333226862905,0.21427688499331707,0.8899857623828566,0.9142033638011683,2.8630768361839783e-07,0.1793295711026393,1.2031948606629454e-05
77,0.8887756646277282,0.9003711121509652,1694054433.675477,11,2.446375009436442,0.9680447293118547,0.09186263465878487,0.846691762674632,0.9722022928669691,5.342211915233645e-07,0.030451865265540626,2.692638445222762e-07
78,0.8967767298920786,0.908873294310079,1694054435.9564426,8,10.927809523215684,0.90471769936927,0.4921241916820593,0.9408372205736134,0.9905322019442079,1.2180060670744337e-07,1.7802891096861582,7.202886678654733e-07
79,0.8921914432218329,0.9086753631647063,1694054438.2399957,8,17.479428138254445,0.9390115453036695,0.5209030959337396,0.9541849719723375,0.9293530934025103,1.3793125454017688e-08,1.3607495172589203,6.056195017385144e-06
80,0.8644232143083601,0.8683028784407039,1694054439.6084971,9,358.7148266667186,0.9239443745320005,0.9675040498752981,0.9823066879395193,0.9494469209238747,4.3516159392470134e-08,9.98330452574584,1.3720817219490216e-07
81,0.8954344968105477,0.9079801090707595,1694054441.434144,9,8.866463992851841,0.8964842488170321,0.37269737474104003,0.9366363399818473,0.9976207462860044,1.0472708604879471e-07,0.07575958128102646,6.451116915553466e-07
82,0.8967283702723611,0.9074253807499927,1694054443.2068837,9,50.34280172410747,0.905483381932267,0.3879260939331307,0.935125786369222,0.9901868771522655,9.45379887100469e-08,0.017525678756219958,5.397359128244507e-07
83,0.8980335727359964,0.9088859446679606,1694054445.4587166,8,11.51086121690442,0.9075862855997104,0.40159265427115454,0.9351544834161531,0.9924628206977347,1.0836498036319834e-07,0.011482156484168591,5.444801141719287e-07
84,0.8741412997070522,0.8900193169307603,1694054449.4261415,8,1.5614877322425456,0.9089709989345739,0.6854001405783704,0.9461690286110573,0.9648635148288704,1.916997312302193e-07,0.015988433932335178,3.433918469743799e-07
85,0.8895216033073923,0.9015228839634046,1694054451.6230116,7,0.7400393151247348,0.9534779589006459,0.4295340982205035,0.9772066355541876,0.9896071030099682,1.0295547505580948e-07,0.006860153767740501,2.3753388469990983e-06
86,0.8837892974750698,0.8946266435613802,1694054454.2017357,8,81.6217490566846,0.9289598735978508,0.190646923905954,0.9622367061354634,0.9573842387176796,5.244135815134246e-08,0.03433116675814339,1.872390021841247e-07
87,0.8943179137727689,0.9080829783928941,1694054455.73552,7,14.150892599941212,0.9086183212895013,0.5374368467444768,0.9307146471159515,0.9756420018197309,2.885676902800087e-07,0.018119709856195917,3.2676433781086936e-08
88,0.8874256534255435,0.8991903108054826,1694054457.9301236,8,0.1640467274502398,0.8773239830662807,0.11853389876920158,0.9746022991959867,0.9988734342366274,2.7912721232973734e-06,0.012098153261117907,4.080273226855064e-06
89,0.8980928386335871,0.9109906180379299,1694054460.2617874,9,27.35319008293307,0.9730467772150573,0.3679760444075693,0.90892286016253,0.9735919211382368,1.5181927538810583e-06,0.0046059267735074905,5.269221369606631e-07
90,0.8685562708984151,0.8788960156049805,1694054462.8589015,9,236.86375541607597,0.9814101470506202,0.8126251344430381,0.913855820180485,0.9704156996649729,1.1203092043345194e-06,0.0033134804675258,1.043666460868203e-07
91,0.8982496692185102,0.9098988939941257,1694054467.052269,9,30.900820318064067,0.9724095319830843,0.4878222225866029,0.8995647050858164,0.9922636060736658,1.2241400170122854e-07,0.0063906570735788116,4.3196167846148405e-07
92,0.8973556080672639,0.90991403943715,1694054469.556937,8,44.31776827615615,0.9711148429621148,0.3732120465511573,0.8980707319675367,0.9883437042951265,1.1555660293874967e-07,0.004858350823920173,5.255753428717979e-07
93,0.8975591073761102,0.9115956439606674,1694054471.185414,9,41.09660746065884,0.9716081236346256,0.48922545082126007,0.9063415857680152,0.948010362914996,4.3280189571422957e-07,0.005123327848396991,2.174314813305522e-07
94,0.8974635717637313,0.9097250022115109,1694054472.738875,8,41.98767573239914,0.9696043727151994,0.51143067456705,0.897966519673065,0.9869659301434605,3.750402329727819e-07,0.0017880729733356156,2.0977552920265827e-07
95,0.8874330088222487,0.8991567882777918,1694054474.261355,7,112.92513275615688,0.9977532589000094,0.5570620514521719,0.8970324782523774,0.955905400206848,5.10879582642964e-07,0.006138891806195398,6.253565727716763e-08
96,0.8612409484234511,0.8701395096934887,1694054475.6126132,8,512.6454673353237,0.9726532492768064,0.7232510586363949,0.90356170542659,0.9703119685865508,1.535846291258335e-06,0.0018286405190770785,1.9948528918602284e-07
97,0.8880856100540664,0.9042782129312658,1694054478.2815926,8,31.307791779017908,0.9629536717678223,0.997266978810586,0.9246169402695518,0.9876278790031374,4.0090458850910705e-07,0.0017732084743166442,2.882260119423862e-07
98,0.8893818507699917,0.9045281633794272,1694054482.0841644,7,2.995141763001643,0.9863515436046814,0.514243854361535,0.9488074220666891,0.974645156085024,4.894531680100697e-08,0.00510807127079665,1.1701471630071147e-07
99,0.8947834173849452,0.908300805770714,1694054485.2743387,8,14.781576723211268,0.9725760188090102,0.23617032739142202,0.8966255386143217,0.9470090973239327,7.779478670970025e-07,0.0006544024395456437,2.819174142756536e-08
100,0.8796365419490111,0.8898377741675052,1694054486.7772007,6,178.9641400878738,0.9998014483478316,0.4689201279383763,0.8759933844469052,0.9248717523268626,2.4857062253155133e-07,0.0026423768077920963,5.8815010619943134e-08
101,0.8925413741064674,0.9081613940392399,1694054488.452952,9,52.74752185356999,0.958743803858929,0.3810205513945984,0.9070036037931621,0.9860719296605512,9.584126634936418e-08,0.010321502095166923,4.206374769617953e-07
102,0.8969029552631245,0.9080616090474475,1694054490.8593218,9,45.40905179068716,0.9447662769817003,0.6345227930332823,0.9532063870081287,0.989299096859928,3.4147505285498106e-08,0.003690914577734198,7.022405935974825e-07
103,0.8908464201622415,0.9055981958343164,1694054493.303209,9,21.272162048929705,0.9504810718973364,0.7503033515422816,0.9541138003814377,0.9591912816587396,3.106328423167237e-08,0.004564552434605932,1.9296004961342355e-06
104,0.8955935255600035,0.9097070210259628,1694054496.4994771,8,37.71525468063463,0.985209397308201,0.6733203189995921,0.9986233725759233,0.9754234934853839,1.6747814109541357e-08,0.0011399396474621522,8.283091569421322e-07
105,0.880950114346828,0.890577304514038,1694054499.9202018,9,124.45450993322142,0.9408134720250882,0.25604294726133797,0.9198561973978178,0.9896155393903626,1.6423584545923462e-07,0.003930731713150223,2.0763312333200111e-07
106,0.8875342934803285,0.9011899512185997,1694054502.7748559,9,4.330506963061757,0.9646230295080487,0.6241170417816017,0.9461801921114266,0.9622504341228805,4.009482110461741e-07,0.00154218008155351,1.5893713222721952e-06
107,0.8987680133242587,0.9109065585274054,1694054504.8800771,8,10.810673026637968,0.9738772883508661,0.4457215933758926,0.9678820209401268,0.9764813559970763,4.8359334968276936e-08,0.008719541957089717,4.1870379765644155e-07
108,0.8946245577250688,0.9049880048091248,1694054506.6997197,10,1.8138755285149675,0.977341211212843,0.3004818924690517,0.9601393056188208,0.9460579990191875,3.350032515245792e-08,0.008457594298450052,2.4700602118240543e-07
109,0.8845940793283762,0.8945699931595998,1694054508.573566,8,74.25929309389862,0.9562640425087221,0.1753017611690907,0.9661774593742387,0.9767560131682724,1.969550090926178e-08,0.002967307783466786,8.266324178742704e-08
110,0.8733318678903116,0.8813217355392415,1694054510.187332,7,230.14577676053977,0.9895428632811818,0.2335857870075722,0.9882770569926402,0.935993785795622,6.443262196418964e-08,0.0005697546191114746,4.3448375623382475e-07
111,0.8945931070632944,0.9073216551809274,1694054514.1291494,9,8.088772243560246,0.9440677470844049,0.49605888944733423,0.927880837979617,0.9868621473969403,1.120573050510098e-07,0.0069659108178563136,7.994359868789415e-07
112,0.8947073270742006,0.9091345232796415,1694054517.9619162,8,19.264191489867464,0.9700543554551072,0.35232165157294504,0.8905509741775856,0.9700006303945695,2.293086704087596e-07,0.01211323572861094,3.748713539353994e-07
113,0.8939560620727847,0.905053337370645,1694054520.637224,9,10.727310278382854,0.989778146411597,0.5969399597087435,0.9143544239381722,0.9999849673952816,1.316174372230912e-07,0.0024565676945944607,1.5456453520113114e-07
114,0.8955328224009873,0.9056491379232243,1694054522.3557656,8,5.0173555368637075,0.9361361336217482,0.4568463136064785,0.9725084286192932,0.9783851103346899,1.0240245745102056e-08,0.004887617221599551,8.063678385496034e-07
115,0.8946254877177557,0.9082201160061756,1694054523.9795601,7,43.882308250131494,0.9606028094684824,0.3250455034166912,0.9387266111756837,0.989385767988056,6.11479119323491e-08,0.02232142504301957,1.812183217137343e-06
116,0.882508697545242,0.8997257965876959,1694054525.6250916,8,12.414375079586826,0.9761546171177428,0.837229937161057,0.9072333129366614,0.9558422847315178,3.9413260816058554e-08,0.0011574404441329407,1.0061120019688877e-07
117,0.8179806476976339,0.8239809593515828,1694054526.8899016,9,822.4284829663433,0.9468361541722031,0.43810075859175435,0.8788213422927038,0.9658979927268216,1.3584773233677852e-07,0.0004861380129028164,2.928725522159988e-07
118,0.8827080541593924,0.8917829830552969,1694054530.417963,10,74.00941405801643,0.9252858766383233,0.14895218666888146,0.9556113180088975,0.982510872758999,3.2980112559595386e-07,0.04893843899252926,5.731559626604503e-07
119,0.8939671374402374,0.9077428642222174,1694054534.659757,9,28.51110363627172,0.9652330314827212,0.2741037277879307,0.9290488795698247,0.9483163252635577,7.757462116709378e-07,0.00905989363682298,4.880968182372714e-08
120,0.8766822088171762,0.8895911842583735,1694054537.4418302,8,2.8464081012617304,0.9800278083019637,0.7972775677514715,0.8982920107689244,0.9913893271775331,2.296276394590532e-07,0.002238412666362807,4.061625200925354e-06
121,0.8952058031543662,0.9079991398493197,1694054539.245776,9,47.11968856653282,0.9334453499408647,0.3870315270145651,0.9423945815895035,0.9908354153208129,9.231941052392266e-08,0.015623269142422399,4.560854342015488e-07
122,0.8876006611402556,0.9013021563943673,1694054541.1896844,9,5.338626355949144,0.956061607673149,0.6058443854064274,0.9211151094654009,0.9756763950839304,6.283488900304949e-08,0.022066892171353884,1.517588873819904e-07
123,0.8868149018646353,0.898190628703268,1694054543.3448868,9,107.21387601825211,0.9160994884502551,0.40118018275088224,0.9377115305969294,0.9621510058874778,1.2720309093899115e-07,0.0032853974696366983,1.1861757283421954e-06
124,0.8966130511791884,0.9072833818638134,1694054546.5282867,10,19.963187806156146,0.9460136523389278,0.23544545131258332,0.8889539563294598,0.988049400631234,2.836148465188151e-08,0.012942062584399108,6.279261747632405e-07
125,0.8912475851894438,0.9017818296078183,1694054549.6414056,6,11.03819055427201,0.9903489427417811,0.19205664281004214,0.9310805447381959,0.970454034914756,8.227426497021068e-08,0.005571731387460468,2.2800854529307978e-07
126,0.8857965598725064,0.8961609091640961,1694054553.3659778,8,0.7855371224297134,0.9755373050335708,0.5318765613703809,0.9111525998454206,0.9783645560098855,4.1460728141895845e-07,0.0007995981807018125,1.5698872177796935e-06
127,0.8912857994343952,0.8997504344026096,1694054555.6318233,9,45.816870722161454,0.9284286659769081,0.9846319002006496,0.9688996179102459,0.9988772464277855,5.000495578970922e-08,0.025819938660443544,9.55898489578981e-07
128,0.8641643381622499,0.8719285409824824,1694054556.8230464,8,332.3910498150076,0.9538237381424642,0.3034419724884353,0.9512983452264281,0.9558285510022956,1.956275392226952e-07,0.0012207742517391564,4.113723672000774e-07
129,0.8978544223265881,0.9103706676391176,1694054558.4445388,9,23.912728299281945,0.9675184308822115,0.37108908392757806,0.9797229038612645,0.9408482609695412,1.1155966647891573e-07,0.054945537518067536,7.806089169754155e-08
130,0.8870331119668922,0.8974929900076536,1694054560.126227,10,1.0752448271229778,0.9667045078380495,0.48811327477149236,0.9825450622960067,0.9320955436172847,2.2703566875339852e-08,0.04808706528645511,1.7589555868176416e-08
131,0.897262693343366,0.9097567570036027,1694054561.8874722,9,27.055521604886756,0.9978985351575749,0.3652825944037767,0.9615455912928408,0.9413935334107421,9.941049812370272e-08,0.10163177974261141,1.45113256658562e-07
132,0.8977991300341138,0.9094124168400091,1694054563.9781098,9,27.960446629607695,0.9979977298878816,0.3434794538530738,0.9629344711564201,0.9421654257691096,1.351275548348857e-07,0.00853295606447453,7.12177899308984e-08
133,0.8984642438948094,0.912062344572768,1694054567.2720091,9,23.934681823495982,0.9916085230029424,0.35084898954358945,0.9907241695747019,0.91907813015956,2.335663002656727e-07,0.11368687501077393,9.096062323231493e-08
134,0.8939635865590694,0.9076795756049836,1694054571.2550938,9,20.705640600915295,0.9965343491321533,0.2347122685717408,0.9893645801174096,0.9163656131828114,2.701288198824865e-07,0.10879265869991098,3.937903039173522e-08
135,0.8948750639369971,0.9091966886482132,1694054573.6211805,9,4.267099805003457,0.9925153659001039,0.3422268176395129,0.9788657513231424,0.9083158073445907,6.319591898491518e-07,0.07641470012683986,7.379810035412898e-08
136,0.878295323404957,0.8891853692479265,1694054575.0719903,10,128.0636334764535,0.9993977917525436,0.1528355435152675,0.9664027077935865,0.9417294586324504,2.0003758321257399e-07,0.036548862290693845,1.2586869533141875e-07
137,0.8922685480700538,0.9063001065576288,1694054577.0592277,9,28.475833244765763,0.9709292499163912,0.21452669471795732,0.9931625485360658,0.9312709905564375,3.891895221411229e-07,0.05451939981208217,6.431080731425192e-08
138,0.8966004540055207,0.9097405803814788,1694054578.9828575,9,7.301190996634524,0.981966068752686,0.3121848991226331,0.9989283296034722,0.9249292449662879,1.6175416620206508e-07,0.0075849917474087765,1.0302331138984852e-08
139,0.8918281542604233,0.9064571219894451,1694054581.6970077,10,2.152902516153785,0.9833409363346408,0.2664158409787076,0.9742246331053548,0.9024646050776747,8.080274241330987e-08,0.1051321592950214,1.580900914005353e-07
140,0.8969366040894314,0.9104249058183618,1694054586.0245183,9,17.542782072529654,0.9817623793785829,0.3847254791718365,0.9607710823486432,0.9444681075900876,5.641650164293391e-07,0.1738193988761157,8.732359496011712e-08
141,0.8897634014059798,0.901908977673573,1694054589.3827076,9,79.05058200337834,0.9870162595220346,0.3713386762795702,0.9602261487536732,0.9433246293478706,5.562433182451613e-07,0.34810128338358076,9.80399338322802e-08
142,0.8983473184506321,0.9108255833472236,1694054591.0415173,9,14.828544908949326,0.9721534968398077,0.45083417182186164,0.9863091332849808,0.9477814814030779,1.1583148030434903e-06,0.14829094156068226,2.126549998535384e-07
143,0.8893939406749212,0.9050447749013362,1694054593.0885108,9,11.015151546569346,0.9622411803358367,0.5976869055254533,0.9847482786362179,0.9183634268305225,9.815270774878094e-07,0.031782600885812924,2.662175154733635e-07
144,0.8914039930504182,0.9050538713741074,1694054595.471931,9,29.597991117995424,0.9728883749092264,0.19144634962967272,0.9750049717622189,0.955950452259711,3.266284262761318e-07,0.014176683857231682,1.7827246138684707e-07
145,0.8945699417909123,0.9062843258346234,1694054597.6066914,8,5.226379614294891,0.9988540361090495,0.4560868934767435,0.9836578295448754,0.965006563222349,1.4700900777432193e-07,0.10652497272771551,4.9928420615525605e-08
146,0.8761075578814768,0.8850035973419443,1694054600.1989002,6,196.00987104135322,0.9641176348982115,0.7337133868433626,0.9680191495156142,0.9506263303503151,4.99763775555594e-08,0.009129993021694639,2.833291845462909e-07
147,0.8893083813477285,0.9024821014929191,1694054603.6496859,9,71.75331052866164,0.9778227718692413,0.2761719363551748,0.9990940584633687,0.8865561897823178,2.3546606877558324e-07,0.023251915263767367,2.9065290046625123e-08
148,0.8920335135546434,0.9039522406453827,1694054606.5964308,10,15.270840438806792,0.9537037945631079,0.11429671014912135,0.9038367037654623,0.9321578507837933,1.6285447264797154e-06,0.23560355533331667,1.7384498608301935e-07
149,0.8914447436390613,0.9021572708696104,1694054608.0796642,8,2.5320227368619497,0.9888318201437728,0.4837969271590715,0.9467047003475152,0.9664864376917379,1.0814929124610374e-07,0.0641377428344897,1.1129066930611723e-07
150,0.896537890861131,0.9084095675448458,1694054609.6122406,9,7.540171602318401,0.9717392651464595,0.3342443642943104,0.882928960828654,0.8985798875957728,7.399237185192405e-08,0.005669931392458732,3.5896525687348996e-07
151,0.8977379196063594,0.9111182080375845,1694054611.5720608,9,20.53893590129423,0.983493807183953,0.3749841335108318,0.962469732130292,0.9439022072881629,6.432298787973356e-07,0.17147631517081882,7.824630123057807e-08
152,0.8965591961481394,0.9101864640655075,1694054614.300558,9,29.202307187204642,0.9999906258748534,0.592699233606822,0.9873095179737409,0.936832172799217,1.4227499945047048e-06,0.42411407830597964,7.25573317768672e-08
153,0.8964180063493137,0.9089675275072548,1694054618.3907535,9,52.57691154511073,0.9863020882949785,0.41095485464305415,0.9713320155262543,0.9226037274986566,4.2680651979744575e-07,0.13415167790813157,4.4760726075722375e-08
154,0.8974521582171195,0.9093633345562626,1694054622.7164524,9,19.91417508426593,0.9578623092722478,0.28411567747754707,0.960215868846655,0.9745494165644079,7.846065981959181e-07,0.05123623476638926,2.280644171747475e-07
155,0.883550542988912,0.8923373615117263,1694054624.2361777,9,157.40140567126596,0.9593956611632525,0.7897804302230088,0.9583721486426756,0.9533095742085389,9.31125813853397e-07,0.05417856171018573,1.2322814204343562e-07
156,0.8938901171368062,0.9071271306093658,1694054625.7902117,8,15.215915897757922,0.9700109843619916,0.20790245855521913,0.9817620124287394,0.9717015227996666,1.0901126949021469e-06,0.08387356022013819,2.1371245211276436e-07
157,0.880357793550078,0.8938473759916905,1694054627.3076086,9,32.000917215064256,0.9525368265914854,0.011167072386711788,0.9508735326526999,0.7638372237518039,2.2444180033357027e-06,0.03889658993377057,2.207769887051893e-08
158,0.8859555040771725,0.8970440680280637,1694054628.9078362,10,108.22397580471758,0.981603399006533,0.30670162778203885,0.963205168512368,0.8706837955989604,2.7967448267516437e-07,0.16940862640220247,4.133975646845483e-08
159,0.8890321735197264,0.9022130097827226,1694054630.114822,3,9.25982704152538,0.964317951424147,0.4864998076892656,0.9179269083700422,0.9570181426116473,5.893946071167013e-07,0.017833275940756777,6.478095648136619e-08
160,0.8853674105199081,0.8966921505394797,1694054633.1799173,8,63.4182384089799,0.9411981144991156,0.1672845916544837,0.9424270926120728,0.9402664163965752,1.7204427853683252e-07,0.0017812598911292412,2.6633265414680714e-07
161,0.8935691851150445,0.9069914384882148,1694054637.7044675,9,3.828748564157498,0.9741683519147765,0.25463479215535556,0.9229343102397216,0.9808902141391558,1.1990635782557177e-07,0.6831936449528717,4.1209842754457765e-07
162,0.8963793693804134,0.9078362135515936,1694054640.6022182,9,24.189773975022685,0.989369924618593,0.38501100185011466,0.8934822289708694,0.9778975764392115,3.019439074801206e-07,19.98510570539311,1.3950208994797961e-07
163,0.8926530577736821,0.9038141547156078,1694054642.2340763,9,11.88524085148068,0.9574110447795455,0.6609143130469912,0.9735706349864536,0.9652562953434775,6.66758239769098e-07,0.3077753938838281,1.850116516238453e-07
164,0.8888916600792185,0.904494290987399,1694054644.0583892,9,1.5011757828762977,0.9375011144430049,0.2832776569250385,0.9061076638386963,0.976814621678731,2.8180654628522757e-06,0.009244046038861455,4.772161151379323e-07
165,0.8923008441797252,0.905543911620291,1694054645.3820684,5,6.150884166657514,0.9783189014236688,0.4396408562696536,0.9312571038236951,0.9989677182073321,2.0466504402631786e-07,0.0036097445519462285,1.1376884503520434e-07
166,0.8937747134988439,0.9076535107118517,1694054646.9625132,6,33.7078477648462,0.9673633116493917,0.5569290520684177,0.8730479379624342,0.9632438366839695,6.081265676485921e-08,0.028610985394008755,2.907440102648765e-07
167,0.8889151635307595,0.8976014203313606,1694054650.3655763,10,20.670121001926947,0.9479631893793368,0.22457322155145318,0.9887659646587719,0.9479846834403598,3.876580722792245e-07,69.62723382968021,7.270164263088718e-08
168,0.8935056919779676,0.9044415259211541,1694054654.5215125,9,67.98871923687855,0.9999940048767862,0.3359345822194473,0.9535385560459985,0.9817776958282434,8.416557620717847e-08,0.060485540359227166,4.837977480035903e-07
169,0.8878321447744979,0.90006378395148,1694054656.792528,9,9.77336971392191,0.9912895141002783,0.08547030214029133,0.7273969476520731,0.9687384334666782,9.214908243626532e-07,0.012877554866419479,2.704816841433866e-08
170,0.8909716309958108,0.903475016482293,1694054658.2153323,7,17.286340445293742,0.9765730106649447,0.14737887517454645,0.9648660051372052,0.7031202237329379,4.1508726891736345e-08,0.12757367010876816,9.136832411043533e-07
171,0.89531774045595,0.9113579479712692,1694054659.984799,9,18.79464947181552,0.9886473244351641,0.3664650210473806,0.9621910081403805,0.9441190513265024,4.231553665113857e-07,0.1647102736362129,7.911876174707148e-08
172,0.8936284510126352,0.9060086143228862,1694054661.7827718,9,4.229145289967388,0.9808197114100385,0.4025665989821723,0.9736104957239253,0.9146912674317822,6.643275983860187e-07,0.20050536191943402,9.826658888959323e-08
173,0.892852498932622,0.9108474498683075,1694054664.0663245,9,40.42082371284081,0.9637457143873582,0.5647926769760857,0.9415610850203181,0.9293825689528947,1.2422246568911854e-07,0.09011637053299015,2.0128078576551773e-07
174,0.8948682158090302,0.9092832248299678,1694054667.505118,8,15.638331330087663,0.9819834160802275,0.2859955030698185,0.9569783870817413,0.9523972211749482,1.5710057461270128e-06,0.51330583326853,5.148470459986277e-08
175,0.8762160288466821,0.8876360226508802,1694054671.8868847,9,7.220392309161972,0.9553349221377132,0.0007980258230937173,0.9999474522543339,0.985983230859525,2.0761152983369843e-07,0.005628515573185446,3.170670146274787e-07
176,0.8845596695989618,0.8939308462570151,1694054673.8447227,8,102.17940913542323,0.7515456466921945,0.4644777139187974,0.9152644846837393,0.9996705378751332,5.606165449808203e-07,0.9727806884784086,1.548959080299412e-07
177,0.8942219554364412,0.9073291588502677,1694054675.613972,9,38.0287675845178,0.9701447844402052,0.7473964180997805,0.8975437877917212,0.947027733388504,3.212957386156145e-07,2.7033349419701826,3.133937071107668e-08
178,0.8929683252945328,0.9067625535559438,1694054677.5196795,9,2.606157328532624,0.9457728829808131,0.36405422765904905,0.928784607341199,0.9600976290052187,3.84563101919057e-06,5.275754561458818,6.214219166902664e-07
179,0.86104184544367,0.8664846795143235,1694054678.6773117,2,249.7542587721693,0.9596913480447891,0.23972728552026323,0.9811838041722234,0.9379386402506011,1.3512276172355692e-07,0.27461831044589885,1.0519242251189327e-07
180,0.8981180329809225,0.9078778289938247,1694054681.1837778,10,11.990434608551974,0.9916856325837872,0.47569475571939906,0.9471630568320982,0.9738427572234364,2.107002622854094e-07,0.00253891066709427,2.33493308578485e-07
181,0.8965699333364332,0.9074039285419401,1694054684.568392,10,11.72421650975364,0.9906467736573825,0.5205756116348661,0.947590096782264,0.9729574099769943,2.2343925022655154e-07,0.002788496240563454,2.078039795120277e-07
182,0.897789238293717,0.9095162620995056,1694054689.3028347,10,21.652589287301513,0.977942822858849,0.3174953440676483,0.9612866288655342,0.9849863965633201,8.440246929924628e-08,0.0022324389688415484,3.4148720043225095e-07
183,0.8965833759579981,0.9087130380296643,1694054691.9382374,10,36.55915311748217,0.972354740487032,0.29680020130562734,0.9696115800105267,0.9858557257010947,7.229200428562877e-08,0.001905482167424626,3.5861091027415537e-07
184,0.8915463664763,0.8992387762231607,1694054694.13529,11,7.10020372305393,0.9912710940584808,0.6552238735581423,0.936715124260984,0.9885516717075902,1.01253585038791e-07,0.0038290875662767196,6.132664845042519e-07
185,0.8974574845388715,0.9110928981148647,1694054696.2154214,10,22.61441996578953,0.9995776272766775,0.4571327200688298,0.8841727454776698,0.9742971123102012,3.872302291458397e-08,0.001120142092186428,1.0814355440402122e-06
186,0.8897688122725216,0.9042572302779817,1694054698.6154234,10,62.298771459867545,0.9972720755220508,0.8783093217748615,0.9889115212571051,0.9716851854279905,4.005529487066904e-08,0.001394310863963576,2.0990623280337363e-07
187,0.8964844585540306,0.9118548658137686,1694054702.6228096,10,21.901381976253745,0.9812254018976332,0.45418502894489826,0.7737324969317668,0.9612475883810517,3.074156670585921e-08,0.00025193855777960717,9.306427118681546e-07
188,0.8842911553468238,0.896564137019838,1694054705.6628044,11,127.68120123436529,0.9698252256859118,0.5585017736867852,0.9068348706382687,0.7966670041541816,5.908093456218211e-08,0.0006235837161271102,3.067433111501092e-07
189,0.8961989507991597,0.9093619903406507,1694054708.69589,10,47.868338150373816,0.9990797220685185,0.3700552978544543,0.8851286019158245,0.9913836919689923,1.7658721275388205e-08,0.0010152382462982339,1.278068667501598e-06
190,0.8623008864521202,0.8802532682669143,1694054710.6454897,10,0.013198890797150996,0.9854919597381486,0.6639400921803493,0.9502008957356208,0.8269050906185668,1.367397884957865e-07,0.0024878444998206917,4.2449206061730366e-07
191,0.8964830212926053,0.9075403111848094,1694054712.9640229,10,11.495646045264388,0.8327652113856846,0.1932731655659966,0.8769434577020647,0.978507273770138,9.771316780520554e-08,0.006871579884588429,6.161982545797168e-07
192,0.895851133534268,0.9083844693821196,1694054715.264238,8,26.71330770531787,0.8101983916705824,0.3215051908991084,0.8583727239743986,0.9805771306040273,1.8720442663507645e-07,0.0038567598954208056,1.5707841061223184e-07
193,0.892565807550695,0.9050297951835244,1694054718.6635644,10,5.514566758042668,0.9652637756010434,0.45676752435521906,0.8964595136546798,0.9694577516578577,6.007808371799684e-08,0.009701019561106522,1.1773533979887047e-06
194,0.8964380434644765,0.9073535388704066,1694054723.054515,9,19.167101131664726,0.9754182975063869,0.2462815039112911,0.9164878521259181,0.9907113984887228,2.714339692225314e-07,0.002006075533851979,2.687996562028021e-07
195,0.8964813303968109,0.906333030633164,1694054725.9509766,9,3.605765073859283,0.7923777970546833,0.33879456702483407,0.9776336115095196,0.9999084138151724,4.300263755107634e-08,0.00043810846854725795,5.041600642153598e-07
196,0.8933663621645158,0.9063094055834371,1694054727.6779225,9,9.45924188081496,0.9531524158213505,0.5172714052771696,0.8884159130909635,0.9552366316980098,1.6166962197207427e-07,0.0008979310155935357,2.191986539082516e-06
197,0.8909924290140809,0.9044123030420299,1694054729.6135406,9,67.6145941610399,0.9885282135734477,0.4133073620252333,0.9269300634921398,0.9788098482696759,9.243456301487579e-08,0.03934227112813149,8.19541633844228e-07
198,0.8944023740176952,0.9059898229251885,1694054731.3335302,8,32.73827715246082,0.7105127455531686,0.26662332983906756,0.8687541073545701,0.9660327326698693,2.3487541089559527e-08,0.0054631183059346685,1.0959037300765864e-07
199,0.8778904384070071,0.887778306952703,1694054733.840457,10,0.4946751467871972,0.9269174318839987,0.00011526233763613656,0.9666590642357418,0.9850019468550593,3.781021000724209e-07,0.01722027009794105,3.7986580892610174e-07
200,0.8853618305637868,0.8987103890042132,1694054737.6989386,9,1.3003051500797032,0.9779576893925661,0.03260215412132629,0.8200299329903443,0.9240336499539755,6.930944201401428e-08,0.0014272905033007601,1.984941840246764e-07
201,0.8965617324918309,0.9125434724853059,1694054741.910705,9,16.333430457447704,0.9825440298268019,0.4047839143771346,0.9605078878720028,0.9410733546628473,8.059198788538082e-07,0.08593133969283356,7.854855402435149e-08
202,0.887589839407172,0.8999383944143678,1694054743.77299,9,21.904935153323372,0.9629812471459507,0.060994674040808376,0.9553439763234796,0.9493554781722462,4.425307198404661e-07,0.18942807164274508,4.9694712250420245e-08
203,0.8978649904253025,0.911198603179523,1694054745.589947,9,12.228477905266729,0.9886721514360883,0.3476953860852865,0.9416021848354528,0.9617324911161818,1.2401620183069947e-06,0.002883592164029659,1.2037588941086105e-07
204,0.8959981569235842,0.9074965044869916,1694054747.474875,6,6.915498315842312,0.999426010379874,0.32144582406943684,0.9382952105447283,0.9611894738749676,1.1435206350499918e-06,0.0025378932139677774,1.3394129789508342e-07
205,0.8962617675779188,0.906967325469807,1694054750.250946,10,11.97557598099705,0.8535782463372508,0.2035851165989124,0.94599021499441,0.9741350576785799,1.3734686497489255e-07,0.004602039938402168,3.0760470312783537e-07
206,0.8929938578210271,0.9086936942145918,1694054754.2938387,9,44.06892121781801,0.9734649886477571,0.5653289207756652,0.9066935074503873,0.9721116474160181,2.918254722479755e-07,0.008058196506258596,1.4158512678176484e-07
207,0.8938746454402882,0.9057050885963303,1694054758.3229704,9,3.029191903446569,0.9902107199740457,0.26533612553126823,0.91940049561336,0.9909708425326335,1.3702807442069135e-06,0.003349754482516947,6.299068305574213e-08
208,0.8883396671471628,0.899236354793668,1694054760.7422898,8,81.50285535255894,0.8789035195835748,0.39766760425187325,0.9771831417084837,0.9583412799209339,1.9060877724707972e-06,0.01050580823992419,2.3805732734041428e-07
209,0.8788566162638812,0.8897565780203734,1694054762.186796,9,27.427036479698124,0.9375003673230242,0.006290115449650441,0.6633158669420572,0.979104846424399,2.1073485918585923e-07,0.0016297785405532676,5.823836758574855e-07
210,0.8918474304724786,0.903256802412311,1694054764.0460646,9,11.031540145272487,0.9586014275909515,0.11940870748146484,0.8989565188918567,0.9349154348403697,1.0313101149865055e-07,0.023958507294033312,1.4381926294630908e-06
211,0.8982707208711495,0.9116936980446857,1694054766.4627645,9,18.79568679671712,0.9809395503181091,0.3441991842115074,0.9593749293283838,0.9464939695989238,6.667294819383213e-07,0.000147674672601473,9.216006958994947e-08
212,0.8972090074018962,0.9078857838040212,1694054770.9765544,9,5.436325812754696,0.9796052973818825,0.32589592279852836,0.9626146272000834,0.9560592780993099,7.313636054279739e-07,0.000247473160600573,1.129823990580382e-07
213,0.8965812623382553,0.9055809419983116,1694054775.313455,9,6.452838631296443,0.9831665297503983,0.47277640093639767,0.9668891830791703,0.950918010364326,9.313350525601792e-07,0.0001662837101525826,9.116531877237825e-08
214,0.8972370762720822,0.9107138108983994,1694054777.0687997,9,17.087482284016357,0.9720789548191188,0.3136709835944368,0.956269868542769,0.9295205320873451,6.528480757804925e-07,6.236269256661003e-05,4.7026802793274166e-08
215,0.893478806734838,0.908983225367654,1694054778.688007,9,38.91865361589273,0.9707931798664922,0.6259539818310114,0.9512683110122425,0.9143468009446297,2.706494149767648e-06,2.3359809599494264e-05,2.970473832724561e-08
216,0.8973795342427533,0.910212473716902,1694054780.6319802,8,18.963379012982923,0.9907593319655152,0.3726505779092964,0.9387163146799521,0.9363267804273254,5.128668562287905e-07,5.977223149940082e-05,1.260256680023503e-08
217,0.8927272880990527,0.9071702375785086,1694054782.577962,8,60.67507818900119,0.9892675325158388,0.4441693265442422,0.9354143462416693,0.9384758057950715,4.208983346386989e-07,0.00010120226809754453,1.5011144361129844e-08
218,0.8791425467427006,0.8936911431511552,1694054784.1996398,8,29.69661689445438,0.9921131968896855,0.01660513193875816,0.946033024340491,0.5311024013395114,4.939444071663628e-06,4.2827598819560603e-05,7.343547230693392e-08
219,0.8868597951479745,0.898912297554684,1694054787.6697571,8,116.65263477914766,0.9988633052824485,0.3764617361666866,0.9283562324450313,0.922197888475216,1.7915372297640662e-06,0.00013266857534897607,1.1045303631165852e-08
220,0.889085859461196,0.9034370746156041,1694054791.5039263,8,12.83602340353536,0.9637202525885996,0.7827437589424503,0.9843267952976733,0.9653843273551684,1.177803866793626e-06,0.005496979627726271,2.2730452436943297e-08
221,0.8960159113294246,0.9096095561871445,1694054794.6826818,9,16.141117663900193,0.9744258765134907,0.30549307386688357,0.9574814361357967,0.9315053962340386,5.81688663225889e-07,4.2362938555690284e-05,3.996734648249824e-08
222,0.8815863984342306,0.8899325966098809,1694054796.8762565,9,0.004296770867601412,0.9829972573395559,0.5003267079595357,0.9735406977520287,0.9288195387954655,6.744917648556825e-07,5.301727754726002e-05,4.440510019364054e-08
223,0.5,0.5,1694054797.90841,9,2126.365792365649,0.9690976834763528,0.25276087728515806,0.9396446278495595,0.5860206196616369,3.0340826901911775e-07,6.389152669099083e-05,1.6185727451770018e-08
224,0.8974571463597127,0.911467225334951,1694054800.1406515,10,25.989689528294857,0.9887115684808899,0.35719464923990507,0.8084949544996383,0.9052790659798581,4.72203371197814e-07,0.0001787240683904394,5.2485827565121277e-08
225,0.8952396210702527,0.909375036597651,1694054804.128699,10,27.373341812111533,0.9857207329285979,0.4118974088679553,0.9127332639188921,0.907340508620841,1.7375091915868342e-07,0.00030378089123997626,2.1360964275041716e-08
226,0.8934527669396054,0.9101735835337197,1694054807.8812795,10,44.824555381213116,0.9995604540980845,0.5703610683313167,0.7637896269548127,0.8995866722133379,5.013554638923721e-08,0.00016388502553314868,1.4699280159681247e-07
227,0.8841834452847257,0.8984397229044985,1694054810.8940914,11,1.571185682410884e-08,0.9496033491712756,0.36510159517660157,0.8560827536794662,0.8632411698742195,8.12599108591914e-06,8.440607527285492e-05,2.0677848672026842e-07
228,0.8941479787454399,0.9068335668094677,1694054812.3412247,7,10.457244409369766,0.9904210933604994,0.21119054887454924,0.9253283101047411,0.9442484984171876,3.4649730323975733e-07,0.0007628376884750486,6.392813283071832e-08
229,0.8038029937310038,0.8070394601306017,1694054813.3907804,1,19.819202188248337,0.9794185708628599,0.049465416939161656,0.8869349900453232,0.9896012403092183,8.541431158649534e-08,0.003069864677674078,9.156614374069379e-08
230,0.893807432332464,0.9035893760858223,1694054815.2239928,10,75.43913428421087,0.9611335503913635,0.45098576361642656,0.8086274642937124,0.9997934371489933,1.2147048985666684e-06,0.06511084798381456,2.853260298074031e-07
231,0.8962895828137353,0.9095671581536325,1694054818.5888019,9,20.457476352080796,0.9734258990793611,0.3091413563371973,0.8287519071327601,0.9220778739230343,5.222155448279978e-07,6.191044786987238e-05,3.0807527276174786e-08
232,0.5,0.5,1694054820.3145874,10,13983.84808339374,0.9902059351317758,0.34042963281531224,0.9486051656347513,0.8920250374205924,6.960947924305307e-07,0.00011780792894723087,4.56274511644724e-08
233,0.89436821792265,0.9088621999278028,1694054824.0684795,9,13.32311825713696,0.9709867671372361,0.2668255473201458,0.7902560027540201,0.9119394928482922,2.0996519725804728e-07,0.002344828932692222,5.8796081581719354e-08
234,0.8951327564560516,0.9101156625719771,1694054825.8969872,8,36.59121612246432,0.9806979013308805,0.48589466561141403,0.9554463441850042,0.9373780946384762,8.816097811049394e-07,0.000345220366230525,1.3593917778118907e-07
235,0.8906029311678595,0.903136274148097,1694054827.5337799,9,8.400569667201438,0.9547228748313945,0.6367118279501454,0.9676771282927801,0.9480904218057367,1.308912904468721e-07,0.006296886237697871,1.3645988134501696e-08
236,0.8966912551096757,0.910390416560265,1694054829.265679,9,22.939469996874802,0.9636545206234048,0.3542145253881941,0.9776256107616208,0.9290730227958663,4.236870075814937e-07,0.00010484759852968388,3.588800692544324e-08
237,0.8781133830174881,0.8892030926386998,1694054831.4477777,10,49.144127248646626,0.629458311225157,0.040323480908324,0.9920706263148557,0.882478421562076,2.4598959172342998e-06,0.0012206742659522387,2.072773088115728e-07
238,0.8750667269752833,0.8855751099439474,1694054833.6992455,9,0.00018752130682968073,0.9857042434741736,1.2410833085581719e-05,0.9354719260910056,0.968928217107533,2.743511107202184e-07,7.79255247201558e-05,9.358095936571462e-08
239,0.8925657230059055,0.9080462978792108,1694054836.4672084,8,16.568012311255742,0.9993949204984389,0.2844421048998069,0.8373730310111654,0.8586260150307853,3.0411315798863287e-08,0.09713059366259345,3.7932541099770065e-07
240,0.8923428629402141,0.9082701281925029,1694054840.5647573,10,4.151672490646842,0.9752070548981387,0.18477587730704256,0.8121597475854542,0.8392774419845634,7.106841284433344e-05,0.000152922332628395,1.5433512027041172e-07
241,0.8979345707872388,0.9086676569423286,1694054844.1588526,9,6.235259925586698,0.9782711473719072,0.3292183960599929,0.9614754518560268,0.9559490619057095,7.72312774419123e-07,0.00020003672551687006,1.1514098792749787e-07
242,0.8994301681173144,0.9089851312075968,1694054846.1783798,9,8.232602709169758,0.9774335538961039,0.41685570728662574,0.8027355167023004,0.9563119525528168,1.5835271758067675e-06,0.00023940075101918937,5.8771727451012845e-08
243,0.8958747215305988,0.9086606872764504,1694054847.6687331,9,6.920609349417154,0.9877426006609471,0.4215289870596019,0.7800494849381285,0.9569871145271871,1.3001637951041149e-06,0.00020281410797480287,8.604010604937235e-08
244,0.8842992716466367,0.897016815437576,1694054849.1523418,9,9.777964509184045,0.9790427700065141,0.00199374714862639,0.7970909241469066,0.9479136690742147,2.044976383982379e-06,0.00038905303153761317,1.326334198895451e-07
245,0.8840102975553874,0.8946276931543923,1694054850.9248679,9,34.52198011247954,0.9664125971200052,0.06924696574705301,0.843180853293385,0.9815035400646114,1.0211132705530752e-06,0.00021175157614695457,2.3834700504996187e-07
246,0.8903847210656024,0.9049187224633749,1694054852.7214658,6,4.673985650273567,0.9922375478081567,0.5549662333967275,0.8208115229935812,0.9656903330019172,7.335621100516363e-08,0.0005775176192348108,7.041868669773701e-08
247,0.8970411014495204,0.9108857139784651,1694054855.8060236,9,25.807065756356508,0.9565492013708035,0.39328493208155724,0.9029660667779867,0.9600605414220071,1.2835097035991026e-07,0.0039103545382784015,4.0657863795858984e-07
248,0.8919963983919582,0.9081930475548129,1694054859.5611482,9,10.73421550571398,0.9814708008754527,0.5004232693174583,0.7592691728660694,0.943334786832662,1.5951481776094963e-06,0.12940153065019858,1.8041781651960872e-07
249,0.8930095831519144,0.9049949928889154,1694054862.3922374,8,2.78913650190046,0.9662770757859567,0.23787162255147787,0.8513064143351905,0.9737542649856505,5.338681956732126e-08,0.047689393112275276,1.9352450873789697e-08
250,0.8938700800216435,0.9044989681211718,1694054863.9187474,9,73.37615018555785,0.9998147779928226,0.40838199083257537,0.8311684809141244,0.9837180842955457,3.872070019980854e-06,0.013782680289221413,1.0320071474664673e-08
251,0.8900900824734425,0.9053433012506509,1694054865.5852823,8,15.26317048721438,0.9452901333943505,0.6929176181350448,0.8465530251846265,0.9536515748685948,5.109992336165889e-07,0.0016918056031466817,1.0446654319853857e-07
252,0.8978313415989956,0.9074305734733153,1694054867.4741614,10,6.647343959995759,0.9897561143597317,0.34163355356842723,0.9684484099810787,0.9728634593430049,2.2426072378984374e-07,0.007589277212905213,5.051829322286505e-07
253,0.8972824768241595,0.9061920168913029,1694054870.232776,10,5.6919225665260855,0.975599325052245,0.30154422585833707,0.9718404056650878,0.99120557947146,2.525561316376771e-07,0.010226051915407881,6.757578832854032e-07
254,0.8906399617857551,0.9008375273474221,1694054874.5756655,10,2.4731017919522262,0.9854462887540621,0.4893293857973927,0.7373879267744378,0.9730755201261712,4.3691827853484066e-07,0.007021157299532706,4.6927649074908116e-07
255,0.883511821475222,0.8990527128443889,1694054878.4205785,10,0.1352695906561679,0.9568835780599921,0.35364433415355384,0.9123315763017222,0.7697774427913533,1.8246702771382204e-07,0.0034728435553987354,7.729884859420565e-07
256,0.8744458300396092,0.8859051885323161,1694054880.189873,10,7.455949639082884,0.9709240454514125,0.9908688154282197,0.7740842261973518,0.8148026481159698,9.372151554190243e-07,0.0054109548676626,3.4441292850052403e-07
257,0.8865349740658858,0.896729309814888,1694054882.116457,11,11.118882361853117,0.9197188584721839,0.027211029924059014,0.804873373118981,0.9810896705738295,3.438545764920323e-07,0.0024983531197533965,3.4580152410505027e-08
258,0.8421460003973607,0.8479843413244066,1694054883.344831,10,498.3409758886863,0.9893374556834751,0.08815808707722306,0.9869362934624455,0.9646759342290513,0.0005412328725600916,0.0002955708512745667,2.8049105252232646e-07
259,0.8898815950220028,0.8991129263382367,1694054885.3158286,8,0.04388263548278667,0.9812258168336764,0.2258892945887593,0.7969565497727354,0.9894594385128336,7.134705215354576e-07,0.013279764318585928,5.477159314622611e-08
260,0.8964597714754334,0.9102652479901031,1694054888.722427,9,43.974071569286984,0.9646986285597575,0.5800638619015122,0.8934954007872985,0.9772819395726813,2.9458539350479805e-06,0.00013113540908465298,5.680354377211754e-07
261,0.8685788443572696,0.8778801108458608,1694054891.829928,10,199.85472343170898,0.8656285245546571,0.1550762223701801,0.9432844785399966,0.9658112634523577,1.8371036095045424e-06,0.0007425049213721218,1.0651026469970288e-06
262,0.8901358212046787,0.904250168542541,1694054895.5586066,9,1.5196221300419117,0.9489982532784133,0.2787425191380091,0.8627857946419338,0.9992478581617465,1.6957255242585926e-07,0.01971045364399314,2.296088957129917e-07
263,0.8977978618622681,0.9102585729468249,1694054897.2314882,9,20.602268899102114,0.9750767592951284,0.4099870007619225,0.921412470859137,0.9570081077007472,8.847012528982792e-06,3.211879983509318e-07,7.338322027697005e-08
264,0.8908866634821463,0.9053326211814059,1694054899.2154715,9,4.6727995166530825,0.9915692063188704,0.4611033383087151,0.7486635821541292,0.9524817400096744,1.2187861735361374e-05,2.58516653406343e-05,7.62032275651328e-08
265,0.8924204750571735,0.9070499118673321,1694054901.3128161,9,15.768338598570972,0.9777408276037287,0.6313202656095944,0.9646690414803762,0.9557981121328684,1.3542271139461308e-06,2.7762378663615403e-08,4.4903710899555326e-08
266,0.8824454580425345,0.8939862168918773,1694054903.8337522,9,7.826434052995559,0.9348271778210844,0.8154117340104747,0.922683972044039,0.944097734996716,4.956024315864095e-07,5.825205976752264e-07,1.1399475289872252e-07
267,0.8962907664407911,0.9094364101679856,1694054908.60846,10,22.536114156109395,0.8885667158743438,0.34561020218164984,0.9295225267171354,0.961700726830047,8.486632325578482e-07,2.0772896972714412e-06,2.872210815117968e-08
268,0.8962352205139479,0.9104167668690405,1694054913.0387914,9,24.389147742864814,0.9628922573374494,0.4463420243283965,0.9493904874246122,0.9369614981538146,2.225818581899675e-06,0.0005395281000298205,7.83979913323083e-08
269,0.8950550597943026,0.9055510193905129,1694054914.7201035,9,3.7773844204434615,0.9888305806793053,0.23519141148533726,0.9799666082015706,0.9722791595564427,4.491312849709483e-06,1.0455428037803895e-05,1.5951001805606057e-07
270,0.8938933298388155,0.9072801410152149,1694054916.6099453,10,10.980714694050537,0.9772044191503769,0.525521682716145,0.8234656720811915,0.9200057641272431,2.6034788567736767e-07,0.001262462664926133,5.322530760332755e-08
271,0.8666332996563255,0.880325957186475,1694054918.6680508,9,95.27559248808664,0.9538291931173759,0.0008284612208738579,0.9574635093392886,0.9497818657249105,1.246687966251131e-06,0.00018554178439001567,0.0002392013760564888
272,0.8876190919044136,0.902344273357919,1694054920.278818,6,0.021225543424536718,0.9706667783901588,0.3041524221459082,0.9175541444377812,0.7913087329626413,5.129693913005039e-07,0.0003070536473456576,1.0614251820892483e-07
273,0.8830717658447504,0.8944968254783143,1694054923.4289997,9,55.42382217919399,0.8368712156958505,0.10670303908663847,0.9384991690430392,0.878661026364778,2.9962781234876295e-05,0.0008389875636987203,1.984243784646314e-07
274,0.8999795401608888,0.9094501193258357,1694054928.904664,10,6.693058205510726,0.9904753632432665,0.40185704893863144,0.9682967873627902,0.9716733514328207,5.800024998582717e-06,0.03473603627817718,2.5810973375073018e-08
275,0.8928370272361039,0.9027000025263888,1694054931.8909988,10,2.2897705421061385,0.9830906428663829,0.46078443295520183,0.9711147083533342,0.9721895424462601,4.885581127384137e-06,0.035048677411208665,6.196851703581418e-08
276,0.881500839107038,0.8958314290278833,1694054933.8794577,11,5.7155883933708544,0.9658084905030774,0.725278520773656,0.9945346335185651,0.9830610450706023,7.310366875709783e-06,0.028886808137133412,3.031388061673712e-07
277,0.8954734719586068,0.9065504713188214,1694054935.830182,10,7.041489464753186,0.9783751774811336,0.19489438180419208,0.9658202174709832,0.9622102419212025,2.454048980054179e-06,0.04364915433649771,0.010774874260782049
278,0.8812988616044065,0.8909542557166544,1694054938.8882859,10,6.692603733482162e-07,0.9101330091544152,0.003836148930989286,0.9812669550029456,0.9757100168064862,1.6681373634547e-05,0.0663126175221526,2.7157144233519876e-08
279,0.8879939635020143,0.9023972409772013,1694054943.0511599,10,0.9610448733902441,0.9455419254453928,0.29074578588076944,0.8805514216375077,0.9917730471995271,1.3306271987306373e-06,0.009459009353203922,1.2110739964758786e-07
280,0.8924790645964464,0.9053202930669925,1694054946.6109483,10,12.612312545035387,0.9998223296342057,0.5851418191296412,0.6995005256889114,0.9574586809888317,7.25571731092775e-06,0.020356528646215323,1.3181524532060906e-05
281,0.8956769712674533,0.9099566400236995,1694054948.3940892,9,32.48148815750544,0.9569719806586612,0.3977197870091405,0.9756337586917663,0.967633998441595,3.386599304415175e-06,0.0042761464087704894,9.204930139812387e-07
282,0.8935019720072201,0.904350699297789,1694054949.7340853,5,3.963669144473766,0.9905309455812248,0.34336523322731927,0.9563485744824215,0.9797109425321379,0.03855103695982431,0.002322686849809103,3.4647793308737646e-05
283,0.8892784524921691,0.9009989344973677,1694054951.3989012,9,0.46774390892699336,0.8239084703078463,0.2501569464352243,0.7907580496258739,0.9863671653991373,9.825064059828853e-08,0.0014925616045357653,2.292650593293511e-06
284,0.8815825093739036,0.8934799724027009,1694054953.1953895,10,11.39092939538322,0.9730883841879384,0.014219940638400975,0.9077862304878326,0.9602962429493153,3.0740339960459794e-07,0.0005182619162265545,4.86467525176542e-07
285,0.8971341852629977,0.9087006915013387,1694054956.1178954,9,25.67111581252348,0.9811080803215476,0.5066353907571843,0.8706625134219221,0.8702951590924948,8.104622265740769e-07,0.007224506178270781,6.269531929146783e-06
286,0.8826467591868481,0.8972415204117115,1694054959.898128,9,57.65515076248102,0.9997438170551317,0.0716829743605579,0.9890841899114815,0.703793849389567,2.0449099598331483e-06,0.014436126728332613,1.7032261056451815e-07
287,0.8864659009726877,0.896246156371976,1694054963.4477644,9,128.38210616244587,0.9656044460823906,0.6545336451325965,0.9660374033464959,0.9500570032008541,3.9631747252930254e-08,0.001036144419885272,3.988531594303668e-08
288,0.7959680589784452,0.7988213770203652,1694054964.488526,11,846.8666732734063,0.9867844867532145,0.008089071653124702,0.9481826106535464,0.7420640729684094,1.652657715965297e-07,7.891210629732721e-07,8.134453366513596e-08
289,0.886103288369596,0.9031078983089473,1694054966.62422,10,1.7225605999067404,0.7884367366873694,0.40149982262105544,0.8111375230197754,0.999967293750439,3.389232786591773e-06,0.218151610002857,5.509755717777064e-05
290,0.8879136459517841,0.900656362069373,1694054968.4877675,9,0.08249909378911922,0.958309857103094,0.1789791553403639,0.9006839618693581,0.9702877543170059,6.890684358175641e-08,0.07360057295568734,3.6458192906804603e-07
291,0.8987584597630209,0.9090635100261176,1694054970.08756,9,8.441654664054507,0.9738628360298415,0.3301984203820871,0.9599590463105901,0.8870197220930813,2.3930169603943583e-07,0.00036562048304577643,2.405246522353631e-07
292,0.8907617908277358,0.9056203661849563,1694054973.2930722,10,7.83440806213214,0.9754123821107702,0.5243135846890061,0.9730874619440724,0.8942587980361517,1.25329281367706e-07,0.00012199262635003482,5.5754943025866113e-08
293,0.8872996816888667,0.8978604212175118,1694054977.1421485,9,3.35038373551945,0.9893493031458352,0.025828669787421935,0.9202411276485183,0.9126157117987114,2.36019009382999e-07,0.0003884555421802842,1.4815556979040449e-06
294,0.8876872350049247,0.9009841205047682,1694054980.6987407,9,0.3360848320165581,0.8741955074053481,0.35173832417826545,0.8396317644585345,0.9036893028186131,1.109119527364683e-08,0.00020501463183337842,1.320925734002736e-07
295,0.8879573556080672,0.8985234325506856,1694054981.9639947,7,6.082295015624869,0.9812076960246066,0.7993274845189955,0.5904240672303616,0.8847720356924043,3.481831581247645e-07,0.0002712373969807537,7.194922890732286e-07
296,0.8941405388039448,0.9109216211078237,1694054983.7913857,10,17.027960335477044,0.9692981172187162,0.399403399332532,0.983478979689108,0.9274444923574485,7.642130686648978e-08,0.0020268794642797788,2.662361854921442e-07
297,0.8879439129865025,0.9010228633766505,1694054985.7236826,9,36.649927273693145,0.9908063098596093,0.1373315454333828,0.9997468907196835,0.8916592085027113,1.78987479540324e-07,0.00042012220971141245,2.6441044452891436e-08
298,0.8856882579968803,0.8977763156722061,1694054987.748067,10,10.313274230386186,0.9998254439865396,0.01673115832992161,0.9519239133675581,0.9403848990933563,2.5558807629164237e-08,0.0042075533574545965,8.254528043379696e-08
299,0.8922597554119234,0.9049810903849841,1694054990.4678059,6,4.728383368844071,0.9371061507457391,0.24162588539678437,0.9332266203340599,0.91049468398357,4.956294386047915e-08,0.010100170844084823,4.631249683632458e-07
300,0.5,0.5,1694054992.0612593,9,3756.586051241492,0.9752231385862982,0.3072679286000615,0.8891233092430973,0.9538645452743669,1.2892475306586393e-07,0.0009537285397834707,1.695882457263109e-07
301,0.8834885716580501,0.8999021374206719,1694054994.9486947,9,1.914747948463818,0.8603331935012893,0.46333253359708965,0.8265718043009246,0.6514397842808816,29.90742832172847,6.460555995579562e-08,3.9123750131164825e-08
302,0.862947485003868,0.8710508786713936,1694054997.003809,10,360.8018106400215,0.8496300749628962,0.646110914559463,0.9644799611439238,0.8379084348697936,2.6873586027537815e-05,1.468849039016774e-05,0.0005721969868609453
303,0.8974772680196651,0.9096392578279936,1694054998.9405081,9,14.440507477075258,0.9007865895844704,0.400535390246278,0.7713044939410539,0.983278117841827,2.662064211629255e-07,2.414042325062163e-06,2.7733907090038097e-07
304,0.5,0.5,1694054999.9004812,9,53282.452877291216,0.8686399643211719,0.5353489604213,0.7708601576417061,0.9842916634417179,2.3910672869421954e-07,0.00659245254020356,0.00011051198475529983
305,0.8874672494620837,0.8991601119889965,1694055001.7012887,9,14.367966106790085,0.9053518472678124,0.06034828483015026,0.945574689816317,0.9662649931482661,9.573334530546869e-06,6.687724448969448e-06,3.2780630012483444e-07
306,0.8956822130444155,0.9077883373791155,1694055003.3566802,9,8.528966651663977,0.9473217054436445,0.4263540371512604,0.9114002223320694,0.9888033353888616,8.544564931851538e-08,3.47239852539727e-07,6.144867047112576e-07
307,0.8851919800812476,0.8956816318497637,1694055005.075846,9,3.137193532815073,0.966401711789536,0.010036564741503126,0.7227461009127122,0.9787747150400442,9.325441408325066e-05,4.126532915839661e-06,2.2144922418582747e-07
308,0.8864905880512849,0.8975783292850961,1694055007.8551557,9,15.786778444800127,0.8463865465769097,0.8221377839053018,0.7610980012671867,0.8134938677552395,0.001100530447986797,1.4783028137305317e-07,1.158196000879728e-06
309,0.8949145463537946,0.9091523203260646,1694055012.4374397,9,45.21312180532553,0.9525567459801705,0.2998575710359795,0.9781749952629921,0.9486753484862324,1.4014363269498784e-07,0.003553633234171106,3.7548960591520203e-07
310,0.89529990150532,0.9060282711744709,1694055015.8333867,9,6.021161689958725,0.7741335201703426,0.2226013197213188,0.9589349272997089,0.9930811504618099,3.294405128401912e-07,0.00249160574401436,1.1068826308344086e-07
311,0.8693581782288713,0.8834320067386082,1694055017.371783,9,88.31038048833607,0.9363146005377522,0.00021364387912122418,0.9717056828164932,0.8525251584258334,3.975998665055496e-08,1.909669050903798e-06,2.286537644425384e-07
312,0.8932184933273024,0.9066521989783813,1694055019.0052955,9,25.214761722651854,0.9231682539940426,0.6192501844517118,0.9243163538926199,0.962915607572133,5.914703007330021e-06,1.0289425088478406e-06,2.1660286472469796e-05
313,0.8961533811575026,0.9080572357432308,1694055020.9083102,9,9.604968128239523,0.8981060738994463,0.4460290243338817,0.9897273812543306,0.9749218606248552,0.0002642743100592463,4.281096162109267e-06,8.199706823330256e-07
314,0.8849075714086431,0.8978794151682469,1694055022.9532766,9,0.00028706581947931793,0.9268103576265339,0.35474287605858934,0.9320650497931781,0.9382065346739403,1.560260251795141e-05,2.0692900716683754e-06,4.520201291493079e-06
315,0.892601569996745,0.9038571235804072,1694055026.2591314,6,13.610128049878385,0.8847429554730551,0.27060343276429616,0.780950006190094,0.9844494989153211,1.821601494138853e-07,0.13471692090122148,1.8810787367108077
316,0.8633013894936189,0.8750849986200615,1694055029.7641623,9,206.27559085084516,0.978729285229676,0.04356058595214886,0.9442601922656817,0.957177279417248,9.278156914296021e-08,6.672395909053307e-07,1.4604171781914768e-07
317,0.8856959515727445,0.8993909856238166,1694055032.8588836,9,3.829075298533609,0.8772314421639926,0.5416595425622779,0.9010523660405981,0.9716768056854157,9.999438216603117e-07,2.693431403866327e-07,4.564759686977929e-07
318,0.8883759368619509,0.9028580399303483,1694055034.42628,8,0.8205607303457205,0.8934247772734168,0.18652469961430432,0.955071267052767,0.9927878460124149,1.7085048798615147e-08,2.7367265589212214e-05,3.0603647623182165e-06
319,0.8938300057913181,0.9111870760703031,1694055036.1125145,9,43.072040462035204,0.962586271397991,0.40561153017176377,0.9653892516678786,0.9477361191542296,5.756335976289511e-07,1.8645262007942032e-08,1.8705962872583322e-06
320,0.8847093984215487,0.8969165700979715,1694055037.968147,9,21.212708585309905,0.9099733410435656,0.022229379632148834,0.9147472096963022,0.9298186027298463,1.738947623037074e-06,0.021898026373688553,3.0481509286842644e-07
321,0.5,0.5,1694055038.9873476,9,17808.491893052862,0.9829826435041661,0.707934644327692,0.9754715390674167,0.9993924714278541,2.4109254726470317e-07,0.36504179319678004,8.949603602647937e-08
322,0.8741407924383139,0.8880242523748976,1694055040.9983587,7,7.390197072990988,0.970018027770999,0.9981318961251777,0.7702406594947646,0.9641846016462807,4.698232355639286e-06,1.4411166671761795e-06,1.633514530266814e-07
323,0.8802568470711571,0.8939551250006352,1694055045.1236634,10,67.43620975985161,0.9878339851873225,0.10519563881835939,0.9849961172665243,0.8268334868690407,6.910411226846166e-08,0.0063153723575784864,5.833300703142376e-07
324,0.892233377437532,0.9039469098177162,1694055048.971373,8,1.9980206985865319,0.8340908446818781,0.32181034868713637,0.7455993706302916,0.9834705827224713,3.578260134164027e-07,0.001418104198819519,2.442987099442388e-07
325,0.8841436246887694,0.894457263187326,1694055050.8473501,9,0.2625761063818086,0.9602660821995382,0.03018807561284086,0.8006249553793416,0.9741686791687427,1.3411294588365692e-07,2.920370347747667e-06,2.0289720681027405e-08
326,0.8825565498962213,0.8964086591497148,1694055052.6366317,9,30.496636100303977,0.9200575568819807,0.033265542255082804,0.9438385481437019,0.8694459367649946,2.8923997309217393e-06,9.46887661093371e-05,6.094814791453474e-08
327,0.8924323113277336,0.9077014145051987,1694055054.232721,10,12.86419863485322,0.9475874823200157,0.49523337111322524,0.7858749696995893,0.9423798953136892,5.024851728485269e-08,4.274266882349245e-07,1.0006566518212592e-05
328,0.8908357675187372,0.9005963143007379,1694055055.6131084,4,4.652353964514469,0.9726861381089256,0.2657600014022738,0.8762657985336721,0.9567477017506933,6.367439500838409e-07,1.7670637102155078e-07,1.1027931865525513e-07
329,0.89693406774574,0.9106595911330676,1694055059.3337414,9,20.551427573909777,0.9922888322356817,0.40255956302681123,0.89399048611899,0.9679359874918633,0.0026407525486047173,0.000616224549351064,1.1343369503772902e-06
330,0.8930635227277531,0.9058651791515326,1694055063.9757068,11,7.167180955256004,0.7327857997255994,0.16023674383061223,0.8639030166530889,0.7987634129304747,1.0787599530013608e-05,1.09242646466827e-06,3.8540842534132554e-07
331,0.8794963666876621,0.8910129132348965,1694055066.3245099,9,50.8554728909172,0.9802530998960042,0.02042626012431906,0.9578074319800932,0.9225794647902008,1.3559126750103102e-06,6.982844915377674e-06,1.7674878934395876e-07
332,0.881566276774278,0.8925297684833514,1694055068.4435685,10,13.707055109927069,0.9167774848559471,5.0824843285997204e-05,0.9319422561004644,0.9808826029386536,2.1213794290923854e-07,1.176228408904253e-05,7.645868295918987e-08
333,0.8617316463829624,0.8759369274884433,1694055070.1713474,8,122.0511685785938,0.9680211613461113,0.0051051035118059715,0.9655481392733665,0.9548235578699562,3.7696637239275233e-07,0.014897025817507056,8.653181564386793e-07
334,0.8622329124411885,0.8736865816567527,1694055071.8693879,9,0.030592046684622277,0.8048166976755481,0.5374329111363613,0.8485781150408469,0.9351655931031333,9.7625502491449e-08,1.6937036159390797e-05,1.267649087313999e-07
335,0.8769967999797094,0.8866395445694388,1694055075.7428703,9,29.337547933796795,0.8611539850639578,0.0027182543228511744,0.9122009147292067,0.9910051325904364,3.2530928996585196e-08,8.148009467936649e-08,3.10345665479458e-07
336,0.8918443868600487,0.9053924387761348,1694055080.289237,9,3.4308318446494304,0.8143401010902702,0.3295007992042045,0.9513595979689841,0.9443406652206913,8.446014908304711e-07,0.0032237131428330843,5.73050501378754e-05
337,0.8960229285469711,0.9075566074973646,1694055082.2556534,10,10.51078867050177,0.9993373178996205,0.22817434716715745,0.9224887937130913,0.96405556611778,1.779308021056514e-07,0.004932676321109786,4.028812475398689e-08
338,0.8877899569244296,0.8993390031488527,1694055083.8051152,9,76.99452063640771,0.9422672671445724,0.6363144520093726,0.7959853274003102,0.9774976612104961,1.5173481114779115,0.00880612387791313,5.318160831290038e-07
339,0.8837464332666839,0.8933682828164831,1694055085.886667,8,1.0743269737381635,0.5497761346784804,0.43721253664526427,0.9816375881841393,0.741737202331848,3.350031497688496e-05,0.030603519532606836,2.0140112746835395e-07
340,0.8861267072763473,0.8960055970191853,1694055087.681272,10,20.279726948424713,0.8842081173666279,0.05081506487532662,0.746219768112072,0.9919785953931829,6.319039997209325e-08,0.0020042665653929727,0.00016843956462659715
341,0.8982548264506829,0.9096327761307965,1694055090.9411664,9,5.763576509665256,0.9807826763814846,0.3361550852781336,0.8864989975980209,0.9532785208119731,6.345414175067357e-06,3.120274108734789e-05,8.516752139211817e-08
342,0.8909288513322146,0.9059287071496287,1694055094.8885257,9,1.9771100423021881,0.9557213988977282,0.26882317392993144,0.9706320539663134,0.8458269175947268,1.1107905770280313e-05,9.847133044962777e-05,7.2501856077673e-08
343,0.896144419409793,0.9091718574872183,1694055097.4633086,9,7.221547586284632,0.9760139432745429,0.34053270698794824,0.7552660983413948,0.9518620877447702,6.62866945637665e-06,8.36012346451863e-06,1.1291731467045476e-07
344,0.8926163653349454,0.9009525958865823,1694055099.125537,9,0.00163484115781484,0.9635159244531821,0.20289794629933963,0.904039727771496,0.9331538621488844,3.15105984506423e-06,4.766543915119809e-05,2.4766673835536832e-08
345,0.8852128626443073,0.8988352537448191,1694055101.0456975,9,3.8378457544677134,0.9829508836834069,0.0006467185770226941,0.9593994844884262,0.7792974719079765,1.591289003153579e-05,3.391971310750812e-05,5.3648321661440833e-08
346,0.8856122522309255,0.9001221192262533,1694055103.3827982,9,0.00865302064948386,0.8270256004840927,0.30325506792350687,0.9988873765086218,0.9441452863691451,1.9692093531271215e-06,1.106533405221481e-08,9.118733794791895e-08
347,0.8819216185254544,0.8969973519320724,1694055105.0786946,8,1.70077051672533e-05,0.9706907815246754,0.03571411474166122,0.9413532932842799,0.8560931106366837,5.463819534962568e-06,0.00016307130642181168,3.613776951083599e-08
348,0.8523065086806363,0.858732192181438,1694055106.8041484,6,556.4400917288649,0.8994595718550253,0.39307094075226645,0.7273750488994141,0.9635893461166904,4.882968630905301e-07,1.339741647533897e-06,0.0016134299144282011
349,0.8931591428849218,0.9047796053545006,1694055110.7747445,9,6.275389597723019,0.934444279092574,0.49502205741076416,0.9324183074524132,0.9195751212385032,2.7920882866125804e-07,1.4154279994707138e-05,1.7592050211133708e-07
350,0.5,0.5,1694055112.2649124,8,1408.0718583021817,0.7727954736444136,0.7440153285952785,0.9897560823702651,0.8766001253628404,1.154469367835434e-06,6.116308821982093e-06,2.953253072712211e-07
351,0.8916308267212263,0.9048291295721468,1694055113.9283736,9,12.979776284724181,0.9580942835554042,0.1351131788005718,0.9504384272153802,0.9536092563646495,6.669662010803981e-06,3.6040396714253876e-05,1.9320391712649806e-05
352,0.8936347918718639,0.9048456008168705,1694055115.6825001,9,45.17088044375222,0.8461842563866452,0.2612215269551007,0.7168888809926857,0.9830867785021205,4.0233584652303336e-06,0.10375386820252845,6.08710055754863e-08
353,0.8944946123832753,0.9060467495356564,1694055117.2404852,9,3.0889179567128604,0.9759851788649253,0.35409462477102915,0.7805292848288377,0.9340815716884387,7.06216200417109e-07,5.54800557697551e-07,1.4500245832996696e-07
354,0.8745525255642308,0.8863176417582164,1694055119.637248,9,0.5798209965207514,0.9852626792728121,0.008373904697954224,0.9768453027142908,0.9588064760295965,1.3407704799850113e-07,0.011558283890122693,1.737313126003211e-08
355,0.8910816237672313,0.9028150526516365,1694055122.0120587,9,9.140531253574373,0.9494662336081606,0.08924114526330408,0.7032759617603921,0.9697088576122158,1.6503741054675153e-06,0.2230294613950516,9.674827307910607e-08
356,0.8603006412722299,0.8725666567059678,1694055124.7120545,8,193.90968150821277,0.9905991753502049,0.0011976613801562685,0.8951578909150557,0.9989125060724152,3.6575896172621503e-07,1.9836104553607974e-05,2.3087251253125415e-07
357,0.890282760049205,0.9051780547999508,1694055127.9346468,6,5.03757496404176,0.673180724525204,0.5704182316847959,0.8837468774639236,0.9460695142716911,2.24930829540817e-07,7.803645877598931e-05,4.747046543815551e-07
358,0.8863887961244667,0.8987955625564432,1694055129.5872002,9,1.4957931720455988,0.9665977597581041,0.06862840657230079,0.7636635694053022,0.8909006443792561,2.043114269056429e-05,4.086010980949842e-06,3.1441218774583996e-08
359,0.8992783256749844,0.9107465048000282,1694055131.6544006,9,20.243765169689176,0.9792358464713141,0.42170452311653267,0.9643062098396896,0.974353117781646,9.856770750052173e-08,0.00028344794803482825,5.245962058486541e-08
360,0.8786261471671155,0.8907055205867174,1694055133.574861,9,17.145548576144435,0.9812840044673617,0.014710711293026089,0.9635647840457114,0.9705430328908229,9.915972700177357e-08,0.0003378104525402594,5.804080320809345e-08
361,0.8963126635413277,0.9082466412471198,1694055136.010423,9,10.71077292376683,0.7962891196811908,0.2426344533816964,0.9706022524910862,0.9596259693353922,1.1485861912129422e-07,0.00013854792409790905,4.219933618965958e-08
362,0.8977581258111016,0.9100715980793846,1694055138.2262237,9,31.583447871041976,0.9877577092975647,0.3833591172698085,0.9479041019646165,0.9281256244713416,1.014839847365067e-05,0.04652175484308068,2.1832595326334618e-08
363,0.8931278613127269,0.9058288300882742,1694055141.829097,9,32.83412249250686,0.9916920012976126,0.19311127327917413,0.9416748298640789,0.9233864121966059,3.6796775693785457e-06,0.05483343646889871,1.545669667193521e-08
364,0.8961112778522241,0.9086827103157905,1694055145.079692,9,28.762717389320752,0.982678312158878,0.31137998126180505,0.9543132434920033,0.9417811771940295,2.091209125915489e-05,0.034797159336386094,3.217499646738025e-08
365,0.8807965810087038,0.8944749313363616,1694055146.8603365,9,0.07322519959326651,0.9747870300080735,0.4411044218584432,0.9502280200373157,0.9068741878055301,4.4179210276487566e-05,0.0001952805589698289,1.8273633384237962e-08
366,0.8895648902397266,0.8998776745379268,1694055148.7613587,9,96.55664929465215,0.9918704399889149,0.33054278469951043,0.9613606791141283,0.9274110652874991,7.386164125769436e-06,0.00028595158039224197,2.1024272137845282e-08
367,0.8934911502741365,0.9064187105679875,1694055150.6587799,9,2.479921386690661,0.9825428025975455,0.23092068966771112,0.9376917897710892,0.9341901677003424,3.855302436935775e-05,0.09003218355582766,4.768275276922145e-08
368,0.8893142994830086,0.9046144878011881,1694055152.7093155,9,5.891702429142807,0.9638425687588539,0.5627285314932827,0.9834891915691999,0.9147022791278066,8.043489190638582e-06,0.05039988361841422,8.565655101519393e-08
369,0.8889695258305469,0.9006440247480036,1694055155.2715738,9,57.076522615954744,0.9749917517694989,0.16474308457989242,0.9219468506883081,0.9495957932354323,0.00015257988593839574,0.14279588844182659,1.1324019209361222e-08
370,0.885847624925495,0.8988966181081972,1694055157.9623008,10,0.1638325317062711,0.9997817099303994,0.3854309710520848,0.6897296943838884,0.6605447664214648,2.687772507849481e-06,0.02054820036597564,2.9586361080585163e-08
371,0.8952496819002287,0.9091380311299713,1694055161.9898503,9,19.985552119570876,0.9860765616988508,0.289141785548603,0.9703985427210305,0.9436319958462767,1.0990006119567197e-05,0.0004768680286855473,6.501887108982189e-08
372,0.8879507611144695,0.8997667859569023,1694055163.0733016,2,7.883563575457484,0.969037554991196,0.7568542140602178,0.9469890479318299,0.8974972694881467,1.0947273546075059e-05,0.00021607915846261606,1.0623564180457064e-07
373,0.5,0.5,1694055164.2195344,10,3932.0904774588303,0.9568544113593751,0.0002426889156226518,0.9577482458486811,0.9541632690435452,6.549457113584843e-08,0.013672492918106793,3.919358044286485e-05
374,0.8947982127231454,0.9109734838923566,1694055166.4407551,9,37.1706257499832,0.9917798352178285,0.45513223637725736,0.9288405245230511,0.9329043925636279,4.254779592723036e-06,0.006131575423369921,4.929072554166134e-08
375,0.8849276085238058,0.896605301321213,1694055169.9335325,9,14.860057834592851,0.7670900215769305,0.004601270302793528,0.9772831806321096,0.9193812455538716,1.3926868334501352e-05,6.995525856990295e-05,6.177791810393332e-06
376,0.8900786689268307,0.9039571939878428,1694055171.6558251,5,3.20641526561928e-07,0.977665366333689,0.35288810317918745,0.9678219807892878,0.963787454238782,5.614300928833132e-05,0.026198140792142596,8.126977548299841e-05
377,0.8762938100532209,0.8866442032892994,1694055174.8714125,9,4.158882337418515,0.9697893715454768,0.002523098889853668,0.9906949183436387,0.9730792177653957,0.0002947262422691279,0.48072263149829064,1.4036205453427716e-07
378,0.8815052354361032,0.8923595778971474,1694055177.2664661,11,27.332793901622665,0.9853694289698232,0.011173465771053083,0.8540251802018245,0.9545227655333199,1.4911013355377807e-07,0.007933394416047596,2.7180291754690507e-08
379,0.8894926044445197,0.9043725474049603,1694055178.936742,9,9.615600658707615,0.9586525980092904,0.6264363928581131,0.9404828581334462,0.9422047858853136,1.0547515226858849e-06,0.04449332066025314,7.437963513337765e-08
380,0.5,0.5,1694055179.958075,10,74998.1615347207,0.9936980133001403,0.2616403743529546,0.9585679450293955,0.8822220254947422,2.0962536729274323e-06,0.00012411472258901202,1.8067859105670641e-06
381,0.882915865252514,0.8932246911268732,1694055181.7288973,7,134.2609119997608,0.8379350285845426,0.4701610325860452,0.9821305300139649,0.9776421451350997,5.291407115926451e-08,0.08004445013275091,0.03678963342446166
382,0.8614169706756396,0.8681669285247782,1694055182.94289,9,336.76624532396335,0.8021862738188683,0.3558771755562178,0.5098626180454093,0.9023369581383431,0.141578486480401,0.004122545565515871,1.0271193191384325e-08
383,0.8844770693394093,0.8964343373506843,1694055185.6789985,9,68.87056241047142,0.8172045696514659,0.2096472427093943,0.9162877977642152,0.9644257162401824,8.646148195047771e-08,3.592706094875406e-08,1.414744528930805e-07
384,0.8643501676100457,0.8758673965548749,1694055188.031057,9,2.0226358324487115,0.9762500888249142,0.96251944696172,0.9502636847539004,0.9298081964192697,0.00011606115970722166,2.951417564910643e-07,4.086997898865572e-08
385,0.5,0.5,1694055189.3827124,10,9525.141886123352,0.9464801222378928,0.026302169281036673,0.9313361198634946,0.7686079089703528,5.725461684002657e-06,0.2732761631267415,7.116333294304142e-08
386,0.5,0.5,1694055190.7253926,9,2306.6544885834505,0.9842771048247337,0.04432692132325474,0.8407635738792234,0.5776562076530352,2.4182749043360333e-08,0.00045658931239684995,1.0148851941273605e-07
387,0.8869909241168239,0.9015138427323713,1694055192.6237223,9,0.7402736690288614,0.9651238656547979,0.13485848936332243,0.8318539137256298,0.9518894917354188,7.615379613880136e-05,0.00024026605699484723,1.7476606661074728e-07
388,0.8367566082321262,0.8453474138138667,1694055193.7619026,9,739.7817230416233,0.9999215222607359,0.5355564173895337,0.963654571714967,0.9905716339992034,1.226833721705279e-06,5.0689653726147334e-05,3.3961191213064214e-07
389,0.8848287756646278,0.8982370133488343,1694055195.60379,10,0.034448213581426884,0.9758281350254528,0.28767655328039704,0.9083605401171859,0.8704586293230361,2.3949996550422895e-06,8.786911492391163e-07,3.9199998017189944e-08
390,0.8911636322132558,0.9046233541000529,1694055197.2562366,9,18.568556552329344,0.9902077883610702,0.44700897407765966,0.9736483766575246,0.5057946694249897,2.727844065242212e-05,0.15163295843962704,9.97525621459723e-08
391,0.872974243429813,0.888416754126613,1694055199.5130923,10,5.486832218529652,0.9546796836308493,0.0004705492770130334,0.9990857882270431,0.815547146504443,6.591283347829312e-07,94.53538177419888,6.525582571760985e-07
392,0.8843237896356542,0.8970845970494578,1694055203.1494918,9,9.983274678969266,0.9668244821397796,0.00016676358308004857,0.9432130104823888,0.9401329899095693,2.024574230849236e-07,2.206115726786334e-05,2.3756740776288228e-07
393,0.8971827985170844,0.909688680769121,1694055206.0029683,9,39.04627054346046,0.7511465634273985,0.3698097592659486,0.8165630565435393,0.9673114313605229,1.9423293285800492e-05,0.016445121777713498,2.05910692651715e-08
394,0.889404931497584,0.9053937645778343,1694055208.6006458,10,20.018849759804183,0.9810997807209253,0.6575699126544504,0.9222043339111092,0.7896262104486023,1.078230395700535e-07,0.0008264650735184953,6.089508116673538e-08
395,0.8832159147112162,0.894250622261345,1694055210.1670864,9,7.708758212199486,0.9913706827384532,0.0018906148536946118,0.5841752596626197,0.9768409028748466,0.00022153832697654753,1.8421064081481742e-07,1.4914118688608274e-07
396,0.5,0.5,1694055211.2752185,6,27446.226993315708,0.9305854124627398,0.0029446006099270164,0.9583154494302394,0.8230061878484849,4.531445242000626e-07,0.009071814364375727,4.673676209814424e-07
397,0.8922354065124851,0.9045161206806578,1694055213.293309,9,64.60989256264753,0.9730684247291881,0.3062026566997166,0.9815378127104429,0.999959637692967,0.02909474657820957,0.0030616417333426313,6.908296646609297e-08
398,0.8844106171346926,0.8950939794534618,1694055215.4821374,9,3.2087446986890726,0.730807813906634,7.815918241715394e-05,0.9708999207300282,0.9575691875071649,0.009554528770270136,0.03390899426612646,2.1328707209538961e-07
399,0.8759128512307608,0.8856446408775158,1694055218.1060603,9,31.84917544898116,0.9602023628507234,0.00169637885011255,0.9341149665888119,0.9841790614864241,4.362969677087831e-08,0.06989562523811381,3.773917859932219e-08
