trial,score,test_score,time,max_depth,min_child_weight,subsample,eta,colsample_bylevel,colsample_bytree,gamma,lambda,alpha
0,0,0,1693533763.09646440,0,0,0,0,0,0,0,0,0
0,0.004742170831870562,0.0011058274919387712,1693533763.202759,6,1,1,0.3,1,1,1e-20,1,1e-20
1,0.0025454014107166856,0.0012118875991907752,1693533763.2942228,3,2086.988136421775,0.6033595776697132,0.3917910760336115,0.7442055943974146,0.8058719314513229,0.45611942146988727,0.0015281988858822622,9.2897711567843e-06
2,-0.21251641523335318,-0.2574198624070245,1693533763.3947215,3,1.1210797137053725e-07,0.869220148099485,0.0016089632125771368,0.5791549338563255,0.9399685156006394,5.506360231037675e-06,0.00013878744822572872,9.136909584964169e-06
3,-0.21876285539017726,-0.26475395196662244,1693533763.5142684,7,0.34505754847262476,0.7999645983124938,0.00021335144453597365,0.642342940320682,0.6267941028868937,1.8864247114746056e-05,2.764668132257356e-07,4.5303172090094196e-07
4,-0.21972657904172954,-0.26588886073509177,1693533763.6145437,11,30405.16039113432,0.5942073277979676,1.3229176421318452e-05,0.6022777731899753,0.8499218070632788,0.6239443487805697,1.6956293466279647e-08,0.005979000383792686
5,0.005500032152422452,0.005112473950266372,1693533763.712723,1,0.050250912766948756,0.8198975880654286,0.8474654741446043,0.6295487982055529,0.9012484426314351,5.067933061888993,16.884808501263386,1.0523061906303107e-08
6,-0.21972657904172954,-0.26588886073509177,1693533763.8151696,6,57424.01955442252,0.6994724019514252,0.11712844778172378,0.7732282489862389,0.8854270435701123,0.0007068231251400772,1.9548598941356206e-08,7.332581251077417e-08
7,-0.16303454404700024,-0.19911934367459794,1693533763.9149153,2,1.8458076941044073e-05,0.9824576462631824,0.014415518363921877,0.908330101307681,0.7830409980463782,0.022571584951327973,1.3152972491020911,18.48528507106305
8,-0.21686412081372297,-0.26251757862588376,1693533764.0183024,11,527.8850536324669,0.5471013660886613,0.0006386193778016206,0.5177545158801651,0.7731791742704035,0.9150128825054364,3.246594368635332e-08,7.703309692219131e-07
9,-0.21717898155717652,-0.26289153577981783,1693533764.1156068,5,1.4989297193113521e-05,0.897543736460516,0.0005760692303571454,0.8194388410301827,0.7467075259483799,0.006839076114870911,24.716872633093757,27.25215310373715
10,-1.0653659169967966e-05,-0.000302329193961004,1693533764.2532127,1,0.0016444582611051164,0.7466708544699285,0.9658789480966002,0.6921739677163181,0.5434893888986922,65.98629567552207,91.87013740210902,1.3525807736170017e-08
11,-0.04891814226321123,-0.06408000355229793,1693533764.3943908,9,1.3690119638437634,0.9662701394648617,0.06691508488835622,0.9757077054905463,0.9947268643025277,1.858220858674917e-08,0.49425619980074964,0.000836859201559397
12,0.004538525030719831,0.0010517508571252776,1693533764.55708,8,2.6825794797992955,0.9937027120203703,0.9808681438551569,0.8558553378592306,0.9991588294030179,4.2041001930273456e-07,0.3738625743884466,1.2854226643124843e-08
13,-0.04668220754955055,-0.061327829514959964,1693533764.7145119,4,0.01294849133888315,0.8604557310580807,0.06896344063467484,0.9781594680479944,0.9143482074577601,4.9114492565469895e-08,5.827510303578666,2.2191551855996505e-08
14,-0.15549310069704525,-0.19009497947333664,1693533764.8587298,1,30.74348383816421,0.9252959373858962,0.01662150013163928,0.701556407213777,0.9407171849567147,1.1465100048422719e-08,0.038840047002084065,0.0003042454572526099
15,0.005313845379096294,0.002358945694817427,1693533765.016713,5,0.04838382812397448,0.8192060551941037,0.37318731420084383,0.9003852468330709,0.8640715513413841,1.4438140440004972e-06,16.196562025615354,0.056807651112554626
16,0.0005866672284331464,-0.0007393224632750162,1693533765.1552916,4,0.01508870080973728,0.8117581915568651,0.21605821589989452,0.8778545833075517,0.8499823620041222,69.99582700672214,69.71048773209934,0.07980613228826429
17,-0.13915077762287265,-0.17093354819148,1693533765.2843766,9,0.0008214756401906094,0.7436848180968763,0.021695256537276768,0.7849220364697962,0.7240926889787358,6.000428346410706,7.610481161121942,0.3193942430214943
18,0.004409378487733373,0.0012633169166683667,1693533765.4229248,2,18.939423667426315,0.816251404170494,0.8378452975571363,0.9298562297963007,0.8561776674642521,0.034472385788781694,0.0684081021166473,0.7060717865002313
19,0.00032942038387795414,-0.003827565610676098,1693533765.5744407,4,0.09370880678548711,0.6886266589070233,0.16589894066285757,0.858401512790103,0.6969752341066993,6.708313343009068,8.462554867137543,0.01445267222014133
20,-0.07642139682976912,-0.09675949414738083,1693533765.722442,5,0.07360106444276568,0.8450435066368691,0.04843468698199277,0.807882147687764,0.8227315399881081,0.00043011530557583917,0.005672242695163708,2.1784124211170486
21,0.005489913920453615,0.0025108632582973023,1693533765.870226,6,3.6717919884992622,0.8941873050174495,0.27746539686141586,0.9978631056992544,0.9077495216393655,3.1572182152820986e-07,1.9818367759116877,6.064857618803074e-05
22,0.0052172915527443076,0.002302006343600227,1693533766.014095,7,15.51976005274409,0.9196990177630697,0.4127992085397113,0.9491364107860079,0.8922686973425505,1.0662606544492402e-05,17.757126398494254,0.006510246780436114
23,0.00367185072495535,0.001131402884993582,1693533766.170532,6,131.47509800600187,0.7829100800545554,0.19098512464925052,0.9117845137873631,0.9081303541451531,7.09583105977228e-05,3.3508086136346473,0.00036002873159039675
24,0.00548043591025027,0.0028226763577220426,1693533766.3583927,8,1.64770568605636,0.8966705259396388,0.45954561505353,0.9529216668435047,0.8210998280160298,5.396801077666661e-07,74.2281308504996,0.07958368921670458
25,-0.10387574829645407,-0.12919705337405096,1693533766.523519,10,4.7478574089945385,0.8942022466659396,0.035731737528157136,0.9529206591980491,0.8182048591504211,9.233825094288068e-07,87.33993161065086,3.573334682592156e-05
26,-0.02333342079300471,-0.03335202072105714,1693533766.6810422,8,0.505300853335442,0.9352855898522413,0.09491905893041667,0.9959564397518872,0.9414676176166538,0.00013713956544145482,2.5039654784346235,0.0014229733580500108
27,-0.18484771371390707,-0.22487703428047667,1693533766.8402221,8,52.81714687718395,0.8798998006393798,0.008254551563946512,0.9416295420873806,0.8120824738928142,0.0014728152025428357,0.28328585408665247,0.05474566645135739
28,-0.009995599273093347,-0.01657916490809308,1693533766.998521,9,3.715790565532736,0.9411838984199303,0.12455626453788894,0.8413615281081727,0.8766535734700069,5.481204650205488e-05,96.11813618138869,8.713874360960924e-05
29,0.006172758955986124,0.004985901298287909,1693533767.1556766,7,394.93686387033824,0.8556859936133461,0.43211081312607647,0.8793755361229193,0.9590133813124324,8.963933808621988e-08,1.0585877063682267,7.643242332577342e-07
30,0.0020651108112056393,0.00041448126782928085,1693533767.3274705,7,2875.742790308906,0.8369563451618768,0.2619395537498541,0.9965956441483357,0.9702445753393023,1.0765298207766352e-07,0.814857423647786,3.038013433976748e-07
31,0.0059879332866382695,0.004708164427007389,1693533767.4831982,7,356.77750557861606,0.8623162929611943,0.5146714451867221,0.8850001044850266,0.9219404156415949,1.678555125544974e-07,2.4154542140383817,3.0215550693882223e-06
32,0.005898768007680744,0.004469410067872381,1693533767.6557415,6,443.6949158158667,0.8536912268792933,0.6029339010873243,0.8797296224993911,0.9637258626518329,1.1405143307227343e-08,1.446056123708496,2.2459998650930195e-06
33,0.005985794591695903,0.004658881518238789,1693533767.807806,7,321.4268750202501,0.8574447633486328,0.5423264377606369,0.8956361134422313,0.963408348922612,1.7397774506861682e-08,0.08802505254894123,2.1041463427273714e-06
34,0.002631248973948064,0.0013133227047178453,1693533767.9544382,7,3288.058479403264,0.8620013364335567,0.4952439177291095,0.8735143394087551,0.9635605798977426,2.1329818527136547e-08,0.13408361238728947,2.8403802061868033e-06
35,-0.00674241116795149,-0.012036713842801472,1693533768.107832,7,391.9397418206977,0.8582014627731083,0.12943402509404703,0.8814391368549217,0.9602948571999533,1.0642306022620649e-08,0.019421690623221893,4.561118887977238e-06
36,-0.21972657904172954,-0.26588886073509177,1693533768.248786,6,13491.939571916502,0.8444281820349183,0.5224934898696332,0.8349056335314026,0.9282524314005349,7.190804662179624e-08,0.15806126355755135,1.5387953396932407e-06
37,0.0056451175650348295,0.003880128454339271,1693533768.4252353,6,416.1262946398509,0.7830522431831703,0.2368008217288353,0.895820960433017,0.9767863738537864,9.945904501217032e-08,0.008568994037513818,8.290152654022812e-06
38,-0.21972657904172954,-0.26588886073509177,1693533768.5860436,5,68430.82606429617,0.7735159405346375,0.07950360853788242,0.9130711789042949,0.9417519729888615,1.6113409364153164e-08,0.9826886439063616,2.2244106265901438e-07
39,-0.21972657904172954,-0.26588886073509177,1693533768.750634,8,9922.299246513834,0.8707103317336615,0.5862653437771176,0.8176071673992781,0.9873228069354255,2.8790581407627357e-06,0.00026167024950892777,1.2548021996615307e-06
40,-0.09411529371311378,-0.11726133188027998,1693533768.8977706,7,1597.832751000984,0.8346300343535505,0.04053183020821413,0.8569418618621656,0.9558014951024555,2.111506682855909e-07,0.08915893096993084,1.2976425088598518e-05
41,0.006128345414749492,0.0047427472200483045,1693533769.0533826,6,155.78338196493212,0.7910241351150934,0.2816760456621908,0.891154598813796,0.972379227618779,5.909948192799021e-08,0.013745519725947418,6.429604725591452e-06
42,0.005217436592577229,0.003849266824581088,1693533769.200235,6,191.24304703874168,0.8025843040350126,0.6240673527296507,0.9213918801253427,0.9241657892021541,3.506725993878856e-08,0.35574127199582706,5.279161966299512e-07
43,0.0053219124587565725,0.0022404951374149773,1693533769.3516586,7,84.4270194840492,0.8361141783476354,0.30464820583082264,0.884910500942915,0.9961323667499274,1.1220871967640963e-08,0.02589740558415716,2.48978843425789e-06
44,0.0041163053059506405,0.0033874736322655474,1693533769.4982274,5,1077.910414132051,0.9116745404218795,0.8772777526555096,0.8959171116807984,0.9659214132097002,1.630665405857139e-07,1.4837511637383896,1.2268729368522217e-07
45,-0.21972657904172954,-0.26588886073509177,1693533769.6620033,6,13264.098619938522,0.8833581162017639,0.15628290930412966,0.8395001106682456,0.8943343868347338,4.969318008618694e-08,0.0015269579933188141,1.5565346040947003e-05
46,0.00595144290500127,0.004432805433601694,1693533769.8243172,8,219.43861121407718,0.9557209036412286,0.35802997859196145,0.9326035075558564,0.9259664873273694,3.280808147712302e-08,0.2281475680874354,6.600094345951707e-07
47,-0.21972657904172954,-0.26588886073509177,1693533769.9899766,9,94927.73533458685,0.9603451013053623,0.2736210084053533,0.9318898055115674,0.9261703219904542,1.7533421344007716e-07,0.22557065269208215,8.670591595990741e-07
48,-0.02595801909123585,-0.036397951581735644,1693533770.1485066,10,133.51092210462906,0.9947264108411872,0.09085115537966092,0.9678087414643699,0.8831995038872584,5.974287894962412e-08,0.0496189217378886,5.623982254107838e-08
49,0.0040589977012692735,0.00037465229179156623,1693533770.3128219,8,18.022251868976312,0.9565832842611555,0.9901728481937438,0.92082359769951,0.9450281193272998,6.895282430970908e-07,0.0038412613482051764,5.617390976382876e-07
50,0.004128003144090897,0.0033150567617584725,1693533770.4688709,10,1090.2427528909727,0.9191408555626022,0.40516847547869606,0.7944138248217756,0.9908965589282265,3.539768371079038e-08,0.5939020236061758,6.447655739220756e-06
51,0.005666642874581074,0.004394905543625316,1693533770.623222,7,354.1229921510263,0.8746744566535607,0.6169778409534594,0.8667506953254716,0.9723060573572914,1.803709226147025e-08,0.11272473924322875,2.5463283622865778e-06
52,-0.007518547374678164,-0.011386553469591387,1693533770.7698236,8,5216.25029739413,0.9737010450905175,0.15027133284970717,0.9004512141639315,0.9230337665849733,1.0481677657383553e-08,4.146482733420394,1.0848144374192677e-06
53,0.004089819643543713,0.003150908684980802,1693533770.9227562,7,1005.6182510447051,0.8569003810443755,0.3344185965612294,0.7609385285882,0.9499419547528554,2.3190957102467512e-07,0.6591276137598239,2.973469466024487e-07
54,0.003764713459349367,8.249794102810348e-05,1693533771.0867665,6,90.38494761082931,0.8228020377322491,0.2002376286628999,0.8755764646079639,0.9055523844537036,4.5022601775184384e-08,0.0124464679083008,1.307166870032728e-07
55,-0.21972657904172954,-0.26588886073509177,1693533771.24349,5,25583.127023107092,0.8994618735993197,0.7154539336403726,0.9377737455882436,0.9818786062080032,9.407383763835725e-08,0.046948234872026026,3.573873760441779e-06
56,0.005140905375378257,0.002025410788847659,1693533771.4141612,4,33.067915762007075,0.8016172761582518,0.38276119352113996,0.8526170661141796,0.997495021071477,2.899320984095685e-08,2.444879903714557,1.899428196724375e-05
57,-2.032849794741942e-05,-8.222327581441924e-05,1693533771.5657692,7,5644.698575728859,0.936829877054129,0.6273829488483129,0.8903508945388947,0.8720036552149207,1.0649094951047318e-08,0.2688738825982455,5.80430559295374e-08
58,0.0028880169476324102,-0.0009971068129737137,1693533771.7384522,8,7.841869941385991,0.9123019250632125,0.186812312481089,0.9075681576397168,0.9518464431187577,2.5357400020045015e-07,6.851155086180329,6.078769554476766e-07
59,-0.05923804097497065,-0.07577032082644619,1693533771.913457,9,230.65528864971037,0.8539549358117311,0.0591872045755171,0.8274626598176371,0.9313031699442311,1.286298496547929e-06,1.0706022043767303,5.445391851084905e-06
60,0.0044745980653948525,0.0013318537635547134,1693533772.0832038,5,48.167521067933336,0.8766438785126704,0.9927757279969482,0.9632098788070813,0.9066422976186536,4.606906781673069e-07,0.025599183904057052,1.5740575288892095e-06
61,0.006509804343125536,0.005941354369109475,1693533772.2241051,7,632.1997186623018,0.8691552081325562,0.48427103162773316,0.8648249557645968,0.9816448378051772,3.826855164597653e-08,0.08011043651258054,1.9712046267502013e-06
62,0.0041208055726892345,0.0032741493120449494,1693533772.3603258,6,755.6116003166993,0.8318600955488856,0.3892591874803624,0.9247723836498409,0.9768162205634481,2.617231342250145e-08,0.09939987708977974,7.962291566984634e-06
63,0.002235499568884025,0.0006883252234003434,1693533772.511896,7,2407.145973918438,0.8492671505864247,0.274921545353465,0.854441007471181,0.9569991117572143,9.176800559198619e-08,0.40446572283955606,2.6502536325992072e-05
64,-0.016554950541749047,-0.025089359205888062,1693533772.6898322,6,11.512596675508357,0.8158104646589842,0.10573872357941651,0.8864830103391461,0.9378649774094541,3.262898762188891e-08,0.05221443306673835,1.8732705490184392e-06
65,0.0055280003621873686,0.004129339308587721,1693533772.845239,8,364.7044942462698,0.8650791573401486,0.6512430435456673,0.8649099396649967,0.999844001842667,1.1236130740634182e-07,1.575559493672112,4.188191527070465e-07
66,0.004938959262769105,0.0017791074690051145,1693533773.0031168,7,72.42636994089013,0.901635245726387,0.4769363791967896,0.911090868712614,0.918901710838644,5.4525509913472975e-08,0.22047143703389563,8.228195035738572e-07
67,0.005114493961468569,0.0019756700133102267,1693533773.1424599,6,31.909633618285586,0.8908321409210189,0.23455677052324694,0.9420500017605091,0.9792104601886366,4.0448359469617743e-07,0.003691635407585603,5.3130421552539976e-06
68,-0.007713135065469334,-0.012599221929026294,1693533773.2883494,7,1823.0460275756068,0.8736769114587037,0.14116050686221196,0.8099546456579547,0.8946006099426842,2.0688962965873075e-08,3.747429257864311,3.1727133540629596e-06
69,0.006096249710955126,0.005410524246347692,1693533773.4331782,8,699.7355661827977,0.9512271971876294,0.3593093201416463,0.8438352154018508,0.8437433228252702,1.0485923787093249e-08,12.69401891343421,6.421678239184894e-05
70,-0.018825433557595028,-0.02766708916862992,1693533773.588942,9,128.6362249000943,0.948819572499447,0.10229445642584997,0.8462656264316958,0.8454575134543847,1.5231629157975514e-07,12.326674607468435,3.4671814105444686e-05
71,0.00678220033657273,0.006062919962974367,1693533773.7491198,8,579.4479750815113,0.981890923781563,0.3777969599823435,0.8691685193640344,0.9649547367421432,1.0514261536951941e-08,28.83985660418748,1.3651593100778932e-05
72,-9.515339960408653e-07,-0.00022314306980653065,1693533773.8974102,8,4687.013211340725,0.9668357514396548,0.344503713240535,0.8671980134980173,0.9461351371451131,2.432098964680463e-08,35.07539099237853,1.626603792477682e-05
73,0.005854251509337494,0.00439669985064961,1693533774.0606217,8,225.58961003784844,0.9803135524847192,0.45524109193100376,0.8259199512640614,0.9160034702191987,1.0018385339159254e-08,24.09200664965249,5.121167146605173e-05
74,-0.21972657904172954,-0.26588886073509177,1693533774.2077487,9,31427.870015689354,0.9844818487225817,0.18690215227088183,0.8931707365192644,0.9354328939216233,5.751487186430305e-08,4.471786549866318,0.0001411111962195181
75,0.006652158788647777,0.005862074635469283,1693533774.3645446,8,608.9578762307217,0.9318741484248428,0.29992402018514264,0.8433775660632215,0.9659642154303862,2.203699078171652e-08,10.159370935639453,1.082826844859273e-05
76,0.006491993252672357,0.005588724394119504,1693533774.521671,7,635.6246173105196,0.9443064197783133,0.8255800959338301,0.8358656485071666,0.9697641972736115,8.666144268883979e-08,43.53691924437359,1.018013017645616e-05
77,0.004128938096447987,0.0033443320839116053,1693533774.6662486,8,949.4329694297522,0.931878314201196,0.7517556104199833,0.8381372523171196,0.9823385792382475,7.2012647494043e-08,46.79123361279759,9.519652321975416e-06
78,0.000867660700807571,-0.0013382755118074297,1693533774.8104596,7,2710.4934235734486,0.9452536564522798,0.21295244230661067,0.7963911174541733,0.9639423012333749,3.3380002904823465e-07,11.082514401113938,2.6272317500106893e-05
79,0.0064595009525365565,0.005595136104329823,1693533774.9556584,7,600.1681890430914,0.9262388903317458,0.2799380928142988,0.8496413947833664,0.988293083267164,1.305404096867192e-07,18.137781734527106,8.311504759208952e-05
80,-0.049960085655708086,-0.06408346716377977,1693533775.1139927,8,7587.588412567685,0.9249235699500122,0.0702411700275774,0.8481118352525672,0.9839962611128698,7.142915002508095e-08,18.533688164362598,9.82547347359301e-05
81,0.00629145062444203,0.005332120317233735,1693533775.2961917,7,675.3970724988393,0.9394292974741801,0.25843796580072037,0.8695718236443521,0.9711420321841625,1.4655746229169966e-07,41.73118438697321,1.1404831396994357e-05
82,0.0038193379820703477,0.0026047124491898055,1693533775.4595358,7,779.9443394902735,0.9454743250726592,0.2732969794377378,0.8317797679911051,0.9736938247197627,1.32718020753193e-07,42.58023514554099,4.121257319908525e-05
83,-0.0006446399624513433,-0.004135075646912956,1693533775.6235995,9,616.9966200804173,0.9672072844071248,0.15439234118049305,0.8625288564076156,0.9496588768215267,1.957087871177389e-08,9.999932683787762,6.862974712597919e-05
84,0.0026340720862803035,0.0013230956865282195,1693533775.7724218,7,1844.848519585129,0.9331019984796999,0.7780950027257257,0.8137863917884295,0.9885778325189024,4.835958966557739e-08,23.362766302776002,1.9131123840822786e-05
85,-0.009353980394472217,-0.016075549676020984,1693533775.9221768,8,87.37648017817418,0.9958610450353411,0.12385048899760061,0.868549633202948,0.9677236833608456,2.198818972299497e-07,49.40229005323725,1.2928205977629586e-05
86,0.0024557529708403303,0.0010937679382015952,1693533776.080713,6,2241.878891906281,0.9229417091067238,0.3054154507877843,0.8447766294970633,0.9527246412919811,7.477612678943657e-07,6.373265001827908,0.00014083294420412973
87,0.003594264577540085,0.0003928311718107702,1693533776.2742357,8,24.679025331800617,0.952220063589154,0.20063057107446616,0.8750122411484516,0.9883538642281763,1.682097817736859e-08,98.32210633975448,1.047337173061253e-05
88,0.005660638124522777,0.004163574386787494,1693533776.4713175,7,156.93535000181907,0.978583769598854,0.48171042846999784,0.8215305187927628,0.9716505913367449,4.054621662341888e-08,14.565792537467722,4.99308027934822e-06
89,-0.21972657904172954,-0.26588886073509177,1693533776.635051,6,10167.380576169384,0.9109303724287382,0.8378401993848225,0.8345163842770494,0.9410584505014267,1.0951468192969033e-07,26.624286263390445,2.686583088197686e-05
90,0.0025349241345389295,0.0012368477020213708,1693533776.7913108,2,4262.8563843574875,0.9579598122541055,0.3258050289421154,0.8562163596629758,0.95735366120532,3.304056310002074e-07,48.16701452997353,6.975867975206142e-06
91,0.006501311519252484,0.0058076244162242885,1693533776.9298108,7,546.8613006368367,0.886124425072191,0.5092733080795642,0.8810722038613941,0.9971321413665809,1.7051464953093284e-07,8.388629270852121,4.406330199400728e-06
92,0.0066776037013646095,0.005712238462301067,1693533777.0838826,7,547.9470252734287,0.9394959321138537,0.4345670097548679,0.8744396387036315,0.9994572448009729,3.2783297001503346e-08,6.2805178710621465,5.100553125734127e-05
93,0.004118917165885083,0.003379593922567481,1693533777.2266963,7,1301.2016176049656,0.9088089757349164,0.5456958789488605,0.877695024988786,0.9957715670143024,7.550949157877695e-08,6.587397680557161,1.137018342815655e-05
94,0.005458953787187415,0.003921578234652001,1693533777.3912487,7,461.96681821835625,0.9329974348956872,0.23214123308692794,0.9022869859849137,0.9832000587904937,1.6418733085093726e-07,28.67182874276199,1.6371775515545135e-06
95,0.00566806989934554,0.004409874804507052,1693533777.5729697,6,162.69864694197148,0.8873775047087872,0.6968810311422196,0.8839250828532611,0.9991670175666757,3.348764638803765e-08,2.900700711001211,3.795734680020555e-06
96,0.005180967012318627,0.002210301762868405,1693533777.7529628,7,54.315108937016376,0.8876232751109919,0.47412718749719623,0.8588329957839327,0.9688253955828833,2.599773879827699e-07,8.156590504417029,1.9416031701025975e-05
97,0.005973303484197445,0.004670728663675017,1693533777.9213517,7,259.7921948651836,0.9208659128589788,0.25379660299240087,0.9123811457451414,0.9794121826609735,5.281807082653711e-07,16.799635020438473,4.279338236117751e-05
98,0.0026281759728427057,0.0013428450655482704,1693533778.0854445,6,1467.7134617765746,0.9073851512319142,0.9614424625095382,0.9015880900279928,0.9580795245189808,8.884729680538889e-08,72.07235008746616,6.942263729786957e-06
99,0.0026084871014284694,0.0013723199443904655,1693533778.2283125,8,3311.0631498836933,0.9660365252353769,0.402083903543455,0.8686711310189827,0.9894445413353453,2.2489771072129426e-08,5.480167831811047,9.614536196635622e-07
100,0.00042280135068750724,-0.0027512285868018793,1693533778.381754,7,599.4047149022729,0.937628272469792,0.16066641546723584,0.8855208326520809,0.9732556309374731,5.112002569549835e-08,0.9370666147935244,4.564376325494923e-06
101,0.0067732646877719516,0.006078353321707808,1693533778.5304036,8,649.3109117814394,0.9516721634039134,0.35494932151770114,0.8477461464354078,0.936159015341498,1.0234438317848076e-08,10.297314430810683,6.921912619528227e-05
102,0.0056917383331586135,0.004348194141099659,1693533778.681151,8,435.67984384008537,0.9008915229660541,0.6580891759724198,0.8486136699645557,0.9380495635639754,1.4717044116315492e-08,2.05268348156833,0.0002217785166230935
103,0.005662868209455052,0.0030422507150204003,1693533778.8432653,7,103.43681942490215,0.9411932848290768,0.29839042199431615,0.8755165105335683,0.9998448407462476,2.9656619149498876e-08,30.55614503088004,1.0218286987759086e-05
104,0.0041240210968016555,0.0033220142225348637,1693533779.0068862,5,1324.8219985370695,0.9865501564715871,0.4233855904734436,0.8269533766445419,0.9642932644713295,1.3325822043322788e-07,3.565658098067068,3.0215936368534865e-05
105,0.004672267903258143,0.0013911247528173298,1693533779.2303796,7,40.25345380241827,0.9239273872283457,0.5560187492380897,0.8917905515985887,0.9516767573722238,1.7728120674399907e-08,9.003354945626377,2.9446131919648944e-06
106,0.005308248797900483,0.0035175467514784176,1693533779.3901348,9,261.44492173861846,0.9163144586930273,0.791019825368622,0.8403432366547582,0.9336413640153272,4.486583188838471e-08,18.655571292929793,1.8490338289291135e-05
107,-0.0012822154929705842,-0.0027272185097488855,1693533779.540264,8,6198.635874667588,0.972872490398499,0.216114964900341,0.8682462846070411,0.9867901544470963,3.081711395412715e-08,56.48722861139012,0.00040514315069542533
108,-0.21972657904172954,-0.26588886073509177,1693533779.6776738,6,16836.02319763056,0.883406413116508,0.12376109615253363,0.85329173334587,0.9774523230289575,6.931667287302329e-08,5.103330463738866,1.3200822466343869e-06
109,0.0054754326121241315,0.00255786664272184,1693533779.8242586,7,68.71857599677413,0.8990266084907077,0.33473051885773686,0.860398925042327,0.9625405408202946,1.4369135916170532e-08,1.854599103307127,5.333981827168958e-05
110,0.0026220725849981363,0.0013568148329217156,1693533779.9819543,6,3048.4140086016723,0.956706548360274,0.5656109089722465,0.9182771608945215,0.9464337835177978,1.1783058343315008e-07,37.83181396440397,8.305770702361692e-06
111,0.004125665694378,0.003272688785550981,1693533780.1824832,8,785.0687407030271,0.9436340090736961,0.37304453821916633,0.8372191320283396,0.9893584642456298,1.0669078528428523e-08,12.656991154366667,8.639238661260911e-05
112,0.006396872710397461,0.0054569515269630164,1693533780.340209,8,603.3530228884409,0.9299919732486462,0.26901164600092536,0.8190147004164665,0.9711449443212755,2.6825455560601116e-08,11.604503488594538,5.3065284652476436e-05
113,0.0021786604170378476,-0.0006235513196950482,1693533780.496275,8,179.08375857243357,0.9316728171158051,0.17566623992736388,0.8050324714421254,0.9722311782113987,2.548103723778814e-08,19.70809283582745,3.611030106043601e-05
114,0.006169503787034958,0.005054287519445033,1693533780.6522143,9,392.20603432566094,0.9271534624831376,0.2801351730136405,0.8241803703423826,0.9603240990235234,4.3638994796525216e-08,9.316165601642096,4.456123849855078e-06
115,0.0060548847976834574,0.00480485776237527,1693533780.793767,10,476.910775428125,0.9152626823841183,0.4510342895098363,0.8196441365877802,0.960690505939809,2.25646131617162e-08,9.234751378725827,2.148233782977201e-06
116,0.0038467394434049673,0.002641430878618345,1693533780.9327145,9,1374.800140265297,0.9300055953278065,0.27383462371732137,0.831536079888143,0.9305960195694972,4.1102889568927e-08,3.0223840245965876,3.898939268065119e-06
117,0.0055572837316434365,0.0036020761268630297,1693533781.0956106,9,331.95275536179645,0.9997349810225397,0.7355841462074277,0.7851790461626444,0.914833891889124,9.001313715320079e-08,28.587623267655477,1.350605416478155e-05
118,-0.03755285530693375,-0.049370116396978414,1693533781.2665486,8,2055.8012750585917,0.9601468084346797,0.08214453499336934,0.8127683247416632,0.9473083189288697,1.817051394962457e-07,66.2200988260734,0.00011467385930266081
119,-0.0012574743925828358,-0.002688545564158984,1693533781.437669,9,7378.806642555562,0.9488034048962003,0.21621554048273842,0.8508453429494268,0.9801795964652313,1.0013360181498983e-08,6.755741334193061,6.87767546598882e-05
120,-0.0019606376922474134,-0.005831452523253455,1693533781.6145139,7,603.7288086446714,0.9718739196066865,0.14741122157220027,0.8251605553654341,0.999804091468063,6.322670288526327e-08,4.452308411289211,2.705153086489969e-05
121,0.005837736408420557,0.0033574646598887314,1693533781.7895403,7,122.45266676262965,0.8958258296768808,0.276107564302508,0.878122336895272,0.9691358083147515,4.726923049387305e-08,13.094585443954445,4.874793923975586e-06
122,0.004128476628377342,0.0033072919565187986,1693533781.9507246,11,924.9962711604014,0.8704273082730781,0.4017768733248886,0.8632789839632782,0.9569022661272686,1.6814332238704794e-08,1.4652316244948316,7.269995830938165e-06
123,0.005384975392279778,0.00368412958953257,1693533782.0929291,8,208.40991648561686,0.9251658183973848,0.5458368947144643,0.8870322464751734,0.9897296206982871,3.290626044495269e-08,20.49692243581825,1.524937003148973e-05
124,0.005485859910274615,0.002639442624301047,1693533782.2360108,7,58.98525355244805,0.9421067537146208,0.31555340503873974,0.8440458904605217,0.9732774976142813,8.009008410676863e-08,0.4392672945976749,1.7550716271468415e-06
125,-0.022630844036414466,-0.031162442057563133,1693533782.3725212,8,2951.15080275039,0.9047413857416263,0.10306148768160661,0.8993716909379488,0.9415576398673422,2.228714819718846e-07,45.31981904567918,2.99196957177748e-06
126,0.0028405074642446904,0.0002907485111145469,1693533782.5461855,7,300.41270003589796,0.9133930949538671,0.18141150977688755,0.871668309564233,0.981157898003713,1.3068263951656592e-07,9.55165539822378,4.476489124905417e-05
127,0.0043077152489824355,0.0006554840885577562,1693533782.734036,10,13.747810684551231,0.8795657511747792,0.9937246189406692,0.8570892920928075,0.9574322339605521,2.3888470360412608e-08,0.7660836979797251,2.0256893208262146e-05
128,0.004118173093607402,0.00333671787285017,1693533782.8966386,7,770.2957256709063,0.9880371625144243,0.46803035677036203,0.8329604713440079,0.9912990792057759,5.433257743949368e-08,3.295024052994288,1.2243950932044462e-05
129,0.0018658061953901184,0.00011559849774656072,1693533783.0620296,3,1518.1216237570532,0.8636563766913328,0.2486708551232748,0.8036606332883072,0.966823027818212,1.5635626944339998e-08,34.523432130102336,0.00019411443437844107
130,0.005407983139532058,0.002977459013467909,1693533783.2199638,6,134.87249050248408,0.8442190563780909,0.632387744845821,0.8840562295081018,0.9293867905545726,3.640279354726612e-07,86.81411839964106,7.46164649977235e-06
131,0.005818428739861381,0.004275638186181263,1693533783.3758242,8,491.2326320454812,0.9604620475508098,0.3871308709702412,0.8440446221314718,0.9517410712397042,1.224658523276158e-08,13.940554775165118,9.010300378054151e-05
132,0.004108818004672554,0.003205977583133457,1693533783.5226324,8,873.1107159851957,0.9506052607702463,0.3395986630509072,0.8165760538091674,0.9795845612042797,3.628086966003809e-08,5.95269816948015,3.9563136198844426e-05
133,-0.0009472529995575574,-0.0021938040626141575,1693533783.6837354,8,4506.485784723679,0.9369146615973911,0.226430902208234,0.860549329485538,0.9042257219547437,2.505974431958816e-08,11.053230503802116,2.1711924600584754e-05
134,0.005744265231562906,0.004101090189034928,1693533783.889236,7,356.6507348931524,0.9495150405075189,0.47235860956536063,0.8502222078429066,0.9630909958305441,1.155722547987314e-08,19.316160033352084,5.687417035465058e-05
135,0.005263349648997551,0.002223864951758636,1693533784.0851595,8,97.67836534976998,0.9763573086706299,0.3362453447547637,0.8721676920913103,0.9438548167298471,5.7269361783198765e-08,2.1666231849191964,7.430853193473223e-05
136,0.0026203210209491123,0.0013654763497502609,1693533784.2483227,9,1951.4875265859362,0.9250694241418972,0.7647335261334839,0.8398347481136738,0.79317242420825,9.941646642764755e-08,29.90067583262154,5.359797691234105e-06
137,0.001771014384183922,-0.0025143130000628844,1693533784.3967297,7,32.217324668199176,0.9632373328469606,0.1748825043415896,0.8911266815052902,0.9901198813859933,1.6763162020558603e-08,4.932375779698794,1.0197739896782258e-06
138,-0.006534641008649755,-0.011747696016356723,1693533784.5397563,8,217.75429434611493,0.9367838519764148,0.13078155794060883,0.8244187035774196,0.9211743555162486,4.108386762052513e-08,16.446973952037936,0.0004343987524656283
139,0.00412200145378816,0.003368065332463366,1693533784.6820624,7,986.6868939161812,0.8893892226718835,0.5873796546908544,0.9076579953073675,0.9715412004645719,1.0116755948999288e-08,59.72675414180001,0.00013357349683395777
140,0.006132590456559006,0.005015132896348806,1693533784.8582013,9,555.8452960189294,0.9190032235504478,0.24784362528874548,0.8619647643551638,0.9787642052874312,2.4630183910867658e-08,9.75608933247183,1.4300285444366564e-05
141,0.006457889561639618,0.005487090405465911,1693533785.0372653,9,521.2845068543327,0.9195274956489096,0.2679786876330098,0.8635419864063,0.9850793985952709,2.599714517274476e-08,9.854177451112896,1.013691040548068e-05
142,0.006161392045694991,0.005023272480851104,1693533785.2160647,9,455.03240902493206,0.9135507547500017,0.2661915806828583,0.8673684561816353,0.9838889586532811,2.54181700085387e-08,8.052946375577159,1.1889972311660453e-05
143,0.005899395394659668,0.0045462561882401165,1693533785.388219,10,517.8783735192998,0.9180323195334655,0.2487362229630841,0.8678996432715577,0.9995465182259703,2.4980524719106902e-08,8.154283015236752,1.2277907687649306e-05
144,0.006192259894446828,0.005038210771091456,1693533785.5558574,9,278.0763640418628,0.90514191394462,0.4086042285877882,0.8585255103099074,0.9819910674628399,3.577589752371509e-08,4.137191282640342,2.855566158426814e-05
145,0.005902165517652103,0.004395885650725684,1693533785.7055464,9,242.5425746704812,0.9017577630082535,0.4138792810893683,0.878653658446044,0.9910288292764083,6.881055056455064e-08,3.111155110213536,2.404794019601659e-05
146,0.004119103434347626,0.0033774157454051768,1693533785.8482563,9,1408.7728264961688,0.9100418900046094,0.5054602365224273,0.8501193691586112,0.9839376297034562,1.4487806327608695e-07,5.999586376270896,2.553905607914681e-06
147,-0.13396766996218412,-0.16461344829918634,1693533785.991071,10,2858.4075151937277,0.8947124532054069,0.02394289292653035,0.8579203776231338,0.9595709411340968,3.162977094311193e-08,1.3744433846571134,8.521775807175709e-06
148,0.0052161584254858395,0.0021127884521552343,1693533786.1593814,9,75.40229506070291,0.9293081082263996,0.3028196280029955,0.831148240279439,0.9720644390188443,8.933675020018621e-08,4.160967766119528,3.2389294916632135e-05
149,-0.18820493220316825,-0.2287526850463233,1693533786.3274307,9,367.98268977703174,0.9065029556639462,0.007460169232406779,0.8753835966575068,0.9845912296120869,1.866679287913776e-08,27.032381184222146,5.445447169039791e-06
150,-0.21972657904172954,-0.26588886073509177,1693533786.508773,9,10948.70351438066,0.9423690866442976,0.19176224744973422,0.840606790574723,0.9495901512431117,3.855953975513585e-08,13.806060992722236,3.452923909686157e-06
151,0.006180110006715922,0.005139614691108685,1693533786.704632,9,609.9716470042151,0.926984539247684,0.2538022530797664,0.8622059890463558,0.9778587500318243,2.1509126891179326e-08,8.76673488959484,1.647796021422468e-05
152,0.004121239230432616,0.0033702042082547345,1693533786.8736777,10,848.6608242372942,0.9281018648336292,0.6587083071564798,0.8513448442531399,0.9640065018294657,4.976627851651444e-08,2.2978774767650614,9.959892391083061e-06
153,0.006273606421935862,0.004945449517894662,1693533787.033322,9,154.2983703759259,0.9157013895443923,0.3112685164470475,0.8660297148427044,0.9993564882886294,1.822585371417946e-08,7.121023623100193,1.7732094707926403e-05
154,0.005842487157474374,0.004278165669688083,1693533787.196462,9,153.33981036779846,0.9362550959282058,0.36240151843880697,0.8818490520446949,0.9995354681352305,2.065947764154505e-08,22.988863870982843,2.641183370771316e-05
155,0.004121384386981952,0.0033354677973582714,1693533787.3659751,10,1371.8328983691983,0.8759582154455501,0.4356941986788388,0.8948708320028486,0.9746028013024509,1.4206334181714262e-08,4.320863027293801,5.093947801487733e-05
156,-0.0019127113166290677,-0.0059018854675712,1693533787.5444164,9,279.7715613227654,0.9537219901912225,0.1493442965136022,0.8577696751826702,0.9651542044055278,6.306610945607597e-08,38.86766971406871,1.9985891165011833e-05
157,0.0026285639035390496,0.0013425339502193268,1693533787.7289395,8,3932.616739322821,0.9243987850124018,0.8070806104803812,0.8367283602445243,0.9884886630329169,3.840688511622647e-08,13.817402065961208,4.651423303168515e-05
158,0.005029029338589397,0.0019076602113473617,1693533787.9244378,9,1.991380256263971,0.8910498167440528,0.5178710635472756,0.872103548200758,0.999304801691208,1.5592219494448359e-07,1.1241902662339336,1.5577609591290647e-05
159,0.00428487583373538,0.0008175868417739096,1693533788.1159387,8,0.855047521774726,0.9048290447892172,0.21038945127892786,0.8223336768938507,0.9776498207347174,1.0163497352978325e-07,7.067307352724297,6.369475191456914e-06
160,0.005499971823014094,0.0026746436288296316,1693533788.2799845,9,106.48137021689202,0.9462928273198323,0.3247323095289597,0.8455287631497317,0.9537090751838657,1.5004404256754556e-08,2.350522334779494,1.7993537680114613e-06
161,0.00626521105291844,0.005119824097922998,1693533788.4511797,9,479.27594527291586,0.916519666804256,0.2831637360999146,0.865954215065329,0.9880946538739621,2.3913126469661982e-08,8.76400134448945,1.062063380355973e-05
162,0.004125406149595334,0.0032989624922139527,1693533788.658446,9,731.7659818776272,0.9205471731508782,0.38843496790706544,0.8642484208706471,0.9912442461988981,3.6649985356032637e-08,10.644862717403933,4.194689400337053e-06
163,0.002406012443397998,0.0009876841496371247,1693533788.8954785,9,1857.276391117074,0.931017159777468,0.29404898225684944,0.8826985900860256,0.9698484331726019,2.1962438186906574e-08,19.78291723046354,3.559708975348905e-05
164,0.0060166651479716116,0.004757465423622098,1693533789.0673196,7,160.2238638987206,0.9134652714554056,0.6013286326670638,0.854256926732134,0.9810076328191606,1.0125528320657177e-08,5.0147174129377,1.6281588297835735e-05
165,0.0051458313026340186,0.0031894600062138956,1693533789.2618194,10,399.7230518704705,0.8819191514660044,0.21500922325686142,0.8735112716930757,0.9910133759692122,6.888325108114383e-08,0.6035086508653064,8.56035607453816e-06
166,-0.015124440597381161,-0.021974607190995643,1693533789.439821,9,1053.797486487307,0.9406375161578795,0.11544314674083687,0.8930475737372507,0.957312503165255,4.417874569258529e-08,40.086507402530955,0.00010360390998046358
167,0.005848339731509111,0.004252295438082476,1693533789.6130652,8,266.4942712208556,0.9685484038447743,0.42874968298193367,0.8315076418981171,0.9401282634783622,2.552875400643625e-07,7.482379614633681,2.675187408589813e-05
168,0.0014975339920260122,-0.0027044436206460354,1693533789.7881856,7,51.17466192316254,0.8975233342615543,0.17219306614011004,0.8514551504988485,0.9761446396538288,1.865423274820515e-08,16.764801076983748,0.00020328506322765365
169,-0.2146720470712522,-0.25993482902392273,1693533789.9781814,8,617.4087087174066,0.9535814500446181,0.0011212649986184343,0.8636474267547829,0.96637493465155,3.3923153470022835e-08,2.9292764706125975,6.914617176726624e-05
170,0.005735890025188595,0.0033332691073024723,1693533790.1563811,7,0.21719884568479642,0.9336868293940584,0.30989617958795057,0.9029332591728325,0.9904254071693348,8.852073644071321e-08,73.94656674205515,2.398443063665521e-06
171,0.006020341034896459,0.004744165025354574,1693533790.3655276,9,471.8573376759741,0.9151492293760795,0.2582231730350437,0.8640063698337828,0.9828538193278725,2.2375718104106795e-08,7.935993103502227,1.340576610726565e-05
172,0.0021708649263555424,0.0004727863591518222,1693533790.559327,9,2105.4512147190326,0.9173889430872993,0.26165028722338923,0.8808255749028501,0.7505787177301562,2.8449355911231824e-08,4.482155223823156,8.745319329148753e-06
173,0.006270903631480973,0.005119238851502006,1693533790.7303545,9,250.7160569528068,0.9067539800237888,0.38072477667111415,0.8704468477416197,0.9819371837020199,5.277218915389551e-08,10.962051819966954,1.1153842064772135e-05
174,0.005842703693058948,0.004582181552542197,1693533790.898126,9,234.47446903813955,0.9038806702146864,0.5134234970962931,0.8437854093215129,0.9729329174870698,6.212990409708493e-08,24.941741265361774,3.7589287877566664e-06
175,0.0041240071717219,0.003294329695230358,1693533791.0648777,9,861.0412405945536,0.9269822237056665,0.3818991824301892,0.874892989576035,0.9985343076460946,1.2719391195766534e-07,13.062440924012636,6.2028074127300115e-06
176,0.0058891266438094725,0.004716931159533533,1693533791.238152,8,152.86849596366733,0.8926300769598418,0.5704484429453168,0.888123008657806,0.955905490655826,1.5321571396373795e-08,11.848396578395292,1.8821727782347396e-05
177,0.004130711468679049,0.0033330208741599865,1693533791.4056456,10,1348.2970547377015,0.9426561889313416,0.8131021483020333,0.8556424820297958,0.8333090053433783,5.724309199076471e-08,31.054649602883604,3.980400276212521e-05
178,0.0053312501437997595,0.0023535877394573745,1693533791.5958111,7,7.550695153700903,0.8661113814992456,0.3434379688656491,0.7655310076879676,0.9651745320323889,2.3870286977350643e-07,1.7634522994701018,2.643287932944308e-05
179,0.004733617901471421,0.001429242218581095,1693533791.7630997,8,76.5460468357616,0.906587611185258,0.681804915150895,0.8082462134192154,0.9805192831360616,3.9428503281043294e-08,6.69901213193018,9.70756247140168e-06
180,0.006211083128575656,0.005159919861081774,1693533791.9561207,9,304.09203974670567,0.8821528210081504,0.4499296377017047,0.8379099891461412,0.9465821158188773,1.0198168347746995e-08,3.5632082684884785,9.620554256844482e-07
181,0.006191456280536967,0.005091781771511927,1693533792.1283932,9,376.61200687695464,0.8735227264047317,0.42717012943754334,0.8357858845285323,0.9472863455896474,1.0971210291016556e-08,3.3190694646998264,5.476209169283303e-07
182,0.0061910296465164105,0.0050958553493383185,1693533792.3189032,9,269.358096871554,0.8739972613597351,0.43088964988827333,0.8380309913411724,0.9425105656904149,1.009618969234499e-08,3.74767696040253,6.364706826283877e-07
183,0.006204103974834396,0.005126431013222632,1693533792.4928813,9,239.03151640275416,0.8790563724477285,0.4386475735124201,0.8358931300579857,0.9379622659204104,1.037870034111076e-08,3.552353888091337,5.00543259592571e-07
184,0.006157162493646395,0.005059997499098801,1693533792.6988277,9,227.3387995145935,0.8746584689835827,0.45581670643789457,0.8365276239030032,0.9327011118379945,1.1194633825074668e-08,3.5472255826458294,3.734311005149789e-07
185,0.005242986642300829,0.0024938708961121936,1693533792.897356,9,105.58251824112972,0.8847078406319479,0.4869702115814835,0.8157186803250273,0.9451972409866317,1.06438548001225e-08,1.0565255371917253,5.666356760161523e-07
186,0.004095378808478101,0.00026190481196219917,1693533793.0919507,9,22.163452494779616,0.8536303411743179,0.9730215662750061,0.8440320549149103,0.916621841313939,1.0388870466442374e-08,3.218339214735023,2.590811926855597e-07
187,0.0055984537974095305,0.004265724000077853,1693533793.2659514,9,273.2073676423078,0.8671948849693286,0.6243824882545036,0.8333063256957783,0.9393345824792478,1.6902697870876467e-08,2.2209272249046164,1.0656123164645535e-06
188,0.006201649624299699,0.005053069430680512,1693533793.439566,10,148.48624793996774,0.8628031539858011,0.38635064504215005,0.8491872740857858,0.8571300074447379,1.582889143101034e-08,5.168695067664228,6.454853898269701e-07
189,0.005458747670252451,0.00254984867470176,1693533793.6141095,11,51.75145943152625,0.8892764623517168,0.3472607621219675,0.8500369074937494,0.8991877379678206,1.629020815921462e-08,0.18477851067377812,4.028334117242872e-07
190,0.0058458993506262935,0.004363081395307056,1693533793.8045511,10,146.50709688820777,0.8587083934438162,0.6543235070713553,0.826338202804336,0.8774041414958692,2.772772691679305e-08,16.45388207618676,8.397129947225476e-07
191,0.006170121963246622,0.004862805177257901,1693533793.9881885,10,449.00137932581066,0.8780135610173375,0.4182690362491635,0.7324867149701183,0.9089609160539418,1.5413716387742557e-08,5.427621261995007,7.336045080339812e-07
192,0.004127775646447063,0.003348844613898616,1693533794.1616392,9,1056.3486565613896,0.8728079780274095,0.5093980102611546,0.8411404239864346,0.8860410240010576,1.519141892013926e-08,5.053011098237038,5.226928614083766e-07
193,0.006338059570427768,0.0052302823452090585,1693533794.3526363,10,262.6106813764219,0.8967676692383929,0.3711703302224463,0.8556192416891983,0.9266502168541401,2.492490874323256e-08,1.9005730906605292,1.636203419519452e-07
194,0.004084908091008033,0.0031314563966277076,1693533794.5445724,10,782.3480878973381,0.8974691758617002,0.3247006641915906,0.8576203329542527,0.9236042585554817,2.767578305198142e-08,1.6653039545620976,2.2660482499361177e-07
195,0.004258222540501011,0.0008054391136778083,1693533794.7425745,10,98.91900119334319,0.8883165174998237,0.20724956474035114,0.8663519855040218,0.93187057589229,2.20036110341601e-08,0.4191070203900321,1.6099240513833364e-07
196,0.006329222140972091,0.005162843988321453,1693533794.9262488,10,399.0892017693142,0.902095756293723,0.35242237265155923,0.8503087325200485,0.8513371287689578,3.160154361625306e-08,47.21725771238805,1.213410244424372e-06
197,0.002495493409254035,0.0011489115647929093,1693533795.0932796,10,2399.6211696691057,0.9039877526663261,0.3165731629340987,0.852136562950638,0.8667113612477825,4.0341745178553605e-08,58.14954320474812,1.1337169053699354e-06
198,-0.21936673434950182,-0.26546596109538423,1693533795.2643871,11,0.007042834070686756,0.9117498429778419,7.94102902294953e-05,0.8730816980657792,0.8470810484577072,2.9113703543786056e-08,22.6403959700313,1.191066648190265e-06
199,0.004995003606394266,0.0030335002085463136,1693533795.45104,10,180.87676349304854,0.9832154484308009,0.21945798360468582,0.8498933664246642,0.8048407447440137,5.4055921271258135e-08,98.39841860884876,1.5530913742787251e-06
200,0.006212734183625557,0.005768735177836493,1693533795.633143,11,612.4033107158884,0.8977679400940566,0.7909011047021746,0.8686721951305956,0.7721938522809264,2.5279875563699277e-08,41.99235141464975,3.255882043978717e-07
201,0.006929408533366654,0.006346785387068121,1693533795.8131921,11,664.7139697399338,0.8976335985153445,0.7055185812438282,0.8682117174447757,0.8572348307795745,1.911235863652964e-08,38.09422244492917,3.603090213312561e-07
202,0.006328505577245291,0.005439772244677843,1693533795.965699,11,559.3182424728492,0.8930164380053532,0.776130161479925,0.8670690844154868,0.8545540014493318,1.7066101507236215e-08,25.183647017665603,9.503056061297833e-08
203,0.0061706180418475975,0.005398865968385014,1693533796.1285858,11,649.9326472621966,0.894654345754612,0.9139517811094845,0.8699226989840296,0.8310791667426543,2.183014062876765e-08,41.97918454623793,1.0103418495457589e-07
204,0.004123756454059824,0.0033626484485271835,1693533796.304717,11,1230.01789845688,0.8852127840643773,0.6600287024904017,0.8720924709496837,0.8139185430794704,2.7637176942364915e-08,54.593903509870955,1.4500549904456775e-07
205,0.0068669454293091015,0.006357336784899026,1693533796.4645576,11,662.6525117018098,0.8967959195038712,0.7099724574386715,0.8837613663807071,0.855634454528178,1.742243742984615e-08,28.092863686372173,2.284870071169908e-07
206,0.002629839706095427,0.0013377381512723607,1693533796.6348698,11,1517.6190879918659,0.9003962556591449,0.7910657446911618,0.8845121811180706,0.862234818075075,7.757890000058136e-08,34.371042607596586,6.81649192491197e-08
207,-0.07019028196998978,-0.08870181307522551,1693533796.8083825,11,654.9326736555358,0.9200761542028824,0.052800253041347826,0.8821146507877944,0.8290006767832274,4.690887529608966e-08,24.52730040877775,1.8372780437306147e-07
208,0.002611407040951863,0.0013851445505682625,1693533797.002652,11,3588.128416844785,0.9129239047477274,0.7913401759471693,0.894656462524779,0.7652523452522311,1.9877141409531316e-08,50.450816667186174,3.401400381987049e-07
209,0.005261023505831575,0.0038701078161224034,1693533797.1988237,11,533.8542869679718,0.7621808969553857,0.9841320720296839,0.8625362293879377,0.8564675621894026,1.8012791071376065e-08,17.33021320883249,2.0957760329879144e-07
210,0.0041262981101032326,0.0033530146988197673,1693533797.3852751,11,1085.9847105219342,0.8938686787252238,0.5824553474424348,0.8779085911409216,0.8703201303688567,3.2556801497398384e-08,35.4454830223143,4.228012444174278e-08
211,0.006042348673241604,0.004682859415207075,1693533797.5552838,11,408.50106939268284,0.9007807598356923,0.5377217001831159,0.8647604448222395,0.8859933912328897,1.5684254399429634e-08,59.679760638625226,3.2338014873297523e-07
212,0.004126447024006219,0.0033528293872313597,1693533797.7143488,11,729.970619017856,0.933969724763065,0.7433923231947637,0.8584496287713009,0.8505664529982467,2.9181191803783703e-08,23.481592796155986,8.72164683442625e-08
213,0.005799358129468857,0.004641567401064917,1693533797.8802855,11,305.81084805531776,0.8825884685373517,0.5690603211013895,0.871682871790071,0.8606950506358794,1.0250825377192515e-08,12.701862013907617,1.1914658081355498e-07
214,0.002629153527166417,0.0013406557866817437,1693533798.0486097,11,1933.074999047821,0.9201177953626927,0.6587006706790515,0.8877319316330672,0.874047640911433,1.688357488276794e-08,17.157335167825924,3.22908659250593e-07
215,-0.21972657904172954,-0.26588886073509177,1693533798.2453506,11,41998.19526683933,0.9611653559986114,0.0035065467295085327,0.8565247915714345,0.7892630897287882,5.686377790618489e-08,34.78464768992071,1.9510836920237228e-07
216,0.005454960374939866,0.003909986715536218,1693533798.4422774,11,494.4779409561602,0.9084795956432508,0.9984811237784772,0.8785612787965522,0.8353459918354231,2.4581676582273262e-08,0.08325219812309466,3.8316643313361454e-08
217,0.004122263068015997,0.0033626528240265907,1693533798.6433215,11,963.8043722851938,0.8887436064164098,0.49591736910075235,0.8460616307000072,0.8400676261195137,4.39942217922333e-08,70.00172857268245,1.2714122526562517e-07
218,0.006079394947209105,0.004872129779566303,1693533798.8073962,7,234.8477852462299,0.9401412243482161,0.3049157821408648,0.8657693692078852,0.8443639461856356,9.974787747648666e-08,12.466475152990347,0.0008343410565733448
219,0.0026184247841023467,0.0008999910804307065,1693533798.9747732,7,1798.8590415167487,0.7215604755262857,0.6889608423977124,0.9066598530003352,0.8189385276821668,8.966700686425092e-06,8.889878235572022,1.7118564970314545e-06
220,-4.842019075246284e-06,-0.00013313611183840557,1693533799.1383,8,5459.8885631194125,0.9924218252086058,0.37049980299792007,0.8965845628511915,0.8933347522765087,1.6745659186107648e-08,26.791616255542177,2.42187547794453e-07
221,-0.04514553447678038,-0.058851059570115494,1693533799.318509,10,143.2432417386071,0.8636737543432387,0.07041332392736478,0.8453620974729273,0.8513458390976094,1.4190440794681733e-08,9.897089095121206,4.882306133963618e-07
222,0.006321235353399568,0.005283376116823835,1693533799.535133,10,383.7916713524093,0.881617081706121,0.36677943366827453,0.851891298300243,0.8603585704017506,2.4046670368543494e-08,6.308050028553227,4.1991709352037205e-07
223,0.006196086299156134,0.004882629066285449,1693533799.7426393,10,412.02314561951323,0.8826803877322339,0.27156240386633523,0.8579907093169212,0.8574742077125153,2.699982216177271e-08,19.212923593184204,3.601112693019865e-07
224,0.003993711995327387,0.0031350693529551554,1693533799.8959424,11,801.6183412672145,0.8968460568297982,0.5100529123186055,0.8697214014029053,0.7184571463739347,2.8408196700882523e-06,99.14832553398678,2.546565427576125e-06
225,0.00620583604756586,0.005033952840848732,1693533800.0793977,8,317.51424530247556,0.8307187823319186,0.35948624297274095,0.8302667201712692,0.8703326890141375,3.733047190320416e-08,43.517040149741746,1.07920054387876e-05
226,0.006250629224924142,0.005103547337620973,1693533800.2547953,8,507.9791742696584,0.911110499621416,0.35663923357869065,0.5197823961797647,0.866427088098761,4.335631481316212e-08,42.96628467854652,6.214676497680753e-06
227,0.0030000425264489206,0.0013792290434856413,1693533800.4210758,8,1099.1895558693718,0.8073551001236574,0.23140507576436226,0.5848309727321912,0.8415077083744057,8.154861934840217e-08,0.010231632428963954,6.486869186360087e-06
228,0.0066287709057868405,0.005914044772851845,1693533800.6259935,7,558.0330420571258,0.9185361966518545,0.30068848932224557,0.606361452014923,0.8802805566049817,5.114139970673851e-08,0.14142060712901994,5.2590655261089495e-06
229,0.0017446692347283799,-0.0027466643892564147,1693533800.822503,7,0.00016256027533375549,0.922514528669142,0.17773558045324203,0.5288911174162847,0.8764468962818415,1.530366457544969e-07,0.036362929503091716,4.685081495610308e-06
230,0.006568012395770539,0.005802114056099428,1693533801.0150957,7,598.9516849666492,0.9084594813966603,0.28814327702209713,0.5126170512047945,0.8666154629265487,5.963941989249792e-08,0.015325835713726916,6.093648382565163e-06
231,0.0038158552814367974,0.0027105277204433342,1693533801.1733258,7,715.8843085920041,0.9106782086983987,0.2825338906854852,0.6304559467839759,0.8689037992332865,5.811763416525408e-08,0.07019724364711108,6.939493056541221e-06
232,0.00653389746200328,0.005538201788240715,1693533801.3355825,7,536.1729351904668,0.928117583783659,0.3219167537097531,0.5210685478181727,0.88367753188686,7.585168127604068e-08,0.03235503760711404,3.851820572228425e-06
233,0.003930211091179414,0.002903984022047501,1693533801.5042145,7,1282.2112155466039,0.9276454485714843,0.2988262160380321,0.508094355987548,0.8875362544350435,8.323638492746691e-08,0.12261078031137518,4.039804771217142e-06
234,0.006369505435086964,0.0054461853047386155,1693533801.687562,7,561.5120134263403,0.9482867845123486,0.2637229808536165,0.6602275896080889,0.8821546115637651,1.1344761167011978e-07,0.030428998013418026,3.2050421866003216e-06
235,0.0008003390616659889,-0.0012791254833399712,1693533801.8763542,7,2590.983895031612,0.9473252229105715,0.21407722645188162,0.6391506459257985,0.8825399965915457,1.1170514030124504e-07,0.02215281846126521,2.999650736063742e-06
236,-0.09855459318994608,-0.12274080482032002,1693533802.0771046,7,454.39018551707414,0.9364270225708724,0.037382894368003884,0.676230820063441,0.8792658884553967,3.640712012683067e-07,0.03730001387961922,9.517927238161587e-06
237,-0.0037291970665300767,-0.007587244468603371,1693533802.272727,7,1220.3538819917358,0.9533276731206247,0.15310010901907894,0.6506858372160482,0.9054744897919753,1.6660927238687702e-07,0.014781502893795649,2.4280613983520735e-06
238,-0.1326538034202045,-0.1634361794128607,1693533802.4421875,7,3.6730960494548773e-07,0.9298192184070602,0.023859731942144507,0.5516449094154733,0.8947646605675413,7.587139243547311e-08,0.02992857770605611,1.4524692269410875e-05
239,0.0059769467282931865,0.004437080713146191,1693533802.6226196,7,195.73107866398007,0.9706500967528895,0.256156551520432,0.5614759839206197,0.8510280867484928,1.8549331086444476e-07,0.06216183881320078,5.085180778226881e-06
240,0.005118016846577755,0.001853066427805583,1693533802.8122401,7,5.442478449478932,0.9217374852552861,0.3219178392787869,0.5392424452324257,0.8581951372806074,1.1741885300503893e-07,0.019599543390687434,3.113820751613365e-06
241,0.006122029530151174,0.004861389694828522,1693533802.9964013,7,515.1139992751407,0.919594263409424,0.3610269550515296,0.6159478774496252,0.8644835271859279,4.629754640280862e-08,0.11621014264926458,6.170397084475661e-06
242,0.005656117846737918,0.004359515348845711,1693533803.2041032,7,615.7521490317788,0.9091949735045379,0.23024745518472564,0.5276475696940711,0.8770295263644364,5.6924380853578225e-08,0.05590267070212723,7.893956915401761e-06
243,0.00609224845178169,0.004826994235664239,1693533803.3985536,7,366.70606518793943,0.9439836245707287,0.35892931419808644,0.5141483433713854,0.8669187957685492,4.915846390581964e-08,0.03315436526315555,1.1345615154877006e-05
244,0.00014684711978363296,-0.0025312110863233706,1693533803.5616357,8,939.3321603099477,0.9337765126745611,0.1815642528512039,0.5253034983660569,0.895597422903008,3.7453912699457445e-08,0.047713235508044904,4.331459387417307e-06
245,0.005224560228738295,0.0019656447167614166,1693533803.7155704,7,0.06978362756960217,0.9138277815607525,0.28158180618092193,0.5907336017781821,0.8854342567278968,5.388562240778098e-07,0.0032879248993153564,2.075287584861642e-05
246,0.004831278280508999,0.0015049201589657502,1693533803.8962133,7,1.5994702240253595,0.959603648342782,0.39453226243880996,0.5051867914541105,0.990435075042034,7.633209690806407e-08,0.1646338363865315,7.295025622587507e-06
247,0.006563365604473348,0.005156174544896808,1693533804.0723627,8,378.32159820580154,0.6679429687849109,0.2964530330133259,0.5162252906109452,0.9999050541805783,3.286626924651329e-05,0.0004606050236507077,1.3157674190104585e-05
248,0.005736048667480453,0.0037932019648686532,1693533804.2573292,8,216.91167429171887,0.7928756563557426,0.23920415988545465,0.5159575577876679,0.9939428923147354,0.0003117933657037202,0.2062228189245368,1.4227399786106253e-05
249,-0.16622130375181432,-0.20297408973914344,1693533804.4616961,7,3.3149540397857074,0.6424624772167709,0.013253567732394538,0.5563831684783808,0.9975140771566183,1.1381352532497692e-05,0.000548984102754109,6.504633682446299e-05
250,0.002151631117114361,0.0008578534059598963,1693533804.6492143,7,2027.4920593781321,0.5490111203599917,0.28968393848267127,0.5684604828364949,0.9860173155365565,1.2827451444445906e-07,0.33275126602179134,0.00010511589827171668
251,-0.06639470985087259,-0.08410321639890417,1693533804.8328857,6,905.4382929701821,0.7318600018820538,0.05584120429695467,0.5138612065441756,0.911869473056165,6.955882164686875e-07,0.08409219038788857,2.11104206461497e-05
252,0.003908146742382046,0.0012163578328097113,1693533805.0176773,8,351.36781159401767,0.6866868707066851,0.19623795359661655,0.5031389703674521,0.9997738107427964,1.2428491548288683e-06,0.0003699955385410739,3.7457226337161873e-05
253,0.004646526804501616,0.0012574431404661635,1693533805.2038443,7,0.22044443142659612,0.9478429366943055,0.4703849889123404,0.5731009557730288,0.97508753690341,1.8888024719668037e-07,0.00012655907335226113,0.0032784654908522754
254,-0.007274062200394615,-0.013735437227427205,1693533805.408039,8,125.14585575890557,0.9377776322094559,0.12974757173018142,0.5019169807388738,0.9865475317177683,6.04397920978916e-05,14.581067156298829,9.85604955144059e-06
255,0.0063033128002688565,0.005565046907852422,1693533805.6063645,7,661.4986640290563,0.9036575076319456,0.29029154376009353,0.6101222832951547,0.9029914996571985,2.575017125753384e-08,0.0075660544865221585,1.890001614275547e-06
256,0.002606170554501408,0.001397326227891682,1693533805.792902,7,1614.6604127990017,0.9801682363250966,0.5004277255802803,0.608105640674476,0.9041315433915776,3.456775221174209e-05,0.007264606609584371,1.8280967842566958e-06
257,0.004061877504078271,0.0031452124401816217,1693533805.973432,7,881.6502095630174,0.9023208185790438,0.3422470201739995,0.5913892251879038,0.8998610258045399,3.3220803119158793e-07,0.015386612542266144,2.8189640405301325e-06
258,0.00464882579200665,0.0010788917522563946,1693533806.1503816,6,0.6054417853631301,0.9248521342054435,0.23148566974637985,0.5383831895108656,0.9219185065772191,3.0592699509660606e-08,0.02441693728618619,1.6138363806744518e-06
259,0.005685639844942747,0.004288359849080048,1693533806.3409052,7,285.1669546055767,0.9583055298694078,0.596536872060129,0.5990333072976292,0.881394300823092,6.615946136150225e-08,22.623608366427046,3.992730716690943e-06
260,-0.035165758827019555,-0.046410227073946375,1693533806.5163548,7,2639.3114550283526,0.821234417216781,0.08408920272138853,0.61638368823762,0.8526779954993543,2.2888815330584012e-07,0.01723358280031353,2.0790911086798944e-06
261,0.004114317239163445,0.0032720624362502226,1693533806.685346,7,701.9838887924572,0.8964414641297346,0.4280460621272496,0.5862019686459081,0.8885471655826934,2.361176569796881e-08,0.03980874885609504,9.65703044414724e-08
262,-0.21972657904172954,-0.26588886073509177,1693533806.8903947,8,22177.02698251062,0.9319362587024299,0.15930930004599386,0.6096654514071154,0.590409868810985,2.19353923809169e-05,12.068912137915126,0.0002553503609583593
263,0.0058402365739632645,0.003633706386583224,1693533807.1057224,8,92.00647731828437,0.9047890502000452,0.3006730626791614,0.6644293989684472,0.8749255153604862,1.0331097712772381e-07,6.876699184973666,19.68192787992951
264,0.006023909633036673,0.004905598805121314,1693533807.3085787,10,182.87539755475066,0.9983682559617064,0.40885595741150704,0.5458717878483238,0.9662167673552169,2.0027793538641977e-06,0.010812083056276749,6.359079136537988e-05
265,-0.016782000126989605,-0.024598151362631437,1693533807.5261245,7,429.8046790252042,0.9650923812141389,0.1060029505559469,0.5373900152213671,0.9153836764791813,8.307461547550143e-07,0.005543615076534133,0.0001421601557293472
266,0.004483445224364724,0.0010324062864736083,1693533807.6967573,7,10.1150783707176,0.9440928542640258,0.5712247113458502,0.5733189943462105,0.9776918226346277,0.002414367926226854,26.488216256611718,1.740203238283132e-05
267,-0.10645982567097634,-0.13240794196101313,1693533807.8868117,7,0.019451346756734617,0.8922867529914245,0.03408141917689418,0.6296816761161061,0.8937082087738132,9.318670266773201e-05,18.62270601420275,1.302782812551289e-06
268,0.00156417514810403,-0.0006068515814885433,1693533808.0840259,8,1393.7917677646533,0.9749795203250282,0.19920084436668822,0.7161254533743053,0.9699843459650921,3.5638000302018595e-08,9.896341730025084,3.70771608843839e-06
269,-0.21972657904172954,-0.26588886073509177,1693533808.2886598,7,56140.75060663911,0.919907403561824,0.32741108835352306,0.5616772491090326,0.8588139022178651,2.012246184242992e-08,0.060568367798770145,3.208780415577051e-05
270,-0.0006251859687602668,-0.0016530591345442769,1693533808.461452,6,9507.959901760405,0.9522517858719466,0.2379530018595182,0.6862026095457219,0.8477708717214383,5.695138164356931e-08,0.02974191122754633,4.937189646026199e-06
271,0.0041228047044833405,0.0033476869062172288,1693533808.6293294,10,678.4555609938103,0.907237499881607,0.7681790121363768,0.5797630289657525,0.9999917660458597,0.00021378906275529484,0.2580381002272322,1.3597631312765466e-05
272,-0.2179984182931316,-0.26385345115544223,1693533808.8037932,1,287.3382917915263,0.7540613885176164,0.00038314311436603597,0.6453286001465052,0.9858240328107422,3.2233806091622476e-08,0.7586191449261626,5.1897607314818384e-05
273,0.002648841185329709,0.001223814048643912,1693533808.9619963,8,3286.7704794533965,0.8001067636654318,0.5050523187433329,0.7480730837364467,0.9563413350573379,1.6817614106149853e-08,14.582083995888562,0.012977934792289862
274,0.002720564626569666,0.0017724728531961498,1693533809.1388824,7,1160.0348822324736,0.7691124660671248,0.40347916551259067,0.603083672598026,0.8718227363205932,4.999620356752052e-06,31.655269242748282,79.84206252908736
275,0.005975580341570308,0.004491115423676861,1693533809.3662748,7,490.9801855614226,0.9362020435879911,0.2666353985145954,0.620154831879594,0.9777830106192175,1.236748162956313e-07,66.8364215268858,7.147786291194423e-06
276,-0.1976697247794419,-0.23997595680364592,1693533809.5919654,7,17.797843914083998,0.923940003149227,0.005091159464630266,0.595506274100511,0.864047266060332,6.77543181052103e-08,0.012543533459202047,2.552157178489708e-06
277,0.004725664764522519,0.001332710991067465,1693533809.7853503,8,36.52764174896049,0.8948998837978417,0.647263176850873,0.6689552529749515,0.8266534682583316,0.0007407131343839094,5.966505954939031,8.764382069432777e-07
278,0.0062530885431468786,0.005053443979851746,1693533809.9621634,11,168.28901596518176,0.9123229833374182,0.33446819831767505,0.6992693027879717,0.9675168328038144,3.509512630551772e-08,0.12141982780779592,5.8958273780207906e-08
279,-0.002071036582224739,-0.005308034076970225,1693533810.140993,10,1746.0811516298252,0.8883480888791532,0.17446950635913622,0.7838499629715393,0.9073450816906277,1.941778813906675e-08,23.526497386675963,2.311535750978896e-05
280,0.005747096169281152,0.004426985787137849,1693533810.3381667,7,327.5752849983799,0.9330805029153622,0.4520009365288611,0.7403194602206523,0.842474551371393,3.322580881421433e-07,0.02160171602674654,1.97494094197915e-07
281,-0.0523996458844731,-0.06729498954982405,1693533810.568544,8,734.8173594869687,0.9036308320409709,0.06668793542142767,0.5206827630408436,0.9893501302982145,0.045568308364034055,8.2159502764461,7.0853607059578945
282,0.005070784016659169,0.0017496302388411156,1693533810.8050747,7,79.03727366796218,0.9445296813811623,0.25986900912514793,0.6614090346993645,0.9999213398602815,4.4165701870694244e-08,14.431864214197754,1.0430559879718218e-05
283,-1.3977827628686157e-07,-0.00020431913992879913,1693533811.0333834,10,5201.760814264521,0.9180111528210724,0.36519465985071575,0.6271125091755281,0.6768796598425006,8.911388796755503e-08,0.5799943434913183,3.47576923762626e-06
284,-0.2082876689380615,-0.25242324310862485,1693533811.2084742,6,209.1387663106051,0.9891722335813352,0.002574668085666852,0.6558671505412482,0.8815358210691173,2.4659147277870905e-08,0.002168526568726039,1.4539332375700726e-07
285,0.0040878035269033,0.0028740237630400234,1693533811.375478,8,522.719457227715,0.6687041151074953,0.8078740561106295,0.5271847761819394,0.9811796974949404,1.5183333891483242e-08,44.453319986787896,8.652607526305594e-05
286,0.0026446969482004645,0.0010621166652950986,1693533811.5628786,7,1390.998878532581,0.7790009322911039,0.5607591132745836,0.6052451934982236,0.8969300402433265,2.4031794519251553e-07,0.009676714524092822,2.2272781895378785e-08
287,0.00521156862210248,0.0032256956560413608,1693533811.7666957,11,364.4559656255263,0.8513867083454427,0.2233768069408347,0.5393997609281762,0.8600883932335319,5.180298841022931e-06,28.57770225701536,5.477066371836045e-06
288,0.003888458248354043,0.002713304540731043,1693533811.986596,7,909.9706950484681,0.7940485827059642,0.2949646423124943,0.6449762003847357,0.9299138796649624,1.059066275687208e-06,7.627624861672772,0.00017168885986978548
289,0.003407757669033007,-0.00040638123699276996,1693533812.1844625,10,123.63496042638947,0.5911642290242147,0.9981894122880423,0.5693875072196996,0.8377984438381711,5.0383461506985774e-08,0.007218912172272303,3.8110694267524146e-05
290,-0.010654177808087972,-0.0162105272343529,1693533812.357594,8,2549.04404987913,0.8386110990809404,0.13133831772470952,0.6837629900354605,0.9632093241461199,1.4184602663670585e-07,0.0007239523454537365,1.4004400772107947e-06
291,0.006609712533745538,0.0060837278384031634,1693533812.5392897,3,618.5825801833346,0.9274979910699326,0.4245407688151618,0.5521295164895375,0.919559757737915,1.0004687660202497e-08,0.00015244133368416855,9.05736392974375e-06
292,0.004110947108072582,0.0033495388392108527,1693533812.7355008,4,817.0135335984232,0.9534220189811914,0.4810173695449107,0.54886108280036,0.9003798172557995,1.0013570742464261e-08,9.096787960316746e-05,0.00042342825060314707
293,0.004381193064350031,0.0008764464076362888,1693533812.9517546,6,2.0633390790353268,0.9280800757349328,0.6369526843237676,0.5596103078698219,0.9286268184662179,1.4759510034959614e-08,0.000218117586482647,1.9194108432928736e-05
294,-0.18785033049980093,-0.2283084961871078,1693533813.1443691,4,571.2855755431801,0.9380577985208545,0.007556562238951543,0.5164361219662331,0.917644951445835,2.2785200942586634e-08,0.04406782037907486,2.197108811517994e-06
295,-0.21409668925473158,-0.25925828419087127,1693533813.3285499,2,1799.0884774608044,0.7452101134020686,0.0012698121751882965,0.5295835738794207,0.9112703372133956,5.594338380254004e-07,0.00010988412220646024,0.3751123557860196
296,0.005075793178125676,0.0017588908156733751,1693533813.5170417,3,0.3659928838855724,0.9266897197922757,0.30522983078059734,0.5472078896511251,0.8068993402751553,1.0057598485726301e-08,0.000249907328175802,6.621009928681815e-06
297,0.0013630691166917064,-0.0009316024890191343,1693533813.6922665,5,1082.5930085359787,0.7145579969447592,0.19894705331767817,0.577531364315268,0.8889936181682494,3.164710993796651e-05,0.0014064412705918875,1.3807907058708575e-05
298,-3.199059068759169e-07,-0.00021022841446050045,1693533813.857558,7,4071.309800954489,0.7849611069648856,0.41333221083482186,0.510881215230742,0.5022129538172787,1.688479845104344e-08,0.07612020168726655,3.7864642246857446e-06
299,0.0053491225709453305,0.0037049717150338113,1693533814.0491407,7,357.67078308027703,0.9640339004186839,0.7512343951883321,0.5001320738025655,0.9242305722481094,3.168271670062275e-08,1.3946999965811233e-08,8.557191635275495e-06
300,0.004714174126602577,0.001455613541337053,1693533814.2243428,11,0.004067329252062869,0.9422945264275043,0.5195513455285758,0.6355514190902681,0.8786115187028808,2.3583436970460163e-08,72.66353873439999,0.07871751164669903
301,-0.12342617274983048,-0.15210980471880675,1693533814.4304373,8,551.0128800803801,0.9163116326140105,0.027344192288699824,0.6222326733161219,0.955344005202304,1.8218990090241255e-08,0.0008290434591217493,7.6934764729338e-07
302,-0.14684089078068396,-0.18008873771250933,1693533814.646899,7,0.0007470835088924387,0.951531604209679,0.01913231378412174,0.855723818320676,0.8711353987649854,3.3496834074418174e-06,17.962800957055492,2.6501556876974068e-05
303,0.006091263632697408,0.004671865995193203,1693533814.8307612,7,220.37843793226634,0.8845240830468414,0.25669282071360006,0.7688393878870897,0.9894783519078714,7.626293787782638e-08,0.166594095396546,4.975510488435378e-05
304,-0.024813691145508132,-0.03384915941371047,1693533815.0272784,3,1252.7288321934598,0.7348964112764041,0.09930362590806248,0.8826634735022065,0.8551548188398296,0.0001011504493956095,33.703179248067336,8.816668638813328e-08
305,0.005368489997534698,0.0024007152429977863,1693533815.2268028,8,0.10079319759164089,0.9006627689106588,0.3418240472728522,0.8469222805508871,0.975305309874432,2.8998188319038652e-08,0.023884827739943184,1.6919809639347558e-06
306,-0.17026970387756957,-0.2075613434942809,1693533815.4510863,6,630.5632612137122,0.9764509684357752,0.0121479982584074,0.7594018101973689,0.9345742526105667,1.3794135448709127e-08,3.698741218708683e-05,2.4574193090873394e-07
307,-0.15677653016012116,-0.1918522786247019,1693533815.6491737,10,65.16734109379955,0.7546025086118658,0.016028992469739455,0.5317620749406418,0.9161457280839285,3.546397635150224e-08,0.4510200220632634,4.35444591061986e-06
308,-0.17560724607396305,-0.21390944052983007,1693533815.8670394,7,343.6982849885662,0.8737230913613196,0.010736900679173102,0.5916064599173506,0.8464415973547891,1.2106939281878395e-07,0.2753761876315984,0.00012090210678417046
309,0.0029411042679213795,0.00036981610407993415,1693533816.0540917,11,155.21825107621154,0.928431660041443,0.1825558666579032,0.798208597569492,0.9508078986176159,1.5355437863783306e-06,0.9624493389887995,9.259206330183942e-06
310,0.0026073739693001086,0.0013606434997812666,1693533816.2351577,8,2296.621647023645,0.9163433228370124,0.41944658649672106,0.858236709570118,0.9911818836754728,1.8350755002003525e-07,0.10231384178808786,1.6675138010227824e-05
311,-0.21972657904172954,-0.26588886073509177,1693533816.4491622,7,87452.6502282244,0.9381868264842874,0.5552306861453864,0.7197313008685018,0.8232453215202852,4.7375355839145684e-08,0.0043834468974104,0.0006159857102481026
312,-0.07860962061053933,-0.09860002093681342,1693533816.6419656,7,7046.439789655946,0.8123234397067892,0.04932179551716468,0.651225093049218,0.9718460880273861,1.3499702215175411e-05,54.33308346386962,0.00022708773600786368
313,-0.08500296437211574,-0.10637472594347863,1693533816.8462505,8,925.8991991827291,0.8916244104779764,0.0447062156391397,0.8775918122547822,0.9026353650642874,1.0005470863179467e-08,6.307671130743876,8.608747689056442e-05
314,-0.21972657904172954,-0.26588886073509177,1693533817.0424836,11,15127.751268980466,0.9064371570568601,0.28812744485904124,0.6352742242952515,0.8906114787523854,1.589926478717733e-08,0.015751127684436726,0.027361449639595168
315,-0.0018774843924076468,-0.007197749408413223,1693533817.2306018,7,6.6058789576815276,0.9680992542551609,0.15174348638284868,0.51556698970085,0.8701922894956814,3.069568100122795e-08,19.183602410563136,2.7142604537772747e-06
316,0.0054217024812172054,0.0031890558815308445,1693533817.4465492,7,366.16129811893165,0.8452621603452568,0.7064980167005205,0.5821011878987992,0.8606293192912446,7.024693839853917e-08,1.542176546369963,2.9703535122308647e-05
317,-0.21926182342817468,-0.26534154092137574,1693533817.6542594,10,1446.363922281908,0.925086965357696,0.0001056547376615156,0.599733436281583,0.8316490151343306,2.163781250699011e-08,98.53799876818395,5.787116746124963e-07
318,-0.21966478819766766,-0.26581607291174225,1693533817.8815713,8,656.1121494138562,0.9514973849840023,1.3576998526003254e-05,0.8178855568570715,0.9931685992625201,1.415280297644322e-08,0.049170747444424824,6.143712379944697e-06
319,-0.1781287886971763,-0.21686376627363746,1693533818.0909836,7,211.09006213149226,0.8823229327768349,0.010011879209999826,0.8907884768714309,0.960567971305107,3.931611992153245e-08,0.0026045075308627486,0.0002901828634388304
320,-0.21972657904172954,-0.26588886073509177,1693533818.265977,7,31470.699656523597,0.8996954288535667,0.2282280339756991,0.8506765062986914,0.9995150203158335,2.369149294235689e-08,0.00130832123915784,1.1069333221381427e-06
321,0.00666533334565933,0.005974925211961857,1693533818.4711847,6,116.20201048926758,0.9142205581930011,0.3767506952384841,0.6122197180057167,0.7958173755731408,5.793625568560872e-08,10.719972526748807,1.2564485806693251e-05
322,-0.12034462350994302,-0.14887036676218068,1693533818.6392245,6,41.63819619382588,0.9846238133578962,0.028358776298717213,0.6024473961513361,0.8087443661418187,1.0166276164994769e-07,11.990438918109467,1.0833391883923538e-05
323,0.006013362219044027,0.004671692167429353,1693533818.8092365,6,435.9013828333991,0.8301145847891997,0.39671370932239,0.6187332926439887,0.8400522931111108,6.278081915741098e-08,27.222374723701947,5.171502582166732e-06
324,0.006339184372981199,0.00546814614178992,1693533819.0337303,6,99.11811102106533,0.7711627054662892,0.5018396350064857,0.6288796791004135,0.7995482668562682,4.95571641429923e-08,48.300746403357294,1.2758123118249084e-07
325,0.004747648610808453,0.0013058150201252783,1693533819.2426097,6,88.63678418986478,0.644698798334307,0.5900639400268805,0.6130718766938347,0.801728431409932,4.741318791778034e-08,57.14990107308833,2.532203265174741e-07
326,0.005931235960786596,0.004940913836741889,1693533819.4306967,5,27.761372204662802,0.7891591306705534,0.8171727299529521,0.6267505626439389,0.7797544996106194,7.50092810657262e-08,0.006093537791520749,9.865994791486485e-08
327,0.00652547466524922,0.005809552001489693,1693533819.6342812,6,164.31390171797588,0.8244581386644327,0.4478018274511857,0.623297911161007,0.794615254508124,3.787999205844285e-08,11.576673942037834,1.9295395571506362e-07
328,0.006471922129960839,0.005761965184340356,1693533819.8383393,6,86.01847099336665,0.8431493519868658,0.5003548693846176,0.6448594102628042,0.7808136559793084,4.5926063063397293e-08,13.52185058867396,5.595876762101525e-08
329,0.006361861241653055,0.005634061911620192,1693533820.0756109,6,71.95373730249474,0.8247341963476114,0.5366091779824469,0.6400974206402371,0.796563780856076,4.956922734586157e-08,15.249331071496618,5.466998432801749e-08
330,0.0063780170538495495,0.005676735291650914,1693533820.2611933,6,63.16603973430254,0.8179698170972782,0.49518453315076905,0.6473928340806389,0.7985730216506141,9.083147196983962e-08,12.442684472693655,6.34643074126051e-08
331,0.006456611116126387,0.005745443444249876,1693533820.4608178,6,42.8123881566446,0.8261621547406481,0.4946941259362227,0.6335756155132012,0.7875693118769993,1.0161289372633076e-07,11.477668043817776,4.9333400500030684e-08
332,0.006384634181342941,0.005659169934161046,1693533820.646396,6,54.55398027667501,0.8133624844312092,0.5013453902298294,0.6413775629326157,0.7961279690550507,1.1175470990996543e-07,11.632127913625661,7.262450285584047e-08
333,0.006201466507618658,0.005466541451974671,1693533820.8608134,6,45.58987777211204,0.8271763759762679,0.63647834917075,0.6406170441191242,0.7814535468311323,1.1225882098630579e-07,11.86355919921776,4.0304454622348254e-08
334,0.006441546849383806,0.005732766486816532,1693533821.0425472,5,48.41086242351835,0.8208311925508577,0.48166942273540464,0.6515489767703301,0.7961310484413358,2.0837512663138862e-07,10.213772903434979,5.996592217833276e-08
335,0.0066082993470971685,0.005819127369647292,1693533821.2083154,5,17.10480050945059,0.8136334104202235,0.47630441371675336,0.6443592635480707,0.7965095730743039,1.9744068888890081e-07,8.246641427921638,2.8947319432122937e-08
336,0.006454099598702023,0.005759762935715673,1693533821.4068785,5,37.290884215058014,0.8165143865420477,0.4725251009482485,0.6482720559422488,0.786848672138419,2.07393679606406e-07,9.249224384584751,2.0992155898270586e-08
337,0.006282937296226532,0.0054303533618143,1693533821.60117,5,26.478091019787808,0.8102214047167678,0.6387031354226164,0.6543369899291619,0.7753425272270195,2.8102038575603686e-07,9.061212948917845,3.5291154831129465e-08
338,0.006656590662862616,0.005848766971064845,1693533821.813297,5,15.826859083619137,0.807366824986779,0.4496754251099614,0.6392479563135539,0.7922131033577821,2.0266699459053989e-07,5.253849597442691,2.0768042222277448e-08
339,0.0065298278637276885,0.005799117895207928,1693533822.0072622,5,86.80529668232418,0.836651268362354,0.44918289898544483,0.6263508922218678,0.7918876800199216,1.9598084363983514e-07,4.985711606276205,1.131043808681516e-08
340,0.0065581606467250975,0.005829937822951714,1693533822.207477,5,34.328531504937054,0.838290901285263,0.4386481809742981,0.6255596095889359,0.7893213375000399,4.048260378556762e-07,5.379026447839295,1.8641969123737924e-08
341,0.006418765314752939,0.005598439638996422,1693533822.4164567,5,23.160613952054813,0.847619664416731,0.6666941668170219,0.6300034652802843,0.7878573233520578,4.441784700312591e-07,2.712302472056552,1.4794651311852075e-08
342,0.0067753745809872035,0.005972934237619576,1693533822.6330378,5,27.08574480712993,0.8370414346306541,0.41602808873793945,0.6176561189415803,0.7839818181055271,3.138909379992518e-07,3.3944173528994024,1.1950055000265158e-08
343,0.006794466227392326,0.006009782375915651,1693533822.8225195,4,5.403739170268529,0.8447536650712729,0.41162184644890604,0.6225250116401845,0.769553202795881,3.276158806142047e-07,3.5819880694049364,1.0464940398262083e-08
344,0.006771959469985989,0.005989585330226088,1693533823.0454185,4,11.35476001370111,0.8325746497907791,0.40774129962553574,0.6138443242452813,0.7649142829458299,3.89602280366507e-07,4.4867183315652905,2.0137798201969742e-08
345,0.006161495480444312,0.0053546365615383396,1693533823.2391853,5,15.987894558886921,0.8343790623918577,0.8798160719400511,0.5996889183386841,0.7663960149622686,4.4556709723992694e-07,3.962695688556162,1.061897934075513e-08
346,0.006784587364894845,0.00598050019919294,1693533823.4421794,4,9.19014224315982,0.8375488284010788,0.4162486910409059,0.6146613743653827,0.7644723074036341,3.3533962143601094e-07,2.6184907992741926,1.6240142548830883e-08
347,0.0067918511461159126,0.005989984794081082,1693533823.6146016,4,12.7765212183619,0.8380441547916097,0.4067543828828943,0.6173972144366223,0.7626927362860697,3.02792169729951e-07,2.5729902450444095,1.9262017454285302e-08
348,0.006778030029524484,0.005973075420915075,1693533823.7970636,4,4.906546096401601,0.8370164290210819,0.4192972224957719,0.6190767009312106,0.7650509473216058,3.553108271770424e-07,2.0612985051050363,1.4922104660075322e-08
349,0.006776399719776727,0.005975648934037681,1693533824.0212417,4,11.478665647249588,0.8384022228449465,0.4248707430564664,0.6170962644731152,0.7580942291363876,3.744625909991258e-07,2.559658422117581,1.0961592411298117e-08
350,0.00678002913029252,0.0059728953997078005,1693533824.272258,4,13.054688135479726,0.8361669891689233,0.40510795953335277,0.6149583102973734,0.7614166563720158,2.7963734113933795e-07,2.3302486367609676,1.040303585687865e-08
351,0.00680170819284287,0.005998091892820523,1693533824.4915516,4,10.368672898872896,0.838331444804666,0.39486019433940683,0.6217162502894299,0.7582428112014212,5.343551209697147e-07,1.9816048873709677,1.4742161824606071e-08
352,0.006805287230175039,0.006005496853794257,1693533824.7024052,4,9.970024197471703,0.839438331351534,0.39029373873808443,0.6174485655276978,0.7568908842215264,5.047552432075282e-07,2.2134171066375408,1.1309941683682716e-08
353,0.006794850442038869,0.005979747823230075,1693533824.8940783,4,9.47605513550455,0.836405305060333,0.3744147263464372,0.6146205419653537,0.7597670815624044,4.574074021461974e-07,2.135786368724123,1.9490485447721813e-08
354,0.006805326058655248,0.005994976327372559,1693533825.1085677,4,9.673936876310648,0.8379231743471008,0.3824283200207056,0.6129326642688888,0.7587527273936975,6.20367417979466e-07,1.8818818453016268,1.7861917772737628e-08
355,0.006809640609858003,0.006026799133760363,1693533825.3047838,4,10.606030989844808,0.8536403899684983,0.37165937527815535,0.6127142171301784,0.758678376538321,8.092422872621214e-07,1.931251559257418,1.0026118097441419e-08
356,0.006811240981889677,0.0060192644581371635,1693533825.50049,4,12.51955286514463,0.8516393136816022,0.36770800092486094,0.6170291436087243,0.7557982549426173,7.473455060613491e-07,1.397555031656104,1.0177185398994926e-08
357,0.006803215984576005,0.006015525860363358,1693533825.7200456,4,9.625703965599246,0.8498903224139069,0.3874200491015959,0.6099420076017222,0.7537461503264591,7.054746302247122e-07,1.4321509909642478,1.5076686189492258e-08
358,0.006796506298680227,0.005989356337112062,1693533825.9234114,4,9.789056943165594,0.8479057431804199,0.3606905865312128,0.6147180792527074,0.754671997876966,7.620738060582873e-07,1.37283276288334,1.4535128017723716e-08
359,0.00681290061957307,0.006037467925431694,1693533826.1082096,4,7.5803893055022415,0.8538598299078697,0.3841174985589897,0.613209200280657,0.7554215625154748,7.238901952670363e-07,1.2579973755754639,1.0233727365104818e-08
360,-0.19535674197091235,-0.23717234817081634,1693533826.30406,4,8.541301930585039,0.8526732983917021,0.005702927649621141,0.6149032231832477,0.7553896087954378,6.465608580555909e-07,1.3058769225971572,1.4600608675368256e-08
361,0.006799489675568426,0.005988050516407051,1693533826.5054193,4,6.090515234719244,0.8451975648272013,0.35734002165500045,0.6064745848823588,0.7593603861164832,7.943820712989196e-07,2.1950454026334105,1.1141307840196236e-08
362,0.006811411315747251,0.006015823506884566,1693533826.7149954,4,4.262916300948724,0.8450058708483512,0.3794607317727732,0.6127994532279432,0.7613455412079444,6.58903192496245e-07,2.0919443705547907,1.0372402597779984e-08
363,0.0068109529069357855,0.006007069361938511,1693533826.9424489,4,4.5442243027918465,0.8453744297540206,0.3653247370310115,0.6118869489306508,0.7583617338257571,8.524155117915383e-07,1.4354387186631397,1.037893449403591e-08
364,0.00680732204675738,0.005997045153608771,1693533827.1551294,4,3.744570151427604,0.8457074504373443,0.36259762471348833,0.6117106805834351,0.7571181496720883,8.347579620017336e-07,1.7503079022606938,1.0005642140882611e-08
365,0.00681239831139846,0.006013225946530976,1693533827.3757231,4,4.351825050332684,0.8453974694980936,0.3705803865862347,0.6163765229430244,0.7561639018160742,7.137703902773032e-07,1.7330028035332583,1.1581358627442304e-08
366,0.006801803911651527,0.0060049477543197005,1693533827.573298,4,3.8728822133295875,0.8536882301994484,0.3565430051055306,0.6078188546988552,0.7541582607065124,8.624819951552671e-07,1.844328975838974,1.000638715245181e-08
367,-0.15826720461170374,-0.1933848657116446,1693533827.7659354,4,3.905839125376169,0.8511015985460367,0.01578507826577506,0.6173431388806425,0.754064046532852,8.775702336183822e-07,1.380778547388233,1.0151605308764722e-08
368,0.006807471931653097,0.006014304164608131,1693533827.9728007,4,4.6461041118363955,0.8429552280496609,0.3733790081700339,0.6075927368155712,0.7403758962217064,7.925612386168453e-07,2.0698652439471905,1.0165604998756587e-08
369,0.0068100046856931495,0.006027949802982713,1693533828.173286,4,4.590868066143718,0.8582853094510782,0.3651113376470806,0.6051572530530148,0.7429362160110662,8.882048512817427e-07,1.8381180008202571,1.069870239798503e-08
370,0.006804298068303405,0.006006944047998508,1693533828.410262,4,4.258872076770731,0.8584733237900543,0.35186532570626994,0.6060583422859196,0.7480675008776688,9.741453251621968e-07,0.8963877848286299,1.0758500396911647e-08
371,0.006794302435691457,0.005983339675084687,1693533828.589858,4,3.0310745532498875,0.8575322363493814,0.3432547595801069,0.6044970809215446,0.7406173341018932,9.995861004729365e-07,0.93084547080995,1.0163679853698254e-08
372,0.006770557930879217,0.005946257475612837,1693533828.7588422,4,3.363859683008361,0.8595904892874565,0.33176274934729355,0.6010601800390805,0.7433810924555784,9.442613281924473e-07,0.9388378569137658,1.6447167933658714e-08
373,-0.2169191735076028,-0.2625826240618214,1693533828.9798205,4,2.7213015125477953,0.8514658623402546,0.0006262264034441548,0.5947897461850783,0.7414009255997822,1.1995706461885647e-06,1.0712893831867576,1.1242359868417643e-08
374,-0.10705953630632559,-0.1327051386713518,1693533829.1988835,4,5.137282886712744,0.8585306181471468,0.033986210105680495,0.6055764599324935,0.7464857807610941,7.210138632098087e-07,0.6880167946905752,2.6314543750169698e-08
375,-0.2153522347532928,-0.2607370573731276,1693533829.4044626,4,6.587852819490123,0.8505260566443722,0.000978935001328042,0.6044182729894468,0.734515382379767,1.4707498823606368e-06,1.5079490412820589,1.6737659069063008e-08
376,0.006753462820466183,0.0058978040819659405,1693533829.5927284,4,1.636049921069846,0.861050709090704,0.3264442421362676,0.5958164806417174,0.7520648194985016,7.957360349766232e-07,1.6249812403087553,1.019093684068639e-08
377,-0.21212950145785525,-0.2569407939319941,1693533829.7831893,4,3.6288145575830426,0.8466559780103433,0.0017122039906301938,0.6086723620573997,0.7527230987102014,6.54121937987083e-07,0.8743519429252627,2.591385803525943e-08
378,0.006772650856011531,0.005933438156034199,1693533829.9760268,4,7.375474685586808,0.8441767243513151,0.33730532940114666,0.5913389571559797,0.7357787631519636,1.085888167795991e-06,1.207203428414284,1.7181904367189438e-08
379,0.0067950955591730144,0.005996268775975366,1693533830.1629102,4,5.708807166011327,0.8585017387363254,0.3494659647767531,0.604859215856162,0.7703059771469938,1.8703577999429366e-06,2.1573416394382594,2.6623661004899075e-08
380,0.005136317384866751,0.003525277402306237,1693533830.402226,4,1.0363100956794193,0.8594483732143233,0.22124133559740894,0.6077161892706012,0.7704336997909081,1.542724882521867e-06,1.9409664175499666,2.709998099109041e-08
381,-0.05524906387432771,-0.07085801950040449,1693533830.6221712,4,2.274085503882357,0.8487278470892734,0.06317869998418162,0.5995897564825894,0.7574849166489458,5.683174653524445e-07,0.6309345948772973,1.0051665257910945e-08
382,0.006549506607721245,0.005750718774349961,1693533830.8058546,4,6.203991533925698,0.8641392907575158,0.6037981672147843,0.6070562352806241,0.7456258025032089,9.580915640186293e-07,1.9839121261777868,1.8358052112449508e-08
383,0.006801994587083637,0.005999843771323787,1693533830.9666553,4,3.25757027887222,0.8552695904064356,0.3523963466031185,0.5891813093129755,0.7705200319191416,1.9233335081397976e-06,1.1254994492066241,1.0064469636759298e-08
384,0.00674607536656735,0.00589547424730652,1693533831.14085,3,3.4438107295298743,0.8559374266473374,0.32388054664467175,0.5854653043607161,0.7737858608871437,2.0344539114091596e-06,0.9670137693905517,1.0518807503660795e-08
385,0.0062331108397877255,0.005083588919209681,1693533831.355893,4,1.4567925865834064,0.8479931969926021,0.263045225335923,0.5906061377460414,0.7486997320545394,7.102448249490688e-07,1.6139715024531962,2.6028516060656902e-08
386,-0.20106219865410124,-0.24389899786282765,1693533831.5939782,4,5.534086453911699,0.8629625888818039,0.004308453458131672,0.6220110029913303,0.7583437147573829,1.6777394740647617e-06,0.5510497295028896,1.6778960991731253e-08
387,0.006786090900531838,0.00595449101700396,1693533831.8029542,4,3.100151105615343,0.8450709048923383,0.34333718146663145,0.5995499596258691,0.7374184426789034,1.1561503602739472e-06,0.9415983433370864,2.7886360518348325e-08
388,-0.15930066512890861,-0.19460651817603591,1693533831.9995632,4,9.775228990703509,0.8634200571521159,0.015467600227192657,0.6061357453595259,0.728702483828482,6.146042830522042e-07,1.4706691794172924,1.0274215776915812e-08
389,-0.19178821760206666,-0.23296386442871042,1693533832.175197,4,2.2955035444846374,0.8530977234084038,0.006593942215922589,0.6251445607715906,0.7449808979092141,1.0798148786107794e-06,2.4058923326548802,1.6685915509570138e-08
390,0.004693844174568862,0.002914302409682268,1693533832.3497994,3,4.947165615354976,0.8451189080230684,0.213096333994606,0.5851307650178773,0.7736400949862519,2.16147588859142e-06,0.7325222603201934,2.917007502536408e-08
391,0.006556504298561028,0.005759038874133204,1693533832.5506978,4,1.0555273915672099,0.8646842074612104,0.5981195356911163,0.5951410079025364,0.7579484981699566,6.129769258508309e-07,1.2028521365533607,1.5700384114154284e-08
392,0.006803373403824531,0.0059961845708697,1693533832.761024,4,9.522218618103082,0.8688416582951708,0.34773395446511096,0.6084489771113991,0.769009092841179,1.4051548055132727e-06,1.9918787102278672,1.082159140137665e-08
393,-0.20977536642774197,-0.25416728400195954,1693533832.9891958,4,6.315736532581002,0.8700804389262635,0.002253890544855038,0.606452097414277,0.7489861414483109,1.5645224087192942e-06,1.2921565871343277,1.0258501592895754e-08
394,-0.015476637030666929,-0.02263722104307675,1693533833.2157586,4,2.3820353639292766,0.8552905407665577,0.1106097260534448,0.6091739415542127,0.7705717323027179,1.0521648786190391e-06,0.41196118176316393,1.004840733726104e-08
395,-0.1456404305551604,-0.17845035556655886,1693533833.421186,4,8.161374824816527,0.8696570547031675,0.019715321415767626,0.5959162875166719,0.7295635623992021,2.053292730720638e-06,1.8810418932383495,3.277086018424288e-08
396,0.006149529825867139,0.004961014657382412,1693533833.589499,4,4.006259992709285,0.853925862779958,0.2569946797459245,0.6268318270528994,0.7393159217193068,8.732452342346616e-07,0.7261436474097109,1.675426926500606e-08
397,-0.17726906293119615,-0.21583094724092566,1693533833.750564,4,1.3810849597177568,0.8300870075205593,0.010357665276800244,0.5859058974546552,0.7536663645674647,2.940632221073541e-06,1.2945379354609976,2.426760526464265e-08
398,0.006763853314697865,0.005927713103225818,1693533833.9385881,4,10.510800618456685,0.8428901900067552,0.33701830455774884,0.6083465260934957,0.7232094297435142,5.222511311799826e-07,2.3372190504460417,1.477252697478918e-08
399,-0.20601180068570013,-0.24973262157368814,1693533834.1577642,3,4.330677397469278,0.8584714359209674,0.003130673913931189,0.6225348682721306,0.7655764002344839,1.08153243092109e-06,0.8719694437906339,1.026328273974357e-08
