trial,score,test_score,time,max_depth,min_child_weight,subsample,eta,colsample_bylevel,colsample_bytree,gamma,lambda,alpha
0,0,0,1694054272.17658540,0,0,0,0,0,0,0,0,0
0,0.6948035095899036,0.6931323331940044,1694054273.4639156,6,1,1,0.3,1,1,1e-20,1,1e-20
1,0.6698184699457908,0.6666673650347834,1694054274.6390402,6,112.4982267716455,0.9352138428624064,1.097071019172986e-05,0.6548679627526021,0.9788018696829455,0.0013525929600228667,1.5235062798814841e-05,0.0024660357840991143
2,0.608732813025107,0.6068639083157666,1694054275.6229,3,304.97037446555635,0.6711273128073422,0.004948165823594901,0.5029368927755291,0.8365762390902627,1.2596289161699271e-06,21.162936497945456,5.526465902278503e-05
3,0.6801178696718884,0.6808736962442252,1694054276.8038747,9,83.33108259436256,0.9352497276358751,3.5526783653395266e-05,0.6500459901968919,0.7374528829752343,0.05362498598213738,3.7663816841879152e-06,0.10268646353299093
4,0.6761737154683106,0.677745306381258,1694054278.0645955,8,2.3232762363163427e-06,0.6610314964145504,0.2739600801554821,0.5416745805248784,0.873282060070204,4.2024300166333775e-08,0.20644827846733244,0.2661420819637749
5,0.5,0.5,1694054278.952334,5,77264.31981043464,0.7260686493791959,8.900055515621278e-05,0.6758132360496913,0.85740583321263,3.752784554670441e-05,3.282354924304638e-08,1.4427465468577488e-05
6,0.6850932257648876,0.680487671000195,1694054280.597704,11,5.5304839465120556e-05,0.730897935707903,0.0474614011126012,0.9718394753726798,0.5877013213327719,1.3311094266412297e-06,2.112399857432639e-07,1.22127065665337e-06
7,0.6803159574030018,0.6818860125736372,1694054282.3990343,11,1.6084064829295514e-05,0.5550265793054414,0.0032478890969962347,0.7280609076116813,0.867245114472941,0.016197030993347145,0.016244347332379977,3.174872886389257e-07
8,0.6931179374168961,0.6888548828964551,1694054283.6880457,6,3.6687166072637643e-07,0.5765127610106981,0.0017819387991359799,0.7145361736033544,0.8668310404191173,5.441460746504263e-08,6.135617784806894e-06,4.497153855645483e-07
9,0.6965537549995153,0.6901789707066137,1694054284.8379784,6,0.3390509640356293,0.819303964113748,0.00011752452963445593,0.7087888242114652,0.7334070902996495,6.771613407024368e-08,0.005043465803615394,1.928304552838876e-06
10,0.6268770182366905,0.6318443363225483,1694054285.7654712,1,0.006178663026172549,0.8141738358569429,0.0002489863073931721,0.8514354527228362,0.6406790816654921,86.18817817698385,0.0010339336814560488,54.95921909041294
11,0.6965076784317163,0.6950650987014544,1694054286.916319,4,0.1563018806151248,0.9996996672016939,0.5600147250903833,0.8438382472736105,0.9997780966746972,1.751453679256853e-08,0.9658460446338055,1.0820636377041809e-07
12,0.6729121586348983,0.6684278512905453,1694054287.9842567,3,0.02914704611193067,0.8438512992434754,0.04902490304855357,0.8387646177713194,0.7185200463954478,1.842293378768548e-08,40.111420363979356,8.004468538886753e-08
13,0.6765513772825751,0.6792282865425787,1694054289.0767214,4,0.0006168368589896704,0.8425154096674168,0.8205808315573582,0.8057328296534784,0.5154762164856579,1.004167455205591e-08,0.0062152246161711186,3.90076911617139e-08
14,0.6959963530604139,0.6901641598607066,1694054290.4824104,8,2.0212081708933862e-08,0.9979725342382739,0.0006251152149377886,0.7832664841729048,0.781549129377758,9.424954441208491e-07,0.24156509896441866,1.7367279326716826e-08
15,0.612113504768053,0.6182290059342969,1694054291.436743,1,0.7774189048578849,0.8049116842785613,0.010706399364794315,0.897898720500307,0.9397517837047183,2.4416891444503955e-07,0.0003645664719897119,4.569924026668962e-06
16,0.6828841241566743,0.6770159742546322,1694054292.4565372,4,0.0012789091012728715,0.9010998988723596,0.0004484738974029646,0.7571040439061164,0.690647116180066,1.0996744214918092e-08,1.0465940090837096,1.2350907573757142e-08
17,0.6987209310820737,0.6916484914096821,1694054293.8178756,8,0.1514339995574312,0.9090316088033148,0.00012553132294861936,0.9014603611760974,0.7770235476425775,1.2152293927422943e-05,0.01566314469392751,2.7865544859323202e-05
18,0.6950590477442904,0.6907699624580882,1694054295.2004056,8,0.03727292331340848,0.8763107007058805,9.664478081421265e-05,0.9218495779679723,0.7748943806914969,2.2179229801984173e-05,0.0008250885892718572,8.048039036935982e-05
19,0.6999570284117249,0.692671292330563,1694054296.686676,9,3.7370310630936983,0.7779761251085939,1.4769369521561728e-05,0.9189634380882349,0.6846521642568804,1.4047040637845078e-05,0.01483506547334009,0.0005066845007458596
20,0.6989296454810758,0.6957123226909107,1694054298.1709251,10,18.648884148970332,0.7758625942579773,1.2015497582816051e-05,0.9195298406470229,0.6543936957630667,4.1588177133430965e-05,0.0001422457863936535,0.0008252380530574274
21,0.6992033652000538,0.6947329657087288,1694054299.6819348,10,19.799890534809883,0.7696520902194111,1.1667584981659476e-05,0.9340682386776793,0.6734810510418759,4.485910558286859e-05,0.00011266671080217582,0.0009922214337058425
22,0.7037066647804331,0.6968213040513568,1694054301.171992,10,17.450051987669497,0.7728189661983544,1.02648707025016e-05,0.9449948616889416,0.6556761901021779,0.0004638471566094427,0.00017858939781432724,0.0012876647746038253
23,0.7057568644953727,0.6962863540738324,1694054302.645342,10,3.0983027485819767,0.764212549578995,2.810745644866089e-05,0.9561319575655932,0.6258244537861697,0.00032491772007704913,4.825374233476897e-05,0.0026028767272961305
24,0.698360122498914,0.6961998199153508,1694054304.1667295,10,4.922874474910219,0.7182322978449177,3.2174303131823334e-05,0.9657416955444663,0.6110416787366841,0.00024121271201559834,3.832959100229843e-05,0.008046506712290033
25,0.5,0.5,1694054305.0904837,9,1692.2250614403483,0.7794597453402581,3.5349482721391325e-05,0.9922110835726293,0.5958869136010245,0.0019466869487888788,1.1770324438390126e-06,0.00023464086552588498
26,0.6984039575039551,0.692002128698578,1694054306.5572107,9,3.5749073711885067,0.7522811244972853,2.8787680419522995e-05,0.9494056241993715,0.6944421786433997,0.00046248199543895803,2.6518942649824317e-05,0.012301325733624085
27,0.7027751709233112,0.6960553484123163,1694054308.117123,11,3.5825500602617546,0.6935661078161429,2.2526308733615222e-05,0.8890552558903164,0.6324415583621191,0.006619804113007719,0.00010380501381268384,0.00030323966265728225
28,0.5,0.5,1694054309.019676,11,1709.3936429365228,0.6838333026144343,6.229621599183514e-05,0.8750777748332786,0.5466464766430726,0.008761621626185432,8.028329863432314e-05,0.004959071514686082
29,0.6954730726877367,0.6886347064756083,1694054310.3777554,7,1.2694213783946262,0.6216121388808689,0.00023088045241679368,0.991032904413554,0.6348656832340754,0.09644999069235537,1.7976333343762166e-06,0.00015506865766346312
30,0.6955875584300693,0.6933532351921153,1694054311.7961955,10,25.539658551096025,0.7031616227172552,2.0270296356857187e-05,0.9603932580676572,0.5737978834246372,0.0002326708013626653,9.971983165924283e-06,0.0022045970308506115
31,0.7052306783931946,0.6956504762988464,1694054313.3107278,11,3.164491950566632,0.7384142459205387,1.6706681961641755e-05,0.881257537105629,0.6130329671394686,0.0021999142244199903,0.0005434294576634907,0.0002967725040518169
32,0.6895355880465925,0.6837340125171872,1694054314.8477445,11,0.5898819930908363,0.73927792723361,1.0259036089840863e-05,0.8808324114144946,0.6210929860091329,0.002857665198963374,0.00035031270226845924,0.0003750898795587897
33,0.6990480332030238,0.6896886437308428,1694054316.390787,11,7.792973554814232,0.6448569800392778,4.974770947108272e-05,0.9449303976829362,0.5613871555259714,0.0009505253597006338,2.871014724024121e-05,0.00014106157997819164
34,0.6077544123917574,0.6041648606595074,1694054317.462119,10,352.59713016032964,0.6988253755176397,1.944942647692142e-05,0.9972626192868395,0.6529010194171302,0.005121797624218635,0.0015127344835832248,0.0024418446568039514
35,0.6638864646802768,0.6662256880145828,1694054318.7131443,10,128.26659974002132,0.7499028912913478,4.872913897410244e-05,0.8823242043427285,0.6020209804887826,0.028186204732343845,0.00015408750168980956,3.4692251324368454e-05
36,0.6885639121015166,0.6876507330080823,1694054320.1417482,9,50.261590828879356,0.6789340223929167,2.361435349214838e-05,0.9384072615363745,0.6188016893711286,0.0006532370063088741,1.850106106691705e-05,0.027505815455684746
37,0.7081981754011235,0.6940205032534976,1694054321.573913,11,2.0578631122041515,0.7203857594150306,1.00394477098755e-05,0.8601971146937023,0.5428915171903761,0.0038172768433148876,5.0027087823553814e-06,0.0009222346567139936
38,0.6969704366099335,0.6922463126571567,1694054322.7658098,7,0.04562261146997148,0.7197349297936926,1.0187374136710715e-05,0.8181742894006162,0.5472936409861747,0.00017221338970649925,3.013796149726155e-06,0.0015482966832813811
39,0.6985225112675888,0.6911442152110054,1694054323.9332318,7,1.0315874994423284,0.7490367183282625,5.628718916832101e-05,0.8637257606375354,0.5105031927226431,0.0026057059943723248,5.543786328982937e-07,0.02084862037657742
40,0.6692184783142917,0.6662281640469971,1694054325.1005466,11,125.65976362837627,0.6509595582691355,2.1433634600617338e-05,0.9063786213999486,0.5962710699204307,0.04720860208913007,5.4201050276539905e-06,0.0038315602524123713
41,0.7042664743239779,0.694850119227763,1694054326.608973,11,2.5093341716672772,0.7071276942363015,2.0369664724287533e-05,0.8817859414033222,0.5775336244435346,0.009439069134730336,5.447731416328993e-05,0.0004986399233746902
42,0.6930076027167076,0.6852151787353475,1694054328.1159208,11,0.14063491833774863,0.7197461345790644,3.907538146037005e-05,0.8584535181044701,0.5755006417147344,0.001132318706837385,8.947613880353824e-06,0.0008634510465597512
43,0.7010050835322512,0.69201394653827,1694054329.5500152,10,1.5468361178880172,0.8015046668900461,1.004937847213051e-05,0.9677359938121537,0.577424543930482,0.01753874800720789,1.7204945976366522e-07,7.52795743363132e-05
44,0.6986311025300768,0.696126318938479,1694054330.992704,11,21.380000338792982,0.7335986492554166,7.362525817347927e-05,0.9090825567233649,0.5344670780756513,0.004779849888541233,4.198710591280839e-05,0.000565316726774274
45,0.7013249628398708,0.6874201445534933,1694054332.3912342,10,0.4932730842311014,0.6718660510597643,1.823265291350713e-05,0.833225924473048,0.5265256213661078,0.10199807556221409,1.2057917346703608e-05,0.0028671722018089765
46,0.6980269598564337,0.6972793881874461,1694054333.7077513,9,9.25570490321255,0.7590381581485847,3.808853605598816e-05,0.8656922126126728,0.561935053485789,0.0013397893044147886,0.0020139367584821747,0.03681032265784044
47,0.6893077788537278,0.6852804625497013,1694054335.1930935,11,0.23144182166716523,0.7115137823845051,1.7081469110483428e-05,0.9337036326439934,0.5041625913536311,0.01389863846470754,0.0004885208770768985,0.00606225492052214
48,0.7057469019942271,0.6969249981121388,1694054336.5105968,9,1.96752925315134,0.7990733591103932,0.00013323144993366415,0.8066199632555713,0.5995699012869865,0.0005008286937035011,4.757897681055895e-05,0.0001081671202781671
49,0.6995177651320431,0.6895675358157183,1694054337.843358,9,0.012848344964884994,0.7975701806020064,0.00017001940360057848,0.8003698193684303,0.5936337194163734,0.003067701503807126,3.970424976016218e-06,1.569435676626915e-05
50,0.6924536046321645,0.6899110059531983,1694054338.95238,5,0.09142487421497825,0.834630012003761,7.455164919206539e-05,0.839340812938175,0.5353292011708627,0.00010455887846686321,5.585856143765421e-05,0.00011505388627456305
51,0.694888855016385,0.6878116569755846,1694054340.388105,10,1.4249804892464835,0.7884699745100681,2.64637146685936e-05,0.889236174731251,0.6213673088321269,0.0005035517949260672,0.00024945194171440923,0.00034195208743431675
52,0.6998851323617903,0.6871471823866699,1694054341.9053612,11,0.42190733520316936,0.7645496014480798,9.942485978148983e-05,0.8282653219965815,0.6541432802557309,0.000527407759453756,1.7843225202832347e-05,0.00133895581295369
53,0.6964053967532873,0.6955441157416182,1694054343.1696858,8,2.20542842374241,0.7374818661503596,4.2051768382785954e-05,0.8629100967523269,0.5847188534353913,8.159345335235814e-05,0.00023130877997999948,5.8402117300678123e-05
54,0.6991497337355527,0.6977486824922687,1694054344.4714937,10,6.309284164473946,0.809387075655956,1.5105992641763703e-05,0.7783139602495174,0.5588567303368639,0.0013651178086637578,0.0006114884443539737,0.00025542550844653177
55,0.6810226308176026,0.6808527633401507,1694054345.7469237,11,65.10920274511493,0.8279873294642794,1.653158422672599e-05,0.8490078061022849,0.6114734165850604,0.009310740355105878,0.00010255290725662541,0.0009668856283374971
56,0.6954851937307972,0.6899484457400352,1694054347.1517975,9,0.28018889219639226,0.7811671056173978,0.00011679667155104558,0.9053037140037627,0.641387544404327,0.0002736135789355399,3.536898328308506e-05,3.9951475831827734e-05
57,0.7002004455230513,0.6973992898303689,1694054348.7084877,10,10.849240172963748,0.7311015946063117,2.9420627248789526e-05,0.9185699802288275,0.6659304543887575,0.0020656163021085684,0.002360894526859963,0.0017999984461537152
58,0.7060693549479758,0.697269148478304,1694054350.1754024,11,2.791530765789393,0.7606039780703965,5.951710427892176e-05,0.8162414517861645,0.6041899147759875,0.00012347615500241606,6.378188394529813e-05,0.00011877098913481467
59,0.6921442689715909,0.6836078799795074,1694054351.6377175,11,0.08948933032966595,0.8175547822358911,6.746352334206652e-05,0.8147037473041513,0.5817020391679085,0.00010061196393000267,1.044137626638612e-05,9.047526773445334e-06
60,0.6972564434136577,0.6873266902018537,1694054353.0515602,11,0.013234844244501925,0.7590358998332507,0.00033538345688291255,0.847100881154484,0.5215391669925921,0.004859358791416683,0.0007013920558959839,0.00012288126289391983
61,0.6996869616098339,0.6963557736785928,1694054354.4162714,10,2.1789707027058816,0.7871756116976184,1.4164140693358265e-05,0.7918896336192046,0.6134498900947853,0.0004172023013055832,6.022150109712156e-05,0.0004372474252382222
62,0.6954730726877367,0.6851859651807443,1694054355.7898083,10,0.6009589904674081,0.7642675371321825,2.951654045311259e-05,0.8181059620175058,0.5967579161765616,0.0008353688602085915,0.00018073972971123013,0.0008723484752055602
63,0.6531682248018459,0.6522571012654992,1694054356.7479186,2,3.5129655230980683,0.7157352588787794,4.918214820909035e-05,0.7654572562067199,0.6304674374503205,0.00015810891116842493,7.363892869711905e-05,0.00015440270274665434
64,0.7012230132448132,0.6983156213574321,1694054358.3773108,11,12.929022305397107,0.7381577583230189,0.00013796264082864876,0.8916537521217864,0.7047951309752064,0.0003305815627959031,0.00030106256843001497,6.0145814223567795e-05
65,0.6887033040967133,0.6881746270020422,1694054359.8802567,9,37.52388352997014,0.6961543991439443,1.5111720087438657e-05,0.8752593847553773,0.6413814959775711,3.2621528323953384e-05,2.6431185360462387e-05,0.0005511951723420708
66,0.707460618232971,0.7009392633965008,1694054361.3640537,11,5.801912971571354,0.7965887404409197,2.561034797517835e-05,0.7994305537820208,0.6730490768004631,0.0009166548798027202,5.591326616700491e-06,0.00023647008676500725
67,0.6955331797779823,0.6940100912197551,1694054362.8085852,11,0.8087093570934837,0.7948091445456047,7.066335139576882e-05,0.7421129947097055,0.6753254354232197,0.001309270219133105,5.7898847948528715e-06,2.052122827863654e-05
68,0.701379673575329,0.6963939209032625,1694054364.1959176,11,4.67910404393376,0.8618136838613497,3.271792286510023e-05,0.7911525405742874,0.6063469859100156,0.0028278345343025653,1.6353862157269663e-05,0.0002021356522226962
69,0.6977612931592154,0.6869925074533564,1694054365.5476608,10,0.35093054710132116,0.8132357844467972,8.67434300654673e-05,0.8325242366421216,0.5680960916652115,6.941081578384075e-05,2.6230107780674535e-06,3.096786117869844e-05
70,0.6956463371868288,0.6946475924738701,1694054366.7868006,8,1.7816444835535143,0.7730883749756448,2.2519727510932376e-05,0.8057396268730735,0.584439237402556,0.00020129517105228994,6.604995018358649e-06,8.010122210810907e-05
71,0.6975236875068908,0.6993422950469612,1694054368.3377903,10,12.23675393503554,0.7474842828611112,1.3908931761954967e-05,0.9818565200692229,0.662093329104618,0.0005092561132750185,5.7083578677536955e-05,0.00354974895358807
72,0.6952409464110422,0.6918917774663963,1694054369.8648076,11,30.195552935272104,0.7710239296711319,2.4711720080983337e-05,0.960226471923554,0.6270585859959635,0.0007210295164985483,0.00013999714691779815,0.0003721884923578919
73,0.7036688072760795,0.6981708959023551,1694054371.3241813,10,5.472525233641928,0.7907194000887735,1.0244000462434948e-05,0.9507308555533528,0.6090865089264967,0.0015046945635492732,2.2786517100002525e-05,0.0002242323037776135
74,0.6580193817138955,0.6585185156162096,1694054372.4836087,11,210.15917236489082,0.7500559558521628,4.782593105444413e-05,0.9293691525513401,0.6464487978777215,0.007365402775860319,0.0004930071971682631,0.0010647397072561925
75,0.6823518775329659,0.6838161841423673,1694054373.8374598,10,55.30044581153997,0.7273079393424778,3.24997623332572e-05,0.8765077984849053,0.6714052390136587,0.00031206714951710976,0.0012808665994543218,0.0021159040948835
76,0.6888753232831621,0.6884272911448972,1694054375.2909987,11,0.8368049210731558,0.7122090297539216,1.8259756617266323e-05,0.8515743902430731,0.5498383245522062,0.0001425838541306347,1.2249073293090007e-06,0.0004906951837609076
77,0.6978308646255496,0.6940331645767592,1694054376.715472,9,19.79737039307217,0.6898488763393937,1.2852879446147777e-05,0.8978046944021926,0.6324248661727274,0.002605980287104802,0.00011460559723904304,0.006154890661993728
78,0.7081047769528825,0.6953282746449256,1694054378.310645,11,2.5313802415799023,0.7995987138129382,4.072625313263098e-05,0.9790108135554101,0.5866050939365818,4.908335292755357e-05,4.312720860836908e-05,9.66996429874598e-05
79,0.6952565543295037,0.6839443482963872,1694054380.0579178,11,0.19060779691641044,0.8028863419116805,4.816898247707977e-05,0.9828760663164776,0.5931535702658467,1.6516085481722648e-05,1.414385270007684e-05,0.00011795709976201763
80,0.6970268907830925,0.6957165491784751,1694054381.4516196,11,3.082830315633381,0.8215953854434083,5.9378865592569484e-05,0.8293294985701344,0.569379362834032,7.184430178428645e-06,4.584923029158926e-05,4.546677667342562e-05
81,0.7018865988419589,0.6987263162284479,1694054382.9309802,10,7.95881915839989,0.7648860485460697,2.3194566061592482e-05,0.9445481040292127,0.6217851595603313,5.045605519209416e-05,0.00022482143855159816,0.00022727776925716002
82,0.7019812426028429,0.6930118873681334,1694054384.4699883,11,1.052289240470092,0.7808718915644921,3.3205323040920895e-05,0.97961856003781,0.6036291974845394,0.0008913322787423736,8.963101433423903e-05,0.0006585924052803133
83,0.6917325686117455,0.6840350545241384,1694054385.6062903,5,2.759270264932849,0.7422193309098988,1.888324168904282e-05,0.997377854948089,0.5861922549560532,0.00015427009974243252,2.794569206081052e-05,0.0015771852612330673
84,0.6996107484760694,0.6978136760757168,1694054387.096856,10,13.171295611922366,0.7568411234693978,1.2567686767593446e-05,0.9245274332123644,0.6509949334194298,0.0003161215381336656,7.988234092483569e-06,7.254495176445798e-05
85,0.703487406734385,0.693378875278692,1694054388.5720847,11,1.5734593858267294,0.8031999554889683,2.5159016112924133e-05,0.9569738484134656,0.5566482015854385,0.0007574851949269458,0.0003743713331298348,0.00033077035721640216
86,0.6902267365635748,0.6853314162130857,1694054390.1291292,11,0.4202153790181234,0.7034827527493904,3.8713121495394454e-05,0.9150472300137639,0.576485378493011,9.68972355287138e-05,3.8844109291625335e-06,0.0027563284147364827
87,0.695577263845552,0.6920767543202095,1694054391.649272,10,33.426220724293024,0.7770227174091041,1.0072119763714653e-05,0.9661366412354279,0.6207816198061499,0.004329830055387973,3.8119053166030306e-05,0.0007419760998753219
88,0.7024857602650291,0.6977234686823348,1694054393.1456218,11,6.548979521782575,0.725288483909424,1.8486019998789187e-05,0.9356749538307714,0.5409203489113812,0.0019767724289559002,1.4151790710649716e-05,0.00015760204557090375
89,0.6937295519663985,0.6874740821533769,1694054394.6431491,10,0.09314379795762057,0.8350107192977804,8.495913844963188e-05,0.9073597232301989,0.6834522670144955,2.9220642165480864e-05,0.00015977789421465818,0.0015812148748387182
90,0.679225727694292,0.68077431029845,1694054395.9202168,9,65.67937968181838,0.7896470861874657,6.011989053866906e-05,0.8715366895021445,0.6041978190988769,5.046989005423823e-05,6.995950674908067e-05,2.091297467964118e-05
91,0.7047100546874896,0.6994599836792278,1694054397.380099,10,4.426640799305059,0.8000667490317892,1.2927612126045732e-05,0.9486530444497386,0.615099232250766,0.0018641820725112672,2.634014885041564e-05,0.00020660874417609913
92,0.704959615341189,0.697900409767946,1694054398.9801428,10,3.4030088358550383,0.7711273234303564,1.3503939899676077e-05,0.9704889939349034,0.6373407280878182,0.000523758338629386,2.313093612474509e-05,0.0002814352018663563
93,0.6954064899717463,0.6889487544550217,1694054400.6513774,11,0.9935961442007043,0.816445601028666,1.3358215395236976e-05,0.9706302917513707,0.6363226860786312,0.00404025673577419,8.658520479491509e-06,0.000105557814732516
94,0.7009681392571693,0.6947890256221103,1694054402.13646,10,2.8357556534686745,0.7508608070947433,3.957449947457094e-05,0.9489993322501533,0.5885166564034622,0.0011749830193719722,2.1100672902909816e-05,0.00029792071786076266
95,0.7031214508589669,0.6981624792060893,1694054403.6774125,11,5.372789672256411,0.7975985455053817,2.6646951897123332e-05,0.976297807749873,0.6120347613084738,0.011140217664267467,4.838639749480165e-05,0.000667967242959154
96,0.6966945583490408,0.689940981363929,1694054405.060386,9,0.6642221942494081,0.7368655328113828,1.6292043628969272e-05,0.8622464732337467,0.5657802115216919,0.0017709869244192816,2.350229208423615e-06,4.223204969936099e-05
97,0.697935553908422,0.6922780657321849,1694054406.4712768,10,1.716804382349487,0.7825301279453319,2.1478164911858092e-05,0.8947328047462715,0.5978894254655478,0.0002219854608161758,4.911662422287431e-06,0.00018056651544685645
98,0.7040904701370707,0.6997270233216314,1694054407.9781675,11,9.40506237687015,0.7676737598869011,3.958900217086189e-05,0.8407312135213042,0.6441117379302003,0.0005493616608380108,3.0219901978438008e-05,6.213699723395667e-05
99,0.6882971661333408,0.6854968206201948,1694054409.472027,11,0.38380529469847496,0.8086043504981771,1.2769510821555485e-05,0.8556956815296828,0.6289223499964882,0.00791491006977114,8.74802978319913e-05,0.0004085443994782738
100,0.6968274747184929,0.6893160507359176,1694054410.6419277,6,2.0341024112196906,0.7532368771646207,3.096562993873538e-05,0.9272067047639782,0.5535380999618746,0.000898925012149009,9.66646346987495e-06,1.1684013919772772e-05
101,0.7030142709508079,0.6962217232790164,1694054412.1750224,11,10.485666107459496,0.7605450275906936,4.1727418106201166e-05,0.8455520601427532,0.6435089594524738,0.0003570289506428212,2.7020296419791973e-05,7.684501390785755e-05
102,0.7042159976515063,0.6942858468590458,1694054413.6842031,11,4.498195102343365,0.7686625454642068,2.0525891900524496e-05,0.8227805725246137,0.6601713740863907,0.0005814615516972177,1.4640644522953904e-05,0.00012020394712958657
103,0.703404634954033,0.6970960166733302,1694054415.0452535,10,4.677956540873335,0.7930289166505374,1.837942072053766e-05,0.8223723940662949,0.5774007480616028,0.003689684769910302,1.3891869755497812e-05,0.0002233666813924564
104,0.7016834468394297,0.6963030151417635,1694054416.5063348,11,18.239481538740996,0.7730175728671632,1.4933646340213173e-05,0.8083914905594414,0.6603565466479033,0.0017767208617431886,4.877755850719181e-06,0.0001091921212573869
105,0.7032281326420686,0.6935951245125958,1694054418.0061035,11,3.5648144303666345,0.7270226893305106,2.429581803645798e-05,0.8268014966752095,0.6212844421427737,0.0006437231599407472,4.470406972886968e-05,3.1402008371326935e-05
106,0.7035446080951299,0.692370204975033,1694054419.4743872,10,1.2895667298663946,0.738651721717898,5.423099161847443e-05,0.796977922702575,0.6129544891998444,0.00023123800630333227,6.89299238583966e-06,0.0003184714071935579
107,0.6935657518433949,0.6938572574387496,1694054421.0968525,11,29.453505863802736,0.7836948298118225,1.1742602182846092e-05,0.88404144394534,0.5990612534249693,0.0011305622660241943,1.9518278844473745e-05,0.0009557362250544064
108,0.6956411898945702,0.6875716360165598,1694054422.5141022,10,0.1825336367948947,0.8255702774152999,3.065189694612131e-05,0.8101077938827465,0.6368668427809362,0.020017615872850537,0.00011336189273327787,0.0005327623128941829
109,0.7011085275024806,0.6933391952720515,1694054423.8311865,9,0.6357582643777373,0.8055720493937832,1.9660085779564487e-05,0.7851326796773593,0.6583478833160836,0.00012497297327549193,6.973528333356234e-05,0.000151598050352058
110,0.7063406670625101,0.6952105134549325,1694054425.2794936,10,5.442349414199201,0.7617288672144528,1.689351281576109e-05,0.9885972303697952,0.5666048724440768,0.005761255207014461,1.2195756597571528e-05,0.00011176141616529061
111,0.703319040465023,0.6979803955916175,1694054426.748059,10,2.251911741190475,0.7652671339745658,1.5419124835885436e-05,0.9985826291473506,0.5910571203844665,0.005545951803963798,1.0358344327551338e-05,8.76480585986851e-05
112,0.6969154768119465,0.6995735002422249,1694054428.295285,11,8.345239592493648,0.7452725275755843,2.5937465033800397e-05,0.9875168690874526,0.5692564854957778,0.0035569989961979956,1.7442677396089366e-05,5.195220663006872e-05
113,0.7008079920512524,0.6969931116778232,1694054429.7742848,10,18.42218854440136,0.7722863359793133,2.028850845114277e-05,0.9740859540153872,0.5826972759881728,0.002285191968368,3.434009475468977e-06,0.00019049291590101403
114,0.7041127197229629,0.6979383755982997,1694054431.362637,11,4.497333549715575,0.7946120556596117,1.242753340034571e-05,0.9895051504587282,0.615690185750231,0.0004093920296179328,3.615376375189632e-05,0.0004143185454191398
115,0.6975363066750084,0.6924890454612067,1694054432.8414893,10,1.0657814169337403,0.7602622907644908,1.6632579774267393e-05,0.9538489113576835,0.5586884170229642,0.013399816276674564,2.039589256822944e-06,0.0012480422320890667
116,0.6999097895521257,0.6955556161412572,1694054434.3423362,11,2.7736358158105054,0.7111820263081977,3.1959831742577905e-05,0.9645644777109381,0.5292332181930908,0.00710016822534612,0.00018110504174306114,0.00026090555941767686
117,0.6630291084358475,0.6607470536257286,1694054435.3220055,3,97.88323842058017,0.785452161976049,5.0361786189013686e-05,0.836240017954326,0.5383124686120473,0.0006009231745767314,5.6926698229869624e-05,0.00011486832093211324
118,0.6914378446195187,0.6855316120500171,1694054436.8724885,11,0.2922002722706448,0.7302675120548857,1.0314547739938766e-05,0.81545781862409,0.6277766421937626,0.0009918346081939993,2.125202447340837e-05,2.660561596890121e-05
119,0.7001994492729366,0.6942282904425567,1694054438.2692788,9,5.584572085343216,0.7417891583190758,6.793989538577426e-05,0.9422371670020694,0.6066147208810577,0.0026380576417681066,1.1841715769562187e-05,4.389312097881324e-05
120,0.7019208034292257,0.7016652487979952,1694054439.6088476,10,14.428738523624263,0.8080411374766058,2.211994495705046e-05,0.7759189178676876,0.5479561407232979,0.0002035411809707697,0.00034000249190703204,0.0006457405539571468
121,0.7027853824869856,0.6930158508339396,1694054441.366022,11,1.6116255516894455,0.7966440411181351,1.253337877375251e-05,0.9898638610151869,0.6198799395631827,0.00035746896955126127,3.621152164220815e-05,0.00048629706255960036
122,0.7038189089600079,0.6981247854672098,1694054442.8992991,11,5.341245958030133,0.7776324384404844,1.4013662228519254e-05,0.9746968762851929,0.590561209968916,0.00044201704017501946,3.630937101310405e-05,0.00031719672753489095
123,0.692443559110176,0.6879226612273042,1694054444.4624026,11,0.6467801436834318,0.7558200338444507,2.574953808349288e-05,0.9831008477280988,0.6018522930582004,7.627952685832337e-05,9.825378665158171e-05,0.00015416726951360344
124,0.6973308300888788,0.6917901875796808,1694054445.7532094,7,3.1381200645551,0.7909717058134115,1.0103535519460258e-05,0.9998144505971898,0.6517299968727128,0.0011671750989130443,5.545069832518549e-06,7.614373438148999e-05
125,0.7015952787042903,0.695765725177562,1694054447.231115,11,8.301840115553867,0.8465385824603731,1.5265834088624713e-05,0.9610115816466278,0.5754390231168434,0.001908909621357393,1.3193978937641877e-05,0.0011513085466405065
126,0.6983095628055997,0.6868698758259768,1694054448.8411403,11,0.8986199325941322,0.797628949764054,3.601892787298508e-05,0.9870711707164803,0.6695523132769744,0.00016065449435811863,2.783226060855351e-05,0.00041046959027240734
127,0.6901315116567905,0.6885642347838149,1694054450.2342315,10,40.44945405396666,0.8162878373173361,1.922110980610604e-05,0.9390075986233394,0.6133806143004901,0.0002977583745876721,0.0002541448491845624,0.0025562586578712744
128,0.7077668821223582,0.6950853150979804,1694054451.848768,11,4.656951192959323,0.7726114337591194,2.7778927256108848e-05,0.951772830872831,0.6357739957868369,0.0006905486279020273,6.475268600959492e-05,0.00021753618909303515
129,0.6990322592428764,0.6946937301181626,1694054453.340805,10,18.4151172711486,0.7665251361643705,0.00010296669873744841,0.8704573722886769,0.6807083541301053,0.0007796344737843594,0.00015583945850407627,0.00010069612267363948
130,0.6977870296205085,0.6896762363596236,1694054454.9104788,11,1.4386640208667574,0.7464748319876282,2.8512018610537137e-05,0.9144594557235005,0.6360308405298295,0.006098778743377546,7.485125111063998e-05,0.00019825040695890304
131,0.7024957227661748,0.6945684501337683,1694054456.532452,11,3.42364182166648,0.7775365842431132,2.1724638730634428e-05,0.9686755221110442,0.6267408468955341,0.001628259526641598,4.964928067317281e-05,0.00028913928652327976
132,0.7031270962762828,0.6966791906744312,1694054458.0532136,11,7.7916052260250535,0.7835905253648754,4.524819512620587e-05,0.9281890758896031,0.6157895456040461,0.00048067569951332955,2.2231905513570526e-05,0.0005881603811934993
133,0.7059095398254305,0.6975449494661738,1694054459.6868925,11,4.902392648850199,0.7225239399963821,1.2548087346490559e-05,0.9543887356014592,0.6455330814753616,0.0001153636105726476,6.648764866439402e-06,0.00014684688258645556
134,0.6921333102203306,0.6863744970185032,1694054461.2633355,11,0.4590572734392929,0.7238019563665263,2.757686286547626e-05,0.8030395591851429,0.6609463126139868,6.645852800525138e-05,8.417454293079635e-06,0.00013397402356179022
135,0.6998743396522158,0.6928885120240578,1694054462.8389943,10,2.020759541009275,0.705737185086636,1.705243512506888e-05,0.9610745330615784,0.647849717889611,0.00011988851042294865,3.3396585195654546e-06,5.062215584450862e-05
136,0.6910587714509254,0.6900113895677118,1694054464.5173938,11,31.985262361945903,0.7163674972412839,0.0007484859204315306,0.9505935900019273,0.7003158728884123,0.00023067624052666052,1.3159621660456705e-06,0.00018675386178828608
137,0.6957682117841777,0.6933452901210715,1694054465.8541117,8,11.697848254921237,0.7531439208436088,3.673483591911824e-05,0.901032432270108,0.6363310343418019,0.0030774372274549717,0.0007801250619857463,7.51095355593755e-05
138,0.6985693350229736,0.6928738100147402,1694054467.2655458,9,4.131235307880172,0.7362159882213155,1.290005742944192e-05,0.855692593381258,0.6716899636421979,0.0006331204827034544,1.4260331829360816e-05,2.0924679325237073e-05
139,0.6953922934076138,0.6841042383162877,1694054468.85612,11,0.8910798739739396,0.6918697538147331,2.1495559923605135e-05,0.9532144330946217,0.5952634956799031,0.001230394785180423,7.078985770339665e-06,0.0008874232137638082
140,0.6979040059881273,0.6946755816168397,1694054470.375984,10,6.935570259831237,0.7227586855449308,6.51999474830603e-05,0.9379791572771257,0.6438569675867472,9.901469680426506e-05,3.714271725970703e-06,0.00024359742046409759
141,0.700041875713149,0.6947276689946995,1694054471.946603,11,2.6648809122803403,0.770583027002927,1.4086454304127594e-05,0.9806256517620413,0.6086247977321436,0.00036570427792637436,3.8749106510808444e-05,0.000390403240810693
142,0.7015783424523427,0.6952636529198255,1694054473.6267354,11,4.246868301557559,0.7615435583359815,1.1824422843842845e-05,0.9743658357920897,0.6905276081857051,0.0006998740101615314,7.068308884213608e-05,0.00011322760628274901
143,0.6989342116274344,0.6905803328400678,1694054475.2357392,11,1.6233456305605254,0.8033263447007619,1.7430094995027338e-05,0.961353201673176,0.626858281110054,0.0001988357066974585,0.00012599217587012219,0.0007575921749010101
144,0.702606970695635,0.7005247955237107,1694054476.6580026,11,15.063662506557378,0.7889429385425617,1.1878461435109105e-05,0.8186238851248524,0.5848799044978689,0.0044118021239821295,1.941825220486556e-05,0.0017925227065733807
145,0.7007754478808431,0.6952959229686544,1694054478.108041,11,4.377975387298684,0.8217001223890681,1.0004377408420728e-05,0.8444719333019408,0.6011639768126543,5.0620285920625934e-05,3.15214005337981e-05,0.00043230252930994724
146,0.6932177284700388,0.695237495859448,1694054479.5230162,10,7.679540648466588,0.7472515984881569,2.4747798533940596e-05,0.8868470621813306,0.5670910971530607,0.009222225222322024,5.460781933979203e-05,0.00015470455661008916
147,0.6902001698938529,0.6854654938218093,1694054481.1800308,11,0.30726893306404046,0.774980858720321,1.7153857013364453e-05,0.9447704242233789,0.6197240016037394,0.0004653298298924961,1.0070235274531697e-05,0.00398465669341047
148,0.6945224840367523,0.6882663308985318,1694054482.6919122,10,1.1444638209122573,0.8115027170759579,3.7336734358020184e-05,0.9248693666882977,0.6541645314580103,0.0022317407680798873,9.967219332084714e-05,3.711350485709091e-05
149,0.6827074558030242,0.6802991116086394,1694054484.0997205,11,51.88069006935669,0.7030150759268431,3.153128510590631e-05,0.9899108179021561,0.5808994148237427,0.0001354850087986753,6.098004928304061e-06,6.65122118060849e-05
150,0.7003450678313494,0.6966919971131458,1694054485.5817685,10,22.078087228125703,0.7945875873920085,5.122676811488442e-05,0.9716109096847498,0.6304054946550536,0.0002933400958722902,1.9062759813643767e-05,0.00025666098435083725
151,0.7038122672925773,0.698268767205591,1694054487.1009765,11,11.62376299616188,0.7632521666068736,4.3158450342936176e-05,0.8418707206476228,0.6615012574810761,0.0008141586345274022,3.356306207721925e-05,6.327094263674973e-05
152,0.7012798825221864,0.6978557958359085,1694054488.5830283,11,2.1688607139978684,0.7808292745026825,2.1880698340504534e-05,0.831864298581136,0.644724435803731,0.0011653618533305574,1.3790889643289443e-05,8.673687087967582e-05
153,0.7071661433032732,0.696637052774808,1694054490.06057,11,5.87507356533047,0.7711963942282687,0.0001518185757539937,0.8237508807348254,0.6378830431053666,0.0005398994383929019,5.2476372801576946e-05,0.0001688856161555669
154,0.7017081870506081,0.6922720887894702,1694054491.5657282,11,3.515526403911458,0.7588790827030244,0.00021282169019825155,0.7922783732397625,0.6354857606717915,0.000384027057449555,5.72927224350606e-05,0.0002651102044638301
155,0.7016280719372283,0.6934378193616991,1694054493.06518,11,6.416220717894488,0.733638953197438,0.00017919129992283848,0.8028296106130942,0.6170354229581183,0.0015583371702045704,0.000412433598218876,0.00018048314365515318
156,0.6973040143566283,0.6891115558536953,1694054494.5448887,11,0.548344586183537,0.771745122291728,0.00011745539227963273,0.8294954813551383,0.6076041684840522,0.0001889053884145587,0.00022626668228558247,0.0005013386066998534
157,0.7021894588767879,0.6942647960486659,1694054496.0484548,11,1.988304336545907,0.8003383949566794,8.889048320870418e-05,0.8783442717511488,0.5899915026803662,0.000560831043698251,0.000131196284328254,0.0012219410428176674
158,0.691499612126622,0.6836973345864779,1694054497.1628053,5,1.1265907663868737,0.7451603646647904,1.5483126594308472e-05,0.8142371446029325,0.651134269273462,0.024563523618564228,2.518485268712768e-05,0.00011220618675066684
159,0.7078266571292322,0.6980093733336099,1694054498.5446243,10,5.211125147351886,0.7827426689121553,0.00013608764146250436,0.8227316488713688,0.5993384682736251,0.0033085189364407443,2.19700923791032e-06,0.0003612410733700716
160,0.6884144745843311,0.6911843849822992,1694054499.8676379,10,33.421012121162285,0.7805021046828996,0.00016446853658586767,0.8227164904044041,0.5608240787018146,0.0033140697151568155,1.9350483345519465e-06,0.000815440002455626
161,0.7062128149644736,0.6977029983337663,1694054501.370125,10,4.966727996428541,0.7942843740171512,8.196934397665224e-05,0.8479024214327536,0.5999031489568589,0.0049425196789764335,4.623532034422212e-06,0.00038178632781198004
162,0.702270736281968,0.6957084771314099,1694054502.8473341,10,9.571882776383424,0.7861980814904721,0.00011826701304615348,0.8570781067185534,0.5996318159117421,0.013661334916918079,2.7646028102941407e-06,0.00019476796006288096
163,0.699901985592895,0.6964643563161927,1694054504.4224813,10,2.403553645396975,0.755058422856272,7.765308386489857e-05,0.849261425652078,0.7347105854185596,0.005599297819815195,6.640346025578482e-07,0.0002952714885138626
164,0.7011399924019325,0.6985558962684995,1694054505.782067,10,6.117681426634542,0.7694295337112165,0.0001510498658217535,0.8005265337627484,0.5773645451157849,0.0027940189936153884,4.793166259388052e-06,0.00012025733011618204
165,0.6974255568706057,0.6983944009089016,1694054507.1284022,9,14.02006203584556,0.8108066489909991,9.233169221788461e-05,0.8655163199195445,0.6279579598185571,0.006475444815225209,8.319935765042798e-06,0.0004642259006208746
166,0.6312420050928307,0.6322314771416225,1694054508.0303483,1,3.2367359499631663,0.7929752417844043,6.526369105805089e-05,0.837091633398208,0.5920280480534915,0.011613546919433297,4.500138297660523e-06,0.00015762471597802685
167,0.7007996069461215,0.6942200460708912,1694054509.440401,10,1.4126954578995927,0.7187414942776197,0.00026269946037504904,0.823190970835717,0.6053108653760578,0.001485453017923009,2.0675487230150644e-06,0.0006721766973416233
168,0.652547893063841,0.6492186648438716,1694054510.378887,2,19.06316687641159,0.7313340970512706,0.00013871935347983322,0.7835244559585387,0.5455556081085418,0.03368349257168022,1.3509949308887913e-05,0.000313886814856635
169,0.6958699953375495,0.6881092887693936,1694054511.8539555,10,0.7181239181924286,0.7532337508233105,5.524186845171169e-05,0.8686504441578693,0.6371103446224601,0.004232446583837412,7.078648406072275e-06,0.0018825736371434218
170,0.6982375837348221,0.6958673876220038,1694054513.2889578,10,5.454583149899125,0.8264578547794345,0.00010439921696479322,0.8095593771837986,0.6767486584661366,0.0024355348273867304,7.293734394514051e-05,4.222130531792965e-05
171,0.7044427275734136,0.6970533073816113,1694054514.875262,11,3.9467379124183615,0.8028049507303527,1.3730177962671527e-05,0.9828621989380822,0.6174787982701831,0.0009952103138199462,4.0950900615276636e-05,0.0003981260309309316
172,0.6955706221781216,0.6889871284225866,1694054516.4330382,11,3.13774832333824,0.7838132539636781,1.7549302363445802e-05,0.9541598235853267,0.6202631911344041,0.0008615543348437934,4.738167280071139e-05,0.00022364482378646746
173,0.7026815234125419,0.6999562785279975,1694054517.970314,11,9.275698749504368,0.8077864697896713,2.8659436300325148e-05,0.9683713241947618,0.6043641007359196,0.0016497486614929688,2.2650893460939634e-05,0.0001113221250206381
174,0.7090902343578769,0.694491557083186,1694054519.4310532,11,2.097968809511097,0.7995877355205192,2.074675772901905e-05,0.8514648778550781,0.6144548065673615,0.0010631351999084498,1.0531193454073693e-05,0.0010760902050522768
175,0.7036132663321923,0.6936762893993216,1694054520.86776,11,1.9460614444658086,0.8023159047873923,1.4260384373325958e-05,0.856933798045064,0.5714917641426104,0.0010404675535475884,3.0762668187748295e-06,0.0009572258017951703
176,0.7007336053760312,0.694605536201689,1694054522.426734,10,1.0633239053081782,0.7908335363878055,8.074420236777611e-05,0.8943780824109884,0.6129777508702078,0.004002680736120541,1.0585029476080649e-05,0.0006225127464623974
177,0.6990453765360517,0.6952902453265614,1694054523.9442098,11,2.4527553292363145,0.8204922427181716,2.6165684450055322e-05,0.9784896207272832,0.584285080687957,0.008942757686281635,8.70655891841769e-05,0.001456349737723288
178,0.7034382583953998,0.6959095164519112,1694054525.4273968,11,6.536261570831845,0.778097545478212,1.96979009336911e-05,0.8499884589038453,0.6232724661101656,0.0016041561165190123,1.5129666219292692e-06,0.0003724003049092373
179,0.6895783437806761,0.684676637150365,1694054526.8949602,10,0.5302432097176095,0.6805696148955732,0.0038750344144373467,0.8835616737403492,0.5962953961838838,0.002467603648510061,2.8595386838899048e-05,0.002739841693561089
180,0.6985980602346102,0.6960986109566993,1694054528.3883424,11,23.778941618869645,0.7984502418002144,1.248898250457216e-05,0.9383367887222049,0.6330948421072369,3.3141761427634756e-05,9.577613635992433e-07,0.0005292863686112207
181,0.7000979147820936,0.6965684857233331,1694054529.848245,11,4.000052026694632,0.7654880448062279,2.2790640051336222e-05,0.8343027517732275,0.612344800431265,0.0007026010061186372,1.8289195464415325e-05,0.0001818532216337761
182,0.7039705050191081,0.6999054790497818,1694054531.3361602,11,10.20901059683605,0.8126462068522499,1.6297142779262358e-05,0.815201787134229,0.6400490085000166,0.0002567963067121323,6.154294084285594e-06,7.722132687582035e-05
183,0.6999632549749409,0.6911514891230798,1694054532.8927908,11,1.446182508922917,0.7736706401525936,3.086463208449383e-05,0.8250608809593687,0.6661719154317931,0.0009641650265752906,4.264971119199418e-05,0.00033464242352592864
184,0.7039790561659248,0.6996162639522385,1694054534.4546916,11,3.851420969690988,0.7885682502288845,2.0275143113974503e-05,0.8406991198390669,0.6256240436330013,0.0006480028509022005,1.1806218950414326e-05,0.00014834077177904817
185,0.7019549249956496,0.6926596286760398,1694054535.9076946,9,5.851357293190086,0.7433815895862117,1.0209150370142981e-05,0.9609712924457191,0.6472142854254234,0.00045557774519545664,5.306575880587647e-05,0.0009653464947474594
186,0.7088927277726635,0.6953584858682672,1694054537.5314524,11,2.1519256920270093,0.758650830076956,4.039001888101562e-05,0.873415844538819,0.71729057931739,8.605658096885763e-05,0.0027510098444201597,0.0002510043437703209
187,0.6990498596615672,0.6902975391013135,1694054539.0562043,10,0.8821640952829646,0.7593952114528248,4.050092657272845e-05,0.911429121608239,0.6895809433508703,9.545701791032478e-05,0.0028988201785210676,0.0002922124685060825
188,0.7044513617410733,0.6945748714925573,1694054540.6780336,11,1.7541493518009894,0.780824396640185,5.8163053438603937e-05,0.874301861769146,0.7120664481625445,6.545630121539015e-05,0.004690496633284667,0.0005785822214056156
189,0.6925665129784824,0.6915374055305205,1694054542.6145425,11,0.22149231936611372,0.8314746282828092,5.931337766401126e-05,0.86326998259235,0.7146683617012145,3.9592765880391547e-05,0.0050869546969640085,0.0006390820774661875
190,0.7049175237738485,0.6912004927975663,1694054544.378237,11,1.640817786931101,0.7830610301101772,4.7827121083909936e-05,0.9992846833191507,0.7425290777867369,5.617212197449113e-05,0.0018777407841844165,0.00022607311064624442
191,0.7051280646313941,0.6928722409539063,1694054546.0585763,11,2.4112619464178207,0.7834785379748577,4.6407105149693814e-05,0.9993640802085217,0.7230817962184626,6.998821771763101e-05,0.0035423673893275652,0.00021836610478996095
192,0.7022811138873281,0.6944072903536553,1694054547.7562344,11,1.9681759701115769,0.7817126828079295,4.589228095545168e-05,0.9948148484269494,0.7370482329685416,2.2819296060204397e-05,0.0034539186463769726,0.00022946747482140115
193,0.7006066665072666,0.6894855637242858,1694054549.4545946,11,1.405917119740938,0.7734697950984287,7.569850701647558e-05,0.9944734284794365,0.7213649606315433,6.362890179527305e-05,0.0054298279737542135,8.778886984919396e-05
194,0.7010466769745345,0.6844458763711755,1694054551.1837828,11,0.43632198025533114,0.7907777272292412,5.40801977316589e-05,0.9842699132985175,0.7496244310238859,6.160742110381357e-05,0.006149303739108561,0.00018394551645344465
195,0.6956617790636046,0.6881119734052714,1694054552.7836945,11,0.80862390434752,0.7646098903629364,3.5649788422625076e-05,0.8740607198064136,0.7086944463247915,8.96718385454668e-05,0.0014052309486442898,0.0001313604032782556
196,0.7041852799396405,0.6934071183737043,1694054554.4608536,10,2.321937070702402,0.7810207684091102,4.618544324977283e-05,0.9999424679012963,0.7130056684430285,4.198210261540866e-05,0.009665215709483664,6.104833291004758e-05
197,0.7054425475842263,0.6986783374318473,1694054556.1221914,11,11.167973137143631,0.7540573143342331,0.00010145901066597068,0.9714147074572832,0.7010491257243774,0.00012283383709233353,0.001705761858379363,0.0002383317326841917
198,0.7052387314149542,0.6995686116654068,1694054557.71727,10,12.875599880615,0.7531951701993067,0.00012401583038448158,0.9744158963434432,0.6978521510822907,0.00013434678521002493,0.002269159327644907,0.00023574928394174137
199,0.70115144927825,0.7000938661167372,1694054559.4401498,11,12.032827927879609,0.7476282822551485,0.00012241910935096724,0.9701290201359029,0.6986482763809899,0.00014953858229489723,0.0018798289380007483,0.00026213312210860584
200,0.6791372274757812,0.6789717042824968,1694054560.870455,11,65.40983470051016,0.7381663808687086,0.00010368445799663578,0.9782978631621432,0.7208677843749441,0.00018260448375827874,0.0011659197758116936,9.955786668266564e-05
201,0.7026425866372308,0.6968054683275638,1694054562.4329603,10,9.716018685145318,0.7607954581807546,0.00013455528516922007,0.9558541287646978,0.6897592884803277,0.00010729313349513974,0.002289328118842209,0.00018490924145497665
202,0.7034087859961771,0.693224173136231,1694054563.9914594,10,5.925760225413374,0.7685195603635484,0.0001761677532697678,0.9486791908684428,0.7026943450045425,0.00011673072035340657,0.0007045441864197735,0.0003535976338245402
203,0.6997060564036965,0.6940360940949637,1694054565.6035945,10,19.892919381093083,0.7478648018344678,8.048362000662798e-05,0.9678026601147255,0.7260278004125611,1.9496536109366327e-05,0.0015662709589116565,0.00014053705348542788
204,0.7034801009002116,0.6961808642093216,1694054567.2595387,10,3.432366814370567,0.7549579937621963,0.0017680750147401293,0.9905064031980912,0.7613990285471929,3.057547326817561e-05,0.0008950473255887183,0.0002534868646667841
205,0.7043489140209584,0.6956487077042646,1694054568.9028566,11,7.157750146045781,0.7712584103759088,0.0001012506343437735,0.976820592199122,0.6824304184683128,0.00023351455455204219,0.0027127689001588398,5.918370164955554e-05
206,0.7029667830286801,0.695865573678843,1694054570.4107764,9,16.005826972696628,0.7956943720176229,0.0002189806907115568,0.9647005551427831,0.6907211500010197,6.703774613955844e-05,0.0010250024891354207,0.00041582983922789946
207,0.6969936824459402,0.6862404284794954,1694054571.604773,6,2.9994129654323833,0.7300563743583848,0.00013964177056711348,0.770944101396496,0.735243904819143,0.00014978132026299923,0.0005467164455137763,0.00020516760385424614
208,0.6868496147168723,0.6860618276358921,1694054573.0019429,11,34.349189353271065,0.5203455947774946,6.299732554883178e-05,0.7906204284733245,0.7014597250551915,0.00032260102471930006,0.003367365012207908,8.672545241168148e-05
209,0.702597921423761,0.6860415114724921,1694054574.6585412,10,0.001963904028685608,0.7578611603867041,7.894851876551998e-05,0.9878736867046191,0.7504706112311368,9.006520100318137e-05,0.0017766023484450198,0.00013651976869038713
210,0.700621029113085,0.6928371865023256,1694054575.995182,8,5.0483736418781975,0.7404912413895509,3.3331276814716714e-05,0.9455073805383384,0.5993786625930723,4.058171655844509e-05,3.847444333936659e-06,0.0011419568595124254
211,0.7049675853421056,0.6907104741921327,1694054577.5705023,11,1.5280974998950008,0.778639633218946,6.498790270863036e-05,0.8530544166758094,0.7218199667469899,7.355510762655332e-05,0.004221098400699365,0.0005456925509804612
212,0.7036184136244509,0.6937406934512425,1694054579.1665106,11,1.2555311907908115,0.7912464099374296,6.950856254689532e-05,0.8458143661410877,0.7318135439808093,1.4080627925926994e-05,0.011613828429683367,0.0003230504469901644
213,0.6832416949269616,0.6766226206802326,1694054580.251614,4,2.3718022916652375,0.7750968309928972,0.00010339680264045628,0.8570503265920961,0.71211700372117,5.5752246747644334e-05,0.0036715746271303203,0.0006493296219199475
214,0.708671809309758,0.6996498672492907,1694054581.8173325,11,8.829505387460355,0.803041913924669,4.6471075176632154e-05,0.8380729068859565,0.7245428110726165,0.00012703312447859226,0.002596678953473259,0.0002079887006390466
215,0.7017544296600927,0.6984099464017889,1694054583.4046779,11,11.38549292033591,0.7861058529295326,4.9944999143428334e-05,0.8350267587120536,0.7271603094916838,0.00013031643923485072,0.007611074953497328,0.00040486916013035107
216,0.7092016483290229,0.695996730839078,1694054584.985643,11,7.136716619582401,0.7657759671642338,3.631049175013025e-05,0.8523375767696184,0.7216815063333641,8.750216589006676e-05,0.002060941282864078,0.00024647417047840434
217,0.7040649827383063,0.696842255094863,1694054586.5852456,11,7.884452655266365,0.7516356698004141,3.9515846132557645e-05,0.8496004980100939,0.7181238561768355,0.0001632069222821312,0.019245483243060166,0.0008093372335927991
218,0.6945299559126116,0.6933310597369756,1694054588.1639574,11,16.02337574008795,0.7640084447015839,9.169026585797509e-05,0.861607596847057,0.7182292160328559,0.0002900021967615832,0.002360542147521465,3.530394564944581
219,0.7070238455785756,0.7010568976104727,1694054589.6090775,11,6.301506940865901,0.9777256629985774,3.0391593976911863e-05,0.8369778113327039,0.7022977477952607,9.218046915174492e-05,0.0037873048340578445,0.004867707027516495
220,0.6988497794302246,0.6862030703201005,1694054591.1249225,11,0.04120460119205103,0.8840728557472337,3.403255288225492e-05,0.8408401468930313,0.6940688199088194,0.00010055962885913208,0.0037314285600390496,0.006702058047913234
221,0.7063477238341549,0.6986788816147954,1694054592.5947087,11,5.626903868012394,0.9487006292873451,2.470973427737815e-05,0.8287033708929116,0.724061075435612,0.00019892133841307533,0.005100895269439923,0.0016061587884908365
222,0.7053423414268692,0.6967483926060122,1694054594.139516,11,6.825377083345677,0.9594017085422428,2.690744671187412e-05,0.8339518967070371,0.7046575526238522,0.00010132341775218252,0.0011692640046480787,0.0026269281020732337
223,0.7043940773594856,0.698271442771753,1694054595.60898,11,7.880117973244114,0.984389594425071,2.666366796876721e-05,0.8274737646188223,0.7048074994545965,0.00022044066037049513,0.0008738470860893178,0.002809869661241548
224,0.705488043006125,0.6988685747208264,1694054597.0535314,11,5.851145002743143,0.9608150952083547,2.8123959874620145e-05,0.8109479128305659,0.7046919979416444,0.00012915187622139114,0.002391169128626903,0.005710140439856613
225,0.6943470609957453,0.6968052415846687,1694054598.4950473,11,31.00793557035599,0.9521086648392129,2.7972223948245025e-05,0.8120425139276487,0.7096341557238305,0.00012992293337152054,0.0015343631478661498,0.0033664797520008677
226,0.7064703456190897,0.7012928009185228,1694054599.961737,11,14.637898261657105,0.9579235010812133,3.473945931003244e-05,0.8200038115991609,0.6977938728315007,0.00020465778498446669,0.001085534843767103,0.010093634959059452
227,0.7033572300527481,0.7012167876303733,1694054601.4288523,11,15.71359176862108,0.945684149628013,3.595852193438804e-05,0.8206452022516152,0.7022870493132463,0.00026340063459802306,0.0010713734149495524,0.010540628347161927
228,0.7025386445419441,0.6991234972229166,1694054602.8854628,11,10.950703976665544,0.9668829854347047,2.8008595246425074e-05,0.8060651952750527,0.6847196694096311,0.0001605218720141591,0.002153224811080821,0.003890740450656273
229,0.7014675926479398,0.6987452356556141,1694054604.3615758,11,23.686919937791597,0.9692492938447127,3.5390769010595354e-05,0.8290791033979619,0.6957595721835808,0.00010448910057860081,0.0012343127453438836,0.006255685248073836
230,0.6706387988942951,0.6706780840602666,1694054605.5540655,11,136.31458972154883,0.9610240386975918,3.0204893543552647e-05,0.8356208572073195,0.6790785277944533,0.00019791969503605192,0.0076208569656852874,0.0077233650692635075
231,0.7029334916706849,0.6976858837800448,1694054606.9954426,11,5.56154458912178,0.9494601773526207,2.287646529391569e-05,0.8182573579801355,0.6960919477902459,0.0003688352492586132,0.0005558433429837861,0.0016942845066291639
232,0.7121267216862397,0.6996652222781461,1694054608.4690557,11,5.800754128643238,0.9788185264328632,2.544685955134305e-05,0.7963578858597635,0.7080556929146025,8.867758934101747e-05,0.0025332880952942806,0.015124141110460189
233,0.706752035338984,0.6985921116437029,1694054609.921203,11,6.7836629380065085,0.9333283218907449,4.015211114578442e-05,0.8002193192589506,0.7094569681202798,0.0001220109387952496,0.002731502275462148,0.010829340427275073
234,0.7037845383310553,0.7030086551028153,1694054611.3470638,11,5.540937706326884,0.9832242550577813,4.2540423598662e-05,0.7983154392896503,0.7100059194156789,0.00010263975864086384,0.0029902266792047804,0.013774659670600988
235,0.7018049063325642,0.6975196449590819,1694054612.8061771,11,4.927520020148065,0.9304534486646601,2.3650711985733227e-05,0.8059962371949907,0.7090525868977013,0.00024300685583220343,0.0015290630584428176,0.018648439817851244
236,0.7060837175537942,0.6965553709142812,1694054614.3596447,11,8.226044653242708,0.9284554094810574,3.912562817635101e-05,0.8125263664766128,0.7222691335326276,8.269839289727002e-05,0.0069646717793701764,0.003981780093490775
237,0.7062944244530255,0.698333860555913,1694054616.043668,11,10.94326297071428,0.9216814188614,3.955418041711844e-05,0.7906934157404887,0.7267218173033485,4.830381949771003e-05,0.006554207822021633,0.00823481018337632
238,0.6939267264682403,0.6895576044769134,1694054617.5887125,11,0.00010297911357927395,0.9212415511167545,4.246063538662399e-05,0.7938977669291438,0.7274521691563096,3.225138951564609e-05,0.006531205798824062,0.005262107821653413
239,0.706654651890285,0.699875558057346,1694054619.0390275,11,3.616385679522177,0.9379559758066315,3.525445375974614e-05,0.7865618249808946,0.7241624921503281,5.763346628027292e-05,0.009613255086048038,0.010326511664682235
240,0.7049474942981285,0.6971891717243484,1694054620.476207,11,3.3790351461976935,0.9367909724494687,3.641153690178419e-05,0.7801527622795239,0.7300506826731052,5.285455514381504e-05,0.015026013731738808,0.010759765942207969
241,0.7050171487853054,0.6981231347789336,1694054621.9249737,11,3.9733109335710632,0.9376516750227344,3.20400693861988e-05,0.7971985900701447,0.7189228102174586,4.6442624283782004e-05,0.008456079358697842,0.008792425980539477
242,0.5977660917639338,0.5989248323540126,1694054622.9489853,11,601.9847581511225,0.9202971725057632,4.0631825712607526e-05,0.810590251610761,0.743061698435616,2.2485817544355404e-05,0.010877256672435458,0.014731916634850056
243,0.7072821234207776,0.7023436181915208,1694054624.415136,11,6.287304330563041,0.9077638898766284,5.0751620720531435e-05,0.7895528934966777,0.7290114375562013,4.030888929185783e-05,0.004820550500817117,0.022153037430000147
244,0.7040015548143455,0.7023004463442959,1694054625.8938277,11,7.895868940891972,0.9070435444276613,5.2342720120752154e-05,0.7858166653885369,0.7307730126638085,3.594230966485802e-05,0.0046574800862057945,0.03285343957472011
245,0.6988524360971967,0.6954635585258513,1694054627.3905244,11,20.56720722173449,0.9235309128946081,5.415261777138148e-05,0.7884897917253,0.7219348849197643,6.77727678767356e-05,0.005924416419261515,0.014918635237149156
246,0.6990537616411825,0.6872965333968069,1694054628.9074137,11,3.6203265580831345e-07,0.9413551479932833,3.9099337553741956e-05,0.7993136841429006,0.7157461537481866,2.500412425759731e-05,0.011821188477960818,0.017371080036956095
247,0.6997511367213807,0.6957354867450729,1694054630.3906825,11,2.77896139878564,0.9153150481755122,4.6944347226525625e-05,0.7629614264862065,0.7234884883117906,7.588885024482447e-05,0.021091263051395623,0.03271101813091038
248,0.5,0.5,1694054631.3004668,11,30734.39279271166,0.9254317570889615,5.836028042420902e-05,0.8181669386226428,0.7364591770829524,5.456953034243239e-05,0.007165759936980941,0.009605797552494815
249,0.7036276289380106,0.7013874615423643,1694054632.776803,11,9.748905282070808,0.9385280569792513,3.295074334264841e-05,0.7795875071881421,0.7432980017013913,3.2854823884976614e-05,2.9239730563281753e-06,0.021874674668083228
250,0.7107620250709662,0.7027620313906854,1694054634.2532566,11,4.022025837346596,0.9288585361159142,0.011366771397153422,0.798209298026664,0.7330697074844201,1.0887325619063416e-05,0.0042691494914084875,0.0043948598063032205
251,0.699572060763287,0.6966101973463136,1694054635.809141,11,3.876256484530857,0.9313286246728307,0.0279974027011502,0.7728352845150868,0.7349326950715188,1.0095019755787076e-05,0.004625610226646667,0.003982175348421098
252,0.7038233920855234,0.6988897615769436,1694054637.5554647,11,13.15499839666217,0.8998132545366875,0.00806601072623511,0.8000744485430725,0.7492743726160618,7.380880848423103e-06,0.02795903104338643,0.005886148240942308
253,0.7024915717240308,0.6973012915511116,1694054639.0059364,11,7.398941626229333,0.9525260064794648,0.00029088853741522083,0.7523351772664522,0.7282970273350658,1.7925184556986456e-05,0.005246678329802016,0.009399116327591541
254,0.6991616057160847,0.6969350745663964,1694054640.2945564,11,41.74889826649354,0.9298595015706321,0.015642544199055305,0.7914366643022389,0.5275599992474478,4.5033030188963614e-05,0.002808951073159084,0.00415286566712483
255,0.6968625095141887,0.6880705429434808,1694054641.7366252,11,3.5291782985324662,0.9445122708481266,0.19271417964329107,0.8237531554459816,0.7118685641631157,3.121672075188958e-06,6.3188082957816036e-06,0.02465702598283451
256,0.7004241866946148,0.6981529378650639,1694054643.2044826,11,24.260613324799554,0.9757773168243681,2.2597859765237514e-05,0.8118494658123379,0.72730499899771,2.625923983079913e-05,0.003802171094276515,0.011192774125172491
257,0.7020662559459527,0.6980557014419343,1694054644.7108502,11,5.91776549357776,0.9111503963365742,4.087894016571598e-05,0.8433315238367131,0.719157592381209,7.776448078855835e-05,0.009713585744132737,0.004402725552315761
258,0.7055542936387437,0.7014597199681711,1694054646.0049345,11,10.995091108762711,0.9368145253060989,3.3456726264182236e-05,0.7869133698083324,0.502658855292305,1.213944519192288e-05,4.390242041728596e-06,0.0023721641402006397
259,0.7004041786714805,0.6876059648908761,1694054647.5606961,11,0.08160596611425629,0.9509285122069124,1.9620670124202164e-05,0.8032119399867214,0.7426446360844483,0.00017343565770767998,2.3104443597932947e-06,0.04446400363067391
260,0.7033598867197203,0.6952330154198411,1694054648.9831624,11,2.7194998601935176,0.9797038201807337,0.00039276755086116834,0.8265616011173798,0.6730691444787618,3.837288110556089e-05,0.006314043074939997,0.007187902248362357
261,0.7015314356761151,0.7032669061906053,1694054650.4557345,11,5.85826765265881,0.9970002826208998,0.0015884427011057267,0.7372335289711412,0.7553151569238308,7.133782636529543e-05,0.0031603536586731545,0.00232045808565959
262,0.6994169778287858,0.6963233585143109,1694054651.968774,11,17.75030936129891,0.8992765513890411,2.58523345473124e-05,0.7627878435706849,0.735179088359968,0.00018770506471847562,8.185806069263306e-06,0.005491572915751333
263,0.7013399065915892,0.6985391807822735,1694054653.469884,11,2.545417967788556,0.9152586855682682,4.9941734797593785e-05,0.844267390440075,0.7173657125306492,0.00036154097893372367,1.746718034020692e-06,0.014720443019584072
264,0.6980530284010983,0.6906423515567324,1694054655.0279968,11,0.024214122755872324,0.8646042564829379,3.261193441533945e-05,0.7755368360449526,0.7633047645302804,8.166941991010734e-05,2.520650087298465e-07,0.008963862800095894
265,0.70018110166666,0.6984331104559511,1694054656.7205439,11,8.771541987268982,0.9284392184907682,6.504249640462507e-05,0.8164687499732106,0.8441917247619363,0.5453038477268674,0.015491381300063639,0.0014549732178951444
266,0.6980535265261556,0.695563243772248,1694054658.0362678,11,1.8837075931324703,0.9692697421365268,0.0031497833798142744,0.8285738055490534,0.517723109803978,5.1912893606193904e-05,0.004387410170067507,0.021917417867345322
267,0.6894128832408148,0.6896970513573927,1694054659.3883345,11,45.290164394513546,0.9576477618384466,4.38052803786301e-05,0.793790545976487,0.5398932320592387,8.910368945416661e-05,0.009007144240454519,0.047597207096546995
268,0.7051081396291027,0.6981422083912685,1694054661.1272514,11,4.1909203114321425,0.8522639917039833,2.460132308391919e-05,0.8052678151884707,0.9948868657156396,1.4317638186723779e-05,4.894261286866819e-08,0.0033293509459345625
269,0.6992672912490718,0.6921921573840937,1694054662.6867073,11,0.9229787639820879,0.9400821598633622,1.7181928775357543e-05,0.9290829932563797,0.7119012263102577,2.065971786330588e-05,5.38806403841111e-06,0.0016868761768598557
270,0.6958855202351683,0.6889453351721637,1694054664.413469,11,14.395347564678593,0.9477005657739117,5.762364122209823e-05,0.8571525703286386,0.9611459487769172,0.0002307799199230096,0.002693446742680932,0.005158588660806425
271,0.6949350146050267,0.6938595611465637,1694054665.802819,11,4.624932245753191,0.8936504021842127,0.00046762139634344107,0.835021891556946,0.5530337733615448,3.869930290657993e-06,70.75641931323248,0.012876326434452242
272,0.7073225545712605,0.6994840184261072,1694054667.3274937,11,8.740898264825352,0.9183801871779133,2.9712844009093087e-05,0.9022496538794803,0.688180775435525,0.00014412272431976866,0.025973880418358842,0.007727426154116986
273,0.6983710812501743,0.6905277556975546,1694054668.561856,7,9.314665203895473,0.9151670858073878,3.1310400579146564e-05,0.866180559101444,0.6933273339737244,2.6078352281285655e-07,0.025307305764774513,0.006764963722414614
274,0.6953918783033994,0.6952647322160059,1694054670.0741322,11,29.27485469332113,0.9077381658900125,4.1512258287543844e-05,0.8939180734741445,0.6858737554901009,0.00012771255909971467,0.006672683421718321,0.009445027958339841
275,0.6986897152451506,0.6918636885565528,1694054671.6961591,11,0.00573037762039786,0.924895951369766,0.0007773079446349301,0.8498779440336491,0.6740099588618135,5.219165184175752e-05,0.025121689801695147,0.0210220683791744
276,0.6776063231330605,0.676974661699147,1694054673.0362418,11,92.99290670318783,0.9327337186805981,0.00019167059354598535,0.9073427410559249,0.7059291356054966,0.0001026044081869633,0.012521189315462962,0.01514278171213988
277,0.7084344527199622,0.6983803156402587,1694054674.5571866,11,17.95900292624129,0.8723297569576807,7.480739949940277e-05,0.8197261624313156,0.7264770487259288,3.860870526482635e-05,0.002107876212680809,0.007999361233361854
278,0.700368396688199,0.6977258449478753,1694054676.0909398,11,19.757399338449794,0.877679012536904,7.517429753276124e-05,0.8136543608117477,0.730300679906968,3.656507109305814e-05,0.045826585835794124,6.399066448667787e-07
279,0.7002310802140742,0.6963203020200851,1694054677.7444298,11,13.06614071658591,0.9202070166732597,5.1299494902687595e-05,0.8223746098435099,0.7441478339858685,2.5174279888508305e-05,0.0019623039970177608,0.008349903341427337
280,0.702778906861241,0.700433926041075,1694054679.3009677,11,9.232492756982035,0.8878497764656814,7.552560177849352e-05,0.8409410604877123,0.7233393634491808,4.4350317433788674e-05,0.0484009513993875,0.0038023099705738633
281,0.6942084992089774,0.6897571019457279,1694054680.8021207,11,52.71808099203781,0.9082630440534648,4.0048141948572464e-05,0.8037260842026966,0.7402053439710108,0.004062172368870918,0.004208399205016847,0.06481398776477906
282,0.7040955344084865,0.6967751210584852,1694054682.3383038,11,24.76536222587086,0.8668849905183603,2.5731744412742062e-05,0.8689289181485378,0.7138896849171261,7.2820631834777e-05,0.0007251399616228245,0.01257380393836764
283,0.7061019821392279,0.6964314151083942,1694054683.7149968,11,6.664237196853838,0.9469067880097094,6.448712080764237e-05,0.8288949396895122,0.5878075541423137,0.006841838096552719,0.002214492197676081,0.006143180763396067
284,0.7019217166584975,0.6978787875654704,1694054685.117884,11,6.2129578893916655,0.8387199932692223,3.179902842031517e-05,0.8355137246794319,0.5658858195497998,0.012183812977091169,0.0021703867880765826,0.006253633940456973
285,0.7009435650876766,0.6988727286506644,1694054686.5183342,11,14.78142911733714,0.9464068092529163,0.007532030168169772,0.8284884246260883,0.5904407577768377,0.004541427120064835,0.0013811292596400998,0.02539272897312655
286,0.7052291009971801,0.7020573870304769,1694054688.0233896,11,7.4088695170865035,0.9587270141194719,6.108270433595774e-05,0.8499420805236547,0.6919160868690828,0.002674634547285554,0.002934536953522386,0.0044322366411925366
287,0.6979168742187738,0.694944761712173,1694054689.4952443,11,32.179417591988425,0.9326201038316652,3.729119300310793e-05,0.789980271725015,0.7314045163040641,0.006676462785986913,0.0052066071852598225,0.008871876345947941
288,0.708178997586418,0.6982887659289378,1694054690.8954601,11,2.3734268903896254,0.9045446528685974,2.122977333901009e-05,0.8215259745801194,0.5786306960079677,1.8610028619768338e-08,0.003122509965081358,0.0021116392952728563
289,0.7005721298366283,0.6964711858121928,1694054692.40329,11,2.1318793681138133,0.8927422231140859,2.04001053671597e-05,0.8772913018338816,0.5781640138126511,1.7105492856732412e-05,0.0009341247723879761,0.0013735308991365954
290,0.7040469672154012,0.6949244364790572,1694054693.729628,11,1.3933205329118896,0.8984960381637452,2.1945023920039744e-05,0.7177714108723414,0.5855229535799185,3.921733545861845e-08,0.0016680014928854565,0.0020685357158196486
291,0.6977381303440517,0.6983712822033185,1694054695.0933115,11,3.180636007537801,0.902673390042965,1.8165982059989177e-05,0.8383212927990461,0.5750073493801928,2.1796502266308174e-08,12.205138094342999,0.01292070938111459
292,0.6983499109352398,0.6885364361048771,1694054696.4689934,11,0.7263931748710188,0.8496168254342757,2.8306446053653337e-05,0.7800753834293878,0.5643994900578357,6.920281260835371e-07,0.0003588150881364012,0.0026659733409286793
293,0.7000630460280837,0.6971995656186591,1694054697.8906345,11,3.5124217847365284,0.9188632478710159,2.4550777810931074e-05,0.8580701605434857,0.5572815211408618,0.008336346125723834,0.002831951802223027,0.02507250129852757
294,0.6983275783285049,0.6892684710068122,1694054699.3851962,11,1.619860020041241,0.8882556711686757,0.0167549511629951,0.8244403787877375,0.6806848666999452,8.285490059239911e-08,0.0012293085147126223,0.006742037043257419
295,0.7090560297706101,0.7005112272288687,1694054700.9888697,11,4.972586955907734,0.9682220999426554,0.0002249018733592535,0.8469286888142848,0.7029601494368108,1.4277404552236854e-05,0.003330700097612659,0.0011297772461739918
296,0.7037936706237722,0.6979495404184539,1694054702.4985554,11,4.308916335398436,0.9703538509552784,0.0001589934977899748,0.8873199526606326,0.712054725236666,9.425045382393275e-06,0.004024491103007892,0.0010076947030719639
297,0.6806364178565214,0.6812123866414768,1694054703.8434799,11,69.33786673300177,0.825754305510581,0.00018626792698804654,0.846087849878232,0.6975127384632869,8.860127445742153e-07,0.0038298001142326693,0.0012304214365986244
298,0.6997858394337049,0.7010866009297293,1694054705.3353922,11,15.187014433424949,0.9839145961930298,0.00026415470614310927,0.8597410501881257,0.7022337767612754,3.429910433690668e-05,0.007540316569920044,2.544302386661026e-06
299,0.7066355570964222,0.6937777432403,1694054706.867002,11,2.5203335234275315,0.8734109709763928,0.00020736363801643112,0.9013585091246122,0.6915530306825534,3.350774341182722e-06,3.335944272914188e-06,0.0012251332868476901
300,0.6763442402795876,0.6737608804618893,1694054707.9455354,4,1.3200018892213494,0.8703197664452919,1.7292669499874932e-05,0.9223674818171259,0.6836635508625469,8.374503184495718e-06,0.0019036727412538547,0.0021147272293842805
301,0.7040300309634535,0.6982374041283423,1694054709.4529328,11,2.4404762773839637,0.9109482765864545,0.0003141329852982516,0.8856279748877111,0.6669994186903144,4.1514526458806805e-06,2.5152900322049703e-06,0.001707586014505544
302,0.6935076372533783,0.6915782555304996,1694054710.9994419,11,1.1075154520423356,0.881052289033379,0.00023480736322299312,0.9073522792214379,0.6934567563356572,1.3213749836422165e-05,0.011536576539982888,0.0008607687231878398
303,0.6974308702045501,0.6907975706729941,1694054712.348652,11,0.42877698034086853,0.974685223746745,0.00020170252696341672,0.6015244570808567,0.709818431211138,1.950731716885786e-06,0.00342246519207463,0.0030809386309936064
304,0.694704382703504,0.6851358912797929,1694054714.1164722,11,0.18622151483826507,0.9015684925338909,0.000152006185162848,0.8979618058720836,0.8837862732641626,1.4227524689363486e-07,0.000620153821536483,0.0012073811378309443
305,0.7012937470029477,0.6954966448491026,1694054715.6072176,11,2.4285367245104794,0.8753425490754513,2.9438146559254385e-05,0.7693920317547239,0.7044096428126908,3.7707262842693597e-06,1.2996333398366762e-06,1.650677880662915e-07
306,0.6600848572639253,0.6603756124847106,1694054716.7408729,11,204.64839003626508,0.9589480225388988,2.15676254318887e-05,0.7978918625257785,0.6805865687721236,1.975224234112071e-05,0.0058320480836851945,0.00072758793432863
307,0.7053389375723111,0.7018064461336246,1694054718.3781977,11,10.52454744783917,0.8477760291343427,3.4823603232096404e-05,0.8687221980322257,0.7206650797708556,2.1522618280222636e-06,0.0011620618480919003,0.08060573462627435
308,0.7063524560221991,0.6971625158296018,1694054720.1256866,11,4.662906568650276,0.8644322881494607,0.00021810116685418683,0.8084769148301223,0.6884154801090215,1.303505013174e-08,0.0024202627849088812,0.03350610018538957
309,0.7040867341991411,0.6981111355449255,1694054721.5804405,11,4.318097616118266,0.8939871667718949,0.0002747541607306017,0.8176067727134327,0.6725000524915237,1.626697466534655e-08,0.0017695872740383428,0.03885072973822573
310,0.7003979521082645,0.6909566897670514,1694054723.1471438,11,0.830284447452082,0.8554701909739953,0.00019320433351339663,0.9153067207919041,0.6897863085974341,1.6924455889287893e-08,0.0029180500889790595,0.03354493442575096
311,0.7060582301550299,0.6980501235667151,1694054724.5977297,11,2.4671865247322144,0.8601636932606813,0.00021638197133379123,0.8049982779736012,0.6601110354624107,4.958088066767832e-08,2.9081538470851843e-06,0.016970708797229797
312,0.6988238769272458,0.6924648474594429,1694054726.1677184,11,3.641292118986374,0.8351051574417113,0.00012496004392800844,0.8790913139800562,0.698100489042476,1.1470269097203949e-05,0.0002894849795737702,0.16652607982531067
313,0.7013632354484388,0.6984044320145802,1694054727.647025,11,6.2489334857451455,0.8856850560570837,0.0023524468004197277,0.817492935926633,0.6806983121067214,4.360375511073204e-07,0.000828525506031894,0.0018957973696153098
314,0.6949957858620153,0.6921221391780904,1694054729.227332,11,23.12509015686643,0.6605469231160662,0.0010781453138126282,0.834830426547314,0.688953849117996,6.355886178935652e-06,0.00225581222683284,8.352471752375041e-06
315,0.7005774431705727,0.6955102312833762,1694054730.866021,11,2.1266992076326985,0.864935279634395,0.0004096441589387204,0.9004196791728385,0.703324108252925,1.2719990438945836e-08,1.1038422463936555e-05,0.018348143487555223
316,0.7021895418976306,0.688055813725016,1694054732.242892,11,8.298202374657423e-05,0.8818221819367451,0.0002655132603933337,0.8099479480156325,0.5114644649204054,2.782248955695602e-08,0.0001803983753044198,0.06813704098880016
317,0.6974599274995584,0.6903227257020998,1694054733.9254391,11,1.205436252475459,0.8768627750682261,0.005705690526085023,0.9375144755999986,0.8075560265332192,6.200822093022825e-06,9.828845309902935e-07,0.0007983907810570477
318,0.706900393585212,0.7000870910390319,1694054735.318257,11,5.59148398089406,0.845421326324282,0.0004907608568522154,0.8527341286751883,0.5353003220117306,1.5971217025172096e-07,0.0014083028173467742,0.027721136163294992
319,0.7086585259748971,0.7006662649508142,1694054736.9653158,11,4.708248435768175,0.8561113214339889,0.00016923716248307932,0.8510185429982142,0.7159916556805381,1.4706217896647676e-08,0.0005026350786513789,0.028993398589414472
320,0.7015421453648467,0.6934866416418696,1694054738.5699599,11,0.6269328939447167,0.8584234750240357,0.0001751950576534457,0.8620255644046366,0.711672234351336,1.2484965564606744e-08,0.0005239296493509366,0.043380066102217736
321,0.6973517513412848,0.6899578147564602,1694054740.031922,11,0.09463365434331228,0.8661211268146016,0.00029807101229548474,0.8489632955185499,0.5401642410989378,2.3176208772520176e-08,0.0011376972138145498,0.046117584353852006
322,0.701775184870813,0.698783047300799,1694054741.5467584,11,14.087445884060966,0.8478265186752503,0.0003533297654068746,0.8726794495940149,0.6662937739843191,1.1121727833963718e-08,0.00048317970007549375,0.02460067981229852
323,0.7032402536851292,0.6974220366776043,1694054742.9234807,11,3.389185797086303,0.8452016933952232,0.0002341369879849997,0.8543820736106941,0.5253011009381596,3.729280934598627e-08,0.0008496960901446243,1.2200972749477376e-08
324,0.6961502737031149,0.6873408208190755,1694054744.4001436,11,0.0001882759305993905,0.8261704848765843,0.00013300492781535584,0.9201048071235561,0.544192692859653,2.3340245011695597e-08,0.0017665781175438071,0.028770660080285972
325,0.6854098672596347,0.6891807487155603,1694054745.7960198,11,2.4734141049906523e-08,0.8724158868200527,0.0001617808193292292,0.8408620955188674,0.538354299038712,1.1684861199546301e-06,0.0003202660255943513,0.01869889564909142
326,0.6860822530661259,0.6872831011477017,1694054747.2206635,11,2.772341547917858e-05,0.8150348435182628,0.0005746756857073453,0.8638755613768687,0.5209929959744782,1.0995663279859336e-08,0.0015271540968180295,0.013285591345297748
327,0.656396490277263,0.6552276055157585,1694054748.1786683,2,0.276386336034661,0.8541895431210133,0.00032909419068662626,0.8525996603723307,0.5314460443412402,5.210540139047439e-08,0.0028342656623563823,0.02137928033196789
328,0.6897170716091299,0.6906107073182939,1694054749.593483,11,42.04010533410241,0.837410049695233,0.0002462504487427502,0.7819858891581427,0.6550008198857199,7.346909794603514e-08,0.0011191280047053106,0.010691367522159911
329,0.714145788585099,0.700293127772941,1694054750.9943607,11,7.917091273910499,0.9925811225249352,0.00020618366331650107,0.8848650581214652,0.5511615437845186,1.8336390872143998e-08,0.0035624610169718886,0.02937403968777836
330,0.7093303306354879,0.7002007073689028,1694054752.5293314,11,9.319974437894873,0.9929319199696929,9.48081196899241e-05,0.8900627382315361,0.7380588138828945,7.467850657554724e-08,0.00013335662830391487,0.013178881765614655
331,0.7096253036902432,0.7029366778381985,1694054753.91679,11,8.38827130839381,0.9958132040815114,0.00010102560493515888,0.8879788269602416,0.5528202860905005,3.059498954453823e-08,0.004079656556290829,0.014427965289942266
332,0.6924049544182364,0.6881545466512532,1694054755.033355,6,8.545926409930173,0.9967879822536067,0.0001156606869913829,0.8884408517972293,0.5516803007843182,2.50605218611748e-08,0.0001009339585506185,0.021278940266035173
333,0.7021897079393165,0.6999657745204437,1694054756.4714692,11,24.3301737854483,0.9923176602474335,9.888443874005095e-05,0.8740205554167308,0.5522161328160373,1.1953254798957677e-07,0.00010952032367015614,0.014698045675226479
334,0.7032691449384517,0.6984086494324289,1694054758.0613441,11,9.253612579877993,0.9832138609658996,0.00014343800880128345,0.8877117881939047,0.7415735438902419,3.3732396138709336e-08,0.004479752315424534,0.029526204834160148
335,0.7046942807273423,0.6983737763751643,1694054759.6519804,11,7.804176196402659,0.9767283565756358,8.9055972738537e-05,0.8785484248545581,0.7548775679434752,3.9326254456752504e-08,0.00017157901397607796,0.012880149520315711
336,0.6964372767569535,0.6908529957062696,1694054761.0457554,11,0.015411721428516949,0.9906746932378976,0.00011267397785609808,0.8891691445929927,0.5607396082189513,1.794381192603066e-08,0.00020946221868622686,0.058489317357040244
337,0.7032748733766105,0.7012362240313402,1694054762.4092884,11,18.697317205366158,0.9872253520317703,0.0001404710934598383,0.8655904234494806,0.546173605471054,6.169006470560994e-08,0.0038556117171376562,0.03767504878870274
338,0.7052520147498151,0.6964996103015212,1694054763.916415,11,5.0915138092384815,0.9900132734934383,0.00016425202940487037,0.8936749134088824,0.733335969054082,1.1257890423958573e-07,0.00925928531603509,0.009191596351421838
339,0.7055366101992102,0.7005651920378997,1694054765.2643673,11,1.5380454369868013,0.9948425563535493,6.966867599053156e-05,0.8778127378485382,0.5318700769716335,2.104469171978536e-07,0.014272324193181765,0.01740390058941576
340,0.6716880993274648,0.6738572189831546,1694054766.5749338,11,103.85653401414717,0.9985015800386289,0.00048336372789515756,0.8575346441606205,0.7386708455348532,3.072199325126652e-08,0.0035083421938271564,0.005249573269221549
341,0.70884939089268,0.7010992441135594,1694054767.9579647,11,11.630726195114823,0.9784459986724953,0.0001072735843104082,0.845763842838037,0.5706227923918548,8.932562570725172e-08,0.03758435646379036,0.029904033169976786
342,0.6956233404133508,0.6964642293401715,1694054769.3375502,11,31.840106050241886,0.9833485346499486,9.219440535743168e-05,0.8425569046883709,0.5582271832490012,6.35547496913565e-08,0.04857605008197426,0.02779721741110587
343,0.7042621572401481,0.7026246251962618,1694054770.7246459,11,10.918568124443372,0.9981062393701269,0.00011866431223006926,0.8718296369243954,0.5756600402106918,7.678845922706587e-08,0.10830553487261609,0.03185651872053001
344,0.688042292145697,0.6889323201299857,1694054772.035831,11,57.56932453640325,0.9747917901494088,0.00010512405077526261,0.8512985601577877,0.5731963053341846,4.9256355612321195e-08,0.03549300930444213,0.09598435444811479
345,0.7017304366365003,0.7005586527728053,1694054773.432225,11,15.34815008007744,0.9677093750196678,0.001129123158717565,0.9055479327970525,0.5474312717458363,1.8719261295080597e-08,0.10374235026626408,0.05159702866040353
346,0.699536527842534,0.693064899857005,1694054774.778279,11,2.913896588667976e-06,0.9689769293920832,0.00015287527027875003,0.7510996438893521,0.564026421817539,1.7536993517815296e-07,0.016951330030178572,0.01702221509493193
347,0.5,0.5,1694054775.690927,11,3700.8958743610247,0.9825544783364667,9.194544072767735e-05,0.86150106637777,0.5349091283243418,1.2367557509628909e-07,0.0017592174542988455,0.00045114791220624847
348,0.7033216141111522,0.6976599534625626,1694054777.2242713,10,7.226420861061013,0.9999894717611075,0.012189561046117415,0.8423450369199086,0.7608097949966949,3.220884565101241e-08,7.19032460693121e-05,0.04438993883304644
349,0.7031173828376656,0.6983196573809647,1694054778.6121862,11,24.150843147282526,0.9867033046288837,0.003986630434895994,0.8339275301608527,0.5843300278235658,1.8822949223719003e-08,0.000434813677452217,0.021210832334766973
350,0.7064168801962745,0.6991885180155121,1694054779.975866,11,4.903396045631197,0.975690960142012,6.763896097023988e-05,0.8835902136006263,0.5679132993822976,4.6172944313350146e-08,0.06711677214366653,0.0729461686211416
351,0.7031590593007918,0.6985305192036811,1694054781.452064,11,12.586385531079443,0.8063658095514009,0.0006608311731696966,0.6896984772438289,0.747346668384846,9.033182625740529e-08,0.00014048638393521313,0.004282992050298008
352,0.6431569074005443,0.6425135327869048,1694054782.911727,11,1.7915222647518771,0.9770097145602731,0.8639945832803771,0.8673667698249958,0.7112264673426666,5.7971437211131294e-08,0.023585395877253026,0.0005301584969456951
353,0.6897623179684998,0.6933430317618364,1694054784.2887743,11,0.051986529710427075,0.9890410729190555,5.16060844651394e-05,0.8495363232009426,0.5533598147626977,5.128519939577616e-07,1.2666576454910147e-08,0.007044053988933077
354,0.6966796976181652,0.6902418963948587,1694054785.8326564,11,0.00045465969642041737,0.9629536196969538,7.764558013658312e-05,0.8381513580871363,0.7339788337317724,2.6107084091197034e-08,0.002471705374960796,0.02986494236590564
355,0.6986297741965907,0.6891277906449838,1694054787.2915914,10,0.00402174094823395,0.5840833523338493,0.00011792134408991597,0.8558819628015927,0.5130107022764958,0.0010260295678699894,1.4319555465925413,0.003098372797225311
356,0.7044072776735035,0.6971045512759013,1694054788.5848033,11,7.503635219821005,0.8189684150676114,0.0001664946149522305,0.5249865349926579,0.6497398231601275,2.469760283025603e-07,0.005140087607222024,0.012304225656354818
357,0.7021272762654699,0.6969327708585822,1694054790.190656,11,3.0276553343313917,0.8403578445955838,0.03779011314779781,0.8992517149640675,0.7132867945481175,3.4527051891963483e-07,0.0007500746086187568,0.00030815422413407495
358,0.6993097148997838,0.6951146193497417,1694054791.5201333,10,37.38608713877004,0.9111664528035697,8.906189204518316e-05,0.8302209523844479,0.5979589260317234,3.860994770079929e-07,0.0002909803609409067,0.00017848494300641072
359,0.6930836498087865,0.6900596132466392,1694054793.6563933,11,0.010698204501287195,0.6956892191103193,0.0051342465428499615,0.8690167999154293,0.8908837272211845,2.0144961027073546e-07,0.0016598713404068059,0.05766809505339465
360,0.7032170078491226,0.6988053678713915,1694054795.2787507,11,18.58953114881443,0.8042101078113923,0.002901934726602096,0.9311435167253599,0.7169685837131418,9.381618891270233e-08,0.0027340765352064796,0.007580531433652131
361,0.6062745658674084,0.6071422669634932,1694054796.3426921,11,414.69073471300953,0.9788946091120616,5.66424715886318e-05,0.9143948159028351,0.6067755174635969,1.376059781328871e-07,0.21264656971333531,0.017345415936988445
362,0.6942014424373325,0.6906269783884453,1694054797.5254693,5,4.879935443732676,0.8907783623127209,0.13071453722317763,0.844779902049654,0.726013236301794,1.0770953730283646e-08,0.007342495220819344,0.13135260464287488
363,0.7010154611376114,0.6939244821722854,1694054798.9090288,11,0.8956932681124146,0.967564528616275,0.00031777593141275493,0.8809036533002379,0.5401101615580247,0.0006337187630116292,7.429900136469989e-05,0.0004502546435755759
364,0.705211666620175,0.6992247787392946,1694054800.3151221,11,12.219498734243128,0.9887261410838009,4.6221424454142e-05,0.8231588198782643,0.640376866924053,2.2215505639218217e-06,0.0038872156453075464,0.004452272605850925
365,0.6990510219533675,0.7003384037942322,1694054801.643016,11,2.5794717907626232,0.8185563807608408,0.00046688501585967295,0.7654757718133213,0.5242098615335803,2.153704031777071e-05,0.0006610539432070582,0.011254611280554699
366,0.7109926569724889,0.7011210023617721,1694054803.0273504,11,7.801143770730812,0.99956878507004,0.0064914211944578125,0.8528479936824216,0.6255973223046318,8.762003668124743e-07,0.017184862321610588,0.00012317397533290162
367,0.7104710370166692,0.7037052002068114,1694054804.4283464,11,8.883594395617877,0.9959728058481726,0.015097212364456936,0.8573186504545149,0.6274605469115271,1.411643084890258e-06,0.028605330995936547,0.00016317360182626964
368,0.6982781809269908,0.6920465521665837,1694054805.8411522,11,0.3905246521727361,0.9972523219002803,0.021425611024421313,0.8599636647254492,0.6233443067175487,1.140009129978653e-06,0.018553734141613373,0.00012822858586737526
369,0.7027165582082375,0.7010741572796468,1694054807.2582517,11,25.51449187083466,0.991136286299007,0.01722709957248571,0.8728622127644547,0.6274113576595861,6.47904111249587e-06,0.03731342043214076,8.895521507647553e-05
370,0.7038073690628474,0.6998141923602191,1694054808.6237822,10,10.603626375377441,0.9998261201094443,0.011197734280902233,0.895674078148166,0.6311175839533497,6.371707934473502e-07,0.02286945807670123,0.0002110947643219323
371,0.6976219011640187,0.694932345271238,1694054810.011192,11,1.7062661044614553,0.9829779118938907,0.007836932806844431,0.8450457128728971,0.6075234218220124,1.257838233099692e-05,0.02993520808562687,0.00014373588112375174
372,0.7029596432361923,0.7008793579236184,1694054811.362061,11,17.046521036171516,0.9769339881015884,0.007624059424406019,0.7336355779177133,0.6361033843078063,3.6471060840282735e-07,0.01835707289643104,8.021158003078091e-05
373,0.70270510133192,0.6897777627583284,1694054812.813303,11,0.1216010099963271,0.9686551281503256,0.008531717525748368,0.862487125716895,0.6163631801786863,2.8304338910066567e-06,0.06421479507644338,0.0003221085790443314
374,0.6907262729751881,0.6940445561398085,1694054814.2234476,11,45.765491745363754,0.9909488586730663,1.6509917937630327e-05,0.8830558716518017,0.6473844514900072,6.112575183027642e-07,0.009475426172195196,0.00012842037943412818
375,0.7076521473174969,0.7002607126086591,1694054815.6164913,11,3.9041905188087522,0.9880057775589497,0.012962612124530723,0.8336557666894574,0.6206794094097138,3.354306060297775e-08,0.0345591142262437,0.00018959411479162666
376,0.7061961277750547,0.6974777156629222,1694054817.1227257,10,3.3291194957583667,0.9028783775799447,0.015530885649331064,0.8325779566326684,0.6193452440286857,3.009970836787071e-08,0.060323730648774644,0.00020198146818235283
377,0.7042046237960318,0.6960158044514129,1694054818.3442206,7,1.277420900003231,0.9982281393653362,0.006392549659468133,0.7485564963932078,0.6300114918014278,1.3783952587648794e-06,0.04042325413864648,0.00025972400947103867
378,0.6746902990477177,0.6741359404195131,1694054819.7156644,11,89.03497723216982,0.9857911949238449,0.023876901323399865,0.8524783045432021,0.7736371732758903,1.6101824726760517e-06,0.0360329134808274,9.373525859307256e-05
379,0.6998392218356771,0.6911923209836274,1694054821.121589,11,0.5708886608492808,0.9882915039970738,0.012227776348419737,0.8707373362740364,0.610633120181104,5.52946259106444e-06,0.0250861065620342,0.00016773235805409172
380,0.7072428545620949,0.6989606595453798,1694054822.5864825,11,8.739496827012292,0.7945928482223766,0.004933902814766433,0.8236207125798223,0.6410405604428963,1.851854215011303e-08,0.014915467944460142,0.0004013886470679665
381,0.7002663640722986,0.6973374615777362,1694054824.0748997,11,11.91056260131723,0.8061678951209094,0.004583305328910187,0.9208885433493148,0.5993220304845922,2.0795349006842336e-08,0.01271299757151335,0.0006357892409799429
382,0.6714861926375788,0.6675733661555465,1694054825.0568814,3,3.536092698289761,0.9781292459829949,0.005281618273954558,0.8414078748313059,0.5883296187672037,1.0056703471034486e-08,0.014545636007738122,0.0004747595468589808
383,0.7040399934645993,0.7010884783609006,1694054826.4916558,11,25.4490596613526,0.8967976824059872,0.013249504438666715,0.8911610569707552,0.6198846345231369,7.946348211172736e-07,0.01674893266819632,0.00039547449968563287
384,0.707150867468183,0.6984715569812423,1694054828.0172887,11,8.225675307018228,0.7937243938923144,0.01063954296390941,0.9081800501610506,0.6363429081656028,3.711601761240419e-08,0.09204245753465387,0.0006955095116782492
385,0.6992875483347347,0.6907733001135039,1694054829.5094433,11,2.179656141801632,0.6837980678510095,0.009813797155909609,0.8574150877286163,0.5718186044242239,1.4765357943777072e-08,0.049783953264345544,0.00033418105490240724
386,0.6605997525314714,0.6603837389500704,1694054830.6630948,11,165.1408228603932,0.7147960086034532,0.006189696543182656,0.8266517127361964,0.6278758224349236,1.5434664860477332e-06,0.01998463011087688,6.329778306841343e-05
387,0.6944086624611628,0.6865231224513758,1694054832.2558656,10,0.22227774468260558,0.7981246765402865,0.009615481897503391,0.944477901956241,0.7498436785480762,2.2723524487396723e-08,0.02479132822912196,0.00030006034824356934
388,0.697843649835353,0.697124096513458,1694054833.713876,11,4.433303107943584,0.816769554279548,0.014999583985281452,0.60775159477033,0.6609242345236441,4.7925398866813326e-08,0.03779825631644722,0.0009385715148631243
389,0.7033429504677726,0.7007696687806905,1694054835.189291,11,8.874117437617334,0.9079835640904761,0.010341807944780053,0.878939091333987,0.6501674735703528,1.8307411574779047e-08,0.008526554660074707,0.00013217642893082238
390,0.6970033958845573,0.6944850994455338,1694054836.7999992,11,15.976494673160987,0.9902731847203494,0.003291654861359251,0.8138012406586749,0.9158371506751887,2.658487334966799e-07,0.01289563546306123,0.0002384094862979973
391,0.702270736281968,0.6942964402871045,1694054838.2750733,11,1.0849090520437705,0.7887445723598261,0.006508442320487334,0.8473588358823024,0.6128988971334443,7.459553885656921e-08,1.6935440622338922e-06,0.0006311304948386016
392,0.6968581094095159,0.6954590690165283,1694054839.7174895,11,46.748037951105964,0.9998224108898532,0.019355458645447715,0.8348246744085561,0.7378568004102012,9.879124580552906e-06,6.534893867776168e-07,0.00039639692163567265
393,0.7001230700974863,0.6921730202837483,1694054841.2164216,10,2.5944709499870977,0.7058200827714929,0.008307521354095068,0.93025175348349,0.6009571923165352,2.4523236726402084e-06,4.297776091151223e-06,0.0010368157126046207
394,0.7107101370441657,0.6976883688821751,1694054842.6648204,11,6.341285636212986,0.9655166178743505,0.012309585104532578,0.8626116904238367,0.5823296944339377,3.055776628563826e-08,3.666609922619405e-07,3.209243056413414e-05
395,0.699869192359957,0.7003235203905985,1694054844.0634015,11,4.931428605103975,0.9584008541174028,0.012610085720812349,0.8681804928059326,0.588208547823343,9.22478953808368e-07,6.885755562460538e-06,0.00019291430054887157
396,0.7057804424147508,0.6953169375001711,1694054845.4253168,11,1.946967785185307,0.9719208140232851,0.015997648379548368,0.8621865084627698,0.5700575153616155,3.951265195735724e-08,1.0043923827289997e-07,2.1345417917592e-05
397,0.7054369851877534,0.701299394601912,1694054846.8119006,11,4.068796238572094,0.9658999249017363,0.014362900232346454,0.8833288437089325,0.5794031450436936,5.47318387678184e-08,9.3863269624612e-08,7.000296252334134e-05
398,0.5,0.5,1694054847.7374003,10,5258.352367285837,0.9794688142824058,0.019673044304045584,0.8502895791986572,0.5902629949707846,2.6032984951330834e-05,8.105508803892085e-07,4.1136153393113363e-05
399,0.6977618743051156,0.6940299176185016,1694054849.3479772,11,19.61466298223423,0.889622687476003,1.017436900507656e-05,0.8720006479179324,0.8251237714810317,2.737515432347997e-08,3.7535807840905964e-07,2.1796029317202894e-05
