trial,score,test_score,time,max_depth,min_child_weight,subsample,eta,colsample_bylevel,colsample_bytree,gamma,lambda,alpha
0,0,0,1693533793.51140980,0,0,0,0,0,0,0,0,0
0,0.8452314975146804,0.847269838465397,1693533793.7646456,6,1,1,0.3,1,1,1e-20,1,1e-20
1,0.5,0.5,1693533793.9524462,3,2086.988136421775,0.6033595776697132,0.3917910760336115,0.7442055943974146,0.8058719314513229,0.45611942146988727,0.0015281988858822622,9.2897711567843e-06
2,0.7848541792056611,0.7940052564120013,1693533794.1586983,3,1.1210797137053725e-07,0.869220148099485,0.0016089632125771368,0.5791549338563255,0.9399685156006394,5.506360231037675e-06,0.00013878744822572872,9.136909584964169e-06
3,0.8289794395139188,0.8313711910515837,1693533794.4022706,7,0.34505754847262476,0.7999645983124938,0.00021335144453597365,0.642342940320682,0.6267941028868937,1.8864247114746056e-05,2.764668132257356e-07,4.5303172090094196e-07
4,0.5,0.5,1693533794.593653,11,30405.16039113432,0.5942073277979676,1.3229176421318452e-05,0.6022777731899753,0.8499218070632788,0.6239443487805697,1.6956293466279647e-08,0.005979000383792686
5,0.7979964820673153,0.7967344093881963,1693533794.783837,1,0.050250912766948756,0.8198975880654286,0.8474654741446043,0.6295487982055529,0.9012484426314351,5.067933061888993,16.884808501263386,1.0523061906303107e-08
6,0.5,0.5,1693533794.9703913,6,57424.01955442252,0.6994724019514252,0.11712844778172378,0.7732282489862389,0.8854270435701123,0.0007068231251400772,1.9548598941356206e-08,7.332581251077417e-08
7,0.6994621690402655,0.7042674961796294,1693533795.1671479,2,1.8458076941044073e-05,0.9824576462631824,0.014415518363921877,0.908330101307681,0.7830409980463782,0.022571584951327973,1.3152972491020911,18.48528507106305
8,0.7177173393314306,0.703031222295022,1693533795.3655334,11,527.8850536324669,0.5471013660886613,0.0006386193778016206,0.5177545158801651,0.7731791742704035,0.9150128825054364,3.246594368635332e-08,7.703309692219131e-07
9,0.5250017620086594,0.5281530573658302,1693533795.5748756,5,1.4989297193113521e-05,0.897543736460516,0.0005760692303571454,0.8194388410301827,0.7467075259483799,0.006839076114870911,24.716872633093757,27.25215310373715
10,0.8186801819914096,0.8247444762592642,1693533795.8946967,8,5.989892034053076,0.9923274429830898,0.025796000231077955,0.993585754266157,0.997025824255192,1.2656733563285944e-08,0.25553931944370634,1.3033256760495162e-08
11,0.8327899416939926,0.8387372824430153,1693533796.183161,8,0.411242024626862,0.7665261385370954,0.00014500936918409953,0.689341352578839,0.616688366861563,1.852374355809739e-08,4.4524399025080004e-06,0.0007171455240931887
12,0.8289738619325508,0.8323996776015461,1693533796.4797862,9,2.7061431383202703,0.7133887781773485,0.013339823217591845,0.7065558160234925,0.5287211574888188,3.040815924942814e-07,1.3335177672557412e-05,0.001104387024954073
13,0.8035991625515103,0.8100150882768088,1693533796.7408903,5,0.003438491851526174,0.9348448257652797,0.00010833968555914508,0.849832286433265,0.6603141630439946,3.305476658547629e-08,0.02590777870217433,0.06556369011216955
14,0.8099231257171629,0.8097661080144183,1693533797.0736513,9,30.74348383816421,0.7569453055519232,0.004057695491744521,0.9968395293030913,0.9642690798184599,1.1465100048422719e-08,0.006911998379099365,3.225632308225677e-05
15,0.7142782533651829,0.7222977257129415,1693533797.3503718,7,0.007257415882882155,0.8917347833930598,0.16076599106290515,0.9003852468330709,0.7041088118344352,99.25703986679683,2.7527473572651152e-05,0.00012917055546843594
16,0.820911214538625,0.8187672791573021,1693533797.6176164,5,0.2889989177871529,0.8391602724791768,0.059157646897819924,0.6871025081985324,0.9970753404513621,4.231605042838345e-07,2.4508962641293857e-06,3.601052961149201e-07
17,0.8047775533787213,0.811047949296974,1693533797.887762,9,65.52986345634471,0.931683233402369,0.7622215437428802,0.7790247379051223,0.8388802582812221,5.1537611926469516e-05,0.0005111764182430719,1.3260666313180344e-08
18,0.8165411795367666,0.8196552358519913,1693533798.1687279,7,0.002190292435245859,0.7685313697226526,0.004231585606828817,0.716292205779001,0.605314907163967,2.007443242366085e-07,0.045194517843373735,0.1670173767689991
19,0.8477175776462708,0.8512564997336434,1693533798.510178,10,1.164664234595936,0.677602676761162,4.879963503865638e-05,0.8195854158169606,0.7242274392866247,0.00048259983380207557,0.002285987351618032,3.808992131467315e-06
20,0.7614899443813726,0.76797667265159,1693533798.7548676,10,374.98463124191994,0.6767478930025632,3.386142818464412e-05,0.9384368673357475,0.7300503915814681,3.584987108514121e-06,1.3163578075516065,2.784928976590516e-06
21,0.8227743802419758,0.8247486684598754,1693533799.0675359,8,6.726156202372876,0.6400135026106264,8.364283849010733e-05,0.853399972426241,0.6861861157743117,0.0002406786622705567,0.002602548811648478,0.00013754479438831465
22,0.8447102471831947,0.8536434111729801,1693533799.4035583,10,0.4207283473640766,0.7514216678915746,1.395431507328864e-05,0.7946905328030216,0.734330373430844,9.314998659451493e-05,2.3396086628279725e-06,2.0978965715769758e-06
23,0.8457846921758195,0.8548099061821957,1693533799.7432857,10,0.039146372117692965,0.7271972749501475,1.0958080687808153e-05,0.794694377950101,0.7379156900339964,0.00012244686330710054,0.0001547547674627683,8.096712585848829e-08
24,0.8504419726181318,0.8538932724050642,1693533800.0967553,10,0.023788360099195452,0.7001445186768297,3.910126710576585e-05,0.8278513974704909,0.7957272323971046,0.0011271768850838449,0.0001721412304831996,1.6229468547809206e-07
25,0.8488739116744355,0.8529911594387458,1693533800.444805,10,0.03294719425004707,0.7121059218344211,3.176378298505806e-05,0.8217880470140826,0.8008022084712689,0.0024486302873578023,0.00017123590406570462,1.3307522953292648e-07
26,0.8540777950908157,0.8603189134593701,1693533800.8242583,11,0.0005780055470643426,0.6583000511306877,3.9504874311659746e-05,0.8412282485249984,0.824556739324498,0.002346990635170526,0.0002823098387835017,2.024871785823521e-07
27,0.8572988483308581,0.8625665709305762,1693533801.2038748,11,0.001412346366300153,0.6546353363767551,4.088065270970822e-05,0.8570673451261089,0.8120824738928142,0.004100355026716017,0.000133301304848195,9.594282773189202e-08
28,0.8540559918181951,0.8606715747412259,1693533801.5913663,11,0.00033647054643393815,0.6557959737411151,0.0003572871122128505,0.84971568207293,0.8360507622111505,0.015418850727628315,4.5813300776328834e-05,5.69227131716922e-07
29,0.8503507031048367,0.8548104833692364,1693533801.9726515,11,0.0005867086078718622,0.5018996578354069,0.0002812424216791882,0.8800208200524868,0.8428947863455577,0.012267881359500242,3.667687320828828e-05,3.955520560259919e-08
30,0.8530314915314567,0.8589087240059259,1693533802.360969,11,0.00017598307290505252,0.6336425173820348,8.418136632525772e-05,0.8725798916299814,0.8760513785388151,0.0506810174127563,0.0006801599820027332,8.400494726722874e-07
31,0.856503535933061,0.8586860816995497,1693533802.7508674,11,7.139668545491022e-05,0.6375893638100684,7.141199692607297e-05,0.885168715566317,0.8774237358483019,0.056111453262273625,0.0006119322072284163,1.366500224181502e-06
32,0.8555452060434615,0.8626207353776042,1693533803.1494577,11,0.0001674335820807888,0.646213114821243,2.3746501657144427e-05,0.9352569890525291,0.8287813265139387,0.046413450161248565,0.0006462149513952873,3.1170440169815076e-07
33,0.8466634147677116,0.850609442682775,1693533803.5058033,9,2.0740080642181553e-05,0.6055977349248208,5.372979756962071e-05,0.941122893149434,0.8202396996256384,0.05292652067848218,0.0007032949679612822,5.020418725762381e-08
34,0.8542342208955467,0.8612795349646544,1693533803.911375,11,1.7324039148557927e-06,0.6037542651861231,2.388906379584608e-05,0.9290137115346737,0.910115137978314,0.15089459153416393,0.0067907624364704116,8.031639167603044e-06
35,0.8542489254282442,0.8609134464895362,1693533804.3132906,11,6.363943134142287e-07,0.5942441032489378,2.3356850792323983e-05,0.9203564854727481,0.9001415302074915,0.08689279660698444,0.006872769657362035,2.819396892213567e-06
36,0.8438540884432006,0.8512271239510993,1693533804.6802683,9,2.5615373964001253e-08,0.5659700801644746,1.8518583253110547e-05,0.9575680369545164,0.8683918630777254,0.2434083809830509,0.0015768159202670302,1.5387953396932407e-06
37,0.8528717698831902,0.8554785318014262,1693533805.0583744,10,4.759154564977536e-07,0.6246112766838423,0.00016071924122586484,0.8972745401504347,0.9213477891344305,0.004883280173645215,0.007843682475347608,1.062833204136578e-05
38,0.8525857920748653,0.8603099518711067,1693533805.456974,11,1.6815547325585429e-06,0.5645099132147462,1.101986773438029e-05,0.9633292029450299,0.866581919430391,0.06942424622053109,6.225581474505919e-05,3.035394635709726e-07
39,0.7849748577843514,0.7911384595157365,1693533805.7170966,3,5.563512768889339e-05,0.6747491075035018,2.1765018084106687e-05,0.9117335255709167,0.8949943284905488,0.6923106882062592,0.00026167024950892777,8.473655398200811e-07
40,0.84337923344764,0.856887992176503,1693533806.0966108,11,4.731989040244104e-06,0.5860030549748383,7.405005223790023e-05,0.876159599296603,0.7765562829332825,0.025685573764249552,0.0010969198913955383,2.8170487539836587e-08
41,0.8554676269571608,0.8601612502624681,1693533806.4985468,11,3.1554591405590893e-07,0.6100583163215798,2.356471056603177e-05,0.9174138893901963,0.912645863488541,0.1472248298051172,0.006753180638603483,8.574703463692779e-06
42,0.8479465120087861,0.8529000853993794,1693533806.8781762,10,2.2394652646579463e-07,0.6266906923421914,1.8882446925071814e-05,0.9259013137318506,0.9272117498174698,0.12430238143221764,0.02708527922016891,6.667253133491826e-06
43,0.8567050894415877,0.8600330843611719,1693533807.28459,11,8.443846526614712e-08,0.616495914164597,6.846468582119111e-05,0.9683284515667798,0.887312718774778,0.3877596392781007,0.004287380891213735,1.867036579516802e-06
44,0.8445358210022306,0.8555500726162053,1693533807.6939638,11,5.4004870803205164e-08,0.6535797095683472,0.00016982868079147226,0.9709899302588458,0.8608764019053805,1.8954022605880074,0.0022176149984000845,2.846267305010319e-07
45,0.8480636412175151,0.8548782876573837,1693533808.080797,10,9.472561467687137e-08,0.6185729246379198,5.645620103182485e-05,0.9741704758308071,0.8834816874422138,0.24841093299361883,0.0005011416900113815,1.1001438122792225e-06
46,0.8427114448420303,0.8478127284445551,1693533808.4441383,9,7.091189346788423e-06,0.6476471575558497,0.00010752140394214025,0.9446224572687703,0.946086787768065,0.024653538086193093,8.960509972910556e-05,1.0926649749982764e-07
47,0.8214636486204867,0.8302616552898038,1693533808.745232,6,1.8233144897362462e-08,0.6121923364538724,0.0002614902534611599,0.8998443954413282,0.8178613395214216,0.3875961794768092,1.2072397606294642e-05,1.418440777699259e-05
48,0.7977401668508113,0.8042339828773517,1693533809.013733,4,5.655340804258409e-05,0.6875702180469456,1.0464200273534791e-05,0.9811661516260768,0.8524001171695146,1.6914985307894088,0.05605486115215463,3.8314488869146187e-07
49,0.7307833307389129,0.7358302100426171,1693533809.2470338,1,1.0606232154617715e-08,0.5846410956600995,6.781916060913432e-05,0.9960439846544931,0.8967620603095368,0.010697113841684237,0.003055755793076611,2.7799239176625214e-05
50,0.8473334851111536,0.8585376231170336,1693533809.6526818,11,1.0178738828669179e-07,0.6382045543957837,0.0001030942082113236,0.9528462703743236,0.7710817814829485,0.032886675573058785,0.0005051657502512534,1.3774465963163748e-06
51,0.8518655234991109,0.8588911957468484,1693533810.0653467,11,5.988655733597934e-07,0.5941018049316402,2.3981589316310194e-05,0.9138603646026096,0.9110481841001536,0.12469528595794403,0.014299827680265099,2.7671988056790775e-06
52,0.8400963197596976,0.8459673095841725,1693533810.4123564,8,1.6512000927195393e-06,0.666265696313986,3.777937639367424e-05,0.9251766745757717,0.8954513445559518,0.07329962370351703,0.005052645281269154,3.660684246748741e-06
53,0.8553573429619289,0.8611006373603086,1693533810.8301537,11,2.3526329149719447e-07,0.6177371392802044,2.7010435927876198e-05,0.8880769154774448,0.9445326210830625,0.44032122337542834,0.010069803087953627,6.958322381125393e-07
54,0.8456962114532085,0.8538451532328308,1693533811.2141016,10,2.2908810292344942e-07,0.6276570181059864,5.208919269463399e-05,0.8858052623732843,0.950461328757452,0.38348946086444763,0.13433287835409802,5.854605014269086e-07
55,0.8444775099242919,0.8488723527164489,1693533811.6041875,10,3.909396015282025e-08,0.6670532618498348,1.6370047299043907e-05,0.9510441173942249,0.9668261711158112,1.4775260643972503,0.001436465362559546,3.072552177631279e-08
56,0.8434631506945863,0.8480504383705196,1693533811.958016,9,5.4514548365475825e-06,0.6891039736657969,0.00015068034531408162,0.8706394057271472,0.8754706344667058,0.0055843158550294945,0.019934915021452015,1.0224829381559627e-07
57,0.8134600728837769,0.8242246737617334,1693533812.3532624,11,5.757222536690477e-05,0.6448639003533955,2.9998381113885225e-05,0.9055725689381525,0.927696141164055,7.291800999314715,0.003348467261112859,2.334735806266207e-07
58,0.8543964778080714,0.8567357363108246,1693533812.7364178,10,0.005159437348516218,0.6152204701875431,1.3990441352686184e-05,0.888596760499006,0.8543183389909346,0.03160290221595762,0.0011038439807664116,1.3120531106051416e-06
59,0.7432025762341287,0.7545112635316945,1693533812.9795687,2,0.0016909897386048003,0.7343688015610444,6.013168703632149e-05,0.863269721558965,0.8346301463929496,0.19584711121897008,9.672444159354074e-05,1.796294003001785e-08
60,0.8496623788587356,0.8588882490551144,1693533813.4048712,11,1.5799927968625463e-05,0.5640137418950153,0.0004812783994055619,0.9840411995995545,0.9772825817776735,0.014649325932392463,0.010231154456437446,5.285968958601369e-08
61,0.851069704048462,0.858152274821716,1693533813.7896023,10,0.002466786120936797,0.6159312749478072,1.6621197873187242e-05,0.9359525324929856,0.8550454972491099,0.027151399465217847,0.001091017306758951,9.428089983118371e-07
62,0.8502439684795665,0.8583633733872785,1693533814.1857538,11,0.00023682477745858333,0.6361043564245118,1.3747995937285644e-05,0.8884063285599222,0.8821200764022287,0.044239599633416,0.00045951510958492763,4.5591933847817403e-07
63,0.8459920767921403,0.8513183802600575,1693533814.5512702,10,0.007411649138122908,0.6115471556646964,3.21775483319683e-05,0.8869023786477139,0.80973149589661,0.5806362536242127,0.004320419857096213,5.093924468452521e-06
64,0.8585530435593894,0.8631884747777768,1693533814.9384546,11,0.0007876347586130197,0.6539136575641891,1.0215280963962836e-05,0.8605830634746718,0.8508829184780157,0.11303954899053989,0.0003149894927676305,1.5818208880782097e-06
65,0.8557340832306974,0.8632961657282617,1693533815.3308775,11,0.0011090778768303908,0.6602435871157317,4.177543894413737e-05,0.8569504205683541,0.831767448828638,0.14116126729992345,0.00024656589875186863,9.968012375810214e-08
66,0.8263072709857767,0.833652781045129,1693533815.6386645,7,0.0011319099274817242,0.698461580053895,4.131882671213768e-05,0.8534223410417793,0.7967552318606281,0.09891507468380342,0.0003204631186223776,1.1082076139716618e-07
67,0.8544639158373394,0.8611520677634598,1693533816.0213273,11,0.00013082719153034402,0.6558493757385278,1.0128652954059582e-05,0.8330983378475073,0.8369323045613513,0.005593431568646617,0.00022341540796427857,1.7033210601163583e-07
68,0.8504916637975926,0.8544728289504382,1693533816.3898907,10,0.0010838594013262445,0.6769008908939906,0.00010808414385551203,0.8589536352588132,0.8227186444639799,0.010190917865163006,9.243568416313383e-05,1.3385345654288608e-08
69,0.839131144656601,0.8480301456892998,1693533816.733715,9,0.009953897576994606,0.6467097770180478,4.333003734715269e-05,0.8132552857868038,0.8472985637895626,0.19588597589628684,2.4974176701788155e-05,6.40961712711077e-08
70,0.8586362002270582,0.8604111418728176,1693533817.1193762,11,0.0002907087336745603,0.6688264048432749,1.9742407421694606e-05,0.842102528116476,0.8102716389666794,0.08540213937957326,0.00016547535998680176,2.0343097802809397e-06
71,0.8546408772825618,0.8604424011078103,1693533817.500734,11,0.0006828072355259767,0.6580979360924422,2.1064159847431573e-05,0.8676991160366309,0.7907697437817766,0.08773312169649636,0.00012272501839299122,2.8322571790748004e-06
72,0.8564295062167215,0.8615146627380683,1693533817.889016,11,0.0002765174144943263,0.6855952849093498,2.906764144281019e-05,0.8404107678593888,0.8683355327004847,0.06309885788587734,0.0008220436477118247,1.5816183711718461e-06
73,0.8510217875539822,0.8554845770762207,1693533818.2656062,11,0.00031284206169519835,0.6880451970299698,7.346628005658569e-05,0.8381498832756004,0.8049906422657994,0.05496213043671608,0.0002845223944107168,1.8172575272457026e-06
74,0.8513673440723747,0.8561856466827906,1693533818.6303165,10,0.00011788937762181184,0.7138301472966256,3.0405093996386163e-05,0.8410348819571813,0.8745852046362201,0.02166229856231378,0.0006411192876683784,4.645963585680992e-07
75,0.8537454219465658,0.8621300960147604,1693533819.366377,11,0.0036718529706195467,0.670066015367353,4.838634314894976e-05,0.8021997078879874,0.8312057212128917,0.0033350465068935024,0.0017750361237002638,3.6627347025525946e-07
76,0.8522060094889872,0.8592564640088035,1693533819.7421901,11,0.0006118049564787876,0.6358202435336903,1.5943362341118264e-05,0.7800253384142417,0.8133816028277119,0.016868540212584108,0.00023128855178318862,1.4544135515585552e-07
77,0.8523325191754711,0.8591810955325967,1693533820.390954,10,0.0016462638989847385,0.666647188460457,8.494109028662633e-05,0.8290186580729244,0.8674515697987943,0.041168959714555295,5.17719665616057e-05,1.8984784864903444e-06
78,0.8556243062883173,0.8552540971773973,1693533820.7463312,10,0.016092467972106648,0.7032895660196595,3.070697886306242e-05,0.8443348626090796,0.8485208674374736,0.22625324776063288,0.0008486577706931363,5.043948888318234e-06
79,0.8545845944160297,0.8539991406596311,1693533821.126921,10,0.016142808628246335,0.705799248711576,3.5849388741701286e-05,0.8488886226994593,0.8445765096459179,0.2589195151420769,0.00015485229952965125,6.0533473285911865e-06
80,0.8601847396359664,0.8636618896641963,1693533821.5131369,11,0.0428991805429773,0.7242902054988611,5.878189253343344e-05,0.8608051385655371,0.8547666196231258,0.3063489143149204,0.0010101894900720945,1.8726746690622717e-05
81,0.8553152575752427,0.8608399007092475,1693533821.8921378,11,0.08555784053697144,0.7270288898471667,6.706860499421109e-05,0.8133602333812456,0.8614368045263143,1.0961280518301009,0.001227902263234086,2.0604592892470723e-05
82,0.8503012654518018,0.8562872923584809,1693533822.283738,11,0.0048478843143458855,0.6845722902017862,4.693677727489017e-05,0.859470115262854,0.8802232699834089,0.7647706110156345,0.00243396957344362,4.433274703394484e-05
83,0.8573794697342688,0.8596044774160685,1693533822.6647003,11,0.01460474159049999,0.7155042572974234,0.0001325437642222646,0.8233196925811246,0.8412552432205479,0.3226803971258029,0.0008034023418275311,4.055174423416093e-06
84,0.8575506000716973,0.8618869180010421,1693533823.04691,11,0.054907867616196926,0.7204340249885859,0.00019739476010960413,0.8284640870010063,0.8271438466885016,0.11015427834535182,0.0004563262648023498,1.5258279033234107e-05
85,0.8557954366257459,0.8544762313161516,1693533823.4229932,11,0.07780793107416133,0.7687589016519527,0.00012031546379667971,0.8240265577427207,0.8157107275367297,0.08210569354564094,0.00041265285350875635,3.854627352292677e-06
86,0.8516046448069422,0.8557402101787117,1693533823.8129165,11,0.14689211555455203,0.7187977086802868,0.00020717332845930763,0.8737833089118605,0.7651968764415117,0.3704212004994642,0.0007145206854026785,1.5492717912474657e-05
87,0.8432136806915795,0.8500928906596312,1693533824.1759877,10,0.0364162395561109,0.694290454918124,0.0001301064744164814,0.803634670492087,0.8049125711412001,0.839058248684084,0.0041406362502162284,8.683897333927976e-06
88,0.8544930713763087,0.8537005830682729,1693533824.5528827,11,0.012423591513020032,0.7380070500112432,8.172885218227632e-05,0.7655060492801233,0.8893243793898257,0.11342703395171282,0.001966106306374326,4.6496557859044945e-05
89,0.8504822833198373,0.8556751399344411,1693533824.944863,11,0.02914323497234889,0.7059623285652322,0.00019325104033872395,0.8410681832590595,0.7845002012922689,0.0526124268710619,0.00016951462097091486,1.0650768965651512e-06
90,0.8515848697457281,0.8585047842122453,1693533825.3205059,10,0.002940264627615939,0.6793187148200771,6.238664273269794e-05,0.8269079078249689,0.8633684962747417,0.00789773534197964,0.0003748278587112773,2.3221859447224943e-06
91,0.8524557330184197,0.855434726342865,1693533825.71089,11,0.0949835663231057,0.759224727243921,0.00011789523439511493,0.823062039460419,0.8176289819698074,0.07178083640469564,0.00046927753666160306,4.025322634554813e-06
92,0.8536277856849853,0.8566497050634978,1693533826.0871634,11,0.3464330853601485,0.7468738699243234,0.0001339606990142936,0.8154375331404762,0.8423676968530844,0.35656983997944725,7.850383143368795e-05,1.470590392707582e-05
93,0.8512836803518542,0.8597350432003236,1693533826.4666536,11,0.05492343414815585,0.7793967030088813,8.702777569028625e-05,0.8333880258327744,0.8297741129875398,0.01662145902725922,0.0009199852602166169,3.982280329789389e-06
94,0.858360617002192,0.8632400266939892,1693533826.860054,11,0.008383501268577351,0.7179190459816182,0.00016575965102901203,0.8713976991519701,0.8574834901152661,0.11801650456409887,0.00012531327390636815,1.6294232834875194e-06
95,0.854173121026924,0.8551440671004845,1693533827.2432947,10,0.00862339356717593,0.7220090390375661,0.00029095801154538375,0.8981509930096726,0.88953147874078,0.1783569600386404,5.745636904453615e-05,7.206476877848968e-07
96,0.858176049764195,0.8620404193755979,1693533827.6337872,11,0.0004122719122099194,0.7138752637116106,0.0001710862897175692,0.8694436987838263,0.8545341192976443,0.5856582065562193,0.00013653468323764276,1.914123977616175e-06
97,0.814679281465545,0.8198925204822416,1693533827.9209487,5,0.003554910963477654,0.7299514115263145,0.00016300190512807565,0.8763138121357036,0.8554596462657035,0.6199154016933314,0.00014139431715424306,6.228528756023154e-06
98,0.8425616107243706,0.8492148676576948,1693533828.3073616,11,0.024457798071727564,0.7114855376081525,0.00022653278808442125,0.8659204615667123,0.8423872190122504,3.467013726552007,2.839554280390944e-05,1.3369288273888304e-06
99,0.8562375867123757,0.859671583004114,1693533828.6800187,10,0.0004764393976779649,0.6960449202527728,0.0003394745367118243,0.8500700343545023,0.9006665768961364,0.27895054111536455,0.00011312373265081692,1.0651219895648245e-05
100,0.8457966079178332,0.8492818213544138,1693533829.0302627,9,0.007507051633819572,0.7362834873927081,0.0004494990448171085,0.9089456965844772,0.875628024536653,0.4440858966105993,0.00031309315393167743,7.220533612552025e-07
101,0.8535007689456495,0.8606578437653107,1693533829.4278753,11,0.0003068747543721799,0.6808234253887337,1.9116576048254444e-05,0.8725088833304495,0.8553803319334272,0.12664796622898275,0.0015589442328092778,1.8853124810374353e-06
102,0.8535950807760545,0.8632819183218366,1693533829.8163414,11,0.00010225915866174714,0.7142882989567569,5.757536340290035e-05,0.8597726206987614,0.8703180287050767,0.040161275825211354,0.0001840985525416778,2.3483122773478014e-07
103,0.8585091834877224,0.8609448576158554,1693533830.2058818,11,3.0282102658594874e-05,0.6949277422854964,9.479269655246586e-05,0.8798831986005634,0.8276869112905787,0.1449923465285843,0.002895344048489682,2.208840872340224e-06
104,0.8523330262283229,0.8584358863065474,1693533830.5981429,11,3.7285335918052366e-05,0.722456357488974,0.00010312747114981299,0.8936210170891089,0.8246082618502074,1.1642681730098343,7.055495307529277e-05,2.584422220671883e-06
105,0.8566944413317035,0.8624137986343876,1693533830.9831433,11,0.0009865400705205915,0.6963858661406844,0.00017554354110844878,0.8998383532199419,0.8026180730736142,0.19894579204402124,0.0025115153007130883,5.560147860412752e-07
106,0.8501745022388918,0.8587069211895448,1693533831.374957,11,0.001570739586741208,0.6983706281824108,0.00018287906059709545,0.9077375876431233,0.7977412670055763,0.6564607526216749,0.0035357986850321874,5.427442121024363e-07
107,0.845441924448111,0.8517709556564816,1693533831.73696,10,0.002217547955822341,0.7444228085534286,0.000794931610051784,0.8798109836401419,0.8080282344111909,0.18280092683634083,0.0024718215750378766,1.075957615626165e-06
108,0.8519218063656429,0.85886798675216,1693533832.1332502,11,0.0005514500426630029,0.6721787431310873,0.00023245798134899996,0.9192245391828282,0.8388554084481129,0.4789905769442961,0.0013113229097598484,8.382620684080688e-06
109,0.8550153358134978,0.8565376396428099,1693533832.5070968,10,0.00021294392414665744,0.7087754179751208,9.108379365080314e-05,0.9025713922683857,0.8257132953546746,0.3173062976759601,0.00539121545793394,2.839882365206019e-07
110,0.8564870567153827,0.8574761761492218,1693533832.9008813,11,0.006233466281952274,0.6921249929508584,0.00012778899582684087,0.8663927481816094,0.8119888058795589,0.10841543983420926,0.00043135176130007345,2.901108562308835e-06
111,0.8578844943745021,0.862829403681943,1693533833.3020024,11,0.0008917086163806804,0.6521500779656633,0.00018377453954370994,0.8868638264560325,0.8504709560737658,0.1716097830762787,0.00028327289155293775,9.916605753191394e-07
112,0.8574093858525156,0.8634021858741553,1693533833.700364,11,0.0006941132391317825,0.6627753725981846,0.00014918368722093437,0.8805597408361648,0.8507430993081749,0.19896068244371526,0.00026802315482674457,7.267706643775394e-07
113,0.8505882573658301,0.8595079352889483,1693533834.0898576,11,3.2302293735606825e-05,0.6490778138237722,0.00015217996218110227,0.8517889911670739,0.8491584812584947,1.0884016739565734,4.1388340048227706e-05,1.0108147555131563e-06
114,0.8451848486523296,0.8479746142203333,1693533834.4832041,11,9.330874165375833e-05,0.6610135992457882,0.0002603278801472139,0.882758337322706,0.8601469940484027,2.2940233188143235,0.00021901732511775252,2.3845895921300885e-06
115,0.8490607606502649,0.8547081693717093,1693533834.8606079,10,0.016765082090216467,0.6274378038164401,9.354531023662797e-05,0.8747497492102098,0.8342636450292288,0.2952912900070744,0.00011797178910598013,1.7473917201472698e-06
116,0.8526179899309444,0.8556000448626222,1693533835.2582126,11,0.002951904853582244,0.6746987311361284,6.655860116001648e-05,0.8624276350749767,0.8855363345917132,0.144215002067602,0.0006197517024297884,6.1117295317950115e-06
117,0.8558043100506496,0.8617030079829222,1693533835.6641896,11,0.0009020515697627703,0.648693491395684,5.030460977220103e-05,0.9296548556737091,0.8501588730033024,0.028564269826395344,0.0003173438442174238,4.3225079601518947e-07
118,0.8489829280375382,0.8559455064956022,1693533836.0345898,10,0.0004176082792274336,0.6622874316363118,1.2944742627032182e-05,0.8335564823856784,0.8272261778668345,0.08108613122781945,7.415332047699598e-05,4.594179253704501e-06
119,0.8585532970858152,0.8586537592252717,1693533836.4227424,11,0.0001584865454152466,0.7266957331463033,0.0002055474895582689,0.8905820399310886,0.8645180422616894,0.5732805068787381,0.001055267542268737,1.795834284507051e-07
120,0.855096971322612,0.8577216325328376,1693533836.8112779,11,0.00015686800760920664,0.7227496206262782,0.00021387225211880287,0.8926899392816706,0.8417752727458925,0.6927701372418683,0.0008893742291286438,1.8869954625822849e-07
121,0.8611884507557876,0.8619407786654172,1693533837.198581,11,0.0019430168389987124,0.731957868472645,0.0001367082065539923,0.8482351779550454,0.8678934296047599,0.3827893015728732,0.000215897536153497,9.16810088147653e-07
122,0.8598074923143464,0.8601512254349195,1693533837.5825605,11,0.0015980785594657092,0.7324459368809122,0.00032978439051658994,0.8476708808585242,0.8633852708895352,0.5519731870311179,0.0001793142465337137,1.0228272382518408e-06
123,0.8531209863597712,0.8585940963122244,1693533837.9693556,11,0.0017125280296046623,0.7379071835032909,0.0003373314592059648,0.8495848156996678,0.8644787155187811,1.5331242519121138,0.00019975226366490827,6.37695490230315e-07
124,0.8584458018812674,0.8609948298622723,1693533838.3562949,11,0.000722398380037394,0.7452472435178695,0.0001463134059789037,0.881023474274359,0.8551715480677395,0.5811620544301767,0.00046642950752768945,1.310045014152394e-06
125,0.8576687433861294,0.8595958499887235,1693533838.7490828,11,0.0007038482764382217,0.7523355789373968,0.0002861722524024585,0.8800269822626589,0.8712379372170977,0.536391502004317,0.0003596706724285494,9.483683235226814e-07
126,0.8529949837261388,0.8562214322793127,1693533839.1329486,11,0.0001851828246055159,0.7504179986506034,0.0002926324389216534,0.8660214976610018,0.872208043561134,2.46857340732512,0.0005170461188942336,2.545299286636718e-07
127,0.8528048389067737,0.8531523768926874,1693533839.4975753,10,0.0005142521373162808,0.7577744886064812,0.0004085222785650154,0.8906639854029166,0.8620168700630079,0.9582257657481155,0.00011403634706775375,1.0113948911198308e-06
128,0.8533937807939534,0.8586053058921197,1693533839.8826056,11,0.004515627630174367,0.727269849952383,0.0001995814464764744,0.8464467423362174,0.8814150781205405,0.6377808194318906,0.0003690573014933744,3.355635282256574e-07
129,0.8548591635351928,0.858781013778609,1693533840.27332,11,7.799450150223831e-05,0.7381331440892274,0.0005483561760379314,0.8823586572079313,0.9030777218772653,0.5192626477314469,0.0001681885410549901,1.5345220969925278e-06
130,0.8523817033020803,0.8543932986518855,1693533840.6385531,10,0.0002796906974974916,0.7431184604147941,0.0003155362672465684,0.8594918754403027,0.8570892999929499,1.5540414301672703,0.0014339343120041296,2.7676305544112875e-06
131,0.8544925643234571,0.8597226488680815,1693533841.0264633,11,0.0007269881135148245,0.7323012526198925,0.00015225790153426162,0.8739714963304123,0.8499855021205807,0.20527631081915126,0.000282310495465798,6.497104549524464e-07
132,0.8551286621258394,0.859697495664414,1693533841.4135065,11,0.0011181495577036742,0.7544432733717216,0.00023336315938295822,0.8797854925127668,0.8692760879746179,0.44513754761357677,0.0004976837780299668,1.0349771386549919e-06
133,0.8561437819348223,0.8570924682802306,1693533841.8083227,11,0.00041366768779022245,0.7099446499066231,0.00027119513778489694,0.8920795572505009,0.8340023746897518,0.1416576948053284,4.568967371658526e-05,8.420299343658637e-07
134,0.854744823117148,0.8544951569754329,1693533842.189748,11,0.0022574946406309746,0.768762540084199,0.00010976105291036002,0.868645018218032,0.8783385934642977,0.9171706873793827,0.00026073470441340514,3.3287255407248134e-07
135,0.8602765162021133,0.8627417927648208,1693533842.5792615,11,0.00017570914729904172,0.7226028519250776,0.00016049737786251773,0.8428102990706049,0.8564950531786291,0.22903813490410785,0.00016055645982460508,4.5994486707511615e-07
136,0.8347000097861199,0.8388981657360386,1693533842.8978992,7,0.00014195324075862926,0.7276657646801302,0.000398275802869237,0.8366081874827377,0.8914696866865136,0.11022729585842744,8.715002379738865e-05,1.5102752803430683e-06
137,0.8537570841621536,0.8601326643148218,1693533843.2803164,11,4.658193012006016e-05,0.7472958618409331,0.00018158135092126765,0.853483024533023,0.8594326364488729,0.28451164830118325,0.0001348764408711414,1.6866990052778895e-07
138,0.833807343240808,0.843915318519757,1693533843.6515005,10,1.711803925177956e-05,0.7194482434272439,0.00010760004784663881,0.9098349906021758,0.8698933094918521,4.31018349042506,0.0006797550201337921,3.847485858134416e-07
139,0.8560940907553618,0.8596761701221741,1693533844.0410743,11,7.276111978070906e-05,0.7034364159423895,0.0002349413397607129,0.8383055330857451,0.823418481494958,0.08329624055661378,2.358648155980015e-05,2.209970149781039e-06
140,0.8553388355328441,0.859662651794116,1693533844.4273508,11,0.0002808097775160602,0.7338005495231008,0.00013289650563480494,0.8579450709895177,0.8417957374735712,0.4489203393735215,6.802637593103733e-05,3.5048534660505463e-06
141,0.8582668122246386,0.8615147538728642,1693533844.817361,11,0.0008361037725485367,0.7162133103624223,0.00016644450190644478,0.8775279967439893,0.8549332309975892,0.22190310272353386,0.0003644249422359489,6.578575817028085e-07
142,0.8601806832131533,0.8632182150995047,1693533845.2084243,11,0.0013990391276318636,0.7184618439936155,0.00017330480998579355,0.8463376168019628,0.8586273867553159,0.2700379776510359,0.00038723723783036393,4.685996699208794e-07
143,0.8586648487131759,0.8568810051754843,1693533845.6124306,11,0.001280002550933554,0.7048221090475046,8.621855759128256e-05,0.8995701257750145,0.8821668649939125,0.26698503166193294,0.0001329805995080374,1.413153793023515e-07
144,0.8530773798145301,0.854648476080397,1693533846.0163815,11,0.0012869065189260857,0.7116182542276328,9.071735153719655e-05,0.9177391330078514,0.8842167632241799,0.3215401534843488,0.00016220100921338039,1.5262536508808016e-07
145,0.8551486907134791,0.860411172251083,1693533846.4210815,11,0.004018551557993624,0.6865655682798519,0.00014415543200704462,0.9000714119191277,0.8553303529725304,0.2312542216724385,0.0010784982052464737,6.35705663818743e-08
146,0.8514522754250244,0.8609121098458631,1693533846.813658,11,0.0016602569206092279,0.7056543708177776,7.439472943511368e-05,0.8460271874081378,0.8936407379182663,1.0309954313524883,0.00010099302565029847,4.5526077598936293e-07
147,0.8502642505936321,0.8541092922496053,1693533847.1889877,10,0.00018636903648151326,0.6957384901112985,0.0001112724449606459,0.8674286275189694,0.8620798642026991,0.06722422942832113,0.0001970901255616793,8.102263546869649e-08
148,0.8535993907252934,0.8586715608887368,1693533847.582165,11,0.0003420118647381761,0.7273338516576783,0.00017813485895019627,0.8903839445595322,0.8458438204894954,0.16626096343904362,6.194669427884427e-05,1.9659801570817974e-07
149,0.7842267013017569,0.7893990000447169,1693533847.8448768,3,0.0031251201910487154,0.7155177987339795,7.966326849463387e-05,0.8564792671188322,0.9072417902267113,0.04250970304937178,3.886078410546311e-05,4.999571478094545e-07
150,0.8541693181305368,0.8580353488785802,1693533848.2405386,11,0.0065865500152691,0.7402730179774714,0.0001602938173679371,0.9042781176942369,0.8786699706278648,0.7266457697125408,0.0017322258667780827,1.1396110651984814e-07
151,0.8026598471438473,0.8073722399523279,1693533848.5160954,4,0.0008074571036263997,0.7517719020191999,0.0002645440567265638,0.879469846309826,0.8668694200420308,0.5909986592592958,0.00031087205676851915,1.340564345937007e-06
152,0.8543853226453353,0.8622530976109559,1693533848.9092555,11,0.0005313030980260965,0.7199641291476698,0.00037096426383543423,0.8718703644740544,0.8711591736173636,0.31644322541417214,0.00039759406965898873,8.806423057397104e-07
153,0.8471636224058542,0.8543055054651714,1693533849.563723,11,0.0009993075590265157,0.7010846193540732,0.0001157241751347783,0.8855719881308942,0.837267987017221,1.6067054680535584,0.0006776557015113127,2.8463713444192453e-07
154,0.8559003965660352,0.8596437261348349,1693533849.9482558,11,0.0020120769552361543,0.7652993950361251,0.00020787106639855494,0.8450777524291248,0.8531944696614422,0.49694349061896165,0.00013429702842226258,5.912904501941698e-07
155,0.8533590476736161,0.8587661891851431,1693533850.620093,11,0.00013552993353592379,0.7322105103453638,0.0006319268022953432,0.8654923340245834,0.8855022990551684,0.28291309095692757,0.00019644779450017535,1.3830484344365786e-06
156,0.8566974836488133,0.8597601356474605,1693533851.034976,11,2.874712860927748e-05,0.6870528279864718,0.00013574532142496569,0.9136152821334216,0.8748754872118276,0.16414923626237815,0.0009498981167190132,2.2215620589401226e-06
157,0.8524755080796337,0.8528014167936884,1693533851.406301,10,0.0004015075505174859,0.7432712638971843,9.632463420201493e-05,0.8963770057757592,0.8610881933415839,1.3066951712128088,0.0003979535172241007,9.997827403150166e-07
158,0.8507733316566786,0.8593303743282757,1693533851.8091352,11,0.0008278732032713604,0.708017047974946,6.138392037071924e-05,0.878185407801429,0.8971567955565093,0.11051592814416322,0.00023036204829757228,2.433836919233988e-07
159,0.8398800617184731,0.8474818787571837,1693533852.1858451,11,0.0002194541347692851,0.7816680192931394,0.0002963523401215675,0.8519160237667338,0.8459391722683754,3.2307423962727855,8.028161438408415e-05,4.825850556498668e-07
160,0.8375070543727984,0.8404511634146531,1693533852.5188031,8,0.0024603797592786876,0.7251641294603247,0.00018741055743650074,0.8596841256812383,0.8352682771899677,0.8758549586265071,0.0005551044345165106,1.812576215629945e-06
161,0.8530236322122563,0.8570660695676857,1693533852.9064207,11,0.010448932060747708,0.7159550005169255,0.00024291180984282546,0.8311855916682223,0.8229803351301445,0.1079286331946931,0.0003645704429252007,8.430970723330547e-06
162,0.8615925718785447,0.8635287721056562,1693533853.295211,11,0.0013243376930622958,0.7320643733301445,0.00016503506128959933,0.8396769989447324,0.8534944068097352,0.2188278412264838,0.00011453500276475837,3.5342757025758587e-06
163,0.8588293873635331,0.8628938056043769,1693533853.6812203,11,0.0015000058948796908,0.735182016488,0.00016868532730364254,0.817129131656034,0.8550902440856073,0.3886754378297093,0.00015410531246333825,4.154998846944905e-06
164,0.8612850443240252,0.8655989293727204,1693533854.0696821,11,0.0014653947840353391,0.734582844424336,0.00013210092561269612,0.8152050937987498,0.8514582014346322,0.2607102280425232,0.00011464069464163732,2.7937932222841165e-06
165,0.8577027159271892,0.8646545906176362,1693533854.452091,11,0.0014736771091727176,0.7321395342641527,0.00013048844161476426,0.8000407176796311,0.8563593196516542,0.3516244280206941,0.00013143522013492445,5.0412569811681666e-06
166,0.8567606117288423,0.8600359399181098,1693533854.833244,11,0.003842239184917825,0.7434860153016717,8.521739337492403e-05,0.812812339221457,0.8373397125099442,0.29158659476936427,5.9513631841392904e-05,3.2355427105069788e-06
167,0.8624360542972476,0.8632290905184816,1693533855.2195945,11,0.006616723824536247,0.7237122671845917,1.2070317927898626e-05,0.8238833690050986,0.8646505490420038,0.06511480146880276,9.588052373624044e-05,7.037180561640521e-06
168,0.8531683958013996,0.8536893734883776,1693533855.5869339,10,0.00406994503591781,0.7268971895955391,1.1432346216881908e-05,0.8222935670750393,0.8651271445786554,0.04811186559047482,9.46340536578891e-05,6.205694774655173e-06
169,0.8539629476199193,0.861305417246689,1693533855.9784207,11,0.0070872981368995955,0.7370918648414194,1.7455440310398983e-05,0.8423107909428064,0.8764997850014243,0.06814014189438668,3.265921161001621e-05,1.1425130304434792e-05
170,0.8624801678953402,0.8616007547419258,1693533856.3609664,11,0.021243098614419347,0.6994585118276337,2.3864547348779013e-05,0.8081001281944435,0.8472389967968111,0.1975059286837524,1.2797692310841753e-05,3.502825341515251e-06
171,0.8613722574145071,0.8614146878669695,1693533856.7425213,11,0.019662699023119543,0.7012577124984868,2.279636859494465e-05,0.8063653629432501,0.8425259657203124,0.2049215679108413,1.9385375989950557e-05,5.22389601117371e-06
172,0.8617173068800481,0.8600484861416784,1693533857.1295881,11,0.012926342501707442,0.7021405301779726,1.4415501673436171e-05,0.8188668710899492,0.8460865766456374,0.19751421336609076,1.0221112670766117e-05,3.995582107367376e-06
173,0.8615727968173306,0.86091788171627,1693533857.520649,11,0.025127019802115173,0.7006301968858565,1.289331960916019e-05,0.8056198742241499,0.8433275331836773,0.16987170517648628,2.1637299529973134e-05,4.529602023614111e-06
174,0.8545622840905575,0.8589529547602013,1693533857.9083414,11,0.025268762972073564,0.6941544551729,1.354081846614933e-05,0.8135997258859253,0.8193838545092692,0.17506437747259823,2.3862943852047422e-05,7.063946323634888e-06
175,0.8622423601079212,0.8605585979725788,1693533858.2888026,11,0.044751832579148706,0.6992403168652118,2.2057216060609852e-05,0.7872003804625364,0.8415095244392528,0.07027950413703123,1.0240106326736639e-05,2.533116530134268e-05
176,0.8631720415114028,0.8610213804661435,1693533858.6711516,11,0.031129198363934577,0.7035022208107035,2.341854069256304e-05,0.7893710713410402,0.8440669471541025,0.03340519300522634,2.7044203674287394e-05,2.3989595264364642e-05
177,0.8649477405978458,0.8607397131902914,1693533859.051878,11,0.04462706559689673,0.7063461944376638,2.221641511324186e-05,0.7903806828277973,0.8415174487153882,0.06815391856113899,7.359957765721266e-06,2.249599874833365e-05
178,0.8630227144465948,0.8608834327634209,1693533859.4355996,11,0.04226348486587548,0.7032686459185449,2.3843731221344324e-05,0.7901004662511475,0.8457245933890729,0.02109134516324629,9.39637956022334e-06,1.4676090576005583e-05
179,0.8629709950557275,0.8604115367902666,1693533859.8247607,11,0.044675114159105564,0.7022754819352583,2.281989238129376e-05,0.7904312060201033,0.8403654087812973,0.016642327992853742,1.0780476186347883e-05,2.9100059647135032e-05
180,0.8508473613730179,0.8570828079918654,1693533860.1938713,10,0.03916671398140567,0.6847488941322573,2.1704503534185096e-05,0.7877957308626271,0.8388279097986231,0.026195403222649804,7.966104635300678e-06,2.5008219541170537e-05
181,0.8627793290778077,0.8614284492211499,1693533860.580701,11,0.018192863789603584,0.7040692988180585,2.4634992456519356e-05,0.80444513305603,0.8443696103590889,0.019455946696514695,8.850889314145023e-06,2.1337745536817095e-05
182,0.8628815002274131,0.8604749666082108,1693533860.963847,11,0.021777223126192482,0.7022272925946785,2.468450925491473e-05,0.7897195949285686,0.8459547603380198,0.029102761324315423,1.3454840312903977e-05,4.2174323447836934e-05
183,0.8535831650340411,0.8577206604283482,1693533861.3475506,11,0.02279980430915041,0.7022234802689863,2.5558339530092608e-05,0.7925785748786855,0.8312912634479186,0.021095576611619486,1.2852906227843301e-05,3.901401093436423e-05
184,0.8617761250108382,0.8608739243663823,1693533861.736603,11,0.07389217086542456,0.7006091828644613,1.63533507141779e-05,0.8049959818462912,0.8429328889858486,0.014003646682217818,7.0513902639748704e-06,1.983895387733142e-05
185,0.8584797744223273,0.8608156892318041,1693533862.1244044,11,0.15504786924693714,0.6784668261743662,1.6633794676259196e-05,0.8047621493982078,0.8467295474736237,0.012723225951510084,6.5266066607166165e-06,2.1568523098430102e-05
186,0.8646262690899061,0.8613196950313795,1693533862.5044022,11,0.05198168145431905,0.7017867275566392,2.9866427508525896e-05,0.7827487565646484,0.8418734835619893,0.008938165887267634,1.4443316794161798e-05,5.4429758974133335e-05
187,0.852197896643361,0.857727768942428,1693533862.890913,11,0.052055189067316134,0.6929214875991128,2.7196821551354777e-05,0.782404185084378,0.8310481254853976,0.006978545080435634,1.5563772595039658e-05,5.0261937780976665e-05
188,0.8555043882889045,0.858309755749026,1693533863.2713335,11,0.0405489161205115,0.6991198882976843,2.2701290141227618e-05,0.7672819507458246,0.8141542360100046,0.0163962910132259,3.756742795364577e-06,1.4316013247214427e-05
189,0.7307833307389129,0.7358302100426171,1693533863.506369,1,0.0797605266321975,0.707015169149778,3.48792945274845e-05,0.7927480753656536,0.8421486860824221,0.010489383716972682,1.6240490372442766e-05,3.1124590947744077e-05
190,0.8569038541594306,0.8600869146472816,1693533863.8924468,11,0.01680868056996324,0.6883182464692894,1.4937637620641214e-05,0.8049025692075558,0.8212642417374144,0.030832103166111777,8.11831922129372e-06,5.4253935822161215e-05
191,0.8624325049272861,0.858018458563074,1693533864.2795699,11,0.030846669410788133,0.710404802778926,1.831936340183601e-05,0.7805944499616605,0.8436877451695284,0.03608268181970326,9.874769757838317e-06,2.0167909013755227e-05
192,0.8625562258230861,0.8605685924218622,1693533864.6611285,11,0.029158995750604155,0.7038444378535599,1.952801006456242e-05,0.7836323644562662,0.8415715370439897,0.03773410499015769,8.94423618461252e-06,1.536025123218398e-05
193,0.8629339801975577,0.8607120689688693,1693533865.0435982,11,0.023168113467300053,0.6994992104818724,1.8871482974438545e-05,0.7802314477860532,0.8404484563130062,0.03315790137633789,1.033739212385419e-05,6.886270658844649e-05
194,0.8551689728275449,0.858359120430137,1693533865.4244244,11,0.02450241294214782,0.7008540487779559,2.021395498583189e-05,0.776795242740159,0.8394527876327874,0.021328438938662132,5.751357162832512e-06,7.977826254487253e-05
195,0.8555969254343287,0.8621833187355643,1693533865.8123486,11,0.16235922944357925,0.6814940762927286,1.759924832861313e-05,0.784700597710915,0.8303983434144337,0.03473270179199587,1.1675873313978485e-05,2.1879177173755273e-05
196,0.825562156820292,0.8302411195824617,1693533866.1061864,6,0.013659872555702519,0.7084176969590962,2.8212803887752183e-05,0.7948096988454678,0.8435885019323281,0.03931153845510724,1.1601565877195306e-05,1.2750288105496384e-05
197,0.8507167952637208,0.8594522823069206,1693533866.4901853,11,0.06683990664199613,0.6912234598570948,1.2138439742374248e-05,0.7683902720676078,0.8315703874824862,0.015708118003324046,4.924317882388479e-06,2.640067892732859e-05
198,0.8629045711321629,0.8604675543114778,1693533866.873252,11,0.029962251230200763,0.6979690132023085,1.496130712814823e-05,0.7749031202787541,0.8450101998748512,0.010298320174295116,1.9016739206021934e-05,8.260123596025313e-05
199,0.8561445425140999,0.8576301635760226,1693533867.264259,11,0.03321412942801938,0.6777615947278933,1.4887762311155933e-05,0.7766966895579721,0.8219222278430683,0.010910701310709627,1.9139003276327784e-05,9.22053232386236e-05
200,0.852901432475011,0.8579295717588091,1693533867.6517131,11,0.1207734719655557,0.697536867485954,2.3246291635336242e-05,0.7900316955872528,0.839166418984143,0.020733177129463206,2.959726786157002e-06,3.487160857775013e-05
201,0.8612092399227048,0.8608919386777047,1693533868.0336223,11,0.016737294558916562,0.7097911027982163,1.9066962230610834e-05,0.801722268602883,0.8453852449351025,0.007733536607506524,8.882923359763957e-06,1.722941461996729e-05
202,0.8646762137957926,0.8611635811260081,1693533868.4263146,11,0.02084769116598693,0.7070469205671976,1.8924759423104643e-05,0.8012050121842378,0.8475183100716965,0.00551578233860668,9.138186417978743e-06,1.959993859049907e-05
203,0.8595085846583048,0.8616640934250741,1693533868.8111842,11,0.05114557340391422,0.690127823037662,3.2126301699701494e-05,0.7584725622103228,0.8439561085384132,0.0045977884032902035,9.82755817340802e-06,6.977021083802724e-05
204,0.8535461501758712,0.8576792852310109,1693533869.1940684,11,0.02856767672304606,0.701891536702002,1.3548937880230289e-05,0.782242063675461,0.8303546151015793,0.05154255550511878,1.7446914679591324e-05,3.259126374976129e-05
205,0.8611374919441979,0.8598727782551892,1693533869.5786843,11,0.08469214220102898,0.7104823480214878,2.348983216902016e-05,0.8083090374194812,0.8485987631508253,0.011726666301972458,6.4184472206440025e-06,0.0001247842705575183
206,0.851816085846076,0.8586540326296593,1693533869.9669821,11,0.011495015673643097,0.6800665031408538,1.0413443326514505e-05,0.797959716795038,0.8212790369158344,0.03251503850250588,4.1645704536897256e-06,1.0418324630618645e-05
207,0.8548994742368983,0.8581465029513092,1693533870.3494554,11,0.02317241088410597,0.698935188160284,1.8759859178516287e-05,0.7872107551181033,0.8142586251381946,0.007575723478357059,2.437885928573797e-05,1.774609575927498e-05
208,0.8510948031646182,0.8589055039098044,1693533870.7382224,11,0.0502289538378994,0.6908893911705905,3.8545105049356595e-05,0.7729929029097978,0.8358275950189604,0.002683242582921763,1.4064411887418848e-05,5.162615038362835e-05
209,0.8661763296573692,0.8607604919237559,1693533871.1207154,11,0.013274842626147313,0.7073743016555641,1.5400619975660628e-05,0.7965090768329716,0.8469237606152327,0.020843016872802413,2.0335845328366264e-06,1.0579412332257881e-05
210,0.8520189069867319,0.8582851493541339,1693533871.5116036,11,0.014106334795059216,0.7095790566134551,1.545427240917811e-05,0.7972958696679391,0.8310085387804865,0.02190778675793787,2.254110590481402e-06,1.121549945955583e-05
211,0.861021883894024,0.860151073543593,1693533871.8978417,11,0.026196551941514056,0.6997965805891009,2.7794910721558556e-05,0.8086297283403185,0.8493952867033003,0.015493457100215418,9.368328995165287e-06,2.5299992444455274e-05
212,0.8609486147569619,0.8607641373155916,1693533872.2845275,11,0.177890053568368,0.7147315901477282,2.0395429343616212e-05,0.7826666099954936,0.8471014462388887,0.050799068655032566,2.0200680521852015e-05,8.837046253270396e-06
213,0.8576388272678825,0.8631211869201397,1693533872.669335,11,0.06252823544517332,0.6869997726522336,1.2921727335008118e-05,0.7938763077451408,0.8410168331320164,0.029922672670853842,5.408628983356845e-06,3.8245163052954965e-05
214,0.8532312703550029,0.8585237706280572,1693533873.0525742,11,0.009067719279014405,0.7043215523969669,1.602315194020518e-05,0.7597868079762528,0.8370556360576968,0.012468868820077998,2.164249075918991e-06,2.004686789628573e-05
215,0.8600716668500508,0.8647419888869015,1693533873.4436336,11,0.03787067414774002,0.7127866882998521,2.3954206432393123e-05,0.8078397516762293,0.850067645205351,0.004550792584959639,3.0879185592717356e-05,0.00017104640228549956
216,0.8502099959385068,0.85238499153297,1693533873.8115473,10,0.09400460876479372,0.6731501267393944,3.235403123904369e-05,0.7750080396206053,0.8274871237158714,0.055754830715366764,1.0023283101356131e-05,1.0991863625128448e-05
217,0.8579242980233559,0.8565553805497446,1693533874.1986644,11,0.01647338849742838,0.6952624956312854,1.0478756685878383e-05,0.8176990939844552,0.8138638480136753,0.019290616124430237,1.7414970481111285e-05,1.555874249107481e-05
218,0.8491680023283867,0.8573619842499631,1693533874.5817883,11,0.01047556770973243,0.7158284112401961,1.8269532819235795e-05,0.7890952906035749,0.8026771992856956,0.007515847345064021,6.739588887695369e-06,6.403848502610356e-06
219,0.8566353696744874,0.8618840320658387,1693533874.969689,11,0.03498389455247472,0.6842394728527817,2.6481268948224835e-05,0.7988008941671311,0.8466863780688808,0.03289233980857335,3.2653804993188857e-06,2.8577429460042413e-05
220,0.8562908272617981,0.8584273803922635,1693533875.3542724,11,0.2593213418907338,0.7053893262251638,1.3177826111553562e-05,0.8068621787966251,0.7892431317971808,0.05971425871847222,3.3399954923161076e-05,5.5260254258321784e-05
221,0.8647269190809566,0.8607699091859985,1693533875.7422035,11,0.019707170595287492,0.7077490534019235,1.912242275793272e-05,0.8005677102998688,0.8438709176401422,0.007332233799772094,1.1265787102330126e-05,1.7015700808746354e-05
222,0.8573652722544229,0.8631479805501334,1693533876.1312938,11,0.020980938238682557,0.6959749460971558,2.04959396292089e-05,0.7804903426544574,0.8604308234187996,0.001698791417180943,1.393437690347914e-05,1.5123621532378472e-05
223,0.8493771616296881,0.8578307512617918,1693533876.5122995,11,0.06053894326593696,0.7228748468015466,1.649106333726979e-05,0.7964816273078145,0.8370840065031263,0.010475392372806654,9.390948561715853e-06,7.811311053372757e-06
224,0.8604309137954377,0.8593806503573457,1693533876.904977,11,0.009375550925938274,0.7037524622745528,3.4892523093488e-05,0.8150672484845388,0.8474139801888345,0.004564057562729177,5.050791822131525e-06,3.48117378883449e-05
225,0.859430752045578,0.8620711621800805,1693533877.2942607,11,0.03452358583516405,0.7134564176740334,2.42755435762265e-05,0.7876347378478862,0.8620198214745224,0.029050993912060875,2.139065900820887e-05,2.1711310389221604e-05
226,0.8572494106778233,0.8585146571484675,1693533877.6803312,11,0.11357396716796378,0.695401922401351,1.5287192048723757e-05,0.7694614503478209,0.8278464736493523,0.020415393711857875,1.2760197065944578e-05,8.480288870781083e-05
227,0.8537837044368647,0.856304759861028,1693533878.0638285,11,0.015300465610379699,0.7194476327542826,4.283351886432004e-05,0.8033292253918382,0.8408488062154905,0.00651648969119668,7.258685505909653e-06,1.2167140970337717e-05
228,0.8543936890173873,0.8606690533452059,1693533878.4513116,11,0.006707425804857926,0.6892512170686123,2.0206548146945588e-05,0.7501727389711346,0.8530755721230412,0.08194240407430117,3.608356510558533e-05,5.751506322774009e-06
229,0.8532011007103304,0.8580550643727592,1693533878.8441885,11,0.028345972772043496,0.7045223290273627,1.2609800915942441e-05,0.8215180877047233,0.834208510616647,0.014192376404815814,3.5421028335282084e-06,4.292169025253938e-05
230,0.8536191657865074,0.8593623626416357,1693533880.1172874,11,0.06478224065138302,0.6760912042837236,2.936223200210702e-05,0.7765714444067706,0.7551616700030432,0.04645964670783093,1.7896433122403326e-05,9.4611187439747e-06
231,0.8638400836434384,0.8610099582383912,1693533881.1429935,11,0.01810098023433738,0.7097487813003186,1.8802689320294554e-05,0.797673334268832,0.8454540418627893,0.008601209416311336,8.041672496586262e-06,1.6411138383843297e-05
232,0.8520772180646706,0.855905559076734,1693533881.5132914,11,0.01676422169579051,0.7094788542966622,1.7431497278154577e-05,0.7925072651111701,0.7054427515314539,0.009393467883430871,1.0260665518794772e-05,1.813594556958733e-05
233,0.8537073929826928,0.8563069470961295,1693533881.8979597,11,0.04145520081743011,0.7194876090709208,2.414955319250608e-05,0.8089475496540176,0.8488626979008671,0.015471933367496575,6.494662683003582e-06,2.2873503701415446e-05
234,0.7384492092764305,0.7491806981848865,1693533882.148537,2,0.020662864488654013,0.698810342482155,1.435232361011265e-05,0.7857588312411212,0.8575120410124699,0.0031388467587485443,1.7995876443979487e-06,3.2814898070625456e-05
235,0.8488680805666418,0.8593931358243835,1693533882.5348542,11,0.009655585148494102,0.6881264099442203,2.0650430217633088e-05,0.7986287826587359,0.8390609592953502,0.028387097751483025,2.263408783106415e-05,1.2793709662484846e-05
236,0.8555959113286256,0.8588196853103347,1693533882.9278994,11,0.09480544193597137,0.7080788863322339,1.0149625175444639e-05,0.819846564681729,0.8210127176800358,0.0057288154295197374,1.5074973219106402e-05,5.664431117015398e-06
237,0.853991596106037,0.8574205231671942,1693533883.3142877,11,0.04271351337044272,0.7209058266627572,3.110227648687382e-05,0.8035690043753991,0.8454659087015508,0.009389482915929856,5.241175471074313e-06,5.3219060895035996e-05
238,0.8583385602031457,0.8624704540991701,1693533883.7025344,11,0.022203507772985825,0.6997970481566427,1.726475244900971e-05,0.777123119335351,0.8659464101830873,0.0715756070979901,1.0439769148697332e-05,8.343611431806969e-06
239,0.8547818379753176,0.8577216325328376,1693533884.0882816,11,0.004985858078352266,0.6833416622191474,2.40876463752477e-05,0.7919475534636022,0.8266889511388255,0.02177295780906041,4.04213158570929e-05,0.0001864178212291002
240,0.8650679121236844,0.8653223352671732,1693533884.480888,11,0.012670160212664278,0.7115993234553747,3.735004737285794e-05,0.812601332686607,0.8557910769163867,0.03748679959320225,7.780150138827684e-06,2.5791796701855557e-05
241,0.8614599775578407,0.8639299778554598,1693533884.873392,11,0.011144888529634151,0.7110957207822479,2.7728160552058386e-05,0.8118143235684754,0.8527284487796583,0.03823458904990595,7.800961479091197e-06,2.5344791889852682e-05
242,0.857779027381361,0.8635812353698273,1693533885.2621465,11,0.01231819807343167,0.7110444662299404,3.97232985477257e-05,0.8100874296599317,0.8575249717074034,0.04333267374214339,7.870838306267281e-06,2.5529493152104963e-05
243,0.8535915314060931,0.8578321486619953,1693533885.6529932,11,0.023325944749132896,0.7026788962218712,2.5946633072262058e-05,0.8244547723784166,0.8370592776799711,0.03331738800375566,4.1393758683566e-06,1.758141800585498e-05
244,0.860089413699858,0.8637056039879615,1693533886.041955,11,0.008723959764547859,0.693525824298457,2.052306985270502e-05,0.7858259616227227,0.8447742813006884,0.015887955470327435,1.2232052862106569e-05,3.505865778995092e-05
245,0.8590537582503838,0.8628082300310297,1693533886.433176,11,0.05786124238729392,0.7129847654575633,1.3681136674373907e-05,0.7982817414169816,0.8673334007697645,0.026541299058854776,7.322110604839842e-06,6.986762672659773e-05
246,0.8582645304868062,0.8654140168718456,1693533886.824418,11,0.03260786957338083,0.7225197760808061,3.3087399447997205e-05,0.8026521964981842,0.8538521678191009,0.06466454672053684,1.4038682541290311e-06,1.485403988514035e-05
247,0.8355693519002566,0.8433072671615327,1693533887.171149,11,0.012345647034677916,0.7037083138708196,1.818354059509437e-05,0.7674852898811717,0.5174705092795453,0.03902927193989885,2.1405045812032742e-05,2.7256872045265142e-05
248,0.8534574159268343,0.8631425732189102,1693533887.5617254,11,0.01731219342805636,0.6921659070665325,2.7346397034694058e-05,0.7838948247945922,0.9374526054860873,0.01338075109804513,1.4408956338805278e-05,0.00010847797089291484
249,0.8317522580331116,0.835612968991811,1693533887.8764007,7,0.005575859001618077,0.7143737027017116,1.517290938615693e-05,0.8122825864147738,0.8330754632690772,0.019987212648216096,4.629730428996334e-06,6.057214982584189e-05
250,0.8414899545224298,0.8485172611733691,1693533888.2260852,10,0.07543039689613133,0.7035175817577105,2.1386019761922908e-05,0.794990821472719,0.632121981695802,0.00885853910106735,2.4322238057093246e-05,1.3038943039747627e-05
251,0.8578779026874309,0.8609993562238019,1693533888.6263578,11,0.03410266489579883,0.6932101468010331,4.118726574687383e-05,0.8249796965442018,0.8437966900728265,0.08882449713742836,8.566803579165577e-06,2.1550325038465427e-05
252,0.8619888336821012,0.8596799674053366,1693533889.0222502,11,0.17911997222959705,0.7234942224253639,1.2308206180812547e-05,0.7610341270309049,0.9874684729959671,0.05363085828185912,1.337085230900591e-05,3.7457226337161873e-05
253,0.856496437193138,0.8595378882585331,1693533889.4230902,11,0.22044443142659612,0.7259733862764602,1.2170919199793347e-05,0.7572526499299213,0.9932076628975486,0.0495471305263883,1.1931221297947911e-05,4.44023778267564e-05
254,0.8579461012959764,0.8584230059220606,1693533889.8178635,11,0.3428093859691717,0.7198500343508063,1.2042932298450641e-05,0.7736469597378676,0.9753880817145503,0.025745269631266256,2.901646122178979e-06,3.38480105381278e-05
255,0.864322037378922,0.8632510236260275,1693533890.180337,11,0.1290673063817069,0.9842409719305572,1.557188303043573e-05,0.7618925246809892,0.8704849026003801,0.03550258020100031,5.954807320391021e-06,6.674377812866566e-05
256,0.8551104082231805,0.8587301605624986,1693533890.5631528,11,0.13854400166338254,0.8133682605508757,1.5779321295232355e-05,0.7562352451401031,0.9181004359074574,0.005455897344960262,4.542233118423924e-06,0.000103925698565026
257,0.8575211910063022,0.861845147886256,1693533890.9239857,11,0.5576004918539618,0.9150132906919906,1.0690047324650217e-05,0.7768949060341956,0.7918821448662222,0.07185550821302003,5.981324248750926e-06,0.0002749808283695127
258,0.8555231492444151,0.8598282133399956,1693533891.325603,11,0.11615332075470515,0.6725378935466272,1.7703402691391557e-05,0.7400903694787773,0.9597071553708796,0.003467690620788041,1.182860150568261e-06,6.251516427920406e-05
259,0.8663930947514452,0.8632217086000139,1693533891.6956754,11,0.06398168443059801,0.9727137463450319,1.383979648511897e-05,0.763660054760973,0.9493882883170617,0.013619051761386405,1.2231114976671306e-05,4.201981976214653e-05
260,0.8542212910478298,0.8523107166743139,1693533892.0465045,10,0.05576151211026221,0.9983749574145963,1.627928356968923e-05,0.764463056255468,0.9998137587536124,0.01658393087425534,1.1712141578718991e-05,4.3211783520126075e-05
261,0.8575211910063022,0.8584747704861301,1693533892.4308207,11,0.1238408210443055,0.9577166201241178,2.050042883296951e-05,0.7700343984490909,0.9563402043616104,0.00942366700188619,3.7247939070998253e-06,8.102127557438628e-05
262,0.8589105158197954,0.857749094484668,1693533892.8021944,11,0.07643187601027526,0.9750720557222959,1.4452001430619603e-05,0.749071245312827,0.9702333200904179,0.0017983563947722902,1.481606067342561e-05,4.671848555551327e-05
263,0.8569122205314826,0.8585186367012217,1693533893.1921196,11,0.2218848835605139,0.7288475964768516,3.5047818349880114e-05,0.7643204753900529,0.9232653425294882,0.023518263520757008,3.0551760466155236e-05,2.0328107567572307e-05
264,0.8508742351741548,0.8476743554461181,1693533893.5472362,10,0.03974490228022322,0.9766997882968552,1.989876736057193e-05,0.7851814535564864,0.9866213900126308,0.010563546287674072,7.5445074915664996e-06,3.3908033028878936e-05
265,0.8630516164591384,0.861146812323563,1693533893.917094,11,0.08050607505491211,0.9771056071498977,1.0172062083217e-05,0.780162433202155,0.9380468033982207,0.03984576925686895,1.0728602363979266e-05,1.0978284597878122e-05
266,0.8627960618219119,0.8611119380749996,1693533894.2911427,11,0.09123128307215589,0.9898118986721423,1.0390646255414773e-05,0.7780850737397179,0.9379769613354414,0.0408062570699625,1.1162966347186865e-05,1.081757192059742e-05
267,0.8598592117052136,0.8615910640752953,1693533894.6664453,11,0.5702488162846554,0.9814214130623344,1.0181054506644352e-05,0.7768262604152482,0.9347157995568673,0.038055150117503274,5.2474116926591225e-06,9.768220751013813e-06
268,0.8561331338249379,0.8583480019850374,1693533895.0330236,11,0.16155883469868287,0.9918279560742218,1.2158145303137802e-05,0.7658189767004604,0.910681760305703,0.023261176745030355,2.938408484206977e-06,1.811150720301491e-05
269,0.8560040888741957,0.8546657613133521,1693533895.4121923,11,0.0765021261132567,0.967359551745578,1.2218654552699165e-05,0.7883966501631264,0.9758680084519398,0.015313643880239676,1.2498880529951991e-05,1.2892979417095445e-05
270,0.8668940629688655,0.8640902232049119,1693533895.7860258,11,0.28280727106450876,0.967057077560226,0.0019381845040793856,0.7780204061703678,0.9400660058122791,0.03271459900819808,8.613910231496168e-06,6.47292007337325e-05
271,0.8631913095197651,0.8604443453167894,1693533896.1552067,11,0.21777424001613047,0.9636746688862107,0.0024307850862370405,0.7754549292214504,0.9483910317067911,0.05039755430976684,1.6459991550196482e-05,6.585807886251952e-05
272,0.863156322873002,0.8631068787571838,1693533896.5215085,11,0.3138852541341955,0.9838684968162442,0.002006204111228348,0.7778264376782912,0.9474175836094203,0.03181000859092144,2.9856209714265756e-05,0.00011060926331877276
273,0.8594796826457611,0.863466071366079,1693533896.8919375,11,0.8575637979866572,0.9891688078873881,2.9007267309302875e-05,0.7777783788702382,0.9487542764828932,0.026606040017124098,3.797476052960046e-05,0.00011624663870387353
274,0.8551370284978914,0.8552248429079145,1693533897.2456963,10,0.24891244824902228,0.9814353618675763,0.001716386935195772,0.7755274167216359,0.9330880557947749,0.04223081986441703,1.8897195970172638e-05,0.00017285120932578185
275,0.8632797902423763,0.8620945838226259,1693533897.6193428,11,0.34797834381053416,0.9617157727106793,0.002623621771075197,0.7712400770643729,0.9443637135600488,0.029813520935647677,2.7813232204008076e-05,7.24151059652133e-05
276,0.8618529435178617,0.8619123142308319,1693533897.9909344,11,0.3318746350376631,0.9634609543399115,0.0023759637382263126,0.7508107279350282,0.9490951561547448,0.020701405321378923,4.8128950694570435e-05,7.852642313884501e-05
277,0.8604694498121623,0.8620407231582508,1693533898.3631132,11,0.4944533210472991,0.9668492416717296,0.002772052771770952,0.7674503231761798,0.9381552995077088,0.007075273762636663,2.751730499409636e-05,7.354545631805106e-05
278,0.7992628465642858,0.8018799407210682,1693533898.64362,4,0.3324252992026347,0.9551886221580697,0.004700865527392194,0.7910627915638291,0.9427472102413248,0.030330059117691825,2.666414667054529e-05,0.00027335115712833846
279,0.8551816491488358,0.854525444105936,1693533899.0090563,11,2.3271812000654775,0.999011211288481,0.003523594312915181,0.7381547277423223,0.9555459624489477,0.014851115020377687,1.7994911676178415e-05,0.00012355687855472507
280,0.8626611857633757,0.8609033305271918,1693533899.3816347,11,0.13039741810576083,0.9775899312752896,0.0008495096767837086,0.78169543233911,0.9302311744448214,0.052525798949806086,5.449840751422471e-06,5.8509242997628867e-05
281,0.8626277202751674,0.8614905727736862,1693533899.7577016,11,0.13103088914693617,0.9820565900458469,0.0008390166115651669,0.7712327690048756,0.9467975334746016,0.044819891641218516,1.4638613540245301e-06,6.286253799099158e-05
282,0.8356466774601317,0.8381603688067223,1693533900.0766685,8,0.13821762500513385,0.9784246006363954,0.0008924342977867756,0.7580552564220883,0.9277319831046124,0.04655933764209896,9.273266735675854e-07,6.578914148969678e-05
283,0.8595557405735073,0.8612121863504865,1693533900.4441423,11,0.8226796729155504,0.9911762651755086,0.001805658501357343,0.769054995955896,0.9492320554160367,0.029715480243452122,8.366983728375089e-07,0.0001023279451093715
284,0.8560907949118262,0.8550845257004985,1693533900.7986856,10,0.23275133562965417,0.9536326635602936,0.002574668085666852,0.7772837945209471,0.9372656247540919,0.0008131754190407482,1.9691613810012317e-06,5.453354381149506e-05
285,0.8618364643001833,0.8587879400230972,1693533901.164929,11,0.13256015826626755,0.9731771010544658,0.0011451950820624602,0.784007850829117,0.9236100540556318,0.02046320306183385,2.1640261863977576e-06,0.00014876717609236924
286,0.8568673463541125,0.8602726777395848,1693533901.5332336,11,0.3406410360482603,0.9865295506621057,0.0014787972084092677,0.7691341742876827,0.9586654953119759,0.011457048506293577,3.416882962187912e-06,6.578427415930677e-05
287,0.8606271432490225,0.8611847547769216,1693533901.9079692,11,0.1034154558680943,0.9840345217611114,0.002251313270019843,0.793039747109544,0.9424890658453593,0.043681952999452434,5.372739179150498e-06,4.2620410337887565e-05
288,0.8568450360286403,0.8596185425529019,1693533902.2823792,11,0.49584220877446383,0.9459742888037322,0.0017298841709951912,0.7528647793690898,0.9650851485172547,0.004128854920446335,6.107283077453785e-06,0.00010462407206194961
289,0.8566820185368382,0.856337598765816,1693533902.6351197,10,0.22328752267494603,0.9704500186602654,0.004743587728460683,0.7834098334057129,0.928008203345505,0.0066655851670541005,3.7897700931590507e-06,0.00032094516944604427
290,0.8548895867062911,0.8595851872176037,1693533903.0167258,11,1.2918498667742813,0.9753350075986604,0.0032830283825609273,0.7698149838636223,0.9505200841617393,0.0005298147412047859,8.006513066700739e-06,5.0897146552850155e-05
291,0.8640692715323796,0.8615211029303117,1693533903.3958046,11,0.08525864540473002,0.9628498124627279,0.000875867187043167,0.7932328568798375,0.9432295438938936,0.019212291372181927,1.487642876914883e-06,7.891976838362727e-05
292,0.8659965794214628,0.8649301822404286,1693533903.7725098,11,0.10270164737906864,0.9674699570487134,0.0008588748829754349,0.7946615568460432,0.9427523048527954,0.0147813696861526,7.14835460722613e-07,8.659056867015096e-05
293,0.85683717670944,0.8642491926672213,1693533904.1509314,11,0.07905269929213063,0.959553565637922,0.000586581805774504,0.7956487103843435,0.9331322555438593,0.012154678057379784,1.1981594213342717e-06,9.626369920959786e-05
294,0.8526319338843646,0.8589920819659063,1693533904.5335803,11,0.05651474685951094,0.9443639073116646,0.0010388174923366032,0.7952419304002035,0.9628466180635592,0.01810069285327593,8.156347045945138e-07,0.00016458034136461683
295,0.5,0.5,1693533904.7760172,11,23131.888815710245,0.9653057309242735,0.0012856906005295678,0.7885930185524381,0.9397889577799876,0.007935055158302841,2.5425385101006884e-06,0.001629187697639865
296,0.8617038699794797,0.8602457929747953,1693533905.144701,11,0.10123935307431962,0.9676799426369908,0.0013481064290668215,0.7795358644216732,0.9228057886874672,0.020409673091817963,2.6017337286745616e-08,3.452394481625838e-05
297,0.8569223615885154,0.8613503467010661,1693533905.5236478,11,0.21045196969852586,0.8615931715029727,0.0006615818299314432,0.7967532937443685,0.9137063409127876,0.005217202337871696,6.433676770880194e-07,0.00015890305509268365
298,0.8588552470589665,0.8583425035190182,1693533905.8941755,11,0.052534137383010035,0.9993842822509823,0.000779849727982219,0.7613052411794625,0.9524008509713399,0.011657074593944416,3.8800584800405196e-07,7.648186958479175e-05
299,0.8586671304510085,0.8617568382690319,1693533906.2591548,11,0.31732581208058314,0.9874770023241021,0.00045216414209354495,0.7453090818839145,0.942934444087087,0.0272689184290564,3.094750983249403e-06,4.515091841071187e-05
300,0.8570493783278512,0.8562101619428869,1693533906.6114585,10,0.07576041575722053,0.970701499798823,0.0035330439093207706,0.7890519797776029,0.920137240995409,0.0025270095186505814,5.311760182360964e-07,0.00010032689572683389
301,0.8623095446107634,0.8611756109190665,1693533906.9717371,11,0.1612323214426321,0.952626593086721,0.0017671542523799814,0.5732251901128058,0.9658965692007386,0.013175596520257231,1.971956270785527e-06,3.031055360406226e-05
302,0.8615771067665695,0.8623879771088834,1693533907.3478448,11,0.6777605249410955,0.941139232878865,0.006542088136489172,0.77833734575546,0.9040674274918419,0.007822641161368625,1.7206019224571145e-05,0.00023429942635274815
303,0.86418690779396,0.862025807429989,1693533907.7308042,11,0.045484153314355874,0.960385858580733,0.001237307992477558,0.7978319597502403,0.9434904484464076,0.08017182624151657,5.266879520732864e-06,5.937424213049024e-05
304,0.8646625233687983,0.8626968936887088,1693533908.1119142,11,0.04112427338072896,0.925887868086376,0.0013906404427942917,0.8007450636641521,0.9432461184941289,0.021783362985135713,3.2515542665361726e-05,2.8174443112129056e-05
305,0.8603350808064777,0.8602546938065279,1693533908.497833,11,0.04290411946615029,0.9304995829661709,0.002039081611075463,0.797929457143695,0.9574378883433672,0.027418287120825734,4.3849771211983435e-05,0.00014561260870465064
306,0.8568746986204613,0.8560826643634272,1693533908.85524,10,0.06370677405483455,0.9646230619375991,0.0025464250121471983,0.7993799355203532,0.9353145625146447,0.08044294921321186,3.585781109942601e-07,3.5005716045722296e-05
307,0.86257904320141,0.8601741002686898,1693533909.2347713,11,0.028306812219219647,0.9516589414597465,0.0018694534865036556,0.789729704426238,0.9441786962751216,5.352944093111374e-05,3.16099738740315e-05,0.00033327111329137194
308,0.854332082095913,0.8569251447949637,1693533910.3565767,11,0.04372374511683246,0.962447084979822,0.0014418513275241544,0.759702077591113,0.9567326987252448,0.018565897476399165,2.3597297183240447e-07,7.87195222018447e-05
309,0.8569839685099896,0.8572788389378396,1693533911.7173011,11,1.459674790433068,0.9321842813934815,0.0011840970695657944,0.7738751677992717,0.9155760503764241,0.003405683739268885,1.9060812645039996e-05,2.7855705905260525e-05
310,0.5682285246638112,0.5717693504689433,1693533912.0118136,11,0.09802620747733677,0.9556009683926073,0.0011208870800120065,0.7296422738218475,0.9295708296237324,0.09702393192360212,38.548068307694145,4.801800784132729e-05
311,0.5250017620086594,0.5281530573658302,1693533912.2816103,11,0.0433374582302453,0.9731376953937058,0.002130746981767301,0.800736220894904,0.9642928899016455,0.03187983276627256,5.494383133570868e-05,49.59766330975615
312,0.7778312436840229,0.7877823599003011,1693533912.6028588,11,0.3853257800248942,0.9827732230054633,0.0015629678413546704,0.7828188300470111,0.9412319742357791,0.00029159641531231853,9.309081814395308,0.0005272044191552488
313,0.8650636021744456,0.8614114677708479,1693533912.9808404,11,0.02387451539041374,0.9604174466788411,5.423690303470381e-05,0.7594981131344949,0.943122948315972,5.967591183661739e-06,2.8096348648124046e-05,0.00010193926545140108
314,0.8585773820962681,0.8547153993988506,1693533913.3455925,10,0.020053260342128638,0.9412036935327915,0.05253100432283089,0.7675807850176624,0.9554903018749893,0.0049865076919310075,2.858504945148502e-05,0.0001245821434804777
315,0.8607627798868359,0.8567409006159253,1693533913.7242606,11,0.027993795810272733,0.9582448998642159,4.6347668318143484e-05,0.7525720100189073,0.9768940031217523,0.009741896162036993,3.489118450579976e-05,0.00010498125036473786
316,0.8569053753179855,0.8608429081575121,1693533914.109996,11,0.013703153569394652,0.9629430243293896,0.0010211541294756106,0.7597150727892454,0.9681205255614442,7.455731458507644e-06,1.646569732253534e-05,7.179291167886301e-05
317,0.7676823273320248,0.776004584930825,1693533914.3867693,11,317.8776369167537,0.946357827726655,0.0014195747608417117,0.7911701339160355,0.9480634245846085,1.6187643081701821e-07,5.121193614417369e-05,0.00022085645994842515
318,0.8579154245984522,0.8604726882383134,1693533914.767967,11,0.007134773488525947,0.9202272148704668,0.00221073992329479,0.8091275841013296,0.7773920326876649,2.105622523807472e-05,2.7076469153974048e-05,5.352422676987526e-05
319,0.7831104244488716,0.7911370924937979,1693533915.0832722,11,0.04375946122443666,0.9713612260279889,3.7504276855546096e-05,0.7646247873249752,0.9257685812218684,0.0016032081860709922,4.549265202474511e-06,7.37891451159194
320,0.8455230529043735,0.8445590947179731,1693533915.4652636,11,5.985191097233553,0.90495985825287,0.0027709433956134414,0.7485683115868649,0.9479940897418195,3.022288692865629e-07,1.29343725759367e-05,0.00014446675278212352
321,0.8594233997792291,0.8625429366401736,1693533915.8497016,11,0.2332718238026977,0.9334723865130022,5.508283856798806e-05,0.6826643601437739,0.9350590858418582,0.001029404806575279,7.000365115289573e-06,3.157106177809545e-05
322,0.8604418154317479,0.8622278836507579,1693533916.2338924,11,0.0176324311586794,0.9554613474517906,4.993876599848139e-05,0.7996774299876522,0.9025044801851441,0.0003350366920798757,1.6203023361088526e-06,8.17682960091187e-05
323,0.8566044394505372,0.8576728450387676,1693533916.6460052,11,0.02945989834580937,0.8582741859865981,0.012271446001810635,0.9998513709207235,0.9163686860428192,9.235867935192869e-05,2.0982766465314655e-05,4.2826512957275905e-05
324,0.8550526041980935,0.8539051806850615,1693533917.0154166,10,0.05679375453018583,0.9502738513502538,0.0007037845832316711,0.7864388053476543,0.9537419305996255,3.40691864114534e-06,8.604177171579075e-06,2.3836734606233655e-05
325,0.8606448900988297,0.8573699737337368,1693533917.381453,11,0.01091612694313139,0.97579922215918,0.0013337829495408723,0.7708982063628438,0.8057373226904799,0.012895935759351856,1.5199591958794247e-05,0.00017887074613911244
326,0.8164144163238567,0.8183549549623991,1693533917.6890368,6,0.631623478955444,0.9657027304368643,0.0005120085133266145,0.814752228956254,0.9682369084611381,0.006873124956583876,3.886271846938257e-06,8.784623872618945e-05
327,0.8160303237887394,0.8262318872630982,1693533918.0623674,11,0.08710868118359441,0.9433289821485173,3.184841132797956e-05,0.793258008515078,0.9420563248544004,8.19823903875217,4.226115713239571e-05,5.141342513517861e-05
328,0.8621254844256181,0.8615169714862311,1693533918.4494276,11,0.18288272444371453,0.9908976389819263,0.0010458598338491136,0.7821944408227176,0.8901064202139823,0.0023850570081509056,2.6954800635340874e-06,2.231480667584051e-05
329,0.8595331767216092,0.860771276207937,1693533918.8448472,11,0.03301873679896785,0.8333713947725558,0.001861714541389875,0.8032742356842408,0.9218479554411073,0.018170784236228543,6.55424740618335e-06,1.4600700993936538e-05
330,0.8608370631296012,0.8623088417277797,1693533919.2372746,11,0.00545380090781988,0.7999285166422199,0.00093996227322524,0.7737897652987294,0.9064365474941098,0.00013797072099193695,2.0777391045440695e-07,3.42933925646766e-05
331,0.8462646176998968,0.851036378823287,1693533919.5878253,10,3.6569552105809547e-06,0.9589321657757064,2.8221801995753827e-05,0.757768831973278,0.7325300746762562,4.459569646020231e-08,2.2603834201184475e-05,0.00011604176786448015
332,0.8625562258230862,0.8602141084440884,1693533919.9787126,11,0.05873783188537333,0.9795900750150539,0.00258246391733611,0.7920559046118996,0.9307215555948024,0.059682773666271664,1.1383542245724917e-05,6.293361641734378e-05
333,0.867255084599233,0.8622766711448281,1693533920.361237,11,0.017143716865427986,0.9691737264888765,0.0031143759351023423,0.7404613672391985,0.9477710907637447,0.024644019933224483,5.341168960376849e-06,1.4464138213436753e-05
334,0.8554734580649543,0.8594173169235615,1693533920.7453923,11,0.4367357362000772,0.9652221364746228,0.0023123238899606857,0.7446118563186166,0.9525191622204866,8.447758622606049e-07,1.3084930391173828e-06,8.916504012451631e-06
335,0.856687849644632,0.8585793324752892,1693533921.1330268,11,0.01171619777745407,0.8857133499042651,0.0030052630708179867,0.9503075063580108,0.7493169958036765,0.0005702374054465369,0.027465473603662822,1.5383833020063944e-05
336,0.8561709092623853,0.8560991901397497,1693533921.518432,11,0.11530001745207108,0.8832531926339419,0.0031627059194551978,0.7353804831964512,0.9796649329718772,0.010092899943030503,4.815140719569245e-06,0.0004090595811043791
337,0.8034782304463941,0.7950022407008485,1693533921.8092988,5,26.478091019787808,0.9843588189474171,0.0007168026737917647,0.7564902223800196,0.9621054304285809,0.0038408801277710677,2.190306408437969e-06,0.00021893684730594148
338,0.8658804643184372,0.8599227201233407,1693533922.191039,11,0.020015024861159563,0.9504966870602373,0.003721878911696843,0.7362614337598204,0.9473675188869608,0.01647611729941234,7.55363433010854e-06,0.0008808224020164824
339,0.8616833343389882,0.8582199575968021,1693533922.5725603,11,0.019626738444559606,0.942747873198809,0.0037450193173933707,0.7496899350672349,0.941658363265343,0.024932027443854247,3.7490502467814827e-06,0.0008310155263236391
340,0.8540737386680026,0.8610960198639832,1693533922.9464684,11,0.007952646485609824,0.9519428229881904,0.004877654822222165,0.7267730205145791,0.7631819547742863,0.017527806254692798,6.819368128116343e-06,0.0003965443245542695
341,0.8608284432311233,0.8574348313301499,1693533923.303862,10,0.2096490922653561,0.9674007134135684,0.0042010116373457015,0.7397285438572425,0.9488005711092864,0.06507481773999887,8.873997819740424e-06,0.0034708779203912084
342,0.8582396848970758,0.8563691314051965,1693533923.6819887,11,0.058171103429898605,0.9226512519700132,0.002077618854009536,0.7299160792489687,0.9616955106463,0.03529242556452195,4.798138359396055e-06,0.019292023705543174
343,0.8612868190090057,0.863000311802515,1693533924.0556939,11,0.015737335022661638,0.9717172306435636,0.0014878099322913254,0.7005369449000877,0.9321053169215714,0.0013122289072701172,3.2612163202980422e-06,1.6524157019535178e-05
344,0.8657638421625601,0.8606943888184653,1693533924.4382288,11,0.11810896745285826,0.9356441547478102,0.003016673007518006,0.7414455340302297,0.9441168028603536,0.016881904176251745,1.5737909211766062e-07,0.00022752355120417677
345,0.8664901953725344,0.8616232346582469,1693533924.8215399,11,0.31242912447309945,0.9333933612921065,0.002913776069051475,0.7133217699826183,0.9439843765178483,0.005786859083301873,1.1227699822542293e-07,0.0007503358104541662
346,0.8630708844675008,0.8617359684007715,1693533925.20467,11,0.7924497931947313,0.93121507768525,0.00278521521326144,0.735730317822805,0.9426239515467292,0.005692996477102949,3.459612067105784e-07,0.0011329182504540899
347,0.8579602987758224,0.8611262462379554,1693533925.5822377,11,1.1016969410647361,0.9242760988429154,0.0029945492493637952,0.7176209859035523,0.9430330212484178,0.005723539630537818,1.1315618710155762e-07,0.0009609342329028504
348,0.8169909354161713,0.8192530276194327,1693533925.8681407,5,0.6769873397688698,0.9319183019772413,0.004176946123740503,0.7189723979487992,0.9547049406551078,0.0036584876769070766,1.090034096464092e-07,0.0015801466027615169
349,0.85260429950395,0.8566291693561557,1693533926.224539,10,1.662098597119198,0.9358506673334522,0.0034256246936974484,0.7223415529962495,0.9326369774189774,0.006244992102094362,1.4976550772471893e-07,0.00011002172699477373
350,0.864895260627701,0.8655549416445674,1693533926.602572,11,0.34104288201401833,0.9105442001263516,0.002759634347687331,0.7331432616037795,0.9442252723304848,0.007979886430149635,3.727382860338041e-07,0.0006526137610599941
351,0.8649703044497438,0.8657383959887082,1693533926.980909,11,0.3756810993942104,0.9142734615259144,0.002704234134746269,0.7085467550825809,0.949293638832057,0.007386536009861589,3.385603046482218e-07,0.000902994984032061
352,0.8541388949594383,0.8550692758113184,1693533927.3598561,11,0.3680583701586619,0.9159896630907574,0.002400360505475399,0.7118615372002081,0.9690975881999675,0.0025818095339194863,8.226915305132719e-08,0.0006582959083204497
353,0.8574998947865333,0.8608350401867997,1693533927.7417982,11,0.35567280396890505,0.9139881136554314,0.0019754097606562377,0.7274663858915403,0.956555002006576,0.009731613672874354,4.139500062743327e-07,0.000371317199653905
354,0.8659004929060772,0.8604670378809678,1693533928.1158414,11,1.873103860027107e-08,0.9399318891170834,0.005883218752891507,0.7062805537043628,0.9487600218757097,0.007523560549187172,6.301338034660807e-07,0.0007406762875190067
355,0.8523000677929664,0.854584681723269,1693533928.4766445,10,0.7986250410211772,0.9382862554447982,0.0039046006473133707,0.6975614116651383,0.9810033994939231,0.004034475774500534,2.288996146147145e-07,0.000532216537104437
356,0.832544274587373,0.8405977385447206,1693533928.803637,8,0.0034297463302993183,0.9456666354507017,0.0057530174841359406,0.7159904058727015,0.9230554269773251,0.0017562445321981986,5.789043680220547e-07,0.0005709282229762026
357,0.8548677834336706,0.8584261348833864,1693533929.1969807,11,8.255160087051851e-08,0.9294111761257018,0.006443861173019034,0.7402385726113991,0.9699324125518375,0.008025336211702599,6.974170891152467e-07,0.0009700275972651248
358,0.8564107452612107,0.8643755966291304,1693533929.5777638,11,3.3098604875627374e-08,0.9222717742774932,0.006210058829720621,0.692883005978423,0.9599501452917886,0.0029372738042469987,4.2755274990596485e-07,0.0006606545460766878
359,0.8289348188629746,0.8334721822579265,1693533929.887796,7,1.2353692960922086e-07,0.9505595118942359,0.0030332344765932385,0.7104908779810536,0.9116155220853334,0.007449367726991584,4.931194735923232e-08,0.0017753515001826406
360,0.8580528359212466,0.8603505068552809,1693533930.2723753,11,5.795110631519943e-05,0.9099808069757261,0.003532292838445064,0.7058848424451375,0.9515451630534045,0.01326826075662603,1.902321544481187e-07,0.00047883520313694736
361,0.8494610788766345,0.8508696021467955,1693533930.642283,11,3.532686386772389,0.9259722072138751,0.004530172639081248,0.7273608717039408,0.9286082869572378,0.004926810290372184,7.230442167068549e-07,0.0011009530168538814
362,0.8625078022757546,0.8586712571060837,1693533931.0191948,11,1.0636115050439132e-07,0.941799807204108,0.002613934367445209,0.7422152269959813,0.9419805604586327,0.01314884654881551,3.507494883286626e-07,0.0002785556207416675
363,0.8637551522907887,0.8637611962134586,1693533931.397253,11,3.1329961673123605e-05,0.903266357455531,0.007583406708278023,0.711392614137322,0.948090620400254,0.0012444937590841366,9.962493423416886e-07,0.0007763013867527529
364,0.7769205767624777,0.7833756583577653,1693533931.6654932,3,1.0619156863294152e-06,0.9010765750744567,0.009738254567678883,0.7249759331478454,0.949760131417375,0.00195614134529734,9.112522174070082e-07,0.0006714382983370534
365,0.8570361949537086,0.858519183509997,1693533932.0472503,11,1.0474679609749273e-08,0.9099615453946923,0.0056346700072726925,0.7064192544437231,0.962854508726337,0.0034220442966980363,2.536631889098042e-07,0.0008434875781675534
366,0.861910240490097,0.8637163275156119,1693533932.4238029,11,1.8768158749679145e-06,0.9047580349421084,0.02343707385653699,0.7168469543506499,0.9353764189617311,0.0066976363374878015,1.3281850629129402e-06,0.0018409721281061376
367,0.8584493512512289,0.8613585488326969,1693533932.7998662,11,1.7681078759313977e-08,0.9180261713176747,0.006967570853929347,0.6922984540635634,0.895480542219559,0.0004326154022744377,1.3176451657145957e-06,0.00038023740965433065
368,0.8534629935082023,0.8583562648731986,1693533933.1812885,11,3.3115224087199667e-07,0.8987825109169744,0.004113736986388424,0.7340834438788979,0.9195932989416129,0.0011075523715559658,1.615883004184827e-07,0.001263424788528862
369,0.8498185511370406,0.8457315742454525,1693533933.5209782,9,3.6216201129420795e-07,0.9558978520667378,0.007953365046918893,0.6852919036161456,0.9765009754745456,0.0007863766522186455,5.359044819445898e-07,0.0006999645932578773
370,0.8519205387335137,0.8545471341873595,1693533933.8860817,10,1.213967237708798,0.9364542208788232,0.002997422796234779,0.6979471212692162,0.9493339487506612,0.009247285915674912,7.783142543802829e-07,0.0019558779951031786
371,0.8596082205436519,0.86156156677969,1693533934.2652826,11,4.1239929479421324e-07,0.9504061478352392,0.004319000879696196,0.7213893115475619,0.9343784707666901,0.0008184483642044663,7.467794825272767e-08,0.0029412178527206977
372,0.8547285974258955,0.8589922946137634,1693533934.652273,11,7.148003978280471e-07,0.8962097589230369,0.007593020413155123,0.7086633164997814,0.9874950387130349,0.0021495592576095657,3.1407475536874245e-07,0.00020803288700552998
373,0.8598508453331615,0.8639733883965719,1693533935.030034,11,2.066640366148044e-06,0.9234307228627745,0.0018106579788823229,0.7054165214145429,0.9570013942777469,0.0013246543685467213,1.216179314884588e-06,0.0005070067692050393
374,0.8587540900150645,0.8591824321762698,1693533935.3954399,11,2.096485690535649e-06,0.9609425597042419,0.005056497798450807,0.7364269274116219,0.7805676289165325,0.0002750474450709459,4.6731002820559074e-07,0.0009791563623727842
375,0.8605863254944652,0.8599713557260844,1693533935.7824757,11,1.0729172093210943e-05,0.9467843216771492,0.0034342960677519697,0.7507629008427495,0.9435986211874448,0.004054886663114642,1.8289348174054257e-06,0.0002690716322355836
376,0.8158551370284979,0.8151509593213155,1693533936.0432384,2,2.3487064120132117e-05,0.9392366870624184,0.5688704674081446,0.7456223064062252,0.9699304887902224,0.01168169325595132,2.393909060543419e-07,0.00035455956051923655
377,0.8564776762376273,0.8587025770976071,1693533936.4080431,11,6.712244106462267e-06,0.9590901276775469,0.010392855443616887,0.7172350626833751,0.9250769472952213,0.007599550861611649,9.982590678420398e-07,0.0007398421910024286
378,0.8555695445803402,0.856792270262546,1693533936.7661502,10,1.1736410087488313e-05,0.8898565497869152,0.00041485916984696734,0.6853705290402978,0.9578126831841052,0.005009760479160822,1.3635660139987342e-07,0.00019973688494975448
379,0.8595283597195187,0.86154379549449,1693533937.138626,11,5.327086877335937e-05,0.8767483305911632,0.000582932713535513,0.6685790973187402,0.8799790307222035,1.5796222154539556e-08,2.177630142856511e-06,0.0014240388319944517
380,0.855307905308894,0.8612625231360869,1693533937.5123837,11,7.334574424747532e-07,0.9061101297343799,0.005315842263466709,0.7281281819000461,0.9101267294336389,0.015912029988883417,6.114090525992217e-07,0.0005301802368283616
381,0.8564447178022707,0.8596202133574934,1693533937.8678787,11,1.9873833464761072e-07,0.9334990058683408,0.0021742127484094993,0.7369274269398263,0.7367483198509872,0.00012623003655866713,2.6665255479689947e-07,0.0024353831598917584
382,0.8568402190265497,0.8623812635122524,1693533938.2475686,11,1.7561493697838697e-05,0.948298661218433,0.0012414111391464767,0.7461380887503595,0.938503252626543,0.010417304883990664,4.8100859142846356e-08,3.870072076871963e-08
383,0.8592522694418008,0.8578477630903591,1693533938.6496253,11,0.2034590668477691,0.915797867260226,0.001508014659196499,0.9711628806133645,0.9490952458953223,1.566033868061129e-05,5.063211474349732e-07,0.0008429984421929171
384,0.8603959271486745,0.8636395616392014,1693533939.0243082,11,7.757526088081373e-06,0.9269697781427573,0.002863796609529135,0.713907883174161,0.9333475952981348,0.0025014676723921904,0.008851595117937398,0.0011206864990227707
385,0.8516003348577033,0.8582919540855607,1693533939.406715,11,3.2020774178332385e-08,0.9645793150817709,0.0037772880669776528,0.8291737800545387,0.9633599345452951,0.01877951328390148,2.2794814750963443e-06,0.00016362189734863897
386,0.8580731180353123,0.8629940538798634,1693533939.7937791,11,2.3474559375051163e-08,0.8699366793529806,0.007940746650853503,0.9405800540851237,0.7625821736748095,0.006346390556402547,1.1463183509879435e-08,0.003495388351302133
387,0.8571900854941814,0.8614037820697271,1693533940.1758556,11,0.4909166501284009,0.8450709048923383,0.002459598779295841,0.7308375895122856,0.9252941964652555,0.11200471319735866,8.564369734566562e-07,0.00037416001434623927
388,0.8387257559017149,0.8438803835146632,1693533940.5336218,11,0.00010428979924519625,0.5187032648432606,0.0009780275997794835,0.6983016741605985,0.5503043409402534,0.01561317111870845,1.5763588585046297e-06,0.00020354358011506285
389,0.8403143524859027,0.8427333609735043,1693533940.879929,10,6.712822795201723e-07,0.8972782803985512,0.0016797742458489451,0.7535871397960717,0.9462327894379015,1.644844259845818e-06,0.3965494162870143,0.0013515318619480487
390,0.861375299731617,0.8619798451145917,1693533941.2652152,11,1.1564493460715502e-07,0.9557733569727329,0.0022723012941898734,0.8179303003834547,0.9020698767964324,0.003810976585244657,3.0001206788846176e-06,0.007357898992239161
391,0.8561932195878573,0.861280932364858,1693533941.6427104,11,1.2826814986800125e-05,0.9383019941582913,0.015094837759670703,0.7429284404080159,0.9172193199677234,0.009237006535268854,1.0473735080662484e-07,0.0002728913086421973
392,0.8642084575401547,0.860818423275681,1693533942.0102491,10,0.0033557546423848956,0.9714038301748416,0.14571294992267347,0.7234416607228893,0.9990564995078202,0.022237268064666575,3.529034252711495e-07,4.5385174180138086e-05
393,0.8564163228425788,0.8545250491884872,1693533942.3583105,10,0.002913333367742632,0.9719695099839458,0.01972407268644202,0.7232394008887238,0.8866240326712477,0.021804525184700926,2.983605095819091e-07,2.7519948591669297e-05
394,0.8571827332278326,0.8539380195898496,1693533942.7362616,10,0.005039362208342751,0.7923192215309585,0.07046718696664793,0.7225842433479515,0.9759915712590937,0.0005962493208385556,1.4104827241853064e-07,4.2249218505743537e-05
395,0.8676741637811134,0.8670485498145224,1693533943.1264567,11,0.005923855997436407,0.9145840244796634,0.1437971978056489,0.7047188660662018,0.9931713139607794,0.012749415397924157,5.277958751348578e-07,1.9744862823397348e-08
396,0.8686900441693739,0.8629516761997713,1693533943.51309,11,3.54492865325268e-05,0.8941413250834035,0.1185575993226814,0.7049700965469442,0.9914078828469974,0.005650301470591499,5.297592065638363e-07,0.06432294065539655
397,0.8635244432432926,0.8630910213026978,1693533943.8765373,10,0.004906153915538818,0.914845036014695,0.19505976684674356,0.7041165060517923,0.9997838878095721,0.00538486859330864,3.5550205186187657e-07,4.876705212403711e-08
398,0.8662790078598264,0.8605812905367572,1693533944.225067,9,0.006037173730151457,0.9255686910535034,0.19654117430526477,0.7048676454738546,0.9896132195505963,3.1307907548229785e-08,5.335667487366377e-07,0.11802417077004489
399,0.8674497928942627,0.8689364071115275,1693533944.5869274,10,1.161112628472856e-06,0.920856892207703,0.2557318623710497,0.7046853251588749,0.9936410062591361,1.28033672176615e-07,5.443655381479436e-07,0.004472794249392934
