trial,score,test_score,time,alpha
0,0,0,1694050606.3392453,0
0,0.6019725731432858,0.5796932031027281,1694050606.6312678,1
1,0.6485482970742685,0.6267140714037469,1694050606.659975,1.2698181749580063e-05
2,0.6018799099774944,0.579543506040334,1694050607.1350303,1.0441091975773076
3,0.6020541935483871,0.579833941363996,1694050608.1164818,0.9072624390917645
4,0.6572507126781695,0.6327988490893454,1694050608.2222383,0.00021791909647795351
5,0.6560986646661666,0.6316490945705061,1694050608.3434377,0.0002637004400637284
6,0.6348372693173294,0.6120463368212933,1694050608.5186653,0.0015331574449364295
7,0.6041098274568643,0.583497990926286,1694050609.0764446,0.15313758894012813
8,0.6262560840210053,0.6043219734066747,1694050609.2590744,0.003026994864417319
9,0.6561838859714929,0.6328783521931947,1694050609.3401203,6.927818666795117e-05
10,0.5995359639909977,0.5738120504583704,1694050611.5462122,2323.008042943219
11,0.649020255063766,0.6270716727112715,1694050611.6118712,1.4369122717235058e-05
12,0.6570063315828958,0.6325117920845438,1694050611.710904,0.00022933137140632035
13,0.615108657164291,0.5942419708121258,1694050611.9651675,0.009982913780341647
14,0.6576487321830456,0.6332534957342093,1694050612.0703676,0.0001966276723456708
15,0.6094245161290323,0.5890278234337414,1694050612.4624944,0.027024333731166326
16,0.6459986196549136,0.6221269149812776,1694050612.6136794,0.0006824965204849896
17,0.6484529932483121,0.6266393229708866,1694050612.6745465,1.2380782677177499e-05
18,0.612035888972243,0.5914656683726092,1694050612.9778092,0.016077191152436762
19,0.657349617404351,0.6329084817925129,1694050613.0845225,0.0002128351232789736
20,0.6349030457614404,0.6121049193727918,1694050613.2674263,0.0015256486615292393
21,0.6577615603900976,0.6333826976621832,1694050613.3711772,0.00019023608804324168
22,0.6568526931732934,0.6334160804574414,1694050613.4616675,8.145518153561476e-05
23,0.6287503075768942,0.6065483856340469,1694050613.6645527,0.0024644912036484944
24,0.6570363390847711,0.633536123387616,1694050613.7601738,8.496833053195332e-05
25,0.6071516279069767,0.5868825409081883,1694050614.1712146,0.04747813985738908
26,0.6475400450112528,0.6235296930704723,1694050614.2873878,0.0006076697650411111
27,0.6540288672168041,0.6312210991077635,1694050614.3625891,4.495100165968741e-05
28,0.6203508477119279,0.5989351063484768,1694050614.6097035,0.005324319134559394
29,0.6524511927981995,0.6280608694981951,1694050614.7461112,0.0004019874573466474
30,0.6550630457614404,0.632084897703504,1694050614.8267472,5.6054388475464405e-05
31,0.6574619654913728,0.6330763467030011,1694050614.9282367,0.00020453248758045076
32,0.6487777944486122,0.626890494722015,1694050614.9856188,1.3541060061798113e-05
33,0.6460634358589648,0.6221944563339025,1694050615.1312566,0.0006786939664538195
34,0.618433248312078,0.5972029296580961,1694050615.3609607,0.006582876228084149
35,0.6581593398349588,0.6339691487917731,1694050615.4639206,0.00015103116799378984
36,0.6476867216804201,0.6260516706612577,1694050615.5237947,1.0071800548246946e-05
37,0.6450885521380344,0.6212599632879341,1694050615.6691458,0.0007324813439070208
38,0.6331983795948987,0.6105603770143789,1694050615.856301,0.0017343958063937902
39,0.6576511327831959,0.6332608529619499,1694050615.9563117,0.00019622317082897855
40,0.652415663915979,0.6298688706785546,1694050616.030476,3.2385494609189654e-05
41,0.6564842010502626,0.633139458704231,1694050616.1239488,7.47105699880517e-05
42,0.6579404051012753,0.6336226834241959,1694050616.2364733,0.00017712791374598492
43,0.6578527831957989,0.6334773406394442,1694050616.3410218,0.00018502341261071608
44,0.6260417104276069,0.6041222021513935,1694050616.531109,0.003082469264153297
45,0.6513368342085522,0.6289582260612826,1694050616.5982628,2.552055038454142e-05
46,0.6580762790697674,0.6337888716875458,1694050616.6959856,0.00016618674553225211
47,0.6376745386346586,0.6145520734569642,1694050616.8577588,0.0012505618132577045
48,0.6037504576144036,0.5829826846894389,1694050617.3147705,0.1859570905458481
49,0.6522937134283572,0.6297472261749943,1694050617.3944476,3.141183700769294e-05
50,0.6518916129032258,0.6275571996929783,1694050617.5193255,0.00042255472908645956
51,0.6580616354088521,0.6341044817428642,1694050617.6180136,0.00013121675326467028
52,0.6578861515378844,0.634053556714116,1694050617.7094114,0.00011402068126364148
53,0.6580366691672919,0.6341115386755949,1694050617.7976255,0.0001257095920267426
54,0.6575447861965491,0.6338500567957962,1694050617.8825495,9.843514386385308e-05
55,0.6515262415603901,0.6291181331540106,1694050617.9598186,2.6676305142007846e-05
56,0.6409544786196548,0.6174641342655024,1694050618.103069,0.0009928010580111382
57,0.6579773743435858,0.6340890165498586,1694050618.2053998,0.0001197266827436516
58,0.6516897224306076,0.6292508885729341,1694050618.268901,2.7680870855595535e-05
59,0.650110607651913,0.6259084049169904,1694050618.3792627,0.0004937085335336694
60,0.6245439759939986,0.6027944477654849,1694050618.5585184,0.00351910965439633
61,0.6580263465866466,0.6341104876430605,1694050618.6564875,0.00012329081050849755
62,0.6544276069017254,0.6299752501857825,1694050618.7808166,0.00032692703151135437
63,0.657781245311328,0.6340118907815038,1694050618.866328,0.00010915433792948566
64,0.6550227156789198,0.6320467101880887,1694050618.9472733,5.542737189950108e-05
65,0.6374078319579894,0.6142879639958295,1694050619.0963676,0.0012781901407908098
66,0.6545241110277569,0.6300568303301163,1694050619.2166946,0.0003239735299686817
67,0.6477035258814704,0.6260614302490767,1694050619.2749498,1.0102814089314794e-05
68,0.6543951987997,0.6315367842368342,1694050619.349359,4.854053813717225e-05
69,0.6580256264066016,0.6341098870530408,1694050619.4516997,0.0001232509094272095
70,0.6505199099774944,0.6282774322494419,1694050619.513195,2.1179721598766043e-05
71,0.6562856714178545,0.6329651374510319,1694050619.6003513,7.097422321708359e-05
72,0.6579934583645911,0.6341087859713382,1694050619.7027934,0.0001223570429260247
73,0.6578847111777943,0.6340678457516664,1694050619.7857347,0.00011558219487633805
74,0.647424096024006,0.6234316467497669,1694050619.899805,0.0006127527828867489
75,0.6537266316579143,0.6293253367107847,1694050620.002593,0.00035231158026804266
76,0.6312896624156039,0.6088659123723146,1694050620.1624172,0.002003140034800989
77,0.6545226706676669,0.631649770234278,1694050620.2306373,5.011370041529794e-05
78,0.6423864366091523,0.6187773493680191,1694050620.3715305,0.0008943678957379168
79,0.6576362490622656,0.633241058515886,1694050620.4529455,0.00019728661065542536
80,0.6580402700675169,0.634109586758031,1694050620.5347483,0.00012576830633729096
81,0.6498717479369842,0.6277597486771005,1694050620.5980198,1.8023585127381562e-05
82,0.6580225056264066,0.6341082604550711,1694050620.6917508,0.00012346839212678442
83,0.6537835258814704,0.6310149215589395,1694050620.761023,4.283249307602969e-05
84,0.6537849662415604,0.6293730585927615,1694050620.8744898,0.0003503337744168693
85,0.6493140885221306,0.6273103822194923,1694050620.9367466,1.5553426664103697e-05
86,0.6578794298574644,0.6335028657152787,1694050621.0339649,0.00018355019170810942
87,0.6477738634658665,0.6237525620169254,1694050621.1401238,0.0005962912455648935
88,0.6566815303825955,0.633267509501334,1694050621.2260845,7.776001452871281e-05
89,0.6525232108027006,0.6299616117874199,1694050621.296721,3.309809351084809e-05
90,0.6580837209302326,0.6341014787927661,1694050621.3815856,0.0001335071384564225
91,0.6580832408102025,0.6340731759880907,1694050621.465653,0.00013866967236890874
92,0.6556485521380345,0.6312253532870692,1694050621.5582688,0.0002794948194592535
93,0.6581098874718679,0.6340391425536447,1694050621.6428096,0.00014291331787489448
94,0.6423016954238561,0.6186944929698937,1694050621.7851741,0.0009001861297027686
95,0.6547101575393849,0.631801569361741,1694050621.8654623,5.2093059712600435e-05
96,0.6548270667666917,0.6303491424975897,1694050621.9797044,0.00031282891480198137
97,0.6505134283570893,0.6282717516688394,1694050622.03932,2.114634799880653e-05
98,0.6333289722430608,0.6106857752055619,1694050622.1882539,0.0017115338801756326
99,0.6492319879969992,0.6250891000318712,1694050622.3098218,0.0005310325122419552
100,0.6564285071267817,0.6331086534411406,1694050622.3917847,7.394815855285562e-05
101,0.6580361890472618,0.6337458043782211,1694050622.4908931,0.00016950617839354837
102,0.6581365341335333,0.6339141447558081,1694050622.5823462,0.000156694295302486
103,0.6579852963240811,0.633694053538196,1694050622.6744277,0.00017301715513986588
104,0.6566884921230307,0.632235896044274,1694050622.7677429,0.00024028369417294218
105,0.6525500975243811,0.6299866113469873,1694050622.8345993,3.3284895991914006e-05
106,0.6564966841710428,0.6331454896290115,1694050622.9135725,7.492437885742634e-05
107,0.6502467216804201,0.6260312005514218,1694050623.0154505,0.0004882877546013932
108,0.6417778844711177,0.6182125194791362,1694050623.1383808,0.0009345258659274303
109,0.6580938034508627,0.6338323644148012,1694050623.2285068,0.00016368157476334932
110,0.6573107276819206,0.6328592334109029,1694050623.3233268,0.00021513215024850029
111,0.6580383495873968,0.6341090111925957,1694050623.4039786,0.00012885144208373039
112,0.65311567891973,0.6305224377428386,1694050623.4703114,3.792077520246417e-05
113,0.6566772093023256,0.6332594015360691,1694050623.551974,7.756170007503746e-05
114,0.6579382445611404,0.633607843845794,1694050623.63898,0.00017785854432922262
115,0.6534918529632407,0.6290986139783724,1694050623.7446525,0.00036126057233658955
116,0.6549017254313578,0.631941857180494,1694050623.817728,5.396697621242946e-05
117,0.6377254313578395,0.6145971427330209,1694050623.962255,0.001246403947957977
118,0.6493275318829708,0.6273228444623998,1694050624.0227618,1.5616794478561733e-05
119,0.6580661965491372,0.6341002275635584,1694050624.102092,0.00013188148439357024
120,0.6504829407351838,0.6262498903923215,1694050624.217623,0.0004781062217998753
121,0.6580661965491372,0.6340788065195248,1694050624.3014526,0.00013705600007950082
122,0.6575865566391598,0.633884215353163,1694050624.3778818,0.00010022504431773417
123,0.6545008252063016,0.6300410648421009,1694050624.487901,0.00032447457459112105
124,0.6581079669917479,0.6340385419636251,1694050624.571563,0.00014303151887279887
125,0.654982865716429,0.6320177567442256,1694050624.6387315,5.500673145449935e-05
126,0.6580789197299325,0.634098676039341,1694050624.7235975,0.00013333444483759973
127,0.6509645011252814,0.6286456439806465,1694050624.790061,2.346119346126009e-05
128,0.6567338634658665,0.6322637484064344,1694050624.8835943,0.0002391159630821049
129,0.6477546586646661,0.6237332180133763,1694050624.9911418,0.0005972595692137209
130,0.6532359489872468,0.6306069707881022,1694050625.0649455,3.873343215076821e-05
131,0.6580297074268566,0.6341092864630213,1694050625.1425195,0.00012825190784448336
132,0.6570850712678169,0.633571508149606,1694050625.220057,8.614950154617126e-05
133,0.6581420555138785,0.6339533833037576,1694050625.30912,0.00015247561438604286
134,0.6559639909977493,0.6315262238623224,1694050625.398024,0.00026802485888195564
135,0.6563120780195049,0.6329893111993222,1694050625.4746683,7.141857613831264e-05
136,0.6581142085521381,0.6338688002093256,1694050625.5654185,0.00016073656269358484
137,0.6524960840210052,0.6281123200432105,1694050625.6734047,0.0004000093276442001
138,0.6574598049512378,0.6330689394260922,1694050625.7702835,0.0002048702007439621
139,0.6450342985746437,0.6211990534501094,1694050625.9070032,0.0007359583146715988
140,0.626424126031508,0.6044713451494749,1694050626.0817914,0.002985196074456116
141,0.6581110877719429,0.6340522554357402,1694050626.1686232,0.0001414608691993935
142,0.6581322130532633,0.6339331884643473,1694050626.2561698,0.00015483881180766224
143,0.6559147786946737,0.631482555962978,1694050626.3551617,0.00026990829221515585
144,0.6566983345836459,0.6332935600934357,1694050626.432302,7.832163929009277e-05
145,0.6580964441110279,0.6338175999101517,1694050626.5184517,0.0001643696134956007
146,0.6544304876219055,0.6315662631969647,1694050626.5829012,4.89013949105706e-05
147,0.6578801500375094,0.6335000129126854,1694050626.6725664,0.00018365753956205177
148,0.6520301275318829,0.6276699104199965,1694050626.780457,0.00041783815146069123
149,0.6523064366091522,0.6297586874345357,1694050626.849069,3.150078414561979e-05
150,0.6441784846211552,0.6203592534305702,1694050626.955549,0.0007871608616835355
151,0.6576400900225056,0.6339298101454869,1694050627.0343344,0.00010246309035352395
152,0.6581384546136534,0.6339318621613873,1694050627.1267953,0.00015504300149484244
153,0.6580402700675169,0.6337342430203432,1694050627.2030334,0.00017006506100421202
154,0.6563437659414854,0.6330286498456084,1694050627.2817304,7.223596763710632e-05
155,0.6560991447861966,0.6316414370477557,1694050627.3841376,0.00026395051994310554
156,0.6549492573143285,0.6319798945484045,1694050627.4485614,5.4493067844587656e-05
157,0.6142403600900225,0.5934190874114731,1694050627.6843727,0.011350684563875914
158,0.6015323030757689,0.578699627013578,1694050628.3678617,1.7276424883276602
159,0.6579838559639911,0.6340997771210437,1694050628.4513273,0.00012171884467269598
160,0.6506365791447861,0.6263828960570865,1694050628.5599008,0.00047214778130202754
161,0.658104846211553,0.6340401435370108,1694050628.6391878,0.0001427027807703971
162,0.6579363240810203,0.6335991352905094,1694050628.7198985,0.000178528945050081
163,0.6573044861215304,0.6337172513277043,1694050628.798692,9.140108067972542e-05
164,0.6556118229557389,0.6311936721635334,1694050628.8963606,0.0002806489647883324
165,0.6581492573143286,0.633964519243705,1694050628.9851842,0.00015145820133100903
166,0.6540848012003001,0.6312712233498189,1694050629.0530639,4.548156594834068e-05
167,0.6559599099774944,0.6315187415116611,1694050629.1406295,0.0002683004580950114
168,0.6574943735933984,0.6338258079737534,1694050629.2116008,9.69338850804248e-05
169,0.6512228057014253,0.628855850487519,1694050629.277164,2.484341340512621e-05
170,0.6505772843210803,0.6263354744701194,1694050629.3937278,0.0004742336856973474
171,0.6581154088522131,0.633892648638022,1694050629.490827,0.0001587542248903598
172,0.657991057764441,0.6337018862330354,1694050629.582446,0.00017247205316079484
173,0.6558329182295574,0.6326332614160151,1694050629.6507475,6.482576717049239e-05
174,0.6581082070517629,0.6338580896873088,1694050629.742555,0.0001616747390502105
175,0.6563384846211553,0.6318905567829836,1694050629.8332615,0.00025374033049475273
176,0.6575656714178544,0.6338759572403929,1694050629.9183207,9.959690392325287e-05
177,0.6580954838709677,0.6338242814741202,1694050630.0163586,0.00016403652534135356
178,0.6540629557389347,0.6296588393437713,1694050630.1230483,0.00033937960978900364
179,0.657915918979745,0.6335697814532997,1694050630.2050717,0.0001802513309848202
180,0.6459390847711928,0.6220743383299754,1694050630.3372326,0.0006852633235043019
181,0.6581031657914478,0.6340373157590016,1694050630.4245324,0.00014320117309916616
182,0.6561085071267816,0.6328264762302487,1694050630.5084536,6.821466911187304e-05
183,0.6573503375843962,0.6329061545061869,1694050630.6005797,0.00021294207712013039
184,0.6580645161290323,0.6341004277602317,1694050630.6855175,0.00013186105742988793
185,0.654212033008252,0.6313625630819717,1694050630.7596025,4.655005835545586e-05
186,0.6535672318079521,0.6291577720953064,1694050630.8620408,0.00035889671138715794
187,0.6578866316579145,0.6340537068616209,1694050630.9442766,0.00011403528437748059
188,0.6567751537884471,0.6333492648177569,1694050631.027723,7.978166010704962e-05
189,0.6573774643660916,0.6329596820916867,1694050631.1249945,0.00021041592354618564
190,0.6521693623405851,0.6296323633337391,1694050631.2057598,3.053471467001315e-05
191,0.6581374943735934,0.6340103642818705,1694050631.3063626,0.0001461490776859302
192,0.6581223705926482,0.6338812374276489,1694050631.4036558,0.00015988842423418338
193,0.6543913578394598,0.6299523777158681,1694050631.5162375,0.00032791870754436675
194,0.6578033308327083,0.6334231874393403,1694050631.617264,0.00018811805152781465
195,0.6571145986496624,0.6335991352905095,1694050631.7021413,8.716708342023041e-05
196,0.6487919579894974,0.6246977405603265,1694050631.8312466,0.0005499225529315571
197,0.6581024456114029,0.6340374909310907,1694050631.9163208,0.00014320724666980837
198,0.655429377344336,0.6310030849306358,1694050632.0061982,0.0002879132375735386
199,0.6391345836459115,0.615826150109868,1694050632.1572196,0.0011288207186739003
200,0.6555218004501125,0.63240145869302,1694050632.234245,6.1027549047209136e-05
201,0.6580222655663915,0.6341099621267934,1694050632.3255672,0.0001276280574929336
202,0.6581336534133535,0.633951306263273,1694050632.4271054,0.0001530101767236519
203,0.6579327231807952,0.633601237355578,1694050632.5283525,0.0001784057924066431
204,0.6572658364591147,0.6337009102742535,1694050632.6039443,9.077395503891665e-05
205,0.6565514178544637,0.6320951327584219,1694050632.6939042,0.00024590265781744406
206,0.6526574043510878,0.6282773321511053,1694050632.8089893,0.00039340421123915445
207,0.6580978844711178,0.6340622402448165,1694050632.9003618,0.00014036590768468855
208,0.6537780045011252,0.6310036604960714,1694050632.9755478,4.269934649613173e-05
209,0.6574343585896474,0.6337864693274673,1694050633.0607567,9.457785193313049e-05
210,0.6579041560390098,0.6335499619826517,1694050633.1499503,0.00018121277325276668
211,0.6580964441110277,0.6340623653677372,1694050633.2437153,0.00014035939229393226
212,0.6580906826706677,0.6340665444732905,1694050633.3354256,0.00013984579647091685
213,0.6557270517629409,0.6325469766498608,1694050633.406117,6.345799242974879e-05
214,0.647740735183796,0.6260878311853565,1694050633.462358,1.0205503051358509e-05
215,0.6559411852963242,0.631499397508112,1694050633.5661452,0.0002691458919943981
216,0.6505448762190548,0.6263019165027723,1694050633.6803443,0.00047588517942120673
217,0.6085511777944487,0.5882354700257533,1694050634.0068989,0.032754680914875524
218,0.6580870817704425,0.6340698727429827,1694050634.0992773,0.0001394373628709783
219,0.6573741035258814,0.6337551885972779,1694050634.183316,9.323756970705546e-05
220,0.657215423855964,0.632763439302771,1694050634.285516,0.00021932366797949385
221,0.658113008252063,0.6340278564661923,1694050634.3829722,0.00014449113524110153
222,0.6580335483870967,0.6341111382822485,1694050634.4775825,0.00012536243081179266
223,0.6562527831957988,0.6329445422182753,1694050634.5711048,7.058394639252922e-05
224,0.6569374343585896,0.6324509072713034,1694050634.667613,0.00023180998221696347
225,0.6581197299324832,0.6338997556199211,1694050634.7706265,0.0001583670092966439
226,0.6575219804951239,0.6338354924878201,1694050634.8613985,9.752340371540409e-05
227,0.6536150037509378,0.6292168801630722,1694050634.9850383,0.00035655350319451667
228,0.6544518529632408,0.6315865331101274,1694050635.0640574,4.9178330515547605e-05
229,0.6581072468117029,0.6340288824741426,1694050635.1557443,0.00014407395718877186
230,0.6562597449362341,0.6318089516140656,1694050635.279572,0.0002574071679920459
231,0.658107246811703,0.6340386670865458,1694050635.3753393,0.00014306303368316614
232,0.6575440660165042,0.6338484552224105,1694050635.4587617,9.827743630804924e-05
233,0.6581353338334583,0.6339330883660108,1694050635.5679772,0.00015457609278349561
234,0.6579075168792198,0.633578915426515,1694050635.6732907,0.00017959089013766034
235,0.6557419354838709,0.6325616911053419,1694050635.7381527,6.375467994567488e-05
236,0.6535854763690921,0.6291891529238325,1694050635.848304,0.0003577226698854279
237,0.6577618004501125,0.6340008048907247,1694050635.9381495,0.0001082257136578925
238,0.6019761740435109,0.5797166511380781,1694050636.796649,0.9430613250757788
239,0.6009871267816954,0.5774713703742557,1694050637.7528932,4.059768847455329
240,0.656765071267817,0.6322842935900227,1694050637.8452663,0.00023818669893410172
241,0.6581168492123032,0.6338632948008123,1694050637.9439874,0.00016126986793091498
242,0.6581072468117031,0.6340483265760283,1694050638.0376687,0.0001417676255795638
243,0.6573601800450112,0.633744453050677,1694050638.1272497,9.281135682093767e-05
244,0.6578974343585896,0.6335403775669217,1694050638.229291,0.00018182536805209216
245,0.655424096024006,0.6309975044483701,1694050638.3309581,0.00028813570978431234
246,0.6560408102025507,0.6327708716042639,1694050638.4143202,6.727161277736661e-05
247,0.6580661965491373,0.6340797824783067,1694050638.505717,0.00013703890251722192
248,0.6160168042010503,0.595052191773198,1694050638.7561986,0.008816262448590293
249,0.6489931282820705,0.6248589489314302,1694050638.874762,0.0005417151886345759
250,0.6578364591147786,0.6334601737747163,1694050638.9797883,0.00018610223680300394
251,0.6574499624906226,0.6337936263585346,1694050639.0660493,9.491942334955977e-05
252,0.6531248012003,0.6305303204868464,1694050639.1434658,3.7987938778331175e-05
253,0.6538044111027757,0.6293958309643394,1694050639.2640896,0.0003495275877006737
254,0.6496578544636159,0.6275933351924932,1694050639.3296173,1.7075216154616458e-05
255,0.60511567891973,0.5847660116298251,1694050639.8146763,0.09377882015946322
256,0.6247809152288072,0.6030121115984344,1694050640.0024369,0.0034420942193266165
257,0.6580839609902475,0.6340918693524518,1694050640.092784,0.00013453348636970408
258,0.6573390547636908,0.6328967452625458,1694050640.1919577,0.00021342115698402315
259,0.6553273518379595,0.6322758853297479,1694050640.267739,5.895584431438095e-05
260,0.6578388597149287,0.6340201989434421,1694050640.360014,0.00011033212292812108
261,0.6562114928732182,0.6317528214718139,1694050640.4874394,0.0002596718782315213
262,0.6343393848462116,0.6115980964699721,1694050640.665015,0.001589453003710177
263,0.6567192198049512,0.6333084997701742,1694050640.755711,7.873319800891374e-05
264,0.6496614553638409,0.6254722264152304,1694050640.8693588,0.0005131488882254805
265,0.599684081020255,0.574469546382366,1694050642.4938157,23587.107632582167
266,0.6437605401350338,0.6200145397838837,1694050642.6369522,0.0008091996808932447
267,0.6581163690922731,0.6339045102909098,1694050642.73933,0.00015802171685263712
268,0.6572339084771193,0.6327796552333013,1694050642.8436117,0.00021869226715261957
269,0.6526398799699925,0.6300706689251521,1694050642.9149144,3.397003020660561e-05
270,0.6541234508627156,0.6297038085214914,1694050643.0260632,0.0003377161554943134
271,0.6207495873968492,0.599299113949544,1694050643.2293375,0.00510318915329699
272,0.6581418154538635,0.6339961002689042,1694050643.3264303,0.0001489400295760266
273,0.6569763240810202,0.6335016645352395,1694050643.4019723,8.382317314559591e-05
274,0.6542766091522881,0.6314294788199929,1694050643.4786537,4.728176377764923e-05
275,0.6036678769692423,0.5828585127028793,1694050644.0793183,0.19963009135635845
276,0.6580808402100525,0.6337968795544744,1694050644.175219,0.00016559426418212228
277,0.6525760240060015,0.6281987799814537,1694050644.2936823,0.0003963817559003475
278,0.6577829257314327,0.6340092632001678,1694050644.382219,0.00010893069108404835
279,0.6004808402100525,0.5765655054525565,1694050645.706738,7.7484025940111785
280,0.6565593398349587,0.6321034909695284,1694050645.7991226,0.0002455982822698278
281,0.6562818304576145,0.6329588062312416,1694050645.8816395,7.086866707273815e-05
282,0.6463788747186796,0.6224929996228294,1694050645.9957623,0.0006622594620932199
283,0.6581574193548387,0.6339777822733053,1694050646.0912132,0.00015041673871872655
284,0.6113656414103525,0.5908428064730792,1694050646.3260713,0.01814332843809205
285,0.6574557239309828,0.633053198962661,1694050646.419462,0.00020556374541800512
286,0.6515341635408852,0.629123338267514,1694050646.4865642,2.6704893278719657e-05
287,0.6578410202550639,0.6340231518443719,1694050646.5696905,0.00011048275046075131
288,0.6315650112528132,0.6091096017727816,1694050646.729384,0.0019612918336066668
289,0.6533915078769692,0.6290024194768942,1694050646.8414266,0.0003650452650514422
290,0.6549499774943734,0.6319804701138398,1694050646.9223714,5.450031467187079e-05
291,0.6581158889722432,0.6338618683995156,1694050647.0171285,0.0001612236816602552
292,0.6563766541635409,0.6319339494119023,1694050647.1142588,0.00025209021808529804
293,0.6414547636909227,0.6179343962508769,1694050647.2535806,0.0009552714462669552
294,0.6570836309077269,0.6335796661640396,1694050647.332552,8.640572890796515e-05
295,0.6579792948237059,0.6336863459662774,1694050647.425673,0.0001735220871956236
296,0.6507417254313578,0.6264721337241707,1694050647.5352998,0.0004681458094599507
297,0.6553230307576895,0.6308863952947374,1694050647.6314707,0.00029221289899949234
298,0.6004839609902476,0.5760849583630959,1694050648.6280165,27.90417003234594
299,0.6580285071267816,0.6341083855779919,1694050648.7196474,0.0001280897471682296
300,0.6544907426856714,0.6316104566125762,1694050648.7934737,4.9625030610287003e-05
301,0.6577577194298575,0.6333800951054316,1694050648.893518,0.00019045881954472154
302,0.6569230307576893,0.6334620506185276,1694050648.9822574,8.26813378221078e-05
303,0.6496355288822205,0.627581423490437,1694050649.040224,1.7007528355127477e-05
304,0.6486219954988747,0.6245122833671799,1694050649.1536832,0.0005583726986527939
305,0.6579814553638409,0.6340980254001531,1694050649.250825,0.00012145402391550961
306,0.5996149437359339,0.574388591852636,1694050650.9538512,105.21647102118636
307,0.6553338334583646,0.6308946784320917,1694050651.049511,0.0002918660238423133
308,0.6578820705176294,0.6335017896581602,1694050651.1525836,0.00018358147146312157
309,0.6357005251312828,0.6127958231166298,1694050651.2999377,0.0014408979577959767
310,0.6561543585896474,0.6328595086813286,1694050651.3870916,6.887136731443277e-05
311,0.6535619504876219,0.6308505100410644,1694050651.461047,4.119249164806812e-05
312,0.6153895273818454,0.5945075567237255,1694050651.721135,0.009581435653206797
313,0.6029124081020255,0.5816445951502757,1694050652.3693035,0.35136303250767403
314,0.6051608102025506,0.5848531722564246,1694050652.760149,0.09044663780044887
315,0.6268641560390098,0.6048593763513275,1694050652.9552004,0.002875438308912869
316,0.6577380345086272,0.6339996287352695,1694050653.0421045,0.00010764979921271704
317,0.654529632408102,0.6300676409504697,1694050653.1486704,0.00032359464408670305
318,0.6581166091522881,0.6338866427378256,1694050653.2369714,0.00015944506337288957
319,0.6574170742685671,0.6330164878977107,1694050653.329415,0.00020729206358573488
320,0.6445587396849213,0.6207121250916902,1694050653.4516761,0.000765051478433511
321,0.6515540885221305,0.627251999864667,1694050653.5614872,0.00043528940690713033
322,0.6201223105776444,0.5987380127236999,1694050653.777725,0.0054521399875213684
323,0.6577073068267066,0.6339811355675815,1694050653.8554401,0.00010572514256908967
324,0.6562506226556639,0.6329401378914645,1694050653.9453204,7.050414533935551e-05
325,0.6572475918979745,0.632790040435724,1694050654.0427327,0.00021826708374712877
326,0.6518243960990249,0.6293563171459642,1694050654.112503,2.8445388829326914e-05
327,0.6580918829707426,0.6338373693316315,1694050654.205191,0.00016343360943360663
328,0.654138574643661,0.6297223767629319,1694050654.3270233,0.000336886960045958
329,0.6555698124531133,0.6324445260023447,1694050654.405654,6.168003114456442e-05
330,0.6023965191297824,0.5806738164572877,1694050655.0752277,0.5750296094316005
331,0.6064809002250563,0.5861995949821104,1694050655.4357517,0.05828266598202783
332,0.6580186646661665,0.6341104375938924,1694050655.538191,0.00012459069888901778
333,0.657029137284321,0.6325858898782163,1694050655.6346688,0.00022692181289571468
334,0.6302811702925731,0.6079518393870137,1694050655.8161767,0.002168925206164499
335,0.6574348387096773,0.6337874452862492,1694050655.9052734,9.462344574659676e-05
336,0.6500083420855213,0.6258130612513735,1694050656.0178719,0.0004978433975153827
337,0.6580818004501127,0.6337965292102963,1694050656.1125169,0.00016561112886304076
338,0.6186204951237809,0.5973830315902342,1694050656.3327649,0.0064209793826156035
339,0.652739024756189,0.6301809022183393,1694050656.400086,3.487295064389596e-05
340,0.6554577044261065,0.631031362710727,1694050656.4956377,0.00028674893798767036
341,0.655362640660165,0.6322973564229499,1694050656.574603,5.932019258322845e-05
342,0.6085329332333084,0.5882226324140836,1694050656.9049838,0.032984554940226646
343,0.6131423255813954,0.5924224332984724,1694050657.160398,0.013460180217260479
344,0.6477138484621154,0.62606856225556,1694050657.2142198,1.0131996932231083e-05
345,0.6580304276069017,0.6341099871513776,1694050657.3066375,0.0001283213731105117
346,0.6402114928732183,0.616805537259804,1694050657.4503376,0.0010451477500073084
347,0.6573001650412602,0.6337165756639324,1694050657.5363686,9.133631109406944e-05
348,0.6500902025506377,0.6279133996237903,1694050657.5968478,1.89013816393806e-05
349,0.6573491372843212,0.6329054788424149,1694050657.685764,0.0002129662018589355
350,0.6016040810202551,0.5788928668523957,1694050658.433917,1.530663272489445
351,0.6523554088522131,0.6279877977124728,1694050658.5521078,0.00040524810535316443
352,0.6580894823705926,0.6338057883064321,1694050658.651146,0.00016513569564813378
353,0.6106548237059264,0.5901483742628758,1694050658.899328,0.0209655742818447
354,0.6568577344336084,0.6334186079404407,1694050658.9891899,8.149852554196846e-05
355,0.6534042310577645,0.6307298915454543,1694050659.0616276,3.9914064874890966e-05
356,0.5996687171792948,0.5744464737157784,1694050660.7565148,159.4540369015151
357,0.6458598649662416,0.6219934088248296,1694050660.882724,0.0006899809083810718
358,0.6554449812453114,0.6310200265741064,1694050660.977579,0.0002872599130299167
359,0.6104558139534884,0.5899517561051978,1694050661.2331865,0.02187461329573424
360,0.6580709977494372,0.6340730758897541,1694050661.318184,0.00013760948835840316
361,0.6553427156789198,0.6322833676804093,1694050661.3898926,5.906964552510446e-05
362,0.6046926931732933,0.5843250784570763,1694050661.7807908,0.10904839981661331
363,0.6566243960990248,0.6321548163916232,1694050661.8866045,0.00024342531026557841
364,0.6078456414103526,0.5875471938632513,1694050662.2166271,0.03931091601091238
365,0.6576890622655663,0.6339640938257743,1694050662.3040154,0.00010487608645477765
366,0.6503571492873218,0.6261333008547597,1694050662.4225454,0.0004836287338121902
367,0.6036769992498123,0.5828543085727419,1694050662.9906714,0.20237703864830542
368,0.6579017554388598,0.6335429550990894,1694050663.0952404,0.00018155616850809317
369,0.6574564441110278,0.6338056631835115,1694050663.1895561,9.560728070771939e-05
370,0.6550560840210052,0.630590905005077,1694050663.3104253,0.0003039968234096958
371,0.6131932183045761,0.5924733583272207,1694050663.5633192,0.013304226339339536
372,0.6581627006751688,0.6339811856167499,1694050663.670223,0.00015029040958388487
373,0.6546446211552888,0.631740609474748,1694050663.749269,5.129613863369031e-05
374,0.6580501125281321,0.633769077241482,1694050663.849727,0.00016743837417441864
375,0.652163120780195,0.6277975357991692,1694050663.9790103,0.00041240951994281426
376,0.6570365791447862,0.6335363986580417,1694050664.0623105,8.496633250983997e-05
377,0.6513344336084022,0.6289539718819768,1694050664.133805,2.5500157239555262e-05
378,0.6568923030757688,0.632398981259189,1694050664.2279716,0.00023370201502340246
379,0.6581425356339085,0.6340000291286159,1694050664.3290694,0.00014803563453196059
380,0.644927711927982,0.621103834907413,1694050664.4688199,0.0007416623035956377
381,0.6580433908477119,0.6341087859713382,1694050664.5620546,0.00012952860766011532
382,0.5995294823705926,0.5736681340749152,1694050666.7469704,6760.229628886295
383,0.6068239459864966,0.5865521413236363,1694050667.1402798,0.05239122226223541
384,0.5994805101275319,0.5736186604720478,1694050669.3808143,1361.312521465919
385,0.6221107276819206,0.6005307739323111,1694050669.5974748,0.004454107512948418
386,0.6011357239309827,0.5776996946800537,1694050670.5023196,3.334497299542998
387,0.6169847261815453,0.5959351091512302,1694050670.7700284,0.007789196128336208
388,0.6392502925731433,0.6159324545433433,1694050670.935335,0.001119652665640972
389,0.6545476369092272,0.6300950678946997,1694050671.0601318,0.00032261865995478385
390,0.6563058364591148,0.6329812282586413,1694050671.1549459,7.127223614768736e-05
391,0.6573248912228057,0.63286801703994,1694050671.2578926,0.00021468031849185469
392,0.6580121830457615,0.6341071593733684,1694050671.3553214,0.00012284968875093876
393,0.6023146586646662,0.5804947655576839,1694050672.104047,0.6294025125791143
394,0.6537463165791448,0.6309726300117234,1694050672.1828568,4.239200219195004e-05
395,0.6332989647411854,0.6106557457045801,1694050672.3292603,0.0017160222761413667
396,0.6579963390847712,0.6337050393306385,1694050672.4267325,0.000172063887437561
397,0.6486836909227307,0.6246059503856589,1694050672.5630302,0.0005543354314716519
398,0.6570723480870218,0.6335633501351727,1694050672.6419373,8.591109009833241e-05
399,0.6554360990247562,0.631013845501821,1694050672.7437704,0.0002875617098408989
