trial,score,test_score,time,alpha
0,0,0,1694024787.4559991,0
0,0.653729310706055,0.6462427776796469,1694024787.9377728,1
1,0.6521900366377111,0.6415783191865084,1694024789.1371052,46805.661787929566
2,0.6529804066141276,0.6448444260049631,1694024789.693323,2.9670337863034555
3,0.6521908760280853,0.6415779175344405,1694024790.8298402,53314.28627759007
4,0.6522810265542824,0.6422924017926462,1694024791.6292124,140.6565421742432
5,0.6523035222163128,0.642371235139444,1694024792.424902,94.90481478948041
6,0.6897104506116134,0.6789202770851561,1694024792.4905856,0.0014484214768350312
7,0.6521727451960009,0.641560609981693,1694024793.5898871,57908.79763853592
8,0.6864801406952569,0.6688575782844983,1694024793.6153612,1.1542570931089796e-05
9,0.6802550538015655,0.6702201646682194,1694024793.7036421,0.0033870657230750177
10,0.6560943770246096,0.6488880034286482,1694024793.9739976,0.22280007056164564
11,0.6522066565671216,0.6416614794214932,1694024795.0844646,622.0556197704323
12,0.694618366129994,0.6832838981793752,1694024795.147202,0.0009480925763015061
13,0.652187854222738,0.6415875389271599,1694024796.2659998,4265.130816203875
14,0.6521816427339683,0.6415760918432225,1694024797.4256566,68234.93336165012
15,0.7020575472610355,0.689582131229772,1694024797.4758387,0.000434933053657051
16,0.6525773313564011,0.6435968399110705,1694024798.2846165,9.40458074072968
17,0.6867923939144869,0.6692217854255983,1694024798.3098423,1.2298750087705017e-05
18,0.6592110334842893,0.6517160538962304,1694024798.4939623,0.07340283376002159
19,0.6920939835184021,0.6751357652453205,1694024798.5255125,2.764398058709467e-05
20,0.6521972553949298,0.6416229755937034,1694024800.6162999,36857.82274702113
21,0.6560480426759496,0.6488258934134081,1694024801.0305347,0.22986162298257523
22,0.6521979269072291,0.6416029295041286,1694024802.4171698,30886.81080197668
23,0.6522031311275497,0.6416472572869042,1694024803.5755148,729.5580592230899
24,0.6521873505885133,0.6415919205860834,1694024804.7985005,4601.43176070148
25,0.7003341109445761,0.6882168245661359,1694024804.853737,0.000539081235399783
26,0.6981275215286842,0.6821467846610901,1694024804.8891258,5.6167600380288067e-05
27,0.6525511423767237,0.6435220048280403,1694024805.7927175,10.172488645739893
28,0.701336678807609,0.6890200191606293,1694024805.8447955,0.0004783236309877458
29,0.6522563484772788,0.6422227516726754,1694024806.7154794,215.6759278660995
30,0.6576198850908153,0.6502968710847481,1694024806.9932766,0.12146148918794752
31,0.6532196328707958,0.6454461190597143,1694024807.5379097,1.9014645549725449
32,0.6521903723938608,0.6416166587020887,1694024808.6710818,23752.85619875721
33,0.6533185130568852,0.64561550669093,1694024809.1097224,1.6480152435564184
34,0.7037435467668025,0.6890127711664935,1694024809.1510906,0.0001207629820990836
35,0.7029446150085685,0.6902459160428508,1694024809.20554,0.0003821501829618518
36,0.6530003841050351,0.6449008398636027,1694024810.2021356,2.831564879425135
37,0.653271339317851,0.6455371297669368,1694024810.812442,1.7540452814784062
38,0.6524243944302084,0.6429003387113633,1694024811.6552932,23.774010011694994
39,0.6581005200191247,0.6507220380556206,1694024811.9183483,0.10350335702171634
40,0.6523973660601567,0.6427616409495237,1694024812.748588,31.48118635476846
41,0.6584537354886192,0.6510211227909707,1694024813.0531392,0.09311079376796777
42,0.6524626706312753,0.6431051264952982,1694024813.899331,17.34447407214209
43,0.6522088389820948,0.6416926439705863,1694024815.1081915,472.1170348983452
44,0.6990842586772819,0.6871905670186144,1694024815.1700432,0.0006162246976597649
45,0.6601558512895722,0.6525438588083439,1694024815.35668,0.05698462384888514
46,0.6536718964044546,0.6461566233110645,1694024815.7769547,1.060060356353072
47,0.6522899240922497,0.6421659179050558,1694024816.877005,73.56492544420182
48,0.6800819715063902,0.6700604714573717,1694024816.9762564,0.0034418860381589316
49,0.6529411231446115,0.6446942081315373,1694024817.58148,3.5270257423892493
50,0.6524638457777993,0.6430874720612191,1694024818.4587119,17.754499770157615
51,0.652184328783166,0.6415805282728825,1694024819.764547,9015.9534460658
52,0.6614224913643518,0.6536078351364316,1694024819.9830282,0.04251438335965415
53,0.6524212047467861,0.6429013976122697,1694024820.935841,23.744921064325638
54,0.6962043103031474,0.684679949483124,1694024821.0086343,0.0008212285159374713
55,0.6537947831552482,0.646311149815765,1694024821.5194428,0.950475980278073
56,0.698298925043111,0.6865275855096713,1694024821.5931625,0.0006675042661589419
57,0.6521851681735402,0.6415768038627976,1694024823.6024044,15269.6960175613
58,0.6562416060962573,0.649037929191479,1694024823.896847,0.20807538813118442
59,0.6521935620772831,0.6416014324373297,1694024825.1394207,2003.92295880657
60,0.6570982879122413,0.6498258427504768,1694024825.4212914,0.14715094205552748
61,0.6521886936131123,0.641586333970956,1694024826.5982687,11134.632494184472
62,0.6578668337389267,0.6505133067786546,1694024826.8667943,0.1117511942786209
63,0.665260184155533,0.6568718606668975,1694024826.9976287,0.02049958319497457
64,0.6527927189264399,0.6442921726683983,1694024827.6009178,5.2648706141284425
65,0.6521922190526842,0.6416067269418622,1694024828.7864091,2847.3213916492386
66,0.6521960802484059,0.6415834676357435,1694024829.9912198,4075.145481426618
67,0.6525764919660269,0.6436281140016367,1694024831.2954614,9.054848131237197
68,0.7000309231413883,0.6844007100113148,1694024831.334603,7.024511214869067e-05
69,0.6525736380387543,0.6435976614721187,1694024832.134519,9.390010398230771
70,0.6820923114527765,0.6719194997971201,1694024832.2197325,0.0028479809882330062
71,0.6522271376922539,0.6418162615229642,1694024833.4079466,211.80416007795029
72,0.6521886936131122,0.6415853663546104,1694024834.6490004,8841.234773995931
73,0.6534232689755946,0.6458039727953752,1694024835.0836055,1.4039114275908937
74,0.6525377121307354,0.643463874819656,1694024835.9840074,10.85513186739742
75,0.6961724134689251,0.6797861476591671,1694024836.0195549,4.473816056147972e-05
76,0.653029762768135,0.645009176380485,1694024836.6695554,2.516212389492403
77,0.705116789419115,0.6911316866511392,1694024836.7223415,0.00019582486540065415
78,0.6525066546868872,0.6432688909975622,1694024837.645982,13.983904954700176
79,0.6613291511547326,0.6535357385902286,1694024837.8334517,0.04330155279524335
80,0.6522093426163194,0.6416857976285184,1694024839.0657973,475.9708361650613
81,0.692912892767544,0.6760531020547699,1694024839.1008396,3.0573232865931535e-05
82,0.7039471828716015,0.6892630734324957,1694024839.1439924,0.00012536640758091332
83,0.6523078870462591,0.6424405931488198,1694024840.0582008,69.22008866241924
84,0.6534388816365561,0.6458058897711542,1694024840.5150404,1.401318872032174
85,0.6528078279531768,0.6443130950897578,1694024841.5123668,5.204915893869181
86,0.6521913796623099,0.6415997345444968,1694024843.3290849,2735.7092565275625
87,0.6540627165627165,0.6466464380079701,1694024843.7322996,0.7540087600119111
88,0.6521932263211333,0.6416168412712104,1694024844.9177687,1263.1188643489068
89,0.6534931062547342,0.6459319902635887,1694024845.3417716,1.2660075420970387
90,0.6521829857585671,0.641580984695687,1694024846.5780513,18501.499674563634
91,0.6523483456622992,0.6425716960351919,1694024847.449029,46.69578873082774
92,0.704196313934686,0.6910069554271181,1694024847.497947,0.00030709192326475025
93,0.6612287600659693,0.6534575077215328,1694024847.6835036,0.04421114404851374
94,0.6521838251489415,0.6416035137253183,1694024848.8196678,4547.253432358273
95,0.662842404121474,0.6548008878336393,1694024849.000241,0.03183113383152383
96,0.6967985986881335,0.6851927678893777,1694024849.0666666,0.0007767076712899181
97,0.6545532562974423,0.6472075642038548,1694024849.490288,0.5323694084590286
98,0.6587547408768339,0.6513010560254429,1694024849.6975644,0.08468602496654738
99,0.6524776117799373,0.6431901854491497,1694024851.2107353,15.463196203866032
100,0.6559918035208733,0.6487969927214255,1694024852.0927892,0.23316476356729948
101,0.6783874102188056,0.6684822161700559,1694024852.1895983,0.004066507456214141
102,0.6573489298779996,0.6500621602217485,1694024852.4471254,0.13326684512460657
103,0.6569659999892558,0.6497035031819517,1694024852.7129471,0.15500308627687037
104,0.6521989341756783,0.6416068729971598,1694024853.800239,10573.494866270543
105,0.6521895330034866,0.6415867721368483,1694024854.9567091,62540.683084850505
106,0.6524604882163022,0.6431086865931734,1694024855.8539138,17.206335788177306
107,0.6997169911414098,0.6840664624631039,1694024855.888482,6.78955367051596e-05
108,0.6522711217478658,0.64223065691565,1694024856.7153392,213.78989597416376
109,0.652338105099733,0.6424853408405757,1694024857.5486484,61.214460288800026
110,0.6521985984195287,0.6416443909516917,1694024858.616073,1820.6592429297884
111,0.6631820214669052,0.6550968871508309,1694024858.8048706,0.029820393304317985
112,0.6949163497128613,0.6783376625036343,1694024858.8559496,3.8797249844466555e-05
113,0.6525091728580101,0.6433166875936522,1694024859.6952767,13.128592383211155
114,0.7049950778148453,0.6908224510726164,1694024859.7543588,0.00017383858694047745
115,0.6522079995917205,0.641709458586705,1694024860.9312584,393.8177545690031
116,0.6522036347617742,0.6416396258976125,1694024862.1382334,879.4945969320643
117,0.6576015863806561,0.6502852779455132,1694024862.4851422,0.12197416886441645
118,0.6521883578569625,0.6415802909330239,1694024863.91476,27414.167301327867
119,0.7002169320483274,0.6881091452980919,1694024863.9714124,0.0005467615141742933
120,0.6521928905649835,0.6415569768561689,1694024865.1385355,26659.898846334065
121,0.6548124600450183,0.6474867306480154,1694024865.573405,0.4517485301500142
122,0.6522128680558913,0.6417000380200195,1694024866.7922518,426.51706571407567
123,0.6522192474227357,0.6417281719216906,1694024868.0532832,337.44418984299904
124,0.6521806354655192,0.6415764022107294,1694024869.279067,64878.2596261547
125,0.6521870148323636,0.6415561552951207,1694024870.3767984,54048.03900248137
126,0.6913583417943883,0.6743100233642834,1694024870.4081314,2.5171624611015254e-05
127,0.6876509223892945,0.6701993335314208,1694024870.4324775,1.4444841317899212e-05
128,0.6530049168130563,0.6449391063515342,1694024870.984643,2.709587313467448
129,0.6903074250457971,0.6731382217128543,1694024871.0162919,2.1816052948390917e-05
130,0.6523700019339554,0.6426673987688452,1694024871.9484656,37.57044666911908
131,0.6530972497542264,0.6451449530363755,1694024872.5726945,2.2337060301837375
132,0.6523510317114968,0.642576734942954,1694024873.402521,46.3003166302247
133,0.6557822916834545,0.6485737289423634,1694024873.6734529,0.2590639862153379
134,0.6758082993548111,0.6661177817303993,1694024873.7641816,0.005305356684021587
135,0.6521851681735402,0.6415799988224292,1694024874.9609199,31382.634548710113
136,0.6522889168238005,0.6422710959761309,1694024875.816293,191.73191144649377
137,0.6864890382332243,0.6688686054594557,1694024875.8417478,1.156749639048166e-05
138,0.7026061728096612,0.6875040382007631,1694024875.8808722,9.846403953447067e-05
139,0.6524477294826131,0.6429895602411921,1694024876.7327526,20.745430485872657
140,0.6725580119475468,0.6632260511531295,1694024876.8573477,0.007592211011082306
141,0.6576751169774425,0.6503431888709514,1694024877.1346474,0.11918367507005621
142,0.6522088389820948,0.6416601831807284,1694024878.42587,653.5987891819375
143,0.6623810751717728,0.654415867812653,1694024878.6189055,0.034790076345683284
144,0.6521802997093694,0.6415827191023441,1694024879.8870273,18116.987004014878
145,0.6522800192858332,0.6422709499208334,1694024880.8125486,160.14788748444087
146,0.6529518673414022,0.6447505854763524,1694024881.4244761,3.3057073797299976
147,0.6986383745104675,0.6868228545503756,1694024881.4882452,0.0006451316670144307
148,0.6575309097111423,0.6502312557423695,1694024881.7596328,0.12471362322154626
149,0.652208503225945,0.641700987379453,1694024882.999217,425.41999527477395
150,0.6521737524644502,0.6415494550083503,1694024884.6180844,80903.66299353584
151,0.6978785583436746,0.6818397216551169,1694024884.6519647,5.4515969665481484e-05
152,0.7051119209549441,0.6913044518111086,1694024884.7027924,0.0002226004664357218
153,0.6522331813029488,0.6418040659056272,1694024885.7698302,251.44748725363985
154,0.6521928905649836,0.6416012681251202,1694024886.9186645,2176.775793100353
155,0.7007860387220852,0.6853284897745316,1694024886.9600987,7.721978247539846e-05
156,0.6521996056879777,0.6416283431258847,1694024888.0878506,1968.699800169982
157,0.6522032990056247,0.6416487908675275,1694024889.2677367,736.7550890159883
158,0.65233004695214,0.6424083331849959,1694024890.1806307,76.24523933913584
159,0.6640977963652382,0.6558789950117552,1694024890.3239985,0.025076340877114175
160,0.6556332159529834,0.648423638867323,1694024890.6226487,0.2788731134512191
161,0.6610414081344314,0.6533038027778805,1694024890.8173904,0.04606397295112705
162,0.652190036637711,0.6415954806839587,1694024892.062265,2538.9879938381378
163,0.6656756823907986,0.6572222838393008,1694024892.214203,0.019196469747900173
164,0.6665360575244297,0.6579689732905939,1694024892.3557363,0.01681704795219409
165,0.652186679076214,0.6415651924666503,1694024893.5701954,22537.64699720567
166,0.6521863433200642,0.6415781366173867,1694024894.7865665,15844.315327432209
167,0.6521808033435941,0.6415880866345254,1694024895.9599836,48611.74977837184
168,0.6522071602013462,0.6416490464642979,1694024897.0933378,1189.842649888815
169,0.7004227505680993,0.6849101691457271,1694024897.1408541,7.398712919801347e-05
170,0.7011855885402397,0.6857990799429106,1694024897.1802347,8.111581129304106e-05
171,0.6529239995809764,0.6446494421828695,1694024897.7186027,3.722380398935209
172,0.6521938978334326,0.6415905330607576,1694024898.8297136,3646.1766814537673
173,0.6521910439061602,0.6415908616851769,1694024899.9507914,6949.901345013947
174,0.6524220441371604,0.6428937479660659,1694024900.768782,23.36074714479137
175,0.6521863433200642,0.6415851837854887,1694024901.9047852,36144.80947374719
176,0.7038736522748151,0.6908158055565825,1694024901.9662273,0.0003302600271961427
177,0.688236648992463,0.6775814977149192,1694024902.0348752,0.0016436498324632163
178,0.665078707956615,0.656715508470979,1694024902.162195,0.021132538549322816
179,0.679359424272215,0.6693740298162761,1694024902.2508926,0.003698700864553906
180,0.6681970431970432,0.6593754492911982,1694024902.3760338,0.013244949988902877
181,0.7047083420629932,0.6903243659944928,1694024902.418666,0.00015291678666200118
182,0.6601662597302131,0.6525580261721964,1694024902.609063,0.05667629255064158
183,0.6896834222415618,0.6724117426633458,1694024902.6620173,1.9849061042124334e-05
184,0.6530586377970099,0.6450619388566883,1694024903.3389368,2.3868034765608064
185,0.6521828178804924,0.641579469371976,1694024904.5147808,28726.515307540132
186,0.6556083699979048,0.6483970750600995,1694024904.7924738,0.28265191395888833
187,0.6524586415574789,0.643104104108216,1694024905.6072748,17.439436312343098
188,0.6525036328815398,0.6433108453817544,1694024906.4059384,13.12573059133154
189,0.6521886936131123,0.6415946408659985,1694024907.572132,21567.09646344694
190,0.6522362031082962,0.641803536455174,1694024908.729567,221.4065833235764
191,0.6521955766141813,0.6416114919959415,1694024909.8867385,1770.9621612429846
192,0.6646700927224183,0.6563469014140434,1694024910.0521188,0.0228293790505407
193,0.6521813069778185,0.641558309610758,1694024911.2184353,11875.35125547611
194,0.6976527623329949,0.6859709505141831,1694024911.2813215,0.0007113647512898565
195,0.6576548037303851,0.650324603334351,1694024911.544902,0.12017736817300144
196,0.6522761580901115,0.6422306934294741,1694024912.3585186,236.87527644035205
197,0.6649502812293511,0.6565987007468447,1694024912.4846597,0.021605474942716748
198,0.6521989341756784,0.6416353720370743,1694024913.6112037,7266.7850416186975
199,0.6521918832965344,0.6415891637923441,1694024914.7671683,4041.649252829224
200,0.7018221822000892,0.6894191335178195,1694024914.8159034,0.0004479001459887988
201,0.6858803123338008,0.6753774137349489,1694024914.9102604,0.0020298288332942166
202,0.693674723471235,0.6768952203860332,1694024914.978139,3.344635436886071e-05
203,0.6521871827104385,0.6415923952658001,1694024916.091509,3865.524986732679
204,0.6642173255545349,0.6559711559044451,1694024916.2560308,0.02467454097977628
205,0.6587025307955541,0.6512670433980494,1694024916.444001,0.08559872259382427
206,0.6762751682809822,0.6665416159466825,1694024916.5527658,0.005054227918637614
207,0.704974596689713,0.6907624588591895,1694024916.5978713,0.00017071783216601906
208,0.6551356253391136,0.6478772459995683,1694024916.8675447,0.3710158109685475
209,0.6847934696771906,0.6744264842070864,1694024916.9524584,0.002224183070810204
210,0.6528768258419421,0.6445056324856193,1694024917.4863698,4.280873053438604
211,0.693271312457359,0.6821080434934419,1694024917.5488927,0.0010657380640928873
212,0.6534754790568744,0.6459038381050055,1694024917.9488728,1.2997888925764185
213,0.6521871827104385,0.6415795971703613,1694024919.058861,30426.97932767412
214,0.6604907680489076,0.6528390365644873,1694024919.256696,0.05228017872964639
215,0.6521856718077648,0.6416142305327687,1694024920.5993357,34849.04597057341
216,0.6945821044658254,0.6779605294687103,1694024920.7675645,3.733010079414992e-05
217,0.6529389407296384,0.644782808926352,1694024922.3867512,3.0764593627273786
218,0.6525922725050631,0.6436554445991717,1694024923.5519464,9.953479169264408
219,0.6522642387467968,0.642095756591544,1694024924.5523152,41450.82487390805
220,0.6521787888066958,0.6415827373592563,1694024925.7181513,17858.76046725689
221,0.6534920989862851,0.645916198034552,1694024926.1246073,1.2854680747231289
222,0.6522113571532177,0.6417094768436172,1694024927.2481186,393.42450009266327
223,0.6521967517607052,0.6416059236377263,1694024928.3466504,57418.628676962544
224,0.6522291522291522,0.6418003232386301,1694024929.5376048,231.74087350870175
225,0.6521898687596361,0.6416006108762816,1694024930.7048159,34638.55285246365
226,0.6521829857585671,0.6415796336841855,1694024931.9377568,24487.237485636422
227,0.654251915153078,0.6468585650706017,1694024932.4665248,0.6571607460801834
228,0.6523651334697846,0.6426426058821032,1694024933.5165956,39.71387904883595
229,0.6988911988911989,0.6870376288652736,1694024933.5881882,0.0006287765394387512
230,0.6559877744470768,0.6487844137089329,1694024933.9359484,0.234549614860075
231,0.6521863433200642,0.6415791407475566,1694024935.3235395,4583.971284491506
232,0.6527710626547836,0.6441900800154818,1694024935.9430988,5.919986311480372
233,0.6743066299752346,0.6647704398683494,1694024936.0586905,0.006230688534907847
234,0.7049554585891795,0.6907290852237226,1694024936.1074426,0.00016900226597733694
235,0.6855999559487932,0.6751078686835077,1694024936.2005432,0.0020823418054679997
236,0.7050229455752711,0.690886551091284,1694024936.2429578,0.00017779749909066034
237,0.6850813805755666,0.6746512450529474,1694024936.333266,0.002176728694174709
238,0.6594646972553949,0.6519375467548111,1694024936.5455496,0.06851727785379438
239,0.6918608008724288,0.6748755859898281,1694024936.5785158,2.6852536082872263e-05
240,0.6521927226869086,0.6416037693220888,1694024937.8206286,2438.411336317359
241,0.6579318025538956,0.6505776989079172,1694024938.1491945,0.10916982573970803
242,0.6528284769563839,0.6443975515655075,1694024938.7584867,4.717258166089898
243,0.6524166720387651,0.6428979470558676,1694024939.6913495,22.979477395537874
244,0.7051010088800787,0.691263556327823,1694024939.7416086,0.0002130198451561144
245,0.6996167679307215,0.6839607366846633,1694024939.7784224,6.715465435458953e-05
246,0.7032150665871596,0.6904085851303841,1694024939.8377628,0.0003675548242242903
247,0.6521902045157859,0.64158109423716,1694024941.0737286,72819.42298533786
248,0.7033374497037288,0.6884322561298724,1694024941.1178946,0.00011095641591683184
249,0.6567655535678791,0.6495133026708494,1694024941.3992562,0.16848421339207806
250,0.6521902045157859,0.6415871737889163,1694024943.072395,5631.491997946113
251,0.6527502457735015,0.6440762664249451,1694024943.637061,6.962360828274878
252,0.6878485148833986,0.6704283117239956,1694024943.684652,1.4973961553509686e-05
253,0.6521891972473368,0.6415935089374432,1694024944.868552,7709.492856504802
254,0.6594082902222438,0.6518964504454915,1694024945.0830085,0.06941872489554493
255,0.7013679041295321,0.6890577744550198,1694024945.1324615,0.00047566596476156725
256,0.6644807262539821,0.6562003714368784,1694024945.2996848,0.02353955814542344
257,0.6525830392109462,0.6436550794609281,1694024946.0934474,8.739393991193996
258,0.6909359605580536,0.6738567955193886,1694024946.1235914,2.384799106784654e-05
259,0.6524054242077498,0.6428186938000896,1694024946.961865,27.107234521660192
260,0.652593783407737,0.6435884234745551,1694024947.621364,12.620135073258863
261,0.6863946907551559,0.675843494446019,1694024947.7107642,0.0019406142726722474
262,0.6565778658801915,0.6493401176018997,1694024947.997858,0.18204451670860847
263,0.6957337480593295,0.6842227416313738,1694024948.067131,0.0008612904556831908
264,0.6883899216748055,0.6710074940060275,1694024948.0933373,1.634174370640158e-05
265,0.6527326185756419,0.6440518751902713,1694024948.7268643,6.905557398887261
266,0.6556085378759797,0.6483902287180316,1694024949.0304966,0.284164908080587
267,0.6521907081500105,0.6415969047231088,1694024950.30023,2633.7010714167377
268,0.6942265387032829,0.6829711755306257,1694024950.3730955,0.0009784903335334544
269,0.6558224145433448,0.6486116485489635,1694024950.6793242,0.2546774375947766
270,0.6523367620751342,0.6425632430848522,1694024951.6567366,47.26561632343792
271,0.6967947374924119,0.6805682737770037,1694024951.6920924,4.8233224912168104e-05
272,0.6622355248808737,0.6542964128362524,1694024951.9078875,0.035757429317342576
273,0.6523062082655106,0.6424282697330976,1694024952.8228652,72.50417770785523
274,0.6821920310292404,0.6720032625102068,1694024952.914167,0.0028230526020050282
275,0.6612954076616868,0.6535053408314472,1694024953.1018083,0.0436287956479236
276,0.652768376605586,0.644184949823159,1694024953.7285345,5.937956174208428
277,0.6575468581282535,0.6502395261235875,1694024954.012391,0.12426703114776802
278,0.6521883578569624,0.6415920301275564,1694024955.3660045,5858.885716245688
279,0.6521881899788876,0.6415926143487464,1694024956.5517383,3970.203616209342
280,0.6521844966612409,0.6415813680908428,1694024957.8409681,2186.5979008698514
281,0.6565610780727059,0.6493314273117017,1694024958.1248379,0.1831098331478721
282,0.6965333513298628,0.6849659257555281,1694024958.1885154,0.0007967094269512695
283,0.6524165041606902,0.6428905895202587,1694024959.0383961,24.469834465874303
284,0.6564457458352807,0.6492338623730061,1694024959.317775,0.1912272653419286
285,0.6535918185627487,0.6460528875360517,1694024959.7484415,1.1430644227437454
286,0.6523842715703181,0.6427334157632918,1694024960.6230664,32.39780474475172
287,0.6521902045157859,0.6415797067118343,1694024962.2182539,25085.071622328443
288,0.6522026274933251,0.6416568239088871,1694024963.528422,1209.1975716419067
289,0.7049732536651141,0.6907620389502092,1694024963.5810566,0.00017067359346776181
290,0.652183153636642,0.6415793963443271,1694024964.85636,11874.684789059687
291,0.6523562359318174,0.6424909274557031,1694024965.9003515,58.975730246061076
292,0.6670341517725239,0.6583854864850927,1694024966.0353477,0.015640547505521154
293,0.6523013398013399,0.6422359879340067,1694024966.9246392,199.4940216696162
294,0.6544772075295331,0.6471185800138843,1694024967.3546176,0.5618743306727529
295,0.6528284769563839,0.644467895448141,1694024968.0834892,4.076858499772283
296,0.6527992661713591,0.644296974236302,1694024968.7188106,5.226933038327326
297,0.7039127678662562,0.6908409270677437,1694024968.7824388,0.00032725967326150757
298,0.661491657131192,0.6536758238773938,1694024968.9802504,0.041669777625393416
299,0.656069531069531,0.6488441503255892,1694024969.2913475,0.22769181155947357
300,0.6946793058711663,0.6780801670142327,1694024969.32306,3.777904641845292e-05
301,0.6522694429671173,0.6422473802472077,1694024970.1638591,172.71303166192092
302,0.6659127262324938,0.657418618672896,1694024970.2953403,0.01853735187547409
303,0.6544120708364893,0.6470457166773698,1694024970.7364597,0.5868520936549055
304,0.6521850002954654,0.6415800170793413,1694024971.9401448,30239.74002902691
305,0.6521794603189952,0.6416022722552901,1694024973.094539,4782.81179155129
306,0.6756901131901133,0.6659928131665199,1694024973.2063162,0.00538222397396763
307,0.6581967141560164,0.6508029892042314,1694024973.405427,0.10062757987174274
308,0.652809842490075,0.6443104295805793,1694024974.015763,5.156345848730751
309,0.7047944635153938,0.6904350759099587,1694024974.0556557,0.00015660988752068885
310,0.6522031311275498,0.6416337289149779,1694024975.3437243,915.8909874856253
311,0.6663523989105384,0.6578134791695478,1694024975.4790156,0.017279039634867696
312,0.7045018520309217,0.6900244962119189,1694024975.5209172,0.0001433133139520651
313,0.6522810265542824,0.6423164278890765,1694024976.399362,118.03165184536927
314,0.6534168896087501,0.6458023844440154,1694024976.8373847,1.4095561502385292
315,0.6892489537838375,0.6719590625258165,1694024976.870153,1.8663969221813177e-05
316,0.652881694306113,0.6445177550753076,1694024977.457881,4.244593760846424
317,0.6522810265542823,0.6421660639603534,1694024978.5007873,438.620014054641
318,0.6898778250522437,0.6726354263513881,1694024978.532715,2.043744870622664e-05
319,0.6523716807147041,0.6426650071133494,1694024979.4501593,37.65964372009885
320,0.6809250551983109,0.6708477095106188,1694024979.5493424,0.0031726276975471814
321,0.65608228980322,0.6488653831144557,1694024979.8432398,0.22530098057488054
322,0.6975540500249802,0.6814874362776712,1694024979.92182,5.268344920914782e-05
323,0.6531333435403204,0.6452208652772244,1694024980.7061381,2.100318845371373
324,0.6521885257350373,0.6415926326056586,1694024981.8917155,24450.575548767745
325,0.6694739238343889,0.6604749170565659,1694024982.0297194,0.011172672712938488
326,0.6958700650561116,0.6794136701368493,1694024982.2063787,4.318906383748432e-05
327,0.6522024596152503,0.6416478780219182,1694024983.743844,3035.7309147235005
328,0.6521987662976035,0.6416099036445818,1694024985.0293727,29918.213201037936
329,0.6539646757670013,0.6465307987262152,1694024985.438043,0.8141557715253053
330,0.6522759902120367,0.6421269576544614,1694024986.3868525,12164.516292826978
331,0.6521908760280853,0.6415896749858851,1694024987.5893283,12201.244378517062
332,0.6522308310099008,0.6418047961821145,1694024988.8255773,221.4072307159465
333,0.6521974232730047,0.6416123683277262,1694024990.1242878,2057.1848697942223
334,0.7023630853572714,0.6898119857541314,1694024990.180386,0.0004169100257322409
335,0.6522588666484015,0.642093638789731,1694024991.168901,2853.586253096066
336,0.6571629209710605,0.6498840457865102,1694024991.456819,0.14335843179549104
337,0.6728303101849613,0.6634604333917099,1694024991.59042,0.007359873738653692
338,0.6528890809414065,0.6445460898030124,1694024992.2750475,4.155494358292867
339,0.6521767742697975,0.641567675406707,1694024993.4275448,3757.788631733258
340,0.6561930893326242,0.6489702873318481,1694024993.7578535,0.2146280788004229
341,0.6986466005361354,0.682812285623914,1694024993.7916925,5.993598945114525e-05
342,0.6727092700929911,0.6633565698183118,1694024993.9124873,0.007460755408492914
343,0.6731133526191666,0.6637105530885903,1694024994.0504274,0.007130324899773248
344,0.652297646483693,0.642374064960832,1694024995.397091,93.43603029661892
345,0.6521991020537532,0.6415724769746106,1694024996.5862257,35535.250128010404
346,0.6529686551488878,0.6447885781106013,1694024997.1577725,3.1730307133969706
347,0.6801011096069235,0.6700759533189012,1694024997.2482166,0.0034365704995163366
348,0.6522905956045492,0.6423356889314276,1694024998.0829222,107.47285859323314
349,0.7043042595368176,0.6910643916728397,1694024998.1383207,0.0003001028478576983
350,0.6954775661171009,0.6789743175452121,1694024998.1737669,4.1332430034564677e-05
351,0.6523933369863603,0.6427587746143113,1694024998.991768,30.90845811831723
352,0.6601385598478622,0.6525385643038114,1694024999.177481,0.05721675258619436
353,0.6553748515957819,0.6481509353700745,1694024999.4618888,0.32216420731656664
354,0.6979457095736166,0.6819174048164474,1694024999.5005906,5.4931880645373295e-05
355,0.6543152051872982,0.6469380556662381,1694024999.9217877,0.626438146159666
356,0.6525284788366184,0.6434076070163139,1694025000.7338505,11.519725495787265
357,0.6521833215147168,0.6415746312902478,1694025001.8903503,66852.65806339573
358,0.6884087240191891,0.671030844596707,1694025001.9162483,1.6394527037707797e-05
359,0.6533923794098212,0.6457213967815802,1694025002.4142723,1.4705088372657675
360,0.6540983067145858,0.6466814912793576,1694025003.0071437,0.7373456718290995
361,0.6524572985328798,0.6430867782985562,1694025004.0106554,17.84070235772126
362,0.6521980947853041,0.6416029112472165,1694025005.244565,3402.0001718795043
363,0.6538117388408087,0.6463243130494476,1694025005.671606,0.9557165157595743
364,0.6528251193948867,0.6443394945847716,1694025006.2228928,5.318775679497077
365,0.6536875090654161,0.6461569701923959,1694025006.687118,1.0605842607573706
366,0.6521964160045557,0.6416390051625983,1694025007.8901145,921.3408762303937
367,0.6522046420302234,0.6415643526486899,1694025009.06544,11731.43504883993
368,0.6665281672549115,0.6579560473967697,1694025009.2220128,0.01685039697373422
369,0.6522719611382402,0.6422642861478873,1694025010.1683853,175.37595920236222
370,0.6523681552751321,0.6426945833110826,1694025011.095505,35.28251088034057
371,0.6603588158820717,0.6527260993057352,1694025011.277066,0.054060283827622534
372,0.6521871827104385,0.6416111816284343,1694025012.722665,1083.8270692734523
373,0.6523399517585564,0.6423671273342032,1694025013.77382,89.23531728663254
374,0.6539473843252913,0.6465032125319097,1694025014.2845564,0.8293401588827942
375,0.6527777777777779,0.6442791920038377,1694025014.9053345,5.238718987613771
376,0.6521839930270162,0.6415672007269904,1694025016.1029203,30859.885627922613
377,0.6524131465991931,0.6428635875471428,1694025016.945906,25.217436141790806
378,0.6524212047467861,0.6429468390666884,1694025017.8024654,22.331158091828893
379,0.6597019089751648,0.6521577616295389,1694025017.991036,0.0640322726740822
380,0.6522063208109721,0.6416604022636746,1694025019.224463,659.2420272362941
381,0.6521870148323636,0.6415876849824573,1694025021.023563,5294.681520623387
382,0.6686763351007536,0.6597634817026944,1694025021.1493306,0.012442560992912379
383,0.6659694690217945,0.6574701944498074,1694025021.285095,0.018370361870222285
384,0.6523298790740651,0.6425310196348526,1694025022.512885,53.94668035069537
385,0.6724173301208185,0.6630823875111767,1694025022.8993607,0.00773658396951938
386,0.6994221972419647,0.6837318315197374,1694025022.944038,6.563572025315512e-05
387,0.6725457568480825,0.6632146405830163,1694025023.0717332,0.007603100238439877
388,0.6522931137756719,0.6423602992490475,1694025023.9205308,93.49439472669627
389,0.6536910345049879,0.6461598182706961,1694025024.3644598,1.063297668623837
390,0.6527645154098642,0.644135948270865,1694025024.9368103,6.318804877614796
391,0.6524697215104192,0.6430827982917008,1694025025.7052374,18.296808555911223
392,0.6530912061435317,0.6451377780698884,1694025026.3339868,2.2441026769412074
393,0.6521824821243426,0.6415845995642988,1694025027.4382,41023.996884996544
394,0.6521952408580316,0.6416183200810972,1694025028.5849378,1278.3038226126987
395,0.6521870148323636,0.641574832116282,1694025029.7331953,43034.98784962797
396,0.6522979822398427,0.6423775520310586,1694025030.5773578,85.79162760592553
397,0.6521965838826305,0.6416270103712954,1694025031.7406647,1040.2575959434246
398,0.6522125322997416,0.6417326996359115,1694025032.905756,326.4634183682206
399,0.6521876863446631,0.6415814593754037,1694025034.2375295,25761.736831739716
