trial,score,test_score,time,alpha
0,0,0,1694024793.0596144,0
0,-0.008314687014684852,-0.0386089247513135,1694024793.0747814,squared_error,l2,1
1,-1948147810.587974,-4087113324.5109024,1694024793.08336,squared_error,None,0.0011079559582029609
2,0.04647525211982406,0.026153038751842272,1694024793.1164336,epsilon_insensitive,l1,0.0009572268915979561
3,-76282102.48988235,-4709045469.804036,1694024793.1250677,squared_error,None,7.086668432729146e-05
4,-112312469.18191995,-479970923.3872652,1694024793.1335545,squared_error,None,2.146114306792388
5,-0.03733599935761944,-0.05227788023227742,1694024793.1530514,epsilon_insensitive,l2,77376.82209611357
6,-0.13628999318200252,-0.23575185344379745,1694024793.1731818,epsilon_insensitive,None,0.008632597332881076
7,-0.04552302133232278,-0.08783769796280483,1694024793.1891391,epsilon_insensitive,l2,0.8236289299581947
8,-0.014741300091497544,-0.04983635072707049,1694024793.234777,squared_error,elasticnet,0.13821649582619377
9,-0.008780568015062995,-0.01221254582537612,1694024793.2499928,epsilon_insensitive,elasticnet,27922.066681421096
10,-1199708690.779928,-2544953100.481636,1694024793.263297,squared_error,elasticnet,0.00045034150117352113
11,-0.008811412826978948,-0.012255492284586778,1694024793.2768805,epsilon_insensitive,elasticnet,323.16501590170924
12,-0.008868475029482958,-0.0123349424700121,1694024793.2903073,epsilon_insensitive,elasticnet,16.479999800025993
13,-0.0003282555477552851,-0.0004164127936101547,1694024793.3073483,squared_error,l2,10809.241143276935
14,0.01797787178136967,-0.002251048700146363,1694024793.327598,epsilon_insensitive,None,0.037385018511306684
15,-0.03458657755080363,-0.08136374956691483,1694024793.3614402,epsilon_insensitive,None,0.0005289383832805644
16,-7.78979992066553e-06,-1.1645226971612743e-05,1694024793.3735006,squared_error,elasticnet,16992.033493966013
17,0.03602387965213283,0.009875447694924877,1694024793.4070988,epsilon_insensitive,None,3983.634517752534
18,-4.548850205177146e-06,-6.945427021509687e-06,1694024793.417442,squared_error,l1,49654.37081580874
19,-0.008756194445278087,-0.01217860959080408,1694024793.4322171,epsilon_insensitive,elasticnet,4319.35148121333
20,-0.04909765329378768,-0.10226553110162717,1694024793.4602435,epsilon_insensitive,l1,0.0001188341573798174
21,-184371355.4572043,-530458018.88305426,1694024793.4686944,squared_error,None,4.797385511566273
22,-2832265846.2888494,-4992307361.212106,1694024793.4770932,squared_error,None,2939.598485120875
23,-10304638420.038937,-14510856920.141998,1694024793.4857652,squared_error,l2,5.014428431197653e-05
24,-5287.0076116707005,-4867.61486612395,1694024793.499855,squared_error,elasticnet,0.06330116840372843
25,-5.270978523430614e-06,-7.997153956162961e-06,1694024793.5101898,squared_error,l1,19.823259682485
26,-2.579864667229259e-06,-4.055005585312799e-06,1694024793.5207984,squared_error,elasticnet,24.808974276464067
27,-418363858.2696065,-8855457845.99727,1694024793.5292225,squared_error,None,11971.774421392982
28,-0.017798412162141952,-0.06362965951334165,1694024793.5582182,epsilon_insensitive,None,3.685800986584611
29,-0.00887787090949943,-0.012348024788244816,1694024793.573036,epsilon_insensitive,elasticnet,18273.185671937936
30,-0.00879256176526555,-0.012229245191617055,1694024793.5858593,epsilon_insensitive,l1,1.1392568715836764
31,-409722119.2601368,-1926860896.92702,1694024793.5988057,squared_error,l1,0.00020415896159309274
32,-0.008849755660705672,-0.012308878649092136,1694024793.6116393,epsilon_insensitive,l1,11322.000952538727
33,-60175770741.88629,-78649426701.0041,1694024793.624394,squared_error,l1,1.4299891935528771e-05
34,-0.00223819448705731,-0.036900142326762975,1694024793.6728013,epsilon_insensitive,elasticnet,0.0006919935019004717
35,-0.020953961390598907,-0.07365392129176107,1694024793.6997116,epsilon_insensitive,None,1.0092999434346366e-05
36,-0.008830832504125086,-0.012282531114882644,1694024793.7125726,epsilon_insensitive,l1,19.08806842187907
37,-0.00017449247307976812,-0.00042912060951638686,1694024793.7411427,squared_error,l2,4413.613512295282
38,0.03934830570503456,0.04164314599830388,1694024793.780939,squared_error,l1,0.014922426882060112
39,0.04494500066750695,0.03880182991367542,1694024793.800543,epsilon_insensitive,l1,0.02713078737130012
40,-3.939558668175636e-06,-6.0551571239297886e-06,1694024793.8109653,squared_error,l1,3539.8057222197626
41,-61810006435.62808,-110909926223.58008,1694024793.8194528,squared_error,None,4.881799145622971
42,-0.05315856218007031,-0.11492453932611024,1694024793.8394442,epsilon_insensitive,None,0.0006548299179720579
43,0.014623356212913552,0.009818281102032644,1694024793.8530335,squared_error,l1,0.028295704511804996
44,-15019093081.981415,-25117667932.216805,1694024793.8617764,squared_error,l2,0.00012850292328206157
45,-2525321342.2239842,-4802689599.203933,1694024793.870254,squared_error,None,0.14404134987230596
46,-0.12179639075280613,-0.18987745158133706,1694024793.8874745,epsilon_insensitive,l2,16.521988570948043
47,-0.0004743809664335963,-0.0008614945328895285,1694024793.9036286,squared_error,l2,712.7878401480626
48,-4.669813633562114e-06,-7.121839295187726e-06,1694024793.9140651,squared_error,l1,31481.82594871571
49,-7.070062253422549e-06,-1.0605426339571622e-05,1694024793.9251037,squared_error,elasticnet,991.1801987514965
50,0.02203982663506665,0.01691357420228734,1694024793.9572453,squared_error,l1,0.028377531596877864
51,-0.03726787470013848,-0.05185385849887414,1694024793.971442,epsilon_insensitive,l2,10305.86296633394
52,-149945633.5041328,-857439830.6745222,1694024793.9803138,squared_error,l2,0.0002260887906026134
53,-0.03723448290447329,-0.05212087012316369,1694024793.9988453,epsilon_insensitive,l2,4202.062700469493
54,-0.006556231923930289,-0.036772047420973175,1694024794.0325058,epsilon_insensitive,None,0.0010941131866278422
55,-84244133318.3587,-119114236726.25235,1694024794.045339,squared_error,l1,0.0013170481311998382
56,-0.008839048265117277,-0.012293970272692079,1694024794.0588088,epsilon_insensitive,elasticnet,315.19774897672545
57,-2.305932714108394e-06,-3.648886926610473e-06,1694024794.0691955,squared_error,l1,0.4466988306912813
58,-0.008870841403955998,-0.0123382372819274,1694024794.0825415,epsilon_insensitive,elasticnet,21.770460026799945
59,-0.00884246997902216,-0.012298734473966233,1694024794.0972824,epsilon_insensitive,elasticnet,1738.1958316971336
60,0.010985465704474673,0.0012181529698304105,1694024794.1132436,epsilon_insensitive,None,0.00013596252696591304
61,0.005451024363387069,-0.01674866321900903,1694024794.1400228,squared_error,l2,0.603566416935671
62,-7676053973.6081505,-11348449354.587887,1694024794.148947,squared_error,l2,0.00018047365396439753
63,-0.008742452069727014,-0.012159475588494617,1694024794.1626806,epsilon_insensitive,elasticnet,911.3168900548942
64,0.03944143208026141,0.027276430468574198,1694024794.18877,epsilon_insensitive,None,79350.88660582119
65,-2800899961.1461697,-4297329626.171281,1694024794.20173,squared_error,l1,0.00015652023934535048
66,0.004835814506758851,-0.029101059547775643,1694024794.2308435,epsilon_insensitive,None,0.004638601045243257
67,-0.008759238245332313,-0.012182847584939482,1694024794.2437317,epsilon_insensitive,l1,24483.007955613884
68,-2.8511757628191248e-06,-4.455996392982442e-06,1694024794.254163,squared_error,l1,3934.5331490161493
69,0.03074175754432218,0.02718279711308791,1694024794.2814407,squared_error,l2,5.855437501659544
70,-2.3705292409026413e-06,-3.744779428771494e-06,1694024794.2919033,squared_error,l1,20826.254266618736
71,0.051250587653785096,0.04712753382098167,1694024794.3129914,epsilon_insensitive,l1,0.013924068820430631
72,-1655059964.7147226,-5689562976.109437,1694024794.3218033,squared_error,l2,0.002532539620817011
73,0.0008617603695888487,0.0007620881775917132,1694024794.339631,epsilon_insensitive,elasticnet,1.549386760977375
74,-3.954761090163572e-06,-6.077407368465515e-06,1694024794.3499606,squared_error,l1,10366.349494417782
75,-0.008851482400638044,-0.012311282865712148,1694024794.3647857,epsilon_insensitive,elasticnet,56689.20188589288
76,0.0370763212321622,0.030232124660040105,1694024794.3873856,squared_error,l2,0.5872504188585796
77,-13205210150.676006,-13066919765.924614,1694024794.3961222,squared_error,l2,0.00023802765029049244
78,0.012492747584822328,0.0014403953708568284,1694024794.4141073,squared_error,l2,1.7336497314736286
79,0.0071431963615947724,-0.02131449873782154,1694024794.4432588,epsilon_insensitive,None,502.9207599364216
80,0.01276529229574963,0.013559391427274137,1694024794.4628096,epsilon_insensitive,l2,73.80440214512694
81,-1442316091.727973,-2826200888.5104017,1694024794.4712303,squared_error,None,2013.7043135752342
82,-203748566149.6022,-148822997756.55182,1694024794.4797213,squared_error,None,0.03344231260485332
83,-0.008802483185485155,-0.012243059181129556,1694024794.494248,epsilon_insensitive,elasticnet,1193.9443676362396
84,0.041946076767061524,0.03773531890461679,1694024794.5359917,epsilon_insensitive,l1,0.001636692186372029
85,-0.014985815956535031,-0.02610087398271288,1694024794.549684,epsilon_insensitive,l2,55.67243765959498
86,-0.0038922465924506877,-0.005407798712629974,1694024794.5633616,epsilon_insensitive,elasticnet,3.4581681812451937
87,-10884369204.532793,-16328640492.016623,1694024794.5721152,squared_error,l2,0.0001828525568430172
88,-0.006576230543019701,-0.010991574320920794,1694024794.5881813,epsilon_insensitive,l2,196.42157704181537
89,-4.819615828210999e-06,-7.340170920411282e-06,1694024794.5985358,squared_error,l1,24.109439069999077
90,-0.00858361785251427,-0.06099307964632472,1694024794.6192713,epsilon_insensitive,l2,3.64259088595239e-05
91,-0.03820546830669502,-0.08509564097586741,1694024794.6370578,epsilon_insensitive,None,0.05029696450436762
92,-0.04618335587533662,-0.10311454883991722,1694024794.6616757,epsilon_insensitive,None,0.004125679796296743
93,-0.005517165880152275,-0.0076693437670067865,1694024794.672167,epsilon_insensitive,elasticnet,5.297257985667651
94,-1.8279621842864913e-06,-2.936514794216194e-06,1694024794.6843245,squared_error,elasticnet,3.2424384581047554
95,-1.1830185339123389e-05,-1.745659538321398e-05,1694024794.6976976,squared_error,elasticnet,4002.856067202753
96,6.668256604036582e-05,-0.03120162597869136,1694024794.741626,epsilon_insensitive,elasticnet,1.091281327184794e-05
97,-0.024871692253880306,-0.0754549879596702,1694024794.7605302,epsilon_insensitive,None,0.05607372860945992
98,-0.008879062302957319,-0.012349683620971996,1694024794.774208,epsilon_insensitive,elasticnet,561.0046580575392
99,0.002642497738097771,-0.029360553771576203,1694024794.7924402,epsilon_insensitive,None,2.7018690866836
100,-0.1291385880931717,-0.21865172234805508,1694024794.817342,epsilon_insensitive,l2,0.27616654720096323
101,-0.009307037941579388,-0.04646589086912356,1694024794.8412135,epsilon_insensitive,l2,0.014049370748525062
102,-56032596.24435491,-423115605.17738277,1694024794.8502395,squared_error,l2,0.00020816597753992375
103,-3.211824780136041e-06,-8.047806795641321e-06,1694024794.8735304,squared_error,l2,2685.3345644265023
104,-5075446.891574916,-34713905.27170882,1694024794.8864105,squared_error,l1,0.003283911341228337
105,-0.008868934973256026,-0.01233558287082559,1694024794.8992114,epsilon_insensitive,l1,78234.90538308154
106,-3.6510469321182626e-06,-5.632489215035008e-06,1694024794.9096122,squared_error,l1,0.2502120044686494
107,-2.980133622543235e-06,-4.646211067216299e-06,1694024794.9216743,squared_error,elasticnet,0.8230979123399446
108,-0.008799411067253793,-0.012238781747369032,1694024794.9345424,epsilon_insensitive,l1,44656.96881685579
109,-0.0088447281230144,-0.01230187858671572,1694024794.9480817,epsilon_insensitive,elasticnet,882.6398103345447
110,-35603394.68853825,-346772438.6663303,1694024794.9567723,squared_error,l2,0.0006279758998682261
111,0.02802109574991618,0.01861518940795026,1694024794.9824855,epsilon_insensitive,None,0.0159658946111036
112,-0.005937856085828308,-0.008312939413207321,1694024795.001294,epsilon_insensitive,l2,848.314284023659
113,-0.0717221241968462,-0.12288307028413459,1694024795.023684,epsilon_insensitive,None,0.008971972711583976
114,-0.03877158837286965,-0.05469389590388363,1694024795.0460415,epsilon_insensitive,l2,9595.12109636992
115,-1375483445.242626,-2709474916.7079253,1694024795.0591426,squared_error,elasticnet,1.3730145058823633e-05
116,-140383398.46973577,-662093131.188364,1694024795.0679255,squared_error,l2,0.0002792397293381064
117,-0.09693807638719631,-0.1701512326910366,1694024795.089533,epsilon_insensitive,elasticnet,0.17639698559764203
118,-0.008828111373482495,-0.012278742368756701,1694024795.1028993,epsilon_insensitive,elasticnet,30.41778330204365
119,-0.07254908918597436,-0.1378586101450836,1694024795.1259613,epsilon_insensitive,l2,0.1946808977592779
120,0.0028418241753092044,-0.020763784963920395,1694024795.154766,epsilon_insensitive,elasticnet,0.18466797320462744
121,-0.008820993502258512,-0.012268831856325102,1694024795.1682165,epsilon_insensitive,elasticnet,21.614247801259346
122,-4.6293846922562665e-06,-7.062889370690328e-06,1694024795.178851,squared_error,l1,24.618891096364933
123,-0.009525048740966158,-0.013249137410939138,1694024795.1938622,epsilon_insensitive,elasticnet,6.21735124130384
124,0.0014650028868826714,-0.03836863542002278,1694024795.2317019,epsilon_insensitive,l1,0.00011887451603870055
125,-0.06578829430273236,-0.11472857229604716,1694024795.2560244,epsilon_insensitive,elasticnet,0.061066908222254294
126,-98533441.76568088,-1030497311.6831396,1694024795.2649996,squared_error,l2,1.9271188298602075e-05
127,-0.03127911203637379,-0.07790906546767173,1694024795.2820754,epsilon_insensitive,None,62349.58136005451
128,0.0002746215789287687,0.00013267206270739518,1694024795.3044643,squared_error,l2,12888.203848814219
129,-3.7054480179765648e-06,-5.712246914590935e-06,1694024795.316855,squared_error,elasticnet,1.4691414015795112
130,0.023152990237942372,0.026914373947586778,1694024795.3401022,squared_error,elasticnet,0.3298849436039161
131,-5993072241.417004,-8785760439.89702,1694024795.349091,squared_error,l2,0.0002643702189579918
132,-0.2068474268897793,-0.33646444380970486,1694024795.3682048,epsilon_insensitive,l2,0.004885626044244181
133,-1260096395.752212,-2151561521.5390463,1694024795.377033,squared_error,None,0.00012411639187384342
134,-0.008843277483206125,-0.012299858797348184,1694024795.390314,epsilon_insensitive,l1,932.443486981778
135,-160843629.70677626,-832211500.8745084,1694024795.3990002,squared_error,None,0.06468668760996817
136,-0.03200959208350551,-0.07263326111590107,1694024795.4171143,epsilon_insensitive,None,0.1063086300779842
137,-476285619299.6892,-671719013859.258,1694024795.4301736,squared_error,l1,2.496244188677233e-05
138,-0.0009905334842954527,-0.0015699955282180156,1694024795.4460232,squared_error,l2,8966.101631310783
139,-1314101243.8321095,-2201501562.997285,1694024795.4548132,squared_error,None,0.0015895959231694958
140,0.02590590553366301,0.024663738440799388,1694024795.4735959,epsilon_insensitive,l2,5.193031144837205
141,-0.00987159187475295,-0.041465820742661474,1694024795.4997745,epsilon_insensitive,l2,1.898750762083846
142,-3.406407522943411e-06,-5.273448811626835e-06,1694024795.5103498,squared_error,l1,555.613334582597
143,-155229122625.69086,-238505138458.45602,1694024795.5191555,squared_error,l2,2.598667983304014e-05
144,0.02727587923418817,0.007368462428714917,1694024795.541821,epsilon_insensitive,None,2.291315787115006
145,-3016605.3996010968,-3193299593.9627132,1694024795.550598,squared_error,None,1.320110469125039
146,-0.054636532357981826,-0.11125343753375305,1694024795.582737,epsilon_insensitive,None,36.476694630396075
147,-501496616738.71436,-715235887290.1317,1694024795.5914488,squared_error,None,4348.019218389222
148,0.003952198407264018,0.005037993536767593,1694024795.6040926,squared_error,elasticnet,0.7318253206578627
149,-7.584291062512349e-06,-1.13485087032128e-05,1694024795.6161044,squared_error,elasticnet,9517.155749963258
150,-0.008967268533277117,-0.01247249759807123,1694024795.6291978,epsilon_insensitive,l1,103.22929142938108
151,-1533205036.962639,-3786018594.306549,1694024795.6425612,squared_error,elasticnet,0.00020188623708736753
152,-0.04988739798939723,-0.09014119921772168,1694024795.6649044,epsilon_insensitive,None,0.16468701143213663
153,-3.0722492827539583e-06,-4.781944867637833e-06,1694024795.6757123,squared_error,elasticnet,9.652658264975479
154,-2008768015.379781,-9257504182.795315,1694024795.6891346,squared_error,elasticnet,0.00014158929185126716
155,-170694259.51703802,-925474231.2938714,1694024795.69787,squared_error,None,10.515660077293106
156,-0.008830428087958753,-0.012281968028985402,1694024795.7115552,epsilon_insensitive,elasticnet,318.54577244161646
157,-0.03671453760372301,-0.051677534949249315,1694024795.731446,epsilon_insensitive,l2,14999.040453277421
158,-4077508595.186011,-6064130833.416416,1694024795.7448328,squared_error,elasticnet,0.0001696475982224302
159,-0.0058639076395150536,-0.007955114829834464,1694024795.7627099,epsilon_insensitive,l2,763.8567077075016
160,-0.0007933552570555946,-0.001275771451372032,1694024795.782184,squared_error,l2,19475.769185964327
161,0.03041957635496939,0.007903692241717941,1694024795.8026612,epsilon_insensitive,l1,0.0027827871785497194
162,-0.0019954948789606686,-0.002422505733669089,1694024795.815374,squared_error,l2,328.4006747797727
163,-267993373.18397468,-1107623977.6196294,1694024795.8240309,squared_error,None,65.5319929748839
164,-0.0033921423021809893,-0.031815759816448796,1694024795.8469582,epsilon_insensitive,None,0.0021761404718780588
165,-44.06949759272236,-158.846468849631,1694024795.8558705,squared_error,l2,0.18908235248130476
166,-2.451866648822687e-06,-3.865411143832986e-06,1694024795.8665986,squared_error,elasticnet,77.34862364407904
167,-0.040181819884313796,-0.058921471895812205,1694024795.880403,epsilon_insensitive,l2,196.77819952633786
168,-0.009661173867056227,-0.01343867838175461,1694024795.8951352,epsilon_insensitive,elasticnet,6.461845562089843
169,-149925919.0371984,-330289476.5926867,1694024795.9036279,squared_error,None,0.019881338826860242
170,0.009394112426126533,0.009742726466205776,1694024795.9319932,squared_error,l2,46.9016246782762
171,-0.035323878694819344,-0.04986163533290888,1694024795.9488158,epsilon_insensitive,l2,36560.75011516189
172,-0.008902197343107154,-0.012381895640625418,1694024795.9636998,epsilon_insensitive,elasticnet,84529.5849700925
173,-0.03419800303855247,-0.07710509121602671,1694024795.9883695,epsilon_insensitive,None,0.13778389489672166
174,0.02258595864945734,0.009312520212132802,1694024796.0084648,epsilon_insensitive,None,636.2608962479375
175,0.03548657402215172,0.027691725842358794,1694024796.0374713,epsilon_insensitive,l2,0.0007668033413735128
176,-0.008876729130736338,-0.012346435036484138,1694024796.0503983,epsilon_insensitive,l1,6.824379128738417
177,-0.17292491554664213,-0.289724342386505,1694024796.06955,epsilon_insensitive,None,5382.001106263256
178,-0.008900276752467295,-0.012379221509005722,1694024796.0825992,epsilon_insensitive,l1,17676.98263872503
179,-0.0031081834923873952,-0.004138333365196312,1694024796.0972157,squared_error,l2,149.95108825219256
180,-0.008768360135002373,-0.012195548330228068,1694024796.1099768,epsilon_insensitive,l1,17.079354461124417
181,0.006893485948569089,-0.021029623975814316,1694024796.1313736,epsilon_insensitive,l2,0.00345848749266548
182,0.04864669916760789,0.042866574087405906,1694024796.154581,epsilon_insensitive,l1,0.010680290049256486
183,0.034609937014632774,0.011300289067962432,1694024796.1798923,epsilon_insensitive,elasticnet,0.0020374384830809107
184,0.00042996677593076793,0.00030529572433468655,1694024796.2011755,squared_error,l2,634.2285629654563
185,-4.323085145863104e-06,-6.615889698746713e-06,1694024796.2120676,squared_error,elasticnet,2.3446129986428335
186,-6.062895841818516e-06,-9.147090087591181e-06,1694024796.222716,squared_error,l1,28.23475287059151
187,-15198739250.315327,-24080493075.97991,1694024796.2358685,squared_error,elasticnet,0.0015124788161279803
188,-0.013156227883122762,-0.018305597736437917,1694024796.256941,epsilon_insensitive,l2,20211.483550731165
189,-0.008731466510032204,-0.012144180011282923,1694024796.2705069,epsilon_insensitive,elasticnet,40.363011279911156
190,-28896188006.833492,-41550205725.84898,1694024796.2790985,squared_error,None,0.02466276977567088
191,0.0472124181864646,0.038035606393109433,1694024796.300197,epsilon_insensitive,l2,4.120145830999906
192,-4.374584122723846e-06,-6.691093564770156e-06,1694024796.3112605,squared_error,elasticnet,248.95429607785948
193,-77621011210.65192,-107120547894.14534,1694024796.3199527,squared_error,None,478.22115366352955
194,-13420433453.5242,-35220530606.3261,1694024796.333488,squared_error,elasticnet,0.005862253923941
195,-0.0321374779238659,-0.071257342414345,1694024796.3561406,epsilon_insensitive,None,96650.7149354248
196,-0.008842126536439787,-0.012298256283858944,1694024796.371102,epsilon_insensitive,elasticnet,2614.37728713438
197,-0.14309551426837297,-0.24150212391575954,1694024796.3996284,epsilon_insensitive,None,180.4784925845384
198,-4117018087.238752,-5672181865.275226,1694024796.4128857,squared_error,elasticnet,0.019831282101128073
199,-0.008790382529087815,-0.012226210955182726,1694024796.427994,epsilon_insensitive,elasticnet,33063.717046942525
200,-0.01057635068137408,-0.014713006679978102,1694024796.4449973,epsilon_insensitive,l2,80179.24619211083
201,-0.008897836626630129,-0.012375824003739266,1694024796.458866,epsilon_insensitive,elasticnet,1015.3051317692042
202,-0.06333644429820917,-0.11622209554544427,1694024796.4974,epsilon_insensitive,elasticnet,3.765607550232896e-05
203,-11187228647.473892,-13819619488.13603,1694024796.5060966,squared_error,None,0.5881786075374666
204,-1727052827.7050166,-3287990917.534339,1694024796.5147796,squared_error,None,2770.1200818734224
205,-0.07809992107735142,-0.1498052169726507,1694024796.5379057,epsilon_insensitive,None,0.007018425425898311
206,0.006548200456778952,-0.015180862360005376,1694024796.5617087,epsilon_insensitive,l1,0.001277267271984571
207,-0.00881190785816699,-0.012256181536862476,1694024796.5747862,epsilon_insensitive,l1,81.33424049805419
208,-0.002869827115869361,-0.0038507848347162366,1694024796.592879,squared_error,l2,4288.099135414534
209,-0.007715965783845702,-0.010730310026935808,1694024796.605962,epsilon_insensitive,l1,0.7979085567166794
210,-135747.0458179562,-5818949.289193831,1694024796.6192694,squared_error,l1,0.06387645004792236
211,-0.008850302703609758,-0.012309640321171766,1694024796.632236,epsilon_insensitive,l1,23485.718330731088
212,-8734955548606.44,-12713743062223.902,1694024796.6455142,squared_error,elasticnet,0.005576253184127064
213,-0.00886375982421761,-0.01232837727444025,1694024796.6603122,epsilon_insensitive,elasticnet,43569.00824237759
214,0.006469061086218364,0.0034177509942843187,1694024796.6762624,epsilon_insensitive,l1,0.21797077659825884
215,-135343103.67162305,-558830303.2691555,1694024796.6850421,squared_error,l2,0.0025218663815824013
216,-112204599.59267834,-498496983.1824589,1694024796.6938052,squared_error,l2,0.0002444360068853176
217,-0.06083775081391063,-0.10705348590511865,1694024796.712474,epsilon_insensitive,l2,0.4791765415256006
218,-0.04558427435282364,-0.08598692345429604,1694024796.7374942,epsilon_insensitive,None,3.2710588536905494
219,-298343740.64494497,-2899535464.547531,1694024796.751167,squared_error,elasticnet,7.575073266372846e-05
220,-0.008844173572689629,-0.01230110646197935,1694024796.7642498,epsilon_insensitive,l1,11778.51534857914
221,0.002764556307269128,-0.0304079279875078,1694024796.7857914,epsilon_insensitive,None,49.71254518726484
222,-597294930.7842636,-1888130161.775242,1694024796.7944956,squared_error,None,67.46347012872762
223,-0.00039611696182850764,-0.0007630610833688767,1694024796.812535,squared_error,l2,49969.58049287921
224,0.026513798458143834,0.027044757570171996,1694024796.8356574,epsilon_insensitive,l2,15.536325595859935
225,0.01971607972163414,0.020542440049958754,1694024796.8616912,squared_error,l2,17.832436370669306
226,0.033728117162688975,0.004648882221236494,1694024796.8980932,epsilon_insensitive,None,31511.123571269476
227,-0.06918937541223102,-0.11737016048125115,1694024796.9176648,epsilon_insensitive,l2,11.454169674557233
228,0.01990925172724589,0.020694031283293945,1694024796.9304352,squared_error,elasticnet,0.5766219627034045
229,-1696505447.6859891,-2752756405.4764395,1694024796.9388385,squared_error,None,1.892855238056857e-05
230,-1181099793.3471475,-2046843901.8525863,1694024796.9473424,squared_error,None,2.3428834448376804e-05
231,-2254411783.600461,-7027509947.712966,1694024796.955808,squared_error,None,40.23252372992644
232,-0.008830759402650434,-0.012282429332577172,1694024796.9686334,epsilon_insensitive,l1,3.0541537531750946
233,0.02758343483366743,-0.010917242933499827,1694024797.014702,epsilon_insensitive,elasticnet,0.00015478660391240404
234,-0.008807795740235713,-0.012250456066624338,1694024797.0275822,epsilon_insensitive,l1,3486.420199934347
235,-28522878693.968662,-39311561516.334984,1694024797.0407033,squared_error,elasticnet,0.002063618227945063
236,-0.07402469923404298,-0.13910655505978786,1694024797.0639784,epsilon_insensitive,l2,0.020005781536468686
237,-0.0534175734446094,-0.09901641750870827,1694024797.0953758,epsilon_insensitive,None,26606.560896450657
238,-0.008799240828324617,-0.012238544716885125,1694024797.1084185,epsilon_insensitive,l1,2002.466510505237
239,-22382781283.654255,-31543144805.964333,1694024797.1168747,squared_error,None,10699.390075927815
240,-0.008802261825409552,-0.012242750972567551,1694024797.130281,epsilon_insensitive,elasticnet,606.7487645127775
241,-5739530423.722205,-9154198204.304472,1694024797.1387131,squared_error,None,2.7196650305880128e-05
242,-0.00886522094759723,-0.012330411663034502,1694024797.1535466,epsilon_insensitive,elasticnet,20250.881001119353
243,0.004786154515844188,-0.009580381323296638,1694024797.1808994,squared_error,l2,4.524205817008751
244,-0.02121498283548373,-0.07207045597922734,1694024797.2123485,epsilon_insensitive,None,1.0566959891176033
245,-0.0011855245772769418,-0.0017231750798980539,1694024797.2318718,squared_error,l2,72856.41952745101
246,-40171867257.00527,-55689195447.138855,1694024797.2446802,squared_error,l1,0.0006021758782395558
247,0.0009244443941204272,0.0005180832845438355,1694024797.2641912,epsilon_insensitive,l2,4250.008569947917
248,-40870670.9348749,-571205474.8488535,1694024797.2726672,squared_error,None,0.44552933965808733
249,-0.002666003602230793,-0.051856561848914406,1694024797.2926846,epsilon_insensitive,None,3.3109320781329408
250,-0.008859095397794503,-0.012321882782386107,1694024797.3068888,epsilon_insensitive,elasticnet,1561.650507110363
251,-0.06337920790762341,-0.11142402935852691,1694024797.3372774,epsilon_insensitive,None,0.00012821959387549053
252,-0.008815433083182889,-0.012261089853182527,1694024797.3502946,epsilon_insensitive,l1,135.4065682959917
253,-0.008872430982287183,-0.012340450525140989,1694024797.3638527,epsilon_insensitive,elasticnet,38.93647188694137
254,0.017845550330314652,0.011848682503894148,1694024797.3832064,squared_error,l2,3.509013045350072
255,-7584226026.533879,-10032959283.457952,1694024797.391854,squared_error,None,2330.8831295046684
256,-4.150902807031898e-06,-6.364301491812441e-06,1694024797.40229,squared_error,l1,10181.954384909079
257,-0.00879861551533967,-0.012237674068574789,1694024797.415107,epsilon_insensitive,l1,1222.231526613573
258,0.023844120352322862,-0.005505546046648657,1694024797.4421127,epsilon_insensitive,None,174.11991586783182
259,0.030601337430051112,0.002934779475457505,1694024797.460013,epsilon_insensitive,None,0.0904654447597747
260,-0.039908839054922485,-0.07376863750341878,1694024797.4810567,epsilon_insensitive,l2,0.00012301281000870888
261,-0.002599579065396762,-0.0035949177372005536,1694024797.4947836,squared_error,l2,502.71503716492515
262,-736064200.2260219,-1176093495.763461,1694024797.50337,squared_error,None,143.96917917717704
263,-3.849592760785114e-06,-5.92344080097007e-06,1694024797.515219,squared_error,l1,0.12008807701600865
264,-0.008903171733708248,-0.012383252332096362,1694024797.5302649,epsilon_insensitive,elasticnet,2852.1788513773986
265,0.029030054492439894,0.005339458980520795,1694024797.5486765,epsilon_insensitive,elasticnet,0.05308693649027568
266,-0.052375945397691526,-0.11077592388740021,1694024797.5689964,epsilon_insensitive,l1,0.002041265458633744
267,-3.7726225834422422e-06,-5.8106922566913966e-06,1694024797.5808516,squared_error,l1,0.34180173683738846
268,-53014863863.758064,-74705397422.23123,1694024797.5896254,squared_error,None,0.001674294826595956
269,-2.0541832822740247e-05,-3.130933269046565e-05,1694024797.6051803,squared_error,l2,28876.882018216074
270,-3.592981388189642e-06,-5.547326573651645e-06,1694024797.6157842,squared_error,l1,472.3187401839317
271,-0.0009181854229936004,-0.001546030830873013,1694024797.6259787,squared_error,l2,2806.1972200633595
272,-0.017764410783074558,-0.04963129708278724,1694024797.6522524,epsilon_insensitive,l2,0.00013792964378009657
273,-0.0032942362378283185,-0.044131738260316355,1694024797.6711683,epsilon_insensitive,l2,0.18081902363042474
274,0.025233091131622754,-0.0018011794271728387,1694024797.696114,epsilon_insensitive,l2,0.5046488034120205
275,-0.008753852824451291,-0.012175349267021351,1694024797.709172,epsilon_insensitive,l1,1003.2215298816453
276,-0.17917386363304066,-0.28327237935764127,1694024797.7273054,epsilon_insensitive,None,0.033635142542221455
277,-5.471221836028661e-06,-8.288235741504835e-06,1694024797.7378855,squared_error,l1,2.0980483153576666
278,-0.008851430012581707,-0.012311209923493438,1694024797.7518368,epsilon_insensitive,elasticnet,968.7307437617818
279,0.02132864731643136,0.0005304193660885526,1694024797.7746542,epsilon_insensitive,None,0.5948117731046342
280,-8.69436324402173e-06,-1.2949721595489905e-05,1694024797.7868652,squared_error,elasticnet,43687.916492201424
281,0.012084385566970113,-0.020937775139203696,1694024797.8118734,epsilon_insensitive,l2,0.00020064192030900827
282,0.02716897295617926,0.021451182684775305,1694024797.8368258,epsilon_insensitive,None,1.2342241078958625
283,-2.1908026539563252e-06,-3.4777710327116296e-06,1694024797.8474345,squared_error,l1,414.2844446500954
284,0.0025573749510645616,0.0027739717270373054,1694024797.8598654,squared_error,l2,232.86787329865425
285,0.03015446911259201,0.0020030613509671724,1694024797.8800805,epsilon_insensitive,None,5.88543360621612
286,-0.0736843260056006,-0.11281941263355577,1694024797.9001858,epsilon_insensitive,None,0.0006997711683304699
287,0.03225153896270416,0.012034833996378835,1694024797.928421,epsilon_insensitive,l2,4.68699622022572e-05
288,-3006100443.2146707,-5119715645.586587,1694024797.9369144,squared_error,None,67.87478056339012
289,-18362494682.21039,-21674150535.82119,1694024797.9501355,squared_error,elasticnet,0.009797684414058762
290,-90757582.81564936,-1410010251.741206,1694024797.9634345,squared_error,elasticnet,0.0020941135092534978
291,-0.029811949767077905,-0.04257595435094563,1694024797.9785242,epsilon_insensitive,l2,258.53381411282413
292,-0.0794664352409602,-0.13529781541612884,1694024798.0098615,epsilon_insensitive,None,1756.289512437377
293,-0.028870080289646216,-0.04014014089229456,1694024798.022021,epsilon_insensitive,elasticnet,2.482612337225856
294,-0.07711838237406154,-0.14147027623278152,1694024798.0488064,epsilon_insensitive,None,0.00011126513967480154
295,-0.03387185665474335,-0.06274802221474451,1694024798.0640864,epsilon_insensitive,l1,0.05917971592359535
296,0.03885954001790193,0.041165734023707934,1694024798.1009047,squared_error,elasticnet,0.17495394641525258
297,-3244763.8461737395,-2986287.34107948,1694024798.114587,squared_error,l1,0.024854709297406984
298,0.0239814159877616,0.014585755964752978,1694024798.1459303,epsilon_insensitive,l1,0.0007270373081110445
299,-5182578.287520073,-267302965.58512956,1694024798.1591358,squared_error,elasticnet,0.006131745018620435
300,-4298271680.511644,-6195122437.871904,1694024798.1721637,squared_error,elasticnet,0.0023432608937062663
301,-0.008831079903018235,-0.012282875578932595,1694024798.1858022,epsilon_insensitive,elasticnet,21.607690091794442
302,0.00019062659618385158,0.00020652063621406924,1694024798.2024064,squared_error,l2,1086.291207406161
303,-0.003471327003750746,-0.004394921207831359,1694024798.2273161,epsilon_insensitive,l2,10103.90196770887
304,0.009897631278067753,-0.005468634777108683,1694024798.2438087,epsilon_insensitive,elasticnet,0.09381616205648921
305,-287501168.453118,-1148865702.7139034,1694024798.2522595,squared_error,None,0.9545228443951923
306,-0.13443872813991686,-0.22237014726720306,1694024798.2943082,epsilon_insensitive,l1,0.0008813819222694338
307,0.013064910254161233,0.012350944513895845,1694024798.3138335,epsilon_insensitive,l2,34.086351664523065
308,0.022791348048094795,-0.011341611966894094,1694024798.3477128,epsilon_insensitive,l1,4.228613771453723e-05
309,-20754036903.134377,-30442586173.766792,1694024798.35628,squared_error,None,317.13376294458186
310,-2088384702.7911463,-3964391094.0699487,1694024798.3652177,squared_error,l2,0.0005267754776398373
311,-1365451977.5356293,-2426508404.3130255,1694024798.3738377,squared_error,None,0.08503525655664636
312,0.015775567574954685,-0.0008270435679929022,1694024798.3924894,epsilon_insensitive,l2,0.7806347043125763
313,-46416133098.41358,-68793000745.7362,1694024798.401018,squared_error,None,1.9621003445198127e-05
314,0.01960968083957204,-0.009715880221422335,1694024798.4194639,epsilon_insensitive,l2,0.0024496246788912523
315,-0.00881913361135056,-0.012266242252437554,1694024798.4322891,epsilon_insensitive,l1,146.51445297383324
316,0.0056647279515004145,-0.03462215566061566,1694024798.4636471,epsilon_insensitive,l2,4.574628593295132e-05
317,-4.330930270635136e-06,-6.627347232335268e-06,1694024798.4740822,squared_error,l1,11.623965308955825
318,-332959816.7436943,-622889465.0572205,1694024798.482559,squared_error,None,2.9490564971227897
319,-449043204.9065481,-629891635.3701984,1694024798.4910822,squared_error,None,0.0010374480150299721
320,-3.0515191453694968e-06,-4.7514084033917214e-06,1694024798.5014718,squared_error,l1,0.8935598069200293
321,0.028836656762788238,0.03233868040700327,1694024798.5336487,squared_error,l1,0.04850301075557403
322,-12021018972772.695,-17057355796374.062,1694024798.543825,squared_error,None,1.0960493124981676
323,-0.08109786083082615,-0.1427986812198292,1694024798.5675108,epsilon_insensitive,l2,1.6466190447131839
324,-0.0349187479488553,-0.07332237955621723,1694024798.5903509,epsilon_insensitive,None,17.918908385070303
325,-184321280146.03116,-241695431569.68558,1694024798.5991478,squared_error,None,35.105514812864286
326,0.046663702043222344,0.039648708806301114,1694024798.6232548,epsilon_insensitive,elasticnet,0.09067814258951376
327,-3.314863973091775e-06,-5.138930605053105e-06,1694024798.6354122,squared_error,elasticnet,6020.106679441625
328,0.021269788423666114,0.001233669558227346,1694024798.6752076,squared_error,l2,1.2418976760338303
329,0.02385933848339472,0.0046645374635410075,1694024798.6965911,epsilon_insensitive,elasticnet,0.035401780784571034
330,0.019839934582977725,0.013391118482547038,1694024798.7162836,epsilon_insensitive,l1,0.07420998196620285
331,-0.008857357594847182,-0.012319463161139632,1694024798.7299564,epsilon_insensitive,l1,280.76226045949835
332,-372371180.94613606,-2401212102.7278686,1694024798.7392666,squared_error,l2,1.4263241100888576e-05
333,-0.014077111792235586,-0.04107466219793299,1694024798.7601933,epsilon_insensitive,None,0.015173561297057768
334,-0.0020016889017062667,-0.03600079051281324,1694024798.7825515,epsilon_insensitive,l1,0.0049025707809505215
335,0.0277310511581067,0.005155827847241001,1694024798.827338,epsilon_insensitive,elasticnet,0.0002924738336727382
336,-0.0008005386244851476,-0.0011079738408930062,1694024798.8399584,epsilon_insensitive,l1,0.29908280183659464
337,-3.875376939799224e-06,-5.961198107140575e-06,1694024798.8522754,squared_error,l1,5.865337840570598
338,0.026256888099418618,0.0034111512305581293,1694024798.8761344,epsilon_insensitive,l2,0.00013617895942439777
339,-0.043936719759623655,-0.11696192441891684,1694024798.9052768,epsilon_insensitive,l1,0.00014396849578249724
340,-0.03174271014793795,-0.06353609824999107,1694024798.9193778,epsilon_insensitive,l1,0.07913843975853468
341,-4.582165114230818e-06,-6.994023524775628e-06,1694024798.9305396,squared_error,elasticnet,1.141914242885727
342,-0.006859584285948017,-0.009538061420662158,1694024798.9454892,epsilon_insensitive,l1,0.6516352833063493
343,-0.03723659594995299,-0.052609893656685225,1694024798.9656036,epsilon_insensitive,l2,42689.72801628596
344,-0.008750896165244937,-0.012171232603612525,1694024798.979594,epsilon_insensitive,elasticnet,7.316345645769676
345,-189168814.6881525,-837880479.7238452,1694024798.99325,squared_error,l1,1.415445253231838e-05
346,-15726.237836650154,-808861422.0366325,1694024799.00877,squared_error,elasticnet,0.03836652331734532
347,-0.008843037460912306,-0.01229952460380801,1694024799.0221665,epsilon_insensitive,l1,285.09086880315596
348,-864801426.5460315,-1657395663.2176707,1694024799.035614,squared_error,elasticnet,9.871941487080835e-05
349,0.042682420133230536,0.04123340028559819,1694024799.0586889,squared_error,l2,1.6161564713276948
350,0.036309321118068505,0.03542823135070483,1694024799.074656,epsilon_insensitive,l1,0.05501323306237211
351,-3.444227913762532e-06,-5.3289966042147086e-06,1694024799.0856333,squared_error,l1,2.939981233008239
352,-0.008779140671862473,-0.0122105584805694,1694024799.0997765,epsilon_insensitive,elasticnet,121.48087605417719
353,-657966751.0699509,-1304917210.2528198,1694024799.109072,squared_error,l2,0.015072160268506088
354,0.009482539445754612,-0.0014699087168659197,1694024799.1532066,squared_error,elasticnet,0.1460917063720529
355,-0.060310316810690656,-0.11612189143765517,1694024799.1821303,epsilon_insensitive,None,9.092209962956748
356,0.005406230792580957,0.007162872317132862,1694024799.197671,squared_error,l2,4.801723817020921
357,-3.0852529462332967e-06,-4.801097046147618e-06,1694024799.210098,squared_error,l1,29.275196358896793
358,-0.054035267495185835,-0.11147888333659894,1694024799.2335732,epsilon_insensitive,l2,0.001911685045978113
359,-0.005477529853322283,-0.049045172574475826,1694024799.266175,epsilon_insensitive,elasticnet,0.0006416410428924842
360,-0.0035507532190404145,-0.004784963407445497,1694024799.282852,squared_error,l2,14879.954074326331
361,-38047813108.78019,-56542785789.920265,1694024799.296014,squared_error,elasticnet,0.0004051738640811539
362,-734443071.9903595,-1650050927.5547621,1694024799.3089595,squared_error,l1,5.280165901206796e-05
363,-1959739618.2116423,-3225819871.6109433,1694024799.3174644,squared_error,None,0.0007485963534464739
364,-119470474.84018864,-581934660.9679934,1694024799.3262239,squared_error,l2,0.00011247880426498532
365,-0.008778508470898894,-0.012209678242919741,1694024799.341134,epsilon_insensitive,elasticnet,4074.8693251754544
366,-395621.37385202583,-3044796.908981977,1694024799.3498762,squared_error,l2,0.05761966851639922
367,-0.07088636348795019,-0.12291400907857519,1694024799.3839953,epsilon_insensitive,None,0.0011859480031724537
368,-0.014127657610080169,-0.062434745645269185,1694024799.4079924,epsilon_insensitive,None,362.2521530439329
369,-0.2713919989256608,-0.4199655049858,1694024799.458652,epsilon_insensitive,elasticnet,1.1031896636806113e-05
370,-512288001.8207894,-1542968489.0809448,1694024799.4674919,squared_error,None,1.080876553966831
371,0.014664478388339619,-0.01720197251235689,1694024799.4836743,epsilon_insensitive,l1,0.006910490318850853
372,-13502725658.02309,-19409011936.96716,1694024799.4925287,squared_error,l2,0.008102133187823378
373,0.04201075228625273,0.03854605221350593,1694024799.5062659,epsilon_insensitive,l2,8.738628541709053
374,-364678133.6461372,-1405214029.209428,1694024799.5149095,squared_error,None,4.2067292340621565
375,-0.02572215246123699,-0.05387011403254327,1694024799.5297863,epsilon_insensitive,l2,15.82912609182414
376,-0.06496924767978163,-0.13325529768139566,1694024799.566871,epsilon_insensitive,None,0.06904661938340051
377,-74040127705.08682,-105723944379.43672,1694024799.5756397,squared_error,l2,0.004681694807396739
378,-0.12380979440824369,-0.20615827491557948,1694024799.5964024,epsilon_insensitive,l2,0.7599840106227935
379,-2.9093897002674396e-06,-4.541891482690019e-06,1694024799.6070633,squared_error,elasticnet,19.427444903636815
380,-54051110568.59771,-75502704443.12552,1694024799.61557,squared_error,None,0.0007984006707209119
381,-0.008816186217333488,-0.01226213847308677,1694024799.6284099,epsilon_insensitive,l1,2.0485517710715415
382,-0.06723915222892374,-0.12464906093059991,1694024799.6666284,epsilon_insensitive,l1,0.0006393821779915806
383,0.03050805473462903,0.0024812959452904515,1694024799.6989985,epsilon_insensitive,elasticnet,1.6330944941241344e-05
384,-0.008834132258479954,-0.012287125504284901,1694024799.7138798,epsilon_insensitive,elasticnet,5557.480739087361
385,0.0026158826522667544,0.0028034763619165792,1694024799.7273178,squared_error,l2,232.52628204049358
386,0.03592960342301432,0.014034320711889703,1694024799.7472928,epsilon_insensitive,None,62514.20523028077
387,-706968104.7253466,-1200327824.0988684,1694024799.755797,squared_error,None,0.0033105840710753445
388,-2.440431543293542e-05,-3.539871109858872e-05,1694024799.7681103,squared_error,elasticnet,0.7134680665150662
389,-0.038274196281493866,-0.053931854234487986,1694024799.790403,epsilon_insensitive,l2,7999.268460726949
390,-5.636391611441027e-06,-8.528169172850042e-06,1694024799.8008022,squared_error,l1,321.5754777724238
391,-4.443139330234658e-06,-6.791173496223379e-06,1694024799.8111846,squared_error,l1,114.31362887625176
392,0.04280786990141472,0.030305841682747414,1694024799.8431554,epsilon_insensitive,elasticnet,0.004434210613898356
393,-446697085.53182817,-1030263765.007947,1694024799.8577209,squared_error,elasticnet,7.358472334382188e-05
394,-12542.309429784898,-373161.43730432546,1694024799.8694339,squared_error,l2,0.14154641562416648
395,-337713458.09353215,-976635955.8303944,1694024799.8843763,squared_error,l1,0.015372820741080115
396,-1488431.4465741788,-2967940.7421240993,1694024799.9031599,squared_error,l1,0.012266693759588465
397,0.0115918379351585,-0.014211896899995136,1694024799.9415007,epsilon_insensitive,None,26796.60970443414
398,-0.008857509983364986,-0.012319675338520408,1694024799.957066,epsilon_insensitive,elasticnet,381.77389967660395
399,-0.00887412366176088,-0.012342807321059857,1694024799.9710464,epsilon_insensitive,l1,30454.60015227065
