trial,score,test_score,time,alpha
0,0,0,1694024823.0864766,0
0,-0.0380197325517484,-0.03908238591939628,1694024823.1055646,epsilon_insensitive,l1,1
1,-0.07583153293228273,-0.07572597439974671,1694024823.135836,epsilon_insensitive,elasticnet,4265.130816203875
2,-0.07570342369142868,-0.0756009973970686,1694024823.1614726,epsilon_insensitive,l1,36857.82274702113
3,0.004747667230770247,0.002078585305606895,1694024823.1831825,squared_error,l2,10.172488645739893
4,-7692841636.265095,-7434496852.424132,1694024823.1967685,squared_error,elasticnet,0.0001207629820990836
5,-20219582.62218283,-295193883.4470923,1694024823.2055006,squared_error,None,0.09311079376796777
6,-482933420.80703366,-3357917692.335657,1694024823.2142198,squared_error,None,0.0034418860381589316
7,-0.00012698142278644298,-2.1567325322546793e-05,1694024823.2247393,squared_error,l1,0.950475980278073
8,-8345503354.450528,-8430659276.479239,1694024823.2337182,squared_error,None,0.1117511942786209
9,0.008666775453496589,0.006096780717746109,1694024823.2567306,squared_error,l2,9.390010398230771
10,-0.00011406552254467073,-1.6561640008516676e-05,1694024823.2689805,squared_error,l1,2.516212389492403
11,-0.0066251629238835985,-0.00806674371447702,1694024823.2902281,squared_error,l2,69.22008866241924
12,-0.00012732322687880604,-2.170496780617981e-05,1694024823.3011565,squared_error,l1,18501.499674563634
13,-0.051595973339358725,-0.06772131387156666,1694024823.326235,epsilon_insensitive,l2,0.5323694084590286
14,-0.00011501016732373692,-1.6914162897174734e-05,1694024823.337329,squared_error,l1,10573.494866270543
15,-0.010615758609763049,-0.0314214037066336,1694024823.355794,epsilon_insensitive,None,0.029820393304317985
16,-0.00011651633313181087,-1.7480866167485232e-05,1694024823.3693333,squared_error,elasticnet,27414.167301327867
17,-29563953.571349695,-296342821.3951773,1694024823.3790607,squared_error,None,54048.03900248137
18,-0.07574190250221391,-0.07563853566735967,1694024823.407547,epsilon_insensitive,elasticnet,46.3003166302247
19,-0.07575957902800678,-0.07565578005060569,1694024823.4346228,epsilon_insensitive,l1,20.745430485872657
20,-0.00011861559377202013,-1.8280037512807823e-05,1694024823.4459267,squared_error,elasticnet,3.3057073797299976
21,-0.0018996975365734858,-0.0024104737878263283,1694024823.4628918,squared_error,l2,251.44748725363985
22,-0.09236947754093516,-0.09426586213762622,1694024823.478848,epsilon_insensitive,l1,0.2788731134512191
23,-0.00011766644603139476,-1.791737676537508e-05,1694024823.4910364,squared_error,elasticnet,48611.74977837184
24,-0.03497128527552684,-0.05460486456727054,1694024823.5181112,epsilon_insensitive,None,23.36074714479137
25,-0.07420901807815339,-0.08292611186749577,1694024823.558155,epsilon_insensitive,l2,0.00015291678666200118
26,-0.08491752526080942,-0.09452600621628271,1694024823.583157,epsilon_insensitive,l2,13.12573059133154
27,-0.036138159358932054,-0.049855415858065744,1694024823.607018,epsilon_insensitive,elasticnet,0.12017736817300144
28,-0.07283678966547558,-0.08578954631207103,1694024823.651773,epsilon_insensitive,l1,3.344635436886071e-05
29,-0.05193874634108098,-0.06923294379265865,1694024823.6857166,epsilon_insensitive,None,0.002224183070810204
30,-0.03574091903796317,-0.05093111819578122,1694024823.7143102,epsilon_insensitive,None,3.733010079414992e-05
31,-0.00011307040801389334,-1.6192741504550412e-05,1694024823.725135,squared_error,l1,57418.628676962544
32,-0.0001150082195802149,-1.6913433718457327e-05,1694024823.737527,squared_error,l1,0.234549614860075
33,-0.0045821516526702855,-0.019993312452080803,1694024823.7778018,epsilon_insensitive,l1,0.002176728694174709
34,-0.042247334926688085,-0.05005128536195347,1694024823.8072872,epsilon_insensitive,l1,0.0002130198451561144
35,-0.00012030534667251125,-1.8931015133949458e-05,1694024823.8183932,squared_error,l1,6.962360828274878
36,-2530944430.716595,-2822048279.85684,1694024823.8277996,squared_error,None,2.384799106784654e-05
37,-0.07873581616710768,-0.08585969391224424,1694024823.843694,epsilon_insensitive,l2,6.905557398887261
38,-761.7165995116103,-1503167.4498147059,1694024823.8577566,squared_error,elasticnet,0.035757429317342576
39,-0.03028930523561124,-0.040241888512020374,1694024823.891041,epsilon_insensitive,None,3970.203616209342
40,-0.0836012536420705,-0.0873233387726684,1694024823.9174325,epsilon_insensitive,l2,32.39780474475172
41,-0.04616548757581618,-0.04629809920268735,1694024823.9435103,epsilon_insensitive,l2,199.4940216696162
42,-15982060976.098135,-32136890852.41663,1694024823.9587197,squared_error,l1,3.777904641845292e-05
43,0.017084842761252994,-0.00018793766338931484,1694024823.9928012,epsilon_insensitive,l2,0.10062757987174274
44,-0.07315447289540988,-0.07311385126776382,1694024824.0267181,epsilon_insensitive,l1,1.4095561502385292
45,-0.00011147841537084702,-1.5607903103953547e-05,1694024824.03742,squared_error,l1,0.22530098057488054
46,-0.00011313939463164502,-1.6218233454212694e-05,1694024824.0480545,squared_error,l1,29918.213201037936
47,-0.00011859171160955029,-1.8270885709492646e-05,1694024824.0585496,squared_error,l1,2853.586253096066
48,-0.020300402097079617,-0.03845263874869809,1694024824.0821173,epsilon_insensitive,l2,0.007460755408492914
49,-151312583021.4483,-161152927677.63934,1694024824.0956352,squared_error,l1,0.0003001028478576983
50,-1365997859.200308,-2311626158.1041093,1694024824.1044788,squared_error,None,11.519725495787265
51,-0.07045391307531168,-0.07978787303868096,1694024824.1362278,epsilon_insensitive,None,0.9557165157595743
52,-0.006514081386846504,-0.011880002912568077,1694024824.1578386,epsilon_insensitive,l2,35.28251088034057
53,-496041005.69557834,-567741059.1148694,1694024824.1667526,squared_error,None,25.217436141790806
54,-0.08686839173381267,-0.08948437516038332,1694024824.1861897,epsilon_insensitive,l2,53.94668035069537
55,-0.01983090456751735,-0.024214530933403644,1694024824.2092748,epsilon_insensitive,l2,18.296808555911223
56,-0.00617147453731981,-0.006954793082100563,1694024824.223453,squared_error,l2,326.4634183682206
57,-0.027266297415774243,-0.04400200582157354,1694024824.2419178,epsilon_insensitive,None,0.5613978220764706
58,-0.056159874847140356,-0.06340167320949153,1694024824.2688458,epsilon_insensitive,elasticnet,0.021828582368285835
59,-0.10703008758153132,-0.1177203275332519,1694024824.2854362,epsilon_insensitive,elasticnet,0.2481657550434437
60,-0.011074435384709647,-0.01181777152308272,1694024824.3030705,squared_error,l2,237.0372975229709
61,-0.00011491648962169698,-1.6879103496014736e-05,1694024824.3139517,squared_error,l1,43400.46886412796
62,-0.07582457712798374,-0.07571918872574668,1694024824.3403478,epsilon_insensitive,l1,26.208923511770944
63,-0.07296530960658898,-0.08520101767001553,1694024824.3752425,epsilon_insensitive,elasticnet,0.0008790003529027972
64,-0.003557333959362863,-0.0027044947538485964,1694024824.3901744,squared_error,l2,990.4109763831148
65,-0.07582860780524281,-0.07572312081854249,1694024824.4169924,epsilon_insensitive,l1,44.33121648110235
66,-0.10384009126745264,-0.1231741177960064,1694024824.449305,epsilon_insensitive,None,0.202052913716991
67,-151366509080.87717,-130707024188.20744,1694024824.4583166,squared_error,None,0.050378042659905226
68,0.0036612224985824726,0.0018862120763226686,1694024824.4713728,squared_error,elasticnet,0.42205254452881846
69,-0.00011483599112649401,-1.6848994142559803e-05,1694024824.4821985,squared_error,l1,16.078105617487797
70,-0.11636975215898437,-0.12753814839311461,1694024824.5026765,epsilon_insensitive,l2,5.980057962638698
71,-0.00012191062760891214,-1.9555671094684257e-05,1694024824.514296,squared_error,elasticnet,986.8771662132458
72,-0.00010662199115740734,-1.3865734684648245e-05,1694024824.525271,squared_error,l1,0.35549137552289484
73,-576392092294.885,-544522776578.8498,1694024824.5390134,squared_error,l1,4.456496844514759e-05
74,-250983447888.0284,-246574597975.41592,1694024824.5528092,squared_error,elasticnet,1.5335888620038885e-05
75,-0.02865994408970929,-0.05311949330357746,1694024824.5841072,epsilon_insensitive,None,0.00021472421490927764
76,-0.00810473415451618,-0.007559366863271411,1694024824.5995703,squared_error,l2,1504.7946674523369
77,-5630722543.464545,-6221348311.592325,1694024824.6088061,squared_error,None,3.591722870467359
78,-0.07780857616688563,-0.08670803522391823,1694024824.6231353,epsilon_insensitive,l2,9.910885540254409
79,-3448457511.4769444,-3556294834.10919,1694024824.6320317,squared_error,None,3.8801788552837655e-05
80,-2970937480.6247177,-3500797361.124393,1694024824.6412268,squared_error,None,15721.795531409938
81,-0.07571842944197305,-0.07561563638713764,1694024824.6688917,epsilon_insensitive,elasticnet,23.469872967288374
82,-0.00011294221238289381,-1.614540325234337e-05,1694024824.6802154,squared_error,elasticnet,4.263697468993033
83,-0.00011753778509704382,-1.786838455086759e-05,1694024824.6919208,squared_error,l1,60250.653205325565
84,-0.07568455161660914,-0.07558258653320604,1694024824.718468,epsilon_insensitive,l1,56.01189875436662
85,-462879812557.5491,-446939274206.5646,1694024824.7276206,squared_error,None,0.003829021470533816
86,-0.06297569327454644,-0.07076558599426575,1694024824.772362,epsilon_insensitive,elasticnet,1.6573735477791068e-05
87,-0.05571839653588073,-0.0691506681810874,1694024824.8001883,epsilon_insensitive,None,99.16166884279404
88,-0.00011177707022835826,-1.5717112873403494e-05,1694024824.8111818,squared_error,l1,0.5122402495690417
89,-6310893971.094276,-6519465664.300267,1694024824.8202453,squared_error,None,0.011032208810912141
90,-0.043241233224529774,-0.04392337951694936,1694024824.8508697,epsilon_insensitive,l2,3380.21425644697
91,-17948488033.243057,-31611261736.2862,1694024824.8648596,squared_error,elasticnet,0.005423927060144348
92,0.00210604492264177,0.001492038323122058,1694024824.8781457,squared_error,elasticnet,0.4285998343485227
93,-0.07578187787367408,-0.07567753368437358,1694024824.9088595,epsilon_insensitive,elasticnet,4379.539003586344
94,-943288593.4832152,-29942576314.756893,1694024824.9178846,squared_error,None,0.01132572896709108
95,-1630286785.7852852,-1532449991.426711,1694024824.9270759,squared_error,l2,0.0006628956178190499
96,-267336792.78580183,-1088447054.0960581,1694024824.9361894,squared_error,None,1.8134537137028583
97,-0.05677053726348791,-0.07034525913265832,1694024824.9545567,epsilon_insensitive,None,0.0004800685956187878
98,0.006128923058133395,0.0007935874891098482,1694024824.973463,squared_error,l2,13.518368423548763
99,-784309217.7944915,-972769434.7891152,1694024824.9826953,squared_error,l2,0.0006006947847719517
100,-0.08547338982970243,-0.093650601794389,1694024825.0067232,epsilon_insensitive,l2,0.009034886521583105
101,-0.00011835981084451497,-1.8182091110707788e-05,1694024825.017975,squared_error,elasticnet,18.258611812290994
102,-68759355174.96341,-66207752547.56679,1694024825.027313,squared_error,l2,0.001262997718711096
103,-0.10627560536811576,-0.10587817594650928,1694024825.0615819,epsilon_insensitive,l2,449.2935559477025
104,-0.0758052559862552,-0.07570034011732307,1694024825.088055,epsilon_insensitive,l1,36322.37334169973
105,-945687482.9111665,-2746793631.7217426,1694024825.1022964,squared_error,elasticnet,0.00010305689225122204
106,-0.0880684996238974,-0.0900279133443449,1694024825.117054,epsilon_insensitive,l1,0.24102695722065812
107,-0.07498220467787786,-0.07489736620145293,1694024825.143695,epsilon_insensitive,l1,2.432507519562073
108,-0.07579879886086371,-0.07569404090018672,1694024825.170417,epsilon_insensitive,l1,1976.169606753134
109,-0.12238182982953849,-0.13211077490402534,1694024825.207464,epsilon_insensitive,None,0.01921819939388669
110,-1077539039.3850303,-1596242751.1839395,1694024825.2214901,squared_error,elasticnet,3.5243410518952336e-05
111,-0.06443142569017635,-0.07868716033683132,1694024825.24047,epsilon_insensitive,elasticnet,0.0888226005172232
112,-50055049.029369846,-444715605.9616805,1694024825.2495017,squared_error,None,5.316188352478364e-05
113,-0.07582749383298082,-0.07572203409265188,1694024825.2760131,epsilon_insensitive,l1,51.28192461775606
114,0.0007676816382867768,-0.013047297895740106,1694024825.314229,epsilon_insensitive,l1,2.8518354614729383e-05
115,-0.0003187695505673105,-0.0002070199915702453,1694024825.3303316,squared_error,l2,7470.814350869895
116,-0.00011786970712024392,-1.7994857610448278e-05,1694024825.3428679,squared_error,l1,0.11774217661330902
117,-0.00029655224158453564,-0.00022350209082766526,1694024825.3575904,squared_error,l2,20844.727716240137
118,-0.08562351885087027,-0.09201103692973733,1694024825.3756497,epsilon_insensitive,l2,30.566733626282407
119,-1780009702.2992127,-2705241465.104151,1694024825.3849065,squared_error,None,1.3068930914126187
120,-0.00011572054569786161,-1.7180742463374088e-05,1694024825.3958907,squared_error,l1,5687.506317794383
121,-312446758.15440935,-521595034.81603134,1694024825.4096093,squared_error,l1,0.00035732554533661704
122,-0.08097437449144018,-0.09241736053111538,1694024825.433023,epsilon_insensitive,elasticnet,0.014738128542093614
123,-0.07579769736196718,-0.07569296633769951,1694024825.4598274,epsilon_insensitive,l1,3443.0995185551196
124,9.749660939750715e-05,9.367890629630171e-05,1694024825.475879,squared_error,l2,55424.836856562346
125,-499308088362.5559,-614523723498.3644,1694024825.4849687,squared_error,None,11.702235744201403
126,-0.07584978454963665,-0.07574377957112488,1694024825.511806,epsilon_insensitive,l1,5.508045587200276
127,-0.09883004125522143,-0.11354255270177949,1694024825.5371444,epsilon_insensitive,elasticnet,0.007879167138808903
128,-12942264823.609787,-12595500383.954418,1694024825.5507767,squared_error,l1,0.0005926958309854876
129,-0.0001160560701647384,-1.730709082559123e-05,1694024825.5616868,squared_error,l1,45.71205972292565
130,-0.008114424569246825,-0.023085719678801242,1694024825.6008873,epsilon_insensitive,elasticnet,1.275106065666135e-05
131,-0.0757859175339286,-0.07568147456609364,1694024825.627271,epsilon_insensitive,l1,1321.1117247063248
132,-16877874341.103798,-20927838934.281784,1694024825.6366048,squared_error,l2,0.00012816857862245443
133,-0.0758907680384453,-0.0757837603979028,1694024825.6676755,epsilon_insensitive,elasticnet,4061.7567749446303
134,-5101484168.5817175,-4996315523.391549,1694024825.6768355,squared_error,None,8.06610173607932
135,-11075419907.17414,-11468743092.497229,1694024825.6909213,squared_error,elasticnet,0.00030502210426800374
136,-0.037471936739685185,-0.054007099351606414,1694024825.7444043,epsilon_insensitive,l1,2.309373245138657e-05
137,-214923628317.00568,-205152172434.6286,1694024825.7534912,squared_error,None,500.6865705064002
138,-0.0002441510042892059,-8.659706531832789e-05,1694024825.767696,squared_error,l2,629.4020503507957
139,-0.02188674896172582,-0.03377980845630124,1694024825.813708,epsilon_insensitive,elasticnet,0.0006519689686245128
140,-0.00010510109300687631,-1.3333595744180471e-05,1694024825.826233,squared_error,elasticnet,4309.037995222983
141,-0.07570231162585483,-0.07559991251051934,1694024825.8537638,epsilon_insensitive,elasticnet,20.94862452138119
142,0.005421292887835993,0.0023899242529610287,1694024825.868076,squared_error,elasticnet,0.1560692961048626
143,-0.046490913151527424,-0.04707115752739055,1694024825.8996031,epsilon_insensitive,l2,2806.44039021156
144,-0.07588962287212064,-0.07578264325148587,1694024825.9261835,epsilon_insensitive,l1,45201.303445854806
145,-0.08772796244314285,-0.09596680022783133,1694024825.9536276,epsilon_insensitive,None,5.685485131820782e-05
146,-0.11041643367077669,-0.10950809576033405,1694024825.9839306,epsilon_insensitive,l2,17533.891254203114
147,-0.04653443273840008,-0.05337740351582676,1694024825.999889,epsilon_insensitive,elasticnet,0.6912445044309639
148,-236298731702.99063,-216464143755.38474,1694024826.0089576,squared_error,None,23943.864651920623
149,-0.07593442568263264,-0.07582634968258817,1694024826.035319,epsilon_insensitive,l1,172.51821060856705
150,-0.00011598302844473274,-1.7279561692618017e-05,1694024826.0463598,squared_error,l1,0.5044745014326378
151,-1861488119.9320154,-3171193075.77746,1694024826.055281,squared_error,None,0.00022750424962447401
152,-0.0037682685808262395,-0.004606670936763146,1694024826.069311,squared_error,l2,145.25055103458698
153,-2695777609.6587033,-3548689712.261841,1694024826.07823,squared_error,None,27.879791780632605
154,-0.07570679006296133,-0.07560428149292742,1694024826.1044104,epsilon_insensitive,l1,8135.015470962268
155,-0.03716268525527133,-0.05738430998916533,1694024826.1316607,epsilon_insensitive,None,4.5408838495271615
156,-0.05266747010844086,-0.061616923502973986,1694024826.147438,epsilon_insensitive,elasticnet,0.4559931214926374
157,-0.00011545175072757985,-1.707972478715014e-05,1694024826.159915,squared_error,elasticnet,18705.530886289478
158,-63863263.437571965,-242334250.0234195,1694024826.1687863,squared_error,None,0.21616517410525382
159,-0.07387134864674749,-0.08145227862199222,1694024826.183985,epsilon_insensitive,l1,0.10676126666055898
160,-0.00011864787921789244,-1.8292411687825805e-05,1694024826.1965501,squared_error,elasticnet,50424.46217743058
161,-3974431917.822398,-5201888045.161651,1694024826.2055798,squared_error,None,0.0018364411777730947
162,-10389235.730737403,-343086875.58559,1694024826.2195535,squared_error,elasticnet,0.0036316801308582843
163,-0.13820750843523721,-0.15297669706587236,1694024826.2549841,epsilon_insensitive,None,0.00021364590122854765
164,-0.07588074227492947,-0.07577397993796908,1694024826.285811,epsilon_insensitive,elasticnet,10682.28401207646
165,-7795114445.447731,-7698947129.395648,1694024826.2996752,squared_error,l1,0.002573900568931308
166,-1.8560755773888715e-05,1.2564569271344972e-05,1694024826.3182983,squared_error,l2,3607.512220689413
167,-1844544.9310069317,-78073577.31505737,1694024826.3319738,squared_error,l1,0.005452612810422763
168,-1853161738.8130348,-2109830964.735861,1694024826.3457596,squared_error,l1,5.344724408398385e-05
169,-0.00010747946390154972,-1.4168634025146787e-05,1694024826.3580277,squared_error,elasticnet,28097.54156033204
170,-0.03203414789057679,-0.04610824336793917,1694024826.3785896,epsilon_insensitive,None,59719.26137830553
171,-0.02125809850725613,-0.036460767558812,1694024826.4068224,epsilon_insensitive,l2,0.0005890857745568928
172,-0.00011623707065866462,-1.7375366218264077e-05,1694024826.4179957,squared_error,elasticnet,4.466104360036775
173,-38903923.43860351,-435742171.2954957,1694024826.427304,squared_error,l2,0.00276205755165282
174,-0.07584067652376336,-0.07573489433944713,1694024826.4576633,epsilon_insensitive,elasticnet,2470.3848839195784
175,-0.07592610573447112,-0.07581823335621629,1694024826.48388,epsilon_insensitive,l1,26.290379236202437
176,-0.00876606890983056,-0.02304241804388374,1694024826.505868,squared_error,l2,2.882485671200227
177,-0.015839861361646168,-0.033105364118109604,1694024826.526246,epsilon_insensitive,None,1612.7153353503911
178,-0.10061157108335084,-0.10249981058119095,1694024826.5395076,epsilon_insensitive,elasticnet,1.8998481832271896
179,-97954759.5518403,-724540771.021671,1694024826.5488462,squared_error,l2,0.00014757534054919485
180,-0.06216186569080362,-0.06683902522898344,1694024826.565291,epsilon_insensitive,l2,32.422819929199875
181,-201300450.34152317,-325716574.5142497,1694024826.5791204,squared_error,elasticnet,0.0005376279645607981
182,-443602785.7571834,-1529707576.6615016,1694024826.5926173,squared_error,l1,0.0002541722722865502
183,-0.06591334918329217,-0.0827554920002802,1694024826.6208258,epsilon_insensitive,l2,0.021160179208917267
184,-0.09029909756895904,-0.1052110100975967,1694024826.6500866,epsilon_insensitive,None,1.1222760413327124
185,0.00789947814513381,0.005227815626292931,1694024826.6708145,squared_error,l2,24.41895156153786
186,-0.07580382584290413,-0.07569894494849705,1694024826.6970565,epsilon_insensitive,l1,5410.992668347806
187,-265434832.21605265,-318300943.9206603,1694024826.710748,squared_error,l1,0.0013684929790208611
188,-0.02398986913322676,-0.047473001695961914,1694024826.731065,epsilon_insensitive,None,10.70743318799159
189,-0.07571841691107717,-0.07561562416252787,1694024826.7571995,epsilon_insensitive,l1,139.12517670379367
190,-217192378864.03525,-216054108831.72116,1694024826.7661595,squared_error,None,16895.46473665163
191,-0.05585534069604958,-0.05805628656160322,1694024826.7896416,epsilon_insensitive,elasticnet,1.5522953170607754
192,-479595067.23806703,-2354654018.9076886,1694024826.7985098,squared_error,None,119.13161090401117
193,0.004778496703868318,0.0028996816416011484,1694024826.811164,squared_error,l2,40.514597954915416
194,-0.1290266366573758,-0.1394888392904352,1694024826.8726962,epsilon_insensitive,elasticnet,0.0004468498542573034
195,-0.07571342730523067,-0.07561075651298776,1694024826.900166,epsilon_insensitive,elasticnet,222.03695713373705
196,-4038764855.8898993,-4868091076.320744,1694024826.9091904,squared_error,None,2424.5503811033714
197,0.01647222521276026,0.003975851552294518,1694024826.9275832,epsilon_insensitive,elasticnet,0.12279392641550228
198,-0.07494538746548995,-0.07486144472320544,1694024826.9585147,epsilon_insensitive,l2,6820.334258353403
199,-0.0499341330305898,-0.06199272811518375,1694024826.980211,epsilon_insensitive,l1,0.008308193306783384
200,-0.07571579528285244,-0.07561306661279166,1694024827.0062451,epsilon_insensitive,l1,15935.334459176056
201,-0.00011419857685179835,-1.6611156396839633e-05,1694024827.0169446,squared_error,l1,2799.30910167343
202,-0.00011465210491046207,-1.678027535167992e-05,1694024827.0276463,squared_error,l1,1.1709904159416957
203,0.0020236534746291834,-0.01483636317788295,1694024827.054695,epsilon_insensitive,l2,1.0230574248360113e-05
204,0.0027245892637394187,0.0018531503818028927,1694024827.0673578,squared_error,elasticnet,0.506549490394372
205,-2158806916.229553,-4014413508.067128,1694024827.0812724,squared_error,elasticnet,0.0008635566685309951
206,-0.026861234658636768,-0.042484000847281544,1694024827.1134567,epsilon_insensitive,elasticnet,0.016590310004660786
207,-0.000470185460236916,-0.00070932947970892,1694024827.126712,squared_error,l2,14534.779046706308
208,-0.07502307270990971,-0.08409055167489243,1694024827.1483197,epsilon_insensitive,l1,0.0061106911196685655
209,-0.04577951239651701,-0.05816884676531053,1694024827.170682,epsilon_insensitive,l2,1.2602324280145252
210,0.009425478554776712,-0.0010804499264192025,1694024827.197529,epsilon_insensitive,elasticnet,0.008815558455666174
211,-128629942962.06868,-123342215227.7764,1694024827.206682,squared_error,l2,0.000805545891446078
212,-0.00011655356138651207,-1.749494482883307e-05,1694024827.2190468,squared_error,elasticnet,37050.85822289266
213,-0.00011914730740647528,-1.8484147713992982e-05,1694024827.2300735,squared_error,l1,46339.00376412068
214,-0.0834538566576759,-0.09420289733817899,1694024827.2594693,epsilon_insensitive,l2,0.00013398957397459612
215,-0.04095150568408146,-0.054328655343512056,1694024827.2758586,epsilon_insensitive,l2,2.664489480593627
216,-1079176626.3233461,-1466538145.280996,1694024827.2847695,squared_error,None,12.99370507250981
217,-4173480032.996763,-7448162181.177537,1694024827.293707,squared_error,None,31460.556856007355
218,-0.00011371088253864237,-1.6429880586921186e-05,1694024827.3045156,squared_error,l1,366.14765790619674
219,-0.2904881491954825,-0.3317807274512783,1694024827.316849,squared_error,elasticnet,0.15916620248903118
220,-17536773677.233833,-17355937529.386135,1694024827.3258748,squared_error,None,0.00021639481523790164
221,-1583729220.2643178,-7622390636.102517,1694024827.334887,squared_error,None,120.95880287809825
222,-0.04990684566806047,-0.07522329020150553,1694024827.3551047,epsilon_insensitive,None,0.00048257232129077877
223,-179715335.52983582,-957640176.0886849,1694024827.3640144,squared_error,None,17.500876632639866
224,-0.021910830853626218,-0.03955181490761728,1694024827.3814871,epsilon_insensitive,l2,0.61947735826728
225,-0.07570017447817778,-0.07559782759448819,1694024827.4131496,epsilon_insensitive,elasticnet,10.676763722460437
226,-0.020036434767524813,-0.03729649076811192,1694024827.4758894,epsilon_insensitive,elasticnet,3.62850833927958e-05
227,-0.00012067537348259272,-1.9074469054469745e-05,1694024827.4869766,squared_error,elasticnet,13.59010945888227
228,-453019315.3560605,-645304872.3557032,1694024827.4959726,squared_error,None,7465.209029739615
229,-0.07429613118784095,-0.08403369534219451,1694024827.5406222,epsilon_insensitive,l1,5.0035979600131675e-05
230,-0.020699166891669618,-0.03313007445461502,1694024827.5649192,epsilon_insensitive,l1,0.0010341496316670184
231,0.004405017499838126,0.0027899908723924005,1694024827.5779307,squared_error,elasticnet,0.44672290988056224
232,-0.07579899853388561,-0.07569423569032074,1694024827.6050093,epsilon_insensitive,elasticnet,116.32699753085525
233,-0.033755926802543135,-0.052992551530259835,1694024827.6299446,epsilon_insensitive,None,148.07856667654184
234,-0.07307193872955353,-0.09297983859996739,1694024827.6549993,epsilon_insensitive,elasticnet,0.008204845183346916
235,-0.07568551512360111,-0.07558352649452393,1694024827.6822956,epsilon_insensitive,elasticnet,74.83623491422266
236,-0.00011089368137251476,-1.5394763857257132e-05,1694024827.6931157,squared_error,l1,34.17108339742476
237,-0.08194176159629052,-0.09875323758290167,1694024827.754984,epsilon_insensitive,elasticnet,0.00036653359942438296
238,-0.07590242815940318,-0.07579513520816583,1694024827.7812488,epsilon_insensitive,l1,18.271670044475496
239,-0.0001093036069166331,-1.4819786682052083e-05,1694024827.7921584,squared_error,l1,2213.797825732875
240,-4582667142.72011,-4773575439.35848,1694024827.8059433,squared_error,elasticnet,0.0013662715050298507
241,-0.02817285693717242,-0.03434797456586414,1694024827.8224545,epsilon_insensitive,l2,23.975101330556186
242,-0.00011856660704978594,-1.8261266952368516e-05,1694024827.8333597,squared_error,l1,12.408731161345637
243,-1460308327.825148,-1781596092.7207527,1694024827.8423603,squared_error,None,8067.862839287616
244,-5714594396.946852,-5717871685.132377,1694024827.8514478,squared_error,l2,2.830549433715831e-05
245,-0.00010917177931557553,-1.4772423424957992e-05,1694024827.863668,squared_error,elasticnet,4298.98091252255
246,-0.10151510173986766,-0.1136129647201678,1694024827.891933,epsilon_insensitive,l1,0.007838526376792868
247,-0.00011874829647151586,-1.8330915010800197e-05,1694024827.9028964,squared_error,l1,8454.006329801612
248,-0.13206228218717841,-0.1486045819233177,1694024827.9230406,epsilon_insensitive,None,0.00030406077550822707
249,-2.4115907643771894,-2.408458304389494,1694024827.937057,squared_error,elasticnet,0.1223587953008774
250,0.025934263740486574,0.007935508873110342,1694024827.9637017,squared_error,l2,0.6105167250857313
251,-0.047323322421404246,-0.07288475419686824,1694024827.9907646,epsilon_insensitive,None,355.4905650294898
252,-1103462092.208255,-1591788372.5577123,1694024827.9997435,squared_error,None,4.10722010578492
253,-315096216418.9091,-298549802474.99994,1694024828.0088441,squared_error,l2,0.00017494393924203335
254,-0.03454250626845612,-0.04673153413326325,1694024828.0420134,epsilon_insensitive,l1,0.0006926995817170099
255,-690.0282773404608,-599.9351497315225,1694024828.0536208,squared_error,l1,0.05437990156062328
256,-656280092871.827,-837620857855.3907,1694024828.067073,squared_error,elasticnet,4.004722192360022e-05
257,-0.07585724727216481,-0.07575105973654006,1694024828.0941803,epsilon_insensitive,elasticnet,229.43207212142335
258,-91240.01884359069,-106379.07289176545,1694024828.1032631,squared_error,l2,0.11040567330428479
259,-134539831.69464788,-311005174.72400284,1694024828.1120644,squared_error,None,0.0005843443281382175
260,-0.0013295400084250009,-0.0008771764245725233,1694024828.1247644,squared_error,l2,482.54154159224987
261,-0.06416427930747437,-0.08549151245353581,1694024828.152689,epsilon_insensitive,None,263.8949204842999
262,-0.00011227529822033233,-1.58998217212325e-05,1694024828.163398,squared_error,l1,421.37775643264405
263,-0.00011541772161027808,-1.7066948945654303e-05,1694024828.1744788,squared_error,elasticnet,47.24104606081656
264,-0.0750794669134689,-0.0749922611375744,1694024828.2056947,epsilon_insensitive,l2,98387.78144102798
265,-0.07229847402080525,-0.07401301778721092,1694024828.220431,epsilon_insensitive,elasticnet,2.7920174871459587
266,-0.07578241545400832,-0.07567805811983241,1694024828.2465448,epsilon_insensitive,l1,89.1320693335431
267,-0.05113450153204946,-0.0629486972694433,1694024828.2689,epsilon_insensitive,None,0.0012147435635214115
268,-0.07586032226555495,-0.07575405950539005,1694024828.2961118,epsilon_insensitive,elasticnet,140.3182080075885
269,-0.07585071789208486,-0.07574469008210305,1694024828.3218606,epsilon_insensitive,l1,799.0640146657953
270,-0.0001102236089225439,-1.515163563592381e-05,1694024828.3346093,squared_error,elasticnet,2912.839079184751
271,-2599036925.029879,-3516140423.367605,1694024828.3434348,squared_error,None,3.1787808185735775e-05
272,0.00012817477767135266,6.25690199962392e-05,1694024828.3575351,squared_error,l2,4734.2182676060165
273,-0.07776470972851035,-0.08714092425242415,1694024828.391184,epsilon_insensitive,None,3017.694142641377
274,-0.00011454504807373311,-1.6740307261065013e-05,1694024828.4034202,squared_error,elasticnet,4634.664574066022
275,-417648117046.7674,-404774736013.9795,1694024828.4122455,squared_error,None,0.0003705267838075839
276,-0.09111429418431927,-0.10285132747757886,1694024828.4345477,epsilon_insensitive,l2,3.1346260550517475
277,-7579110812.640109,-10469300663.024212,1694024828.4436576,squared_error,l2,0.0004426023783011366
278,-160778965.48762268,-464004192.1185069,1694024828.4526334,squared_error,l2,0.00046175246219671786
279,-315620858.06177044,-6474573854.69321,1694024828.46134,squared_error,None,2.3059996856095886
280,-3549675.833150629,-390183514.1549208,1694024828.470367,squared_error,None,3.38760040107844
281,-0.0001255183477888444,-2.098102938652424e-05,1694024828.4826193,squared_error,elasticnet,5433.236543865448
282,-19889041561.226917,-58568979196.16362,1694024828.4915628,squared_error,None,8414.905255896583
283,-416451517872.68054,-403593119172.6872,1694024828.5007267,squared_error,l2,0.00023401978894610538
284,-0.09517073107738971,-0.10176568124280005,1694024828.515677,epsilon_insensitive,l1,0.13727848679259216
285,0.0172370318940962,0.010048991501031113,1694024828.536877,epsilon_insensitive,l2,9.79933892987102
286,-0.07562903629488948,-0.07552842763184575,1694024828.562953,epsilon_insensitive,l1,7.892287142830033
287,-728437312.987924,-972589318.7696435,1694024828.571781,squared_error,None,24.562268176791136
288,-864910430.6059895,-1100481337.431395,1694024828.5807633,squared_error,None,0.0010806163076989609
289,-0.0003315635815990259,-0.0014841084507992708,1694024828.608515,squared_error,l2,5.708729383923645
290,-0.08569251290379443,-0.09483895575067058,1694024828.644269,epsilon_insensitive,elasticnet,0.0008240495723525821
291,-0.0002555222228657339,-0.00020117966255162045,1694024828.661479,squared_error,l2,47478.79074700975
292,-0.02515759005208751,-0.053458525531641765,1694024828.6906312,epsilon_insensitive,None,4.980685083692908e-05
293,-0.05360983299086475,-0.06505690643390327,1694024828.7222357,epsilon_insensitive,None,0.046396289877371835
294,-0.07590852240099233,-0.07580108032215116,1694024828.7481089,epsilon_insensitive,l1,565.2860975543358
295,-0.10300872154213203,-0.10260284270977005,1694024828.7738159,epsilon_insensitive,l2,56795.07429535737
296,-400399.5088231844,-35420884.00551251,1694024828.7868893,squared_error,l1,0.004534526695594029
297,-0.059472314944172266,-0.06993223994725462,1694024828.811574,epsilon_insensitive,l2,3.144514761329107e-05
298,-28967057258.655537,-28017612951.932457,1694024828.8207262,squared_error,None,38754.65171250126
299,-0.010735267634164547,-0.011557085284112922,1694024828.8368158,epsilon_insensitive,elasticnet,5.503621017680166
300,-0.07584910237118869,-0.07574311408007861,1694024828.8627448,epsilon_insensitive,l1,4022.6031721181143
301,-0.41420061724249213,-8.56353262259078,1694024828.8755193,squared_error,elasticnet,0.09429015046456136
302,-261109151.17386526,-1185853002.0658648,1694024828.8843596,squared_error,None,331.5921616630185
303,-0.030369706338471136,-0.0420347274609445,1694024828.9136329,epsilon_insensitive,None,6681.313468042736
304,-0.05167029851651428,-0.07075193719885098,1694024828.950193,epsilon_insensitive,elasticnet,6.161790492121373e-05
305,-0.00011825430176637397,-1.8141734644538943e-05,1694024828.9612854,squared_error,elasticnet,21.281301327134738
306,-325361142.03600633,-1541152592.0906298,1694024828.974719,squared_error,l1,0.00020932361195354017
307,-0.0338894290867191,-0.035336196546502,1694024828.9908473,epsilon_insensitive,elasticnet,3.1148000757687737
308,-0.07581329898983524,-0.07570818642151167,1694024829.0166638,epsilon_insensitive,l1,889.3630398476057
309,-0.07584764005429978,-0.07574168753405064,1694024829.042703,epsilon_insensitive,l1,64185.76618091721
310,-5053570931881.408,-4864333963315.609,1694024829.0516243,squared_error,None,0.0004000872710653703
311,-0.00012060275659764308,-1.904629124171997e-05,1694024829.0638933,squared_error,elasticnet,2140.4380474790214
312,-479539121.3244659,-626381512.9085169,1694024829.072815,squared_error,None,0.008904099504685936
313,-0.07696416221010827,-0.09086667520944802,1694024829.0975158,epsilon_insensitive,None,34530.78560186688
314,-0.017980926564846955,-0.03213655188881348,1694024829.124581,epsilon_insensitive,None,0.0017578163042554175
315,-8114380712.863532,-9358636532.110462,1694024829.1335342,squared_error,None,64.61250073177992
316,-0.00011328523227005505,-1.627216378263796e-05,1694024829.144255,squared_error,l1,1699.0621722403384
317,-0.023645486064529875,-0.030160820615900308,1694024829.1591508,epsilon_insensitive,l1,0.1375945097807776
318,-0.021386907540005495,-0.036165096268539365,1694024829.1788352,epsilon_insensitive,l1,0.01645550920896095
319,-8030920879.368878,-7444171790.546135,1694024829.1877525,squared_error,None,6.777574404124758
320,-0.03366238482723083,-0.05047727369152177,1694024829.2112994,epsilon_insensitive,l1,0.002337783297289488
321,-10326639462.043446,-12218868500.712873,1694024829.2201548,squared_error,None,13767.989034111053
322,0.009099366357078198,0.0001474086468534752,1694024829.2357697,epsilon_insensitive,None,2.74603837495759e-05
323,0.008030953257247675,-0.012168273846803634,1694024829.2536914,epsilon_insensitive,None,0.1845978694700164
324,-62666030014.594185,-60506566005.697136,1694024829.2625163,squared_error,None,15.914373411851752
325,-0.1137366836083884,-0.11287979624242506,1694024829.301559,epsilon_insensitive,l2,9275.905643049788
326,-0.00011714294641373968,-1.771828764374206e-05,1694024829.3138728,squared_error,elasticnet,44034.83476628435
327,-0.024282994320347973,-0.04262683750727647,1694024829.3497717,epsilon_insensitive,None,170.6562331303684
328,-0.04793696457032448,-0.0594068919270383,1694024829.3786228,epsilon_insensitive,elasticnet,0.005658466105696669
329,-0.12853815780125744,-0.12320458476756269,1694024829.4028597,squared_error,l2,16.3720813925539
330,-69152568541.4913,-65881411521.42849,1694024829.4118562,squared_error,None,16.33586755270419
331,-7888382381.156726,-8264596655.059702,1694024829.4211767,squared_error,l2,0.0008226140599372989
332,-377372970.7386682,-1352358598.5130193,1694024829.4351869,squared_error,elasticnet,2.2460295285448865e-05
333,-0.00010949400351822902,-1.4888275979618726e-05,1694024829.4459765,squared_error,l1,8.896085339751634
334,-1295982010.3689866,-1632742088.2335763,1694024829.4594488,squared_error,elasticnet,0.0030600042058562486
335,-0.05326367469061655,-0.053648548120296624,1694024829.4909341,epsilon_insensitive,l2,1048.1192612168081
336,-0.038074809072488724,-0.059294604440972565,1694024829.513429,epsilon_insensitive,None,39.752933965070135
337,0.016990373064009634,-0.0024503397895356827,1694024829.5381324,epsilon_insensitive,None,0.11732080332563039
338,-22296044410.8323,-21021923170.196396,1694024829.5472486,squared_error,l2,0.017033525143330328
339,-0.009939170023466781,-0.02443082010851949,1694024829.567985,epsilon_insensitive,l1,0.021289490502862437
340,-0.00012461385072826126,-2.0620928842252084e-05,1694024829.5803137,squared_error,elasticnet,0.9743370253616539
341,-0.07500850323374064,-0.07492302480848534,1694024829.6112998,epsilon_insensitive,l2,42377.89029307391
342,-0.04490912620701826,-0.05991899899573738,1694024829.6449122,epsilon_insensitive,None,9.436147314911029e-05
343,-0.00010519606278602822,-1.3366630721822759e-05,1694024829.655586,squared_error,l1,137.77642314953692
344,-85079187849.16402,-83201368928.06744,1694024829.6643724,squared_error,None,5488.155700920555
345,-0.03176982608592738,-0.046406488948234514,1694024829.6992617,epsilon_insensitive,None,2.2209209202373494
346,-51843.20466446307,-50143.57226444669,1694024829.7111523,squared_error,l1,0.04802889455378762
347,-0.07577445648316816,-0.07567029375678258,1694024829.738291,epsilon_insensitive,elasticnet,49.58558982913786
348,-0.020067529497167724,-0.03542810506658878,1694024829.7596285,epsilon_insensitive,None,548.6273740816245
349,-10111980547.755344,-9656272882.282778,1694024829.7686036,squared_error,None,20077.27653620168
350,-0.001885598454701043,-0.010992216031769919,1694024829.8010569,epsilon_insensitive,None,0.016704160146390555
351,-4403966.356115637,-111750484.32640831,1694024829.8148417,squared_error,elasticnet,0.01434836238708578
352,-3220370385.615481,-3267394666.768732,1694024829.824017,squared_error,l2,0.0012453460818048906
353,-0.07574931250329997,-0.07564576451991467,1694024829.8510106,epsilon_insensitive,elasticnet,444.9989994710096
354,-0.8913522360041088,-0.8609231803196584,1694024829.8650992,squared_error,elasticnet,0.12190540349308301
355,-0.05827442778083447,-0.058940220645617325,1694024829.891242,epsilon_insensitive,l2,277.89834293653075
356,-15934837565.491016,-15471161711.2543,1694024829.9049594,squared_error,elasticnet,0.006131566426847262
357,-0.0974153943254612,-0.10940892910379074,1694024829.9225957,epsilon_insensitive,l2,0.006967412200117418
358,-0.000757685303075073,-0.0006939360019733165,1694024829.9369075,squared_error,l2,6768.977021075446
359,-0.000389772674316502,-0.014363075077545862,1694024829.9637372,epsilon_insensitive,None,0.01893397306546005
360,-0.00016084855595477343,-0.0005217183629517841,1694024829.9810646,squared_error,l2,1225.9583017878774
361,-319393969.0170452,-1463273797.2616487,1694024829.9899333,squared_error,None,7496.659188360222
362,-0.0749409302815407,-0.08740471404586181,1694024830.0308492,epsilon_insensitive,l1,1.5520250201340766e-05
363,-10313278988.933828,-10508020608.950333,1694024830.0396984,squared_error,None,78.75423028211398
364,-0.10196563684316917,-0.10510112311927533,1694024830.0644526,epsilon_insensitive,None,0.00010250490092374459
365,-1158444405.314638,-17439713209.678123,1694024830.0733814,squared_error,None,0.06581686232039252
366,0.00592202510288331,-0.005146376224185678,1694024830.0914745,epsilon_insensitive,None,1.6338167919462537e-05
367,-73514576.86653847,-316233732.99520797,1694024830.1003659,squared_error,None,3.2458948776826675e-05
368,-0.07344573022793965,-0.0856111263792565,1694024830.13782,epsilon_insensitive,l1,2.8033815591745823e-05
369,-0.0018024031300820642,-0.015141753889472254,1694024830.167008,epsilon_insensitive,None,0.00018853027767947648
370,-0.00011378848827781063,-1.6458685997422506e-05,1694024830.179268,squared_error,elasticnet,15455.45546350643
371,-0.10842561429049336,-0.11069426106110103,1694024830.1993034,epsilon_insensitive,l2,35.66657316736677
372,-0.00010933485490727257,-1.4831020437311437e-05,1694024830.210097,squared_error,l1,86.28158476223771
373,-0.07289566262864788,-0.08467648727185306,1694024830.2453463,epsilon_insensitive,l1,2.414233504737931e-05
374,-0.00010375546376439893,-1.2868330094839564e-05,1694024830.2561975,squared_error,l1,26026.399408326637
375,-0.0001140283281941823,-1.654780612780904e-05,1694024830.266972,squared_error,l1,62269.17333182305
376,-0.00011282446214266884,-1.6101959553926903e-05,1694024830.2793405,squared_error,elasticnet,18388.212175272394
377,-0.002346661152230922,-0.017435985782810803,1694024830.3409917,epsilon_insensitive,l1,2.311026882713988e-05
378,-15508334543.384167,-16545067156.194187,1694024830.3547387,squared_error,elasticnet,4.1959355123022225e-05
379,-136954.67390039365,-150991398.8636346,1694024830.3685179,squared_error,elasticnet,0.01735890107901073
380,-0.07585875953067323,-0.07575253500036361,1694024830.3945498,epsilon_insensitive,l1,23566.508198168816
381,-0.05393388576820901,-0.06640893247609347,1694024830.420379,epsilon_insensitive,None,1552.1411457118907
382,-948069299318.1997,-1268632079927.6033,1694024830.4294295,squared_error,None,1800.6282192939707
383,-0.12877348064423977,-0.1498573369307592,1694024830.4476092,epsilon_insensitive,None,0.00018723064993854028
384,-0.07575948861869364,-0.0756556918516702,1694024830.4748707,epsilon_insensitive,elasticnet,26.813300010657958
385,-0.07393058328297886,-0.08372616253683263,1694024830.4973526,epsilon_insensitive,None,0.0004013996737196643
386,-0.0638325064278229,-0.06564195038030585,1694024830.5212414,epsilon_insensitive,l2,130.64869914887808
387,-20298775003.679073,-20257319783.008785,1694024830.534801,squared_error,l1,0.00030837007754251443
388,-11542135132.524006,-12409901345.829031,1694024830.5437999,squared_error,None,24.05219369326754
389,-0.07580180197961317,-0.0756969705787851,1694024830.5742207,epsilon_insensitive,elasticnet,6320.424447931723
390,-1308067606.0858107,-1433036137.782605,1694024830.5833178,squared_error,None,0.003929086876684255
391,-0.11363394527758652,-0.11275833118208589,1694024830.6195703,epsilon_insensitive,l2,43716.22941521231
392,-14254108587.511936,-15486862687.406069,1694024830.6284654,squared_error,None,0.00019806448593866433
393,-0.03999230869972048,-0.05315307192651342,1694024830.6495657,epsilon_insensitive,l2,5.550912935185183e-05
394,-0.07596322479458872,-0.07585444388798512,1694024830.6757169,epsilon_insensitive,l1,7783.881614074656
395,-9734716824.452377,-10891427064.82365,1694024830.6848743,squared_error,None,35953.75993978504
396,-2.138571437421689,-2.0342045285620274,1694024830.6971378,squared_error,elasticnet,0.13337949076343
397,-0.07594359613052237,-0.07583529568172964,1694024830.7230978,epsilon_insensitive,l1,6.737269950703887
398,-381225686.29046434,-651163637.9165356,1694024830.7318454,squared_error,None,1.1654773700423904e-05
399,-0.03345399938422999,-0.034511922000078465,1694024830.7518046,epsilon_insensitive,l1,0.9144757468166582
