trial,score,test_score,time,alpha
0,0,0,1694050606.9466798,0
0,0.6019725731432858,0.5796932031027281,1694050608.0394402,1
1,0.6469696624156039,0.6230119344243785,1694050608.1749682,0.0006348876640641904
2,0.649342175543886,0.6273276992317253,1694050608.2412508,1.5658581420941057e-05
3,0.6027004351087772,0.5812401478212196,1694050609.1675165,0.4287313732190953
4,0.5995246811702926,0.5739245359641312,1694050611.7539976,177.55761053759562
5,0.6040051612903226,0.5833829779375258,1694050612.3106232,0.15923408837894695
6,0.6022224756189047,0.5802293548181733,1694050613.1774833,0.7149422811540449
7,0.6487396249062266,0.6268628926056958,1694050613.235021,1.3421719117853428e-05
8,0.6021571792948237,0.5801620386868059,1694050614.2287621,0.7476805328662185
9,0.5995546886721681,0.5738073208119657,1694050616.3464284,26185.840813869847
10,0.6332435108777195,0.6106164821320466,1694050616.5185578,0.0017219332291063926
11,0.649472768192048,0.6274331528293396,1694050616.5846705,1.6192168857536837e-05
12,0.6515031957989498,0.629091632119394,1694050616.655956,2.6501844978050873e-05
13,0.64127711927982,0.6177540690974813,1694050616.7975469,0.0009691467408320648
14,0.6488702175543887,0.6269750778164469,1694050616.8593595,1.3876264058301038e-05
15,0.6148059414853714,0.5939486826858706,1694050617.1232557,0.010440458515980279
16,0.6580179444861215,0.6341100372005458,1694050617.228411,0.0001237002067603677
17,0.6569100675168793,0.6324262830804983,1694050617.3389113,0.00023275408786299542
18,0.6075064366091523,0.5872068344942071,1694050617.7425096,0.043258885147995495
19,0.6533967891972993,0.6290106025159117,1694050617.8730607,0.00036481231010695406
20,0.6154500225056264,0.5945629111038684,1694050618.1338,0.009503634862550523
21,0.6568385296324082,0.6323425508219275,1694050618.2261405,0.0002360325819121176
22,0.6578357389347337,0.6340192980584125,1694050618.3116357,0.00011008650317101087
23,0.6580213053263316,0.6341098870530408,1694050618.412002,0.0001246681168758767
24,0.6236389497374344,0.6019274960721412,1694050618.6326525,0.00383801293796468
25,0.6576758589647412,0.6339552351229849,1694050618.7269704,0.00010407243239944164
26,0.6559013353338334,0.6326685460796686,1694050618.8176877,6.541465122177016e-05
27,0.6354251762940735,0.6125558123300331,1694050618.9770682,0.0014690330383889448
28,0.6571179594898724,0.6336009120359841,1694050619.0625067,8.724535835802085e-05
29,0.6095673518379594,0.5891620052539616,1694050619.3973346,0.026235140612589695
30,0.6239812753188296,0.6022586213696336,1694050619.6322358,0.0037121344924783027
31,0.6581266916729183,0.633909189888146,1694050619.7296772,0.00015692753549712625
32,0.6483483270817705,0.6242909409203602,1694050619.8623726,0.000569898679648538
33,0.6576021605401351,0.6338930990805367,1694050619.9439118,0.0001009325789807067
34,0.6457700825206301,0.6219169336956627,1694050620.0843449,0.000694370120612028
35,0.6578352588147036,0.6340189727388186,1694050620.1620793,0.00011007344154204898
36,0.6548633158289572,0.631911602458255,1694050620.2331405,5.359838819031012e-05
37,0.6527589497374343,0.6301995455335322,1694050620.3067455,3.5053537068131685e-05
38,0.6515031957989498,0.6272060547281648,1694050620.417375,0.00043728799486247844
39,0.6487636309077269,0.626880610011275,1694050620.4662988,1.349664863664356e-05
40,0.6007948387096774,0.5771262563342228,1694050621.5210683,4.882419356472841
41,0.6576242460615154,0.6332314490755718,1694050621.6165195,0.000197865124665966
42,0.6529428357089273,0.6303684364519705,1694050621.6866043,3.6564053431112905e-05
43,0.657918799699925,0.6335885248668292,1694050621.7881947,0.00017909518248148144
44,0.6345912078019504,0.6118191886709504,1694050621.9397402,0.001560752411444876
45,0.6570745086271569,0.6326406436683397,1694050622.0372233,0.00022476093472430304
46,0.6527697524381095,0.6302078787200547,1694050622.1056976,3.512541311285405e-05
47,0.6454272768192048,0.6216111833264999,1694050622.2508798,0.0007120837008820623
48,0.6496096024006002,0.627556148660444,1694050622.3085823,1.687049609347006e-05
49,0.6282284171042761,0.6061003705039831,1694050622.4955032,0.0025652033440706815
50,0.6479342235558889,0.6262358265760283,1694050622.5496352,1.0770622232293809e-05
51,0.6563264816204051,0.6330043759989814,1694050622.631266,7.174920724368057e-05
52,0.6579077569392348,0.6335790155248515,1694050622.729066,0.00017963156603831342
53,0.6553904876219054,0.630961318899687,1694050622.8156958,0.00028940617894393793
54,0.6415805551387846,0.6180250352946736,1694050622.941862,0.0009478971906018156
55,0.6581329332333082,0.6339268322199729,1694050623.0326095,0.00015563932590751436
56,0.651329872468117,0.6289505435139482,1694050623.0940597,2.5478550342352483e-05
57,0.6528881020255064,0.6285113870866739,1694050623.2009053,0.0003842314907455954
58,0.6202346586646661,0.598840813715394,1694050623.413319,0.005387417540438391
59,0.657473248312078,0.6330906107159673,1694050623.5148165,0.00020390331293832612
60,0.6400813803450862,0.6166943780570031,1694050623.6403475,0.0010543670814438203
61,0.6580733983495874,0.6340833860184245,1694050623.7250104,0.00013611086697743984
62,0.6539966991747937,0.6312064847506191,1694050623.7843325,4.476798570438368e-05
63,0.6581199699924981,0.6338670735130192,1694050623.8805432,0.00016101018897950203
64,0.6317532183045762,0.6092624269081947,1694050624.0426762,0.0019357732111247518
65,0.6487564291072768,0.6246537473413881,1694050624.1527667,0.0005516721767796213
66,0.6580294673668418,0.6341111382822484,1694050624.2380457,0.0001253098271921678
67,0.6564289872468118,0.6331099046703481,1694050624.3144958,7.398386940083352e-05
68,0.6523815753938484,0.62983243488403,1694050624.3801174,3.209083026425482e-05
69,0.6478823705926482,0.6261945109875943,1694050624.435162,1.0621537344292341e-05
70,0.6580261065266316,0.6341104375938922,1694050624.5251825,0.00012331384774778037
71,0.652794958739685,0.6284161685439775,1694050624.6266286,0.0003880083270755587
72,0.658107006751688,0.6340484016497807,1694050624.7174516,0.00014176481505742572
73,0.657976654163541,0.6340898673857198,1694050624.80867,0.00011961423209498704
74,0.6548277869467367,0.6318814228097683,1694050624.8807454,5.321824366264315e-05
75,0.6503273818454615,0.6281182758942385,1694050624.94922,2.0162078010486713e-05
76,0.6463491072768192,0.6224726045867461,1694050625.0983596,0.0006635046303195967
77,0.6578501425356339,0.6340233019918768,1694050625.1799326,0.00011085308924747397
78,0.6536627756939235,0.6292619994882972,1694050625.2899396,0.00035465455378588286
79,0.6556980045011254,0.6325190241893637,1694050625.3568766,6.296985567272629e-05
80,0.6385149887471868,0.6153134714543568,1694050625.499963,0.001177118033696763
81,0.6581065266316579,0.6338545612209434,1694050625.5902207,0.00016210148529924087
82,0.6581365341335333,0.6339141197312239,1694050625.6829586,0.00015669361444734865
83,0.6579545686421606,0.6336463316562191,1694050625.7786598,0.00017546512905555284
84,0.650752288072018,0.6284654419501718,1694050625.8463976,2.2280266551544695e-05
85,0.6537148687171792,0.6293093209769278,1694050625.9629478,0.00035289539909368745
86,0.6549615003750938,0.6319880275382534,1694050626.0394523,5.4580939849404576e-05
87,0.6580395498874719,0.6341089361188431,1694050626.1309001,0.00012639595737416002
88,0.6494185146286572,0.6252512343125887,1694050626.2458506,0.0005231344188453802
89,0.628619474868717,0.6064371013083253,1694050626.4478002,0.0024886172483838745
90,0.6561500375093774,0.6316769469326666,1694050626.560745,0.00026252754441010237
91,0.6580222655663915,0.6341093865613578,1694050626.649905,0.00012489545587530875
92,0.6525169692423105,0.6299571323868569,1694050626.7104707,3.3068026219156284e-05
93,0.6581319729932483,0.634012916789454,1694050626.8010445,0.00014592455804717845
94,0.6423148987246812,0.6186932917898543,1694050626.9291408,0.0009002511774550421
95,0.6554430607651912,0.6323480061812725,1694050626.995914,6.0151688986639626e-05
96,0.6562028507126781,0.6317453140965684,1694050627.1034067,0.00026002776622672684
97,0.6502078319579895,0.6280188031722365,1694050627.1661918,1.9565695396853494e-05
98,0.6578794298574644,0.6335028657152786,1694050627.2530057,0.00018353898536925138
99,0.6566841710427608,0.6332859025706854,1694050627.3303952,7.813770430149767e-05
100,0.648842370592648,0.6247479899253027,1694050627.4623082,0.0005475376726735812
101,0.657783885971493,0.6340108647735536,1694050627.535651,0.00010909868460363362
102,0.6581317329332333,0.6340061101025648,1694050627.63439,0.00014711318512347938
103,0.6524043810952738,0.6298532803626282,1694050627.703544,3.226771623975923e-05
104,0.6581343735933983,0.6338768831500066,1694050627.7945578,0.00016019886972962248
105,0.6544979444861215,0.6300391379491213,1694050627.9091709,0.00032454373826116905
106,0.6345196699174793,0.6117552758830275,1694050628.0618937,0.0015688656276143845
107,0.653958049512378,0.631175779585865,1694050628.1321359,4.4419008585320744e-05
108,0.6577774043510877,0.633401641272386,1694050628.221927,0.00018910525470574623
109,0.6428545536384096,0.6191903300802708,1694050628.3520482,0.0008649681373368649
110,0.6564131432858215,0.6330915866747493,1694050628.4343407,7.365618392934968e-05
111,0.6580743585896474,0.6337890718842191,1694050628.5279863,0.00016612355978913378
112,0.6581326931732934,0.633930485809259,1694050628.6279376,0.0001552038161267674
113,0.6485912678169543,0.6245158118335453,1694050628.739728,0.0005587801001166248
114,0.6552742985746436,0.630839724445295,1694050628.8382978,0.0002939581393597054
115,0.6566606451612904,0.6332499672678439,1694050628.9173634,7.733201374945384e-05
116,0.6493628207051761,0.6273488450053333,1694050628.977502,1.5778261117067578e-05
117,0.6580450712678169,0.6337482067382998,1694050629.074966,0.00016903451461281632
118,0.6507311627906978,0.626468555208637,1694050629.1839228,0.0004683855322898816
119,0.6543464666166542,0.6314947179108756,1694050629.2513871,4.804068921561894e-05
120,0.6560288072018005,0.631589611133978,1694050629.3427706,0.0002656433930399051
121,0.6581312528132033,0.6339333886610206,1694050629.4419005,0.00015447499822342402
122,0.6581588597149287,0.633985014378125,1694050629.5390475,0.00014993622611392016
123,0.6569443960990247,0.6334812194499876,1694050629.6242647,8.30868443630342e-05
124,0.6571018754688672,0.6326599876718888,1694050629.7209635,0.00022388707667294575
125,0.6513202700675169,0.6289425856961879,1694050629.790059,2.5416932636910512e-05
126,0.6416295273818454,0.6180851943949737,1694050629.9244995,0.0009437524265596503
127,0.6581252513128282,0.633888019089954,1694050630.013831,0.00015928765586536707
128,0.6572151837959489,0.6336784131731013,1694050630.1007867,8.983894006530306e-05
129,0.6533250112528132,0.6289456637200386,1694050630.2088957,0.0003673188264159802
130,0.6528247261815454,0.6302632080756135,1694050630.2866764,3.556318779157345e-05
131,0.6579010352588146,0.6335590709312828,1694050630.3818302,0.00018071660813205373
132,0.6581110877719429,0.6338590155969225,1694050630.4810536,0.00016182883943307162
133,0.6461095273818455,0.6222493602715307,1694050630.607821,0.0006757726738812316
134,0.6519338634658665,0.6275920839632856,1694050630.7268496,0.00042104627386323044
135,0.6542161140285071,0.6313664418925152,1694050630.7922883,4.658599632334223e-05
136,0.6362351387846962,0.6132596537838773,1694050630.9560592,0.0013891503755297295
137,0.6576914628657164,0.6339633931374182,1694050631.0398257,0.00010476303434551867
138,0.655619264816204,0.6324783091909492,1694050631.1175718,6.221013101933286e-05
139,0.6580993248312079,0.6340599129584905,1694050631.2064428,0.00014053926488872496
140,0.6552591747936983,0.6308193544337958,1694050631.3078995,0.0002948146642105452
141,0.6579951387846962,0.6336972817095514,1694050631.4002728,0.00017276684911909224
142,0.6580856414103526,0.6341011284485879,1694050631.4939108,0.00013377139992393826
143,0.6560833008252063,0.6316244203305328,1694050631.613019,0.00026466114190435363
144,0.6574526031507878,0.633801934520473,1694050631.7021174,9.548500973183108e-05
145,0.6503833158289573,0.6261598519385445,1694050631.8252423,0.0004823809587799752
146,0.6543498274568642,0.631502550605715,1694050631.8989673,4.810269543832612e-05
147,0.6580640360090022,0.6340814090762765,1694050631.985686,0.00013687475953825387
148,0.6507542085521381,0.6284666931793794,1694050632.0505514,2.2285952814524607e-05
149,0.6564282670667667,0.6331097294982592,1694050632.1415155,7.396757729200603e-05
150,0.6571933383345836,0.6327396158986588,1694050632.2412646,0.0002204452821550964
151,0.6580837209302326,0.6340754282006643,1694050632.3258255,0.00013811302116507572
152,0.6575860765191298,0.6338853414594497,1694050632.4162056,0.00010027657260828751
153,0.654015663915979,0.6296183745911984,1694050632.5370471,0.0003409353051580481
154,0.6578018904726182,0.6334253145289932,1694050632.6440156,0.00018799161960135542
155,0.6444886421605401,0.6206495886558955,1694050632.7967503,0.0007690537688280501
156,0.6526948537134284,0.6301411381541225,1694050632.8678215,3.455179604929783e-05
157,0.6554713878469617,0.632368075897762,1694050632.947674,6.045944183309255e-05
158,0.6581307726931733,0.6340127916665332,1694050633.0485294,0.0001459390663429076
159,0.6090106526631658,0.5886488010821832,1694050633.3976417,0.029503104712068785
160,0.6512571342835708,0.6269551332228781,1694050633.5187924,0.00044791505790135137
161,0.6580813203300825,0.6341017790877759,1694050633.6107392,0.00013240867572514607
162,0.6563459264816205,0.6318963875110909,1694050633.7131166,0.00025352162108679656
163,0.6570853113278319,0.6335745861734569,1694050633.8064592,8.623478298888602e-05
164,0.604671807951988,0.5842229030799858,1694050634.3762133,0.11476185317100979
165,0.6581372543135784,0.6339257561628544,1694050634.480287,0.00015570424887659072
166,0.6564037809452363,0.6319569970539058,1694050634.5857072,0.00025130124215763937
167,0.6476874418604651,0.6236765873794415,1694050634.729591,0.0006001951491764278
168,0.655162910727682,0.6321514380727626,1694050634.8127546,5.703564747541784e-05
169,0.6153556789197299,0.5944846592292268,1694050635.076142,0.009614166659820886
170,0.6580933233308327,0.6338208280815073,1694050635.1861615,0.00016419007455869636
171,0.6580693173293323,0.634110412569308,1694050635.2856798,0.00013029606380581324
172,0.657536624156039,0.6331471162269814,1694050635.3882713,0.00020161961903926955
173,0.6528888222055513,0.6285098605870407,1694050635.507158,0.00038429067418677343
174,0.6561687621905476,0.632867341376168,1694050635.59791,6.904711763964528e-05
175,0.6580520330082521,0.6337752332891833,1694050635.6983004,0.00016710509129343995
176,0.6477397749437359,0.626088081431198,1694050635.7575476,1.0210034711046138e-05
177,0.657537344336084,0.6338438256743425,1694050635.8459177,9.789559742357652e-05
178,0.6550030307576895,0.6305326727977565,1694050635.9562852,0.000306118450524477
179,0.6532575543885971,0.6306208844568905,1694050636.035415,3.887231563589677e-05
180,0.6573589797449363,0.6337436272393999,1694050636.116253,9.272996435448624e-05
181,0.6580837209302325,0.6340736764797738,1694050636.217752,0.0001385402982894344
182,0.6016108027006751,0.5788688682761945,1694050637.0127506,1.6073703244668973
183,0.6573474568642161,0.6329014498843664,1694050637.1154397,0.00021318692475855172
184,0.6580834808702176,0.6340728006193285,1694050637.2197566,0.00013864740032213367
185,0.6544052813203302,0.6299618620332615,1694050637.3562512,0.0003274723900430543
186,0.6564563540885222,0.6331229174541069,1694050637.4465208,7.42397048271692e-05
187,0.6579437659414854,0.6336151760489505,1694050637.5561574,0.00017760652867936818
188,0.6484988447111778,0.6244306781982619,1694050637.6987443,0.0005631082453465161
189,0.6541145686421606,0.6312972739419206,1694050637.7747078,4.5785150407600745e-05
190,0.6386102925731433,0.6153907723948007,1694050637.9416625,0.0011702515659743344
191,0.657990817704426,0.6341061834145865,1694050638.0365665,0.00012223956488719334
192,0.6581086871717929,0.634052906074928,1694050638.129825,0.00014144136141797545
193,0.6567475468867218,0.6322699795278882,1694050638.2292392,0.0002387881706798829
194,0.6576093623405852,0.6339058115692856,1694050638.3200438,0.00010139255017306423
195,0.6579418454613652,0.6336331437003712,1694050638.4261415,0.0001764493466425633
196,0.6538173743435858,0.6294083432564151,1694050638.5499394,0.00034900591998935704
197,0.6561970892723181,0.632899898360149,1694050638.6458316,6.970101981059857e-05
198,0.6517554988747187,0.6293043160600974,1694050638.7179353,2.804911739638577e-05
199,0.6579795348837209,0.6340975749576383,1694050638.807835,0.00012137922366585022
200,0.651071567891973,0.6267830641822526,1694050638.9252503,0.0004549790089602227
201,0.6581398949737435,0.6339483033131748,1694050639.0292513,0.00015317128155260752
202,0.6570541035258814,0.6326112397819619,1694050639.1329997,0.00022597837773876602
203,0.6572660765191298,0.6336986830862641,1694050639.2266116,9.065834444855834e-05
204,0.6182721680420104,0.5970826114574959,1694050639.4634733,0.006678547603755774
205,0.6581310127531883,0.6339427478554933,1694050639.5767958,0.00015367242596980087
206,0.5997131282820705,0.5746270260904313,1694050641.491904,75.08578409071268
207,0.6568135633908477,0.6323220807120915,1694050641.5962396,0.00023675538497673875
208,0.6549965491372843,0.6320281419466485,1694050641.6764102,5.515786892814856e-05
209,0.6581487771942985,0.6339566114751131,1694050641.7721574,0.00015218430107692693
210,0.6452921230307577,0.6214800795301304,1694050641.917065,0.0007196655685848072
211,0.6581588597149287,0.6339850394027092,1694050642.02438,0.0001497843119928784
212,0.6245605401350337,0.6028089119751243,1694050642.2213345,0.0035137125395969886
213,0.6550289572393098,0.6305657052488364,1694050642.3446047,0.0003049188030671821
214,0.6581283720930232,0.6339095902814926,1694050642.4512866,0.0001569023865485029
215,0.6573851462865716,0.6337667749797401,1694050642.5502367,9.376094476838406e-05
216,0.6579816954238559,0.6336873719742274,1694050642.665617,0.00017346673909645013
217,0.6532637959489873,0.6288811753666802,1694050642.7970803,0.00036978022570855634
218,0.6559887171792949,0.632724100656485,1694050642.8871255,6.6422907253004e-05
219,0.6575531882970742,0.6331588777815325,1694050642.9820113,0.00020112023001932084
220,0.657981695423856,0.6340990263835192,1694050643.0831861,0.00012146763621299824
221,0.6581000450112529,0.6340561342462836,1694050643.1763058,0.00014108794266965124
222,0.6559594298574644,0.6315178656512157,1694050643.2736912,0.00026838144431461433
223,0.6571570892723182,0.6336337192658067,1694050643.3518133,8.833527238752486e-05
224,0.658107246811703,0.6338585401298236,1694050643.45695,0.0001616550316001149
225,0.657414673668417,0.6330128843575928,1694050643.5548923,0.00020754289227681413
226,0.6518099924981244,0.6274592034214412,1694050643.674679,0.00042661146466587747
227,0.6548265866466616,0.6318809723672536,1694050643.7531614,5.3189097019210294e-05
228,0.6576741785446361,0.6339548847788067,1694050643.8467286,0.00010405050950253643
229,0.6561793248312078,0.6317184126686057,1694050643.970599,0.00026097340796764915
230,0.6318614853713428,0.6093609737205832,1694050644.1694098,0.0019204652919939918
231,0.6581326931732934,0.6339304107355066,1694050644.2791798,0.00015521705649992754
232,0.6579118379594899,0.6335837201466721,1694050644.3899014,0.0001793310694774327
233,0.658042910727682,0.6341100622251299,1694050644.4862707,0.0001291650717970594
234,0.657157569392348,0.6336336942412226,1694050644.5700366,8.833212243495541e-05
235,0.6098878319579895,0.5894437320223388,1694050644.9300094,0.024503827771320267
236,0.6581197299324831,0.6339003061607724,1694050645.035357,0.00015833839429958474
237,0.6547248012003001,0.6302514715456464,1694050645.152357,0.0003165285027757419
238,0.658114688672168,0.6340212249513922,1694050645.2559185,0.00014515215432283184
239,0.60448144036009,0.5839281635278497,1694050645.726248,0.12767334275950232
240,0.6554497824456115,0.6323524355326673,1694050645.8034256,6.022217787633362e-05
241,0.6581398949737435,0.6339482782885908,1694050645.9017377,0.0001531714551548553
242,0.6581492573143285,0.6339563362046874,1694050646.007281,0.00015219767488242305
243,0.6577817254313579,0.6340115904864939,1694050646.0985906,0.00010916894245529945
244,0.6559961590397598,0.6315531753394535,1694050646.1982803,0.0002670287449501074
245,0.6578818304576144,0.6335237111938768,1694050646.295427,0.00018264101999118927
246,0.656513968492123,0.6331589778798692,1694050646.3794646,7.523650857876377e-05
247,0.650303615903976,0.6260867801528222,1694050646.493428,0.00048581839186797807
248,0.6579418454613652,0.6340807334125045,1694050646.573087,0.00011871079202073008
249,0.6563209602400601,0.6318797962117986,1694050646.6729436,0.00025413838722076077
250,0.6581156489122281,0.6338677241522073,1694050646.7692332,0.00016085796616696879
251,0.6024536534133533,0.5807653563861137,1694050647.4768312,0.5470167047690185
252,0.653822415603901,0.6310522332139094,1694050647.5435138,4.321515291022176e-05
253,0.6577001050262566,0.6333285694866636,1694050647.6371422,0.00019280284375304115
254,0.6569988897224306,0.63351300067186,1694050647.7254107,8.414649191739419e-05
255,0.6552771792948238,0.630843177837908,1694050647.8256915,0.0002937513109725194
256,0.6511827156789196,0.6269003043590023,1694050647.9502459,0.0004502634447912893
257,0.6581050862715678,0.6340374909310906,1694050648.03881,0.0001431148607735253
258,0.6501322130532633,0.6279598202273914,1694050648.1082752,1.9201864270253e-05
259,0.6567504276069017,0.6333209870376657,1694050648.1907916,7.912933983774069e-05
260,0.6571731732933234,0.632717494166269,1694050648.2978024,0.00022128466402050026
261,0.6000835408852213,0.5751611508145602,1694050649.634463,24081.99501573483
262,0.6425160690172543,0.6188975424456986,1694050649.7859762,0.0008860189403317818
263,0.6529581995498875,0.6303771450072551,1694050649.8588045,3.6654597175105066e-05
264,0.6576876219054764,0.6339653700795661,1694050649.949129,0.00010500598517097764
265,0.6531615303825956,0.6287629842557327,1694050650.0666203,0.00037430857306995847
266,0.6580986046511628,0.6338504321645584,1694050650.1619046,0.00016251435912055789
267,0.6111594298574643,0.5906131808889052,1694050650.4991353,0.018980344802870152
268,0.6561353938484622,0.6328495989460046,1694050650.5835428,6.86600926010421e-05
269,0.6144782595648912,0.5936660550324638,1694050650.858266,0.010915802397853279
270,0.6580294673668418,0.6341104626184765,1694050650.9489403,0.00012532138046510226
271,0.6569359939984996,0.6324455019611267,1694050651.053743,0.0002320849757677304
272,0.6541750637659415,0.631345921733511,1694050651.1201372,4.631869659366818e-05
273,0.6485437359339834,0.6244707675820727,1694050651.2387748,0.0005610439754327662
274,0.6229228507126782,0.6012627680433258,1694050651.456164,0.004111645439698127
275,0.6578935933983496,0.6335358731417745,1694050651.5545697,0.00018211102817860224
276,0.6541292123030759,0.6297105151100442,1694050651.6687188,0.0003373471056254152
277,0.6575186196549138,0.6338333653981671,1694050651.755681,9.732023294503065e-05
278,0.6059501275318829,0.5856167473926386,1694050652.200685,0.07024082245628123
279,0.6581086871717929,0.6340542323778879,1694050652.2967904,0.00014124915909580684
280,0.6563315228807202,0.633015561988097,1694050652.383804,7.190989126858222e-05
281,0.6562619054763691,0.6318169094318259,1694050652.4707637,0.0002566851708970032
282,0.6057196699174793,0.585360095257581,1694050652.9221475,0.07644674450703942
283,0.6016088822205552,0.5788909149348319,1694050653.7321851,1.5290450725344895
284,0.65152576144036,0.6291177327606641,1694050653.805433,2.6674044024530216e-05
285,0.6479395048762191,0.623929610949797,1694050653.9253309,0.0005873417704496326
286,0.6578851912978245,0.6340633663511033,1694050654.0128617,0.0001150530169786815
287,0.6579560090022506,0.6336485838687926,1694050654.1119416,0.00017534547124532836
288,0.6545325131282821,0.6316571274620187,1694050654.1867886,5.017835952212071e-05
289,0.6373610202550637,0.6142395414254964,1694050654.3496726,0.0012829574960617719
290,0.653757839459865,0.6293559417772019,1694050654.4676313,0.0003511520481729936
291,0.6573354538634658,0.6337369957245998,1694050654.5544145,9.226350560707482e-05
292,0.6293442160540136,0.6070950226502516,1694050654.7431085,0.0023448519845588696
293,0.6495066166541635,0.6274698138451216,1694050654.8017666,1.638567794027293e-05
294,0.6572473518379595,0.6327936189512577,1694050654.9054148,0.00021812739568316866
295,0.6581038859714928,0.6340349634480915,1694050654.999087,0.00014344285184002693
296,0.6555354838709678,0.6324116937479379,1694050655.0720174,6.117874899441733e-05
297,0.6541318529632407,0.6297176721411114,1694050655.1909254,0.0003370850251559974
298,0.6457091072768192,0.6218722397883681,1694050655.349424,0.0006971310281015915
299,0.6576494523630908,0.6332597268556629,1694050655.4615335,0.00019626143338295868
300,0.6572658364591148,0.6336989083075214,1694050655.5531554,9.065086248194301e-05
301,0.6527411852963241,0.6301820783737945,1694050655.6280398,3.488099086206899e-05
302,0.6580609152288072,0.6341081853813185,1694050655.7145836,0.00013069449966054213
303,0.6562530232558139,0.631796614494079,1694050655.835713,0.00025788166041365487
304,0.6502493623405852,0.6260367560091034,1694050655.951748,0.00048808774522171534
305,0.655096174043511,0.632102740232004,1694050656.0267498,5.6256375853245064e-05
306,0.6581408552138035,0.633960565359409,1694050656.1267269,0.00015187430204699422
307,0.6571546886721681,0.6336221829325129,1694050656.2188816,8.786232397430125e-05
308,0.5998998949737435,0.5753293910938105,1694050657.9636366,21.160991968657928
309,0.6571203600900224,0.632674727151954,1694050658.0630414,0.00022328571801563847
310,0.6580328282070518,0.6341085357254967,1694050658.16193,0.00012820933305268423
311,0.6068575543885971,0.5865940074529217,1694050658.5760794,0.05180354742590785
312,0.6247386646661666,0.6029699201495549,1694050658.755515,0.003457849303906039
313,0.60383951987997,0.5831247993028351,1694050659.2588499,0.1768378979442754
314,0.6532669167291822,0.6288746689748008,1694050659.3799696,0.00037012633128960835
315,0.6132078619654914,0.5924822921037627,1694050659.6215613,0.013277919687860941
316,0.6033130682670668,0.5822819462840294,1694050660.0689564,0.25304385289852777
317,0.658109407351838,0.6338589154985859,1694050660.1717548,0.0001618117118530197
318,0.6563051162790698,0.6329829549549477,1694050660.2618392,7.130813180643503e-05
319,0.6479111777944486,0.6262197858175872,1694050660.3222423,1.0708400755626206e-05
320,0.6553460765191297,0.6309159743532047,1694050660.4231997,0.00029092283100691697
321,0.6079656714178544,0.587671065554801,1694050660.7676518,0.038022685381927886
322,0.6577464366091522,0.6340012553332394,1694050660.8424058,0.00010798533852634001
323,0.6438051912978245,0.6200533779384868,1694050660.9714904,0.0008067372540482839
324,0.6533917479369842,0.6307244111615251,1694050661.047433,3.986069327968585e-05
325,0.6199172993248312,0.5985602631024719,1694050661.2607381,0.00556742351944666
326,0.657151807951988,0.6327059077838068,1694050661.3596582,0.00022189232442151256
327,0.6010404201050262,0.5772739764544688,1694050662.3048525,6.302336771938742
328,0.602941455363841,0.5817417405859515,1694050662.9510887,0.33629577746630696
329,0.6581341335333835,0.6339456006580865,1694050663.0532176,0.00015347181480097712
330,0.60256048012003,0.5809229361925156,1694050663.9412196,0.5033417825743263
331,0.6338052513128282,0.6111082902843753,1694050664.1003706,0.0016559414462163447
332,0.6515958589647413,0.6272932153547645,1694050664.2233026,0.0004336136765641611
333,0.6564109827456864,0.6330919370189274,1694050664.317273,7.366188760218516e-05
334,0.651074688672168,0.6287376593765714,1694050664.394554,2.4088187231722748e-05
335,0.6578950337584396,0.6335402023948327,1694050664.5049324,0.0001818810880955354
336,0.6576871417854463,0.6339659706695859,1694050664.5916772,0.00010503450681212886
337,0.6547994598649662,0.6303202391028946,1694050664.7039976,0.00031402309664464294
338,0.6546707876969243,0.6317609044124948,1694050664.803054,5.1585502664210286e-05
339,0.6581182895723932,0.633887868942449,1694050664.9126596,0.00015934369018851544
340,0.6577565191297825,0.6339986778010717,1694050665.0019643,0.00010813579119574188
341,0.6568231657914478,0.6323321656195046,1694050665.1011782,0.00023641086763874231
342,0.6482691072768193,0.6242111124969171,1694050665.2314231,0.0005735083940474106
343,0.6561697224306077,0.6328697187116623,1694050665.3172767,6.910806975815936e-05
344,0.640769392348087,0.6172876608980662,1694050665.4573576,0.0010063196098628767
345,0.617342415603901,0.5962819248629854,1694050665.687242,0.00745008218284187
346,0.6581305326331582,0.633929659997982,1694050665.7944996,0.00015532325813686355
347,0.6534604051012753,0.6290637297080651,1694050665.9158142,0.00036263514988709664
348,0.6580594748687172,0.6341036809561713,1694050666.0136313,0.00013143318818659508
349,0.6569535183795949,0.6324661722676357,1694050666.1193252,0.00023106607191582376
350,0.652863375843961,0.6302983425917621,1694050666.1954663,3.597407684173157e-05
351,0.6573073668417104,0.633721830826604,1694050666.286169,9.165418746361183e-05
352,0.649469887471868,0.6274260208228564,1694050666.3557055,1.6166488132899187e-05
353,0.6551144186046511,0.6321184056216828,1694050666.436746,5.6517164581088654e-05
354,0.6080420105026256,0.5877584764272421,1694050666.7874308,0.037114775410195866
355,0.6099968192048012,0.5895503867999924,1694050667.1462626,0.02392069262199921
356,0.6576535333833459,0.6332652572887605,1694050667.2512894,0.00019598606325050826
357,0.6051684921230307,0.5848188885761372,1694050667.8691854,0.09185689515783092
358,0.6509308927231808,0.6266447533056474,1694050668.0105915,0.000460901052022823
359,0.6577990097524381,0.6340179217062842,1694050668.1024597,0.00010948407445045669
360,0.6549919879969992,0.6305092998361591,1694050668.2313285,0.00030704360748129347
361,0.6581086871717929,0.6339033091108706,1694050668.346764,0.00015766918685399613
362,0.6569239909977495,0.633458472102994,1694050668.4431314,8.258472834351123e-05
363,0.6136524531132783,0.592896198725628,1694050668.737436,0.012370951513367916
364,0.6230544036009003,0.6013760793603636,1694050668.9696836,0.004065976633174053
365,0.6579404051012753,0.6336229336700375,1694050669.0737927,0.00017712213379070227
366,0.6558938934733684,0.6314665652537053,1694050669.1822178,0.00027052595816136874
367,0.6519199399849963,0.6294212058926689,1694050669.2599082,2.890784183353168e-05
368,0.6551266616654163,0.6321290660945312,1694050669.3320203,5.6694798182150836e-05
369,0.647425056264066,0.6234297198567873,1694050669.462078,0.0006128404851037587
370,0.6578676669167292,0.6340501533706713,1694050669.5538259,0.00011308799050643182
371,0.631863165791448,0.609369381980858,1694050669.7343452,0.0019190626012163179
372,0.6021651012753189,0.5801754768884954,1694050670.4614172,0.746759764861868
373,0.5996435108777194,0.573954240145519,1694050672.5666916,2257.488056317363
374,0.6012449512378095,0.5781801917203461,1694050673.714217,2.2967873029615604
375,0.6119758739684922,0.5914107644349809,1694050673.950701,0.016253696089206574
376,0.656189407351838,0.6317355795333335,1694050674.0420778,0.00026040382645645295
377,0.6580671567891972,0.6340817844450388,1694050674.1181152,0.00013683899976095042
378,0.6029784246061516,0.5817377116279033,1694050674.6920042,0.3326111067279191
379,0.6567672318079519,0.6333348506572858,1694050674.7570186,7.938423941693052e-05
380,0.6511747936984246,0.6268862655672932,1694050674.8505023,0.00045080727266796433
381,0.6571215603900975,0.6326776300037156,1694050674.92929,0.00022318685723093554
382,0.653439759939985,0.6307487851064887,1694050674.981717,4.014765296115457e-05
383,0.657990577644411,0.6341044817428643,1694050675.0611203,0.00012208857283070817
384,0.6394214553638409,0.6160839533757964,1694050675.176146,0.001106503087946787
385,0.6539354838709678,0.629531414161272,1694050675.2746668,0.0003443476839889452
386,0.5999649512378095,0.5750696859594866,1694050676.3601165,53.563612016051884
387,0.600770352588147,0.5770213532774597,1694050677.3429682,5.145954908649849
388,0.6062439609902475,0.5859276778507206,1694050677.5941436,0.0634045295882186
389,0.6566500825206302,0.6332441115151525,1694050677.6478198,7.718527744089201e-05
390,0.6579130382595649,0.6335723840100514,1694050677.7095976,0.00018006862340658826
391,0.617088912228057,0.5960243968674825,1694050677.842197,0.007678947463246402
392,0.6448576144036009,0.6210282606632755,1694050677.9225428,0.0007461066151585782
393,0.5996353488372094,0.5743562600899124,1694050678.7845786,464.9702503815912
394,0.6580213053263315,0.6341120641918621,1694050678.8374124,0.00012419001524329048
395,0.654917089272318,0.6319649298470819,1694050678.8805451,5.42228642664011e-05
396,0.6273531582895724,0.6053010102124327,1694050678.976783,0.002759361372743602
397,0.6572545536384097,0.6328010762773348,1694050679.0302713,0.00021777430359911284
398,0.652806001500375,0.6284270041889152,1694050679.0915952,0.0003875458103866367
399,0.657406031507877,0.6337758589037871,1694050679.1376176,9.412902870779444e-05
