trial,score,test_score,time,alpha
0,0,0,1694024801.7615025,0
0,-0.6607247254897866,-0.6311975481715992,1694024802.0044906,epsilon_insensitive,l2,1
1,-1.0276718257262729e-05,-0.00026670261732331113,1694024802.030653,squared_error,l1,8690.438746639922
2,-0.6404040969945219,-0.46363912329106505,1694024802.143561,epsilon_insensitive,l1,0.000379422487322441
3,-1.5397787552329234e-05,-0.0002472937250956875,1694024802.1696014,squared_error,l1,134.04769696322637
4,-0.0031350958235545345,-0.004386546841639971,1694024802.2827733,epsilon_insensitive,elasticnet,10.486740287511523
5,-1.0467563316846643e+23,-6.471986545621468e+22,1694024803.968724,squared_error,l1,4.3337545212307805e-05
6,-0.6852543253309746,-0.7043455196843798,1694024804.3673925,epsilon_insensitive,None,11324.087279621348
7,-0.034071256430241004,-0.030494314651732024,1694024804.4270308,epsilon_insensitive,l1,212.93809453194757
8,-0.03401061883386669,-0.030445955992238316,1694024804.4875946,epsilon_insensitive,l1,21332.72190366512
9,-0.7427352241084384,-0.6297555147122449,1694024804.8669236,epsilon_insensitive,None,26.433129729289348
10,-0.6276281971903996,-0.4759094887077724,1694024805.2360613,epsilon_insensitive,l2,0.04536299035451808
11,-0.8917605288675217,-0.857911409659641,1694024805.6123672,epsilon_insensitive,l2,250.90838668715978
12,-0.03389069985235138,-0.030350306397409987,1694024805.723199,epsilon_insensitive,elasticnet,5661.686270297053
13,-1.1125618567351204e+24,-1.1349962907072018e+24,1694024806.0772743,squared_error,l2,0.01544195909111716
14,-1.4991795342728163e+23,-1.4937544754857741e+23,1694024806.5807548,squared_error,None,0.01051106877853535
15,-0.8988926755779567,-0.4749465910356734,1694024806.8771937,epsilon_insensitive,None,54913.934030695644
16,-0.033967306984068246,-0.030411411787670817,1694024806.987335,epsilon_insensitive,elasticnet,12918.63559645422
17,-4.750347921704873,-4.138368698248567,1694024807.1570482,epsilon_insensitive,l2,0.9439815963678959
18,-2.833978808064746,-2.3845107088966815,1694024807.3687944,epsilon_insensitive,l2,0.00018641575370281205
19,0.06817243184048793,0.032918999619443,1694024807.4696777,epsilon_insensitive,elasticnet,0.15992182913350547
20,-0.005870467106059429,-0.006992026956651465,1694024807.6241074,epsilon_insensitive,l1,1.6433683326496706
21,-0.9455937241375216,-1.1215403256863015,1694024807.893222,epsilon_insensitive,None,0.03783488453832774
22,-1.0207330718214891e-05,-0.0002670011694454466,1694024807.9191608,squared_error,l1,114.50978157266631
23,-9.463129270637083e-06,-0.00027028027752318273,1694024807.9458237,squared_error,l1,470.070336473448
24,-7.083603912059459e+22,-8.624780039912813e+22,1694024809.4103386,squared_error,l1,0.01334896495199865
25,-1.1484877840458302e+23,-9.266368735146427e+22,1694024810.0440118,squared_error,None,6.078523179580126e-05
26,-0.03398568693175297,-0.030426071364220153,1694024810.1016185,epsilon_insensitive,l1,41103.397174229984
27,-1.2051280745328796e-05,-0.00025943577743858803,1694024810.1294503,squared_error,elasticnet,330.11988992661963
28,-0.0018920694667936555,-0.0031024162140711464,1694024810.3388963,epsilon_insensitive,elasticnet,5.5790395224647495
29,-0.03399905989588303,-0.03043673717230133,1694024810.448679,epsilon_insensitive,elasticnet,4110.804981467653
30,-2.7627173975905985,-2.606268217495828,1694024811.7777312,epsilon_insensitive,l2,10675.01085729129
31,-1.858733718308617,-3.249281971959861,1694024811.9768147,epsilon_insensitive,elasticnet,0.0022023438167126748
32,-9.902824247459455e+22,-1.6122082639531293e+23,1694024813.1596582,squared_error,elasticnet,3.955462552649953e-05
33,-3.713978861364009e+23,-2.3391878851719853e+23,1694024813.566829,squared_error,None,6761.883481967983
34,-0.5543027672361138,-0.4961924433472926,1694024813.7342868,epsilon_insensitive,l2,7.487593144241449
35,-5.815977681353063,-5.480755025018738,1694024813.9545975,epsilon_insensitive,l2,0.03475572272268612
36,-1.1395883185327804e-05,-0.0002620414163123641,1694024813.9814909,squared_error,elasticnet,615.081006013082
37,-0.03389074124112623,-0.030350339413045324,1694024814.0332992,epsilon_insensitive,l1,3969.2811313800803
38,-1.1890367491770794e+23,-1.19368597598779e+23,1694024814.4264567,squared_error,None,3.7086082103886673
39,-0.5935005139808325,-0.45962798059796084,1694024814.5359073,epsilon_insensitive,elasticnet,0.0013032021307016555
40,-4.10720032857006e+23,-6.744557848060327e+23,1694024815.6151285,squared_error,l1,0.05798593565626318
41,-6.051599590851066e+22,-6.219704610829359e+22,1694024816.2015536,squared_error,None,0.00017430703668206145
42,-2.8702803934361936,-2.172805732212001,1694024816.4673593,epsilon_insensitive,None,0.00016218275281513792
43,-1.5137499662216554,-0.8315466243769265,1694024816.5445516,epsilon_insensitive,elasticnet,0.10506560904744894
44,-2.8228229483857232,-0.9429883575427316,1694024817.2686331,epsilon_insensitive,elasticnet,1.0731025459092372e-05
45,-0.033079755222225726,-0.02970299166095014,1694024817.321333,epsilon_insensitive,l1,11.098707162124468
46,-1.1901817269732717e-05,-0.00026002249277490286,1694024817.3463905,squared_error,l1,1465.96495672279
47,-1.1460985981542014e+23,-5.54075436462762e+22,1694024817.8989697,squared_error,l2,0.005279135305040488
48,-1.2310312601651012,-1.3721197383068477,1694024818.1218894,epsilon_insensitive,None,0.15713794573469586
49,-9.774440672405404e-06,-0.00026889098729876437,1694024818.1476068,squared_error,elasticnet,164.3386877043198
50,-0.03402373036636619,-0.030456412875599748,1694024818.1997685,epsilon_insensitive,l1,22153.361304903618
51,-2.050791447861295e+23,-3.4392517690777286e+23,1694024818.650416,squared_error,None,101.53459427462924
52,-0.6821849727433211,-0.5032381598444782,1694024818.8026361,epsilon_insensitive,l1,0.00012385525070803368
53,-6.299072141387654,-7.722182116219942,1694024819.1120465,epsilon_insensitive,None,0.002024237723875756
54,-740329750171.9209,-24588919172414.457,1694024819.4005394,squared_error,l2,5.429975142200173
55,-3666934476530.183,-65351692961731.125,1694024820.2027767,squared_error,elasticnet,97.29782050967725
56,-1.1965763675014784e-05,-0.0002597709432283768,1694024820.2519188,squared_error,elasticnet,5348.074601269841
57,-1.032360782765537,-0.5802625709789551,1694024820.4622867,epsilon_insensitive,l2,0.01119957702327763
58,-5.16667749019566e+22,-5.953924056974706e+22,1694024821.0713336,squared_error,l2,8.388672407515608e-05
59,-2.2612293461785598,-1.8823871221965809,1694024821.4336092,epsilon_insensitive,None,26.593781819369397
60,-8.649806923431201e+22,-1.205805201226828e+23,1694024821.8785515,squared_error,None,0.00012005396041364126
61,-4.549212898904984e+22,-4.179183141901388e+22,1694024822.4202356,squared_error,l2,0.049781963882892605
62,-1.582692156022599e+23,-1.4071344831667718e+23,1694024822.90836,squared_error,None,0.002228093779833134
63,-2460032923710.7285,-113237528905705.56,1694024823.2404685,squared_error,l2,2.3333921106136692
64,-2.4615071673366867e+23,-1.834674078216005e+23,1694024824.552797,squared_error,l1,25.974463563244502
65,0.06712273041471817,0.037498767783446074,1694024824.6413932,epsilon_insensitive,elasticnet,0.15662833391516962
66,-3.0293899185827846e+23,-2.8750599905455054e+23,1694024825.199899,squared_error,None,7820.9158505120095
67,-2.0799554561758953,-1.30291620386115,1694024825.4183462,epsilon_insensitive,None,23981.53490385018
68,-1.0930946749754256e-05,-0.0002639437445874915,1694024825.4442651,squared_error,l1,493.88924990565
69,-1.555655963825231e-06,-0.0004033923540742723,1694024825.5819404,epsilon_insensitive,l1,0.23641512559955213
70,-2.665848049039997,-2.0196564626033826,1694024826.1178792,epsilon_insensitive,elasticnet,3.6499006098843934e-05
71,-3.974334501532126e+23,-1.896361437246645e+23,1694024826.7421556,squared_error,None,0.00013317286166563075
72,-1.0210543083477575e-05,-0.00026698732162455663,1694024826.7692864,squared_error,l1,1402.5898820214732
73,-9.331310327979733e+21,-5.866392385356494e+21,1694024827.2033184,squared_error,l2,0.5618908778902783
74,-0.03386468565768652,-0.030329554557999572,1694024827.257302,epsilon_insensitive,l1,5169.158720802323
75,-1189737214933.763,-27535353058376.766,1694024827.845744,squared_error,elasticnet,24.210524749511116
76,-1.7855181542459149,-0.8312231275161994,1694024828.247424,epsilon_insensitive,l2,0.0050355626006082154
77,-1.4633511889219459e+23,-1.698890816834566e+23,1694024829.732514,squared_error,l1,0.003752814375630112
78,-2.4529816015462655e+23,-2.5073978438569605e+23,1694024831.5648203,squared_error,elasticnet,0.0010331019704879127
79,-2.619052004599549e+22,-2.9131491924767125e+22,1694024833.2710521,squared_error,elasticnet,0.12119470977207433
80,-0.2543913261243742,-0.04620749722145745,1694024850.649889,squared_error,l2,78570.22757903498
81,-2.1334898148683297,-3.456424486482436,1694024850.8631651,epsilon_insensitive,None,0.023691819628932655
82,-2.571426881097376,-2.4064446664158425,1694024851.1438026,epsilon_insensitive,l2,0.0060570196442609955
83,-0.03405250815154259,-0.030479363346396005,1694024851.1969583,epsilon_insensitive,l1,1031.765680399824
84,-1.805881214486889,-1.87298849549523,1694024851.496529,epsilon_insensitive,l2,473.71187363530987
85,-7.210017508670969,-3.9236797818328704,1694024851.7293885,epsilon_insensitive,None,0.0003762172996794919
86,-3.9757652766671576e+23,-6.299419803397322e+23,1694024852.0261545,squared_error,None,24178.298675052185
87,-3.4725645912457654,-2.190733926112321,1694024870.9468372,squared_error,l2,71216.82289469939
88,-2.7065008277478237e+23,-2.9167226038136686e+23,1694024871.5403597,squared_error,None,0.5184713935282561
89,-4.073491678663277e+23,-4.362767906602312e+23,1694024872.0119488,squared_error,None,1.736218949685065e-05
90,-2.1090845955993385,-1.8647696583609306,1694024872.2537928,epsilon_insensitive,l2,0.166584812409023
91,-2.4486303071371793,-2.2823641490641715,1694024872.4577308,epsilon_insensitive,l2,2.439435597817405
92,-0.4238179511775866,-0.3570530465644477,1694024872.7763689,epsilon_insensitive,l2,0.15664365847799663
93,-3.3376553283488732,-3.13885607848853,1694024873.7207754,epsilon_insensitive,l2,19085.118446221935
94,-1585389633626.4312,-54249675892150.91,1694024874.4031467,squared_error,elasticnet,4.523015527559727
95,-1.0448478610853353,-0.5126729457144938,1694024874.7051878,epsilon_insensitive,None,0.02951338502985611
96,-865905701154.3635,-33831788007088.367,1694024874.9977365,squared_error,l2,14.116389358058244
97,-9.216385965952024e+22,-1.1250711726891091e+23,1694024876.2891939,squared_error,l1,0.00020456716651348877
98,-1.3737427530542506e+23,-1.0235005507523444e+23,1694024876.7267332,squared_error,None,76.50935015184785
99,-5.498740045410946e+23,-2.4421272219487748e+23,1694024877.2134528,squared_error,l2,0.0228991930729934
100,-5.0243566398456645,-2.5208607484555814,1694024877.6356814,epsilon_insensitive,None,0.0003998333816206581
101,-0.000454294072065764,-0.0013689854679181934,1694024877.7790983,epsilon_insensitive,elasticnet,4.172444252660988
102,-38012212471.95218,-809431533980.4978,1694024878.0829651,squared_error,l2,25.780494168546692
103,-0.033779512960562474,-0.03026160516136689,1694024878.1379876,epsilon_insensitive,l1,13.37980156472416
104,-0.6394946752247239,-0.6488444256589716,1694024878.510783,epsilon_insensitive,l2,0.0386675140092735
105,-1.492535184033315,-1.4259647450734856,1694024878.8516698,epsilon_insensitive,l2,76.51108937678644
106,-1.6027850712573186,-1.0041863221375604,1694024879.0368102,epsilon_insensitive,l1,5.703267145286659e-05
107,-1.592306956849545e+23,-2.4711921040113755e+23,1694024880.3644884,squared_error,elasticnet,5.289463352013144e-05
108,-7.929631379582859e+22,-6.391866543061221e+22,1694024880.831501,squared_error,None,0.008700146763203824
109,-1.4200204136604193,-0.67916883343151,1694024881.0584593,epsilon_insensitive,None,24668.371811611643
110,-0.03397086966884055,-0.03041425336657455,1694024881.1192508,epsilon_insensitive,l1,8.745559732818807
111,-2.0690298152248485,-1.9440715712582834,1694024881.3037698,epsilon_insensitive,l2,97.82567071651162
112,-1.1531892379274478,-1.0942271188900312,1694024881.6796567,epsilon_insensitive,l2,354.2554259898009
113,-5.823232786571088,-2.2822640823190956,1694024892.7203214,squared_error,l2,1704.7676491908626
114,-1.4572153332892412e-06,-0.00040203544402017677,1694024892.805482,epsilon_insensitive,l1,0.33019412357091205
115,-2.1852616653942373e+23,-3.8899898528885645e+23,1694024893.1224644,squared_error,None,1.8430612579472367
116,-3.834156320395726,-4.215746834297957,1694024893.3792136,epsilon_insensitive,l2,0.0004606390255221024
117,-0.03392904358635551,-0.030380892074119092,1694024893.4287052,epsilon_insensitive,l1,44620.147354889465
118,-1.252780905238398,-0.7596695797629651,1694024893.5746331,epsilon_insensitive,elasticnet,0.0003474460947415858
119,0.0598136934832727,0.025881549170842177,1694024893.6328297,epsilon_insensitive,l1,0.04023158117454824
120,-1.070713781170518e-05,-0.0002648764048827079,1694024893.658978,squared_error,elasticnet,788.4678107793801
121,-2.4566580957210593e+23,-1.614723995071462e+23,1694024894.6794605,squared_error,elasticnet,0.00021144441620860198
122,-0.03395127123568731,-0.030398621556504635,1694024894.787201,epsilon_insensitive,elasticnet,27460.505472972643
123,-1.3693554763977203e+23,-1.9441498395060586e+23,1694024895.2080162,squared_error,None,29.067726625109596
124,-1.183721111216415,-1.333161593915873,1694024895.4034383,epsilon_insensitive,l2,0.15669839332128713
125,-7.65876547128577e+22,-1.2065678959844388e+23,1694024896.9220364,squared_error,elasticnet,0.0003782827455629862
126,-1.0310247095843746e+23,-6.4013038123794815e+22,1694024898.2394443,squared_error,l1,16.233087930925528
127,-0.015243446125889903,-0.015155113958201794,1694024898.4323967,epsilon_insensitive,l1,2.015682886838987
128,-0.5034877845259045,-0.3434922260319069,1694024898.526767,epsilon_insensitive,elasticnet,0.008003451920014294
129,-0.034116412578541366,-0.030530323763859668,1694024898.5768669,epsilon_insensitive,l1,232.83754508074247
130,-1.6046946786579412,-0.7977492564572628,1694024898.8749812,epsilon_insensitive,l2,0.005418096089888065
131,-0.9703352698638572,-0.7165786526857902,1694024899.1121142,epsilon_insensitive,l2,0.0023454165431666387
132,-1.458922837382226e+24,-1.3302762970587947e+24,1694024904.7180247,squared_error,l2,75083.58216393855
133,-4.075049118947868e+22,-4.721689800697426e+22,1694024905.1270256,squared_error,l2,0.27353684738525086
134,-1.5214081841064697,-2.2680869805795307,1694024905.4477816,epsilon_insensitive,None,0.002153987367784404
135,-4.094898137685549e+23,-3.5602668023413286e+23,1694024906.0278008,squared_error,l2,0.00026382855481918156
136,-0.03713462369222409,-0.032931510195902236,1694024906.1149125,epsilon_insensitive,elasticnet,41.3885536347771
137,-1.1418125132722778e-05,-0.000261951563717,1694024906.1403685,squared_error,l1,55.53502406790296
138,-1.3531324819731605e+23,-1.3879077984352037e+23,1694024906.686547,squared_error,None,79161.24600562414
139,-6.940519772340383e+23,-4.134615149373752e+23,1694024907.0519388,squared_error,l2,7.813624398632436e-05
140,-8.341618922366955e+22,-6.807628996454118e+22,1694024907.507045,squared_error,l2,0.021304408278829196
141,-0.8528972159987047,-1.0966912911746887,1694024907.95204,epsilon_insensitive,elasticnet,1.978174325960373e-05
142,-0.033876814761755414,-0.030339230200135736,1694024908.0050461,epsilon_insensitive,l1,65.55201852844117
143,-1.1228416770148789e+23,-5.1361105099457496e+22,1694024908.5119314,squared_error,None,2625.7362091178393
144,-0.03396283760865271,-0.030407847014010336,1694024908.6198366,epsilon_insensitive,elasticnet,6819.750356558765
145,-4.330068754817433,-2.4778962677714196,1694024908.8325799,epsilon_insensitive,l1,8.723985585793573e-05
146,-7.535291920356305e+23,-6.254146190391879e+23,1694024909.17406,squared_error,l2,0.03962699920649916
147,-0.7160861155723777,-0.5239342011721482,1694024909.5332587,epsilon_insensitive,l2,0.0001399388192878149
148,-1.5930831403241615e+23,-1.6541321933963502e+23,1694024910.6727145,squared_error,elasticnet,0.2757326726823068
149,-3.1452955476502362,-2.958629958310567,1694024911.7240405,epsilon_insensitive,l2,15636.461373329048
150,-1.0779226898326404,-1.0289207044752442,1694024912.141174,epsilon_insensitive,l2,890.2890838589313
151,-128264412699.3644,-126452270766.24391,1694024912.5236104,squared_error,l2,190.38285320277703
152,-1.6898665753733395,-1.308771087112452,1694024912.9387925,epsilon_insensitive,elasticnet,2.8211518182006078e-05
153,-3871648505945.431,-85968567891726.84,1694024913.258641,squared_error,l2,27.72422876834835
154,-5.288235515285563,-3.550527101288245,1694024913.5454812,epsilon_insensitive,None,7.348763667342809e-05
155,-0.0341129929229147,-0.030527596900245424,1694024913.602094,epsilon_insensitive,elasticnet,140.6270529381114
156,-0.23771133780984877,-0.18743522743969332,1694024913.6824608,epsilon_insensitive,elasticnet,0.026486538053144246
157,-1.87814918318823e+23,-3.1242578735086564e+23,1694024915.0733194,squared_error,l1,2.025432421076418
158,-2.5265571590781937,-1.348238407654299,1694024915.1564698,epsilon_insensitive,l1,0.010971148507903232
159,-1.2270069271539092e+23,-2.286094612924206e+23,1694024915.631304,squared_error,l2,5.2880122892092073e-05
160,-1.1509727325214479e+23,-9.397984266566543e+22,1694024917.2516274,squared_error,elasticnet,0.0011142582659609509
161,-5.523159046252284e+22,-4.515566741500363e+22,1694024917.834777,squared_error,None,0.001030957339315783
162,-1.0169187589189075e+23,-6.684684703554339e+22,1694024918.4455104,squared_error,None,0.052712761195917265
163,-2.601352009127359e+23,-1.6604727059940298e+23,1694024919.7382987,squared_error,elasticnet,4.2162006090871914e-05
164,-0.03401534793094596,-0.03044972762982945,1694024919.796064,epsilon_insensitive,l1,1684.0919289468904
165,-7.1068226028906335e+22,-5.524677001813186e+22,1694024920.4579191,squared_error,None,1.488349187568936
166,-9.908893781496175e-06,-0.00026829890275004153,1694024920.4850729,squared_error,l1,70346.07968710837
167,-3.333592380156496,-2.9209736925544636,1694024921.9858582,epsilon_insensitive,l2,4770.087586404534
168,-28104654963.914032,-996854866632.3373,1694024922.2516224,squared_error,l2,12.399600474457337
169,-9.320965340231524e-06,-0.00027092351830426686,1694024922.2780528,squared_error,l1,688.6494261675361
170,-0.19825044727947527,-0.1217561626801047,1694024922.5243638,epsilon_insensitive,l2,1.779079675769319
171,-0.03414767572478361,-0.0305552525830457,1694024922.5811205,epsilon_insensitive,l1,6558.940641974836
172,-0.03401277179959328,-0.03044767306911389,1694024922.6376352,epsilon_insensitive,l1,123.84817583521517
173,-1.0835850228874122e-05,-0.0002643386538088155,1694024922.6644974,squared_error,l1,169.46635581406733
174,-9.565443580926859e+22,-1.0294737141334646e+23,1694024924.2234921,squared_error,elasticnet,0.0004310551798354775
175,-86271.78234641235,-1819749.0802456092,1694024924.5017195,squared_error,l2,22.86757977810891
176,-1.154734733797554e+23,-1.0137866060386395e+23,1694024925.013046,squared_error,l2,1.6376876571753026e-05
177,-7.237046906161881e+22,-6.2950408611889475e+22,1694024926.333305,squared_error,elasticnet,0.0029822477319739185
178,-0.033975987935092045,-0.030418335640739036,1694024926.3869133,epsilon_insensitive,l1,144.62992180536622
179,-1.0053634748224844,-0.8946737720544768,1694024926.686503,epsilon_insensitive,l2,0.1304676826357214
180,-0.03393677877480905,-0.030387061979171515,1694024926.7405343,epsilon_insensitive,l1,9384.178063402427
181,-0.957313897366062,-0.6974243036160392,1694024927.0023737,epsilon_insensitive,None,3.1866864933759502
182,-17.200681363052645,-21.48141043806941,1694024927.185157,epsilon_insensitive,None,0.0017818048233195804
183,-0.03322983503508192,-0.039222667204304784,1694024927.2456174,epsilon_insensitive,elasticnet,0.016493547664186307
184,-5.939833087124691,-3.5881563592469625,1694024927.447811,epsilon_insensitive,None,0.001315654660816893
185,-4.56251258303275e+22,-4.0623961160342756e+22,1694024928.9601417,squared_error,l1,0.12370523203651508
186,-7.05307433183242e+22,-4.852381170800743e+22,1694024930.3629723,squared_error,l1,0.10893140656822292
187,-5.586837616989166e+22,-7.147348631228238e+22,1694024932.0171785,squared_error,elasticnet,0.008658162691397424
188,-419959048152.99335,-12924283198973.02,1694024932.328949,squared_error,l2,6.732472413232637
189,0.042177030103997315,0.019285306023153148,1694024932.3951755,epsilon_insensitive,elasticnet,0.08537132598200618
190,-2.7574498500385545,-2.607282382096029,1694024933.7170494,epsilon_insensitive,l2,42223.666379554685
191,-7.937000466837627e+23,-1.116203284358807e+24,1694024934.137128,squared_error,None,0.012802053203934346
192,-9.127721192490476e+23,-7.012658256860354e+23,1694024934.611988,squared_error,None,0.01904248036158419
193,0.06945967035038858,0.03510421950355602,1694024934.7439024,epsilon_insensitive,elasticnet,0.07788231885528649
194,-2.4736278722830137e+23,-2.9417216834427486e+23,1694024936.1691213,squared_error,elasticnet,0.009743583513264303
195,-5.253803037373015e+22,-6.467231847573463e+22,1694024936.7978725,squared_error,l2,0.0017311762877012466
196,-5.365968725783795,-5.700529139306181,1694024959.876344,squared_error,l2,685.943242153224
197,-1.038961830433917e+23,-8.736900324380204e+22,1694024960.5090733,squared_error,l2,6.907083642508263e-05
198,-1.9843591592735534,-1.474619490467437,1694024960.7948537,epsilon_insensitive,l2,4.4218117429853773e-05
199,-2.8645289243867254e+23,-2.9312931904921992e+23,1694024961.2040777,squared_error,l2,0.041075062765673284
200,-1433509119.942865,-88512186353.71103,1694024961.948037,squared_error,elasticnet,3.124529019481487
201,-730642716.8828821,-21826187762.56311,1694024962.5901682,squared_error,elasticnet,22.251417240846138
202,-0.8240947292514256,-0.6916444141145139,1694024962.8972182,epsilon_insensitive,None,38270.248801099915
203,-4.495558803400197,-3.1569434651986024,1694024963.112433,epsilon_insensitive,None,0.0004450474662189867
204,-5.5546185732310266e+23,-6.918362352931008e+23,1694024963.6547647,squared_error,None,0.0003557811281792057
205,-0.4759778606700147,-0.3387507181548284,1694024963.779192,epsilon_insensitive,elasticnet,0.004587175453210094
206,-1.9894833936703036e+24,-1.2819510113565678e+24,1694024964.1406121,squared_error,l2,0.0006735062623025236
207,-6.0052821577721265e+23,-4.0513823089722106e+23,1694024965.4584682,squared_error,l1,1.718734394833916e-05
208,-1.0797680531987483e+23,-2.289841285958365e+23,1694024966.013056,squared_error,None,5.416969124387741e-05
209,-8.655782184341376e-06,-0.0002740111561918557,1694024966.0629067,squared_error,elasticnet,7882.026823215572
210,-0.04255491085779317,-0.03721877940226981,1694024966.1915197,epsilon_insensitive,l1,5.013942486617876
211,-1.2608924292667467e-05,-0.0002572839446812747,1694024966.2185173,squared_error,l1,10385.071983139946
212,-3.425813336106123e+23,-3.150927505842143e+23,1694024967.4952855,squared_error,elasticnet,0.08786097059519381
213,-0.12135834048712968,-0.024910818691614267,1694024986.6536312,squared_error,l2,76910.07057188635
214,-3.34900971921496e+23,-2.538079952824475e+23,1694024987.0693755,squared_error,l2,0.021262332968127417
215,-5.799847621972106,-5.540077884490947,1694024987.2230487,epsilon_insensitive,l2,0.48169342875318427
216,-3.866847133236016e+23,-3.205338520241349e+23,1694024987.7247436,squared_error,None,1052.6656281065923
217,-2.128855909627963,-0.7890347010191898,1694024987.9277837,epsilon_insensitive,None,0.0004714792044776819
218,-1.8720776133554478e+23,-1.2641356271060186e+23,1694024988.277899,squared_error,None,0.019309405296094227
219,-0.6749255899397704,-1.4195045504886008,1694024988.5464633,epsilon_insensitive,l2,0.2259164424603585
220,-1.1678106077781764e+23,-7.2522442997886525e+22,1694024989.069221,squared_error,l2,0.0881010048826296
221,-4.931231997256035,-4.951569842659228,1694024989.2524815,epsilon_insensitive,l2,2.1177806010154203
222,-7.477183913017727,-4.2850974499211585,1694024989.6017928,epsilon_insensitive,None,0.006978586350410141
223,-4.7159217855734905,-5.067027928581882,1694024989.8922977,epsilon_insensitive,None,0.2428033570113402
224,-1.0794753900977838e-05,-0.0002645099431708431,1694024989.9183972,squared_error,elasticnet,359.0172444168788
225,-1.0690542899988984e+22,-9.80410193941115e+21,1694024990.2803397,squared_error,l2,0.8730939132545888
226,-4.361727854142822,-1.1157350421255798,1694024990.589534,epsilon_insensitive,l2,0.014603914097323393
227,-1.3755686167644554,-1.3345477499965583,1694024990.962583,epsilon_insensitive,None,437.0355019952577
228,-1.080061197711064e+23,-7.224763379537083e+22,1694024991.405559,squared_error,None,256.25941279950297
229,-7.643604630619553e+22,-6.751392965701518e+22,1694024991.8708258,squared_error,l2,0.07422788272494368
230,-0.28094736360368056,-0.21466409969118283,1694024991.9838583,epsilon_insensitive,l1,0.0004303322570739308
231,-5.937189087489224e+23,-3.7478235111077155e+23,1694024992.945947,squared_error,l1,0.006779444379712294
232,-0.034033795119843724,-0.030464439702243773,1694024993.0553012,epsilon_insensitive,elasticnet,67898.14847927862
233,-1.2567954760633944,-2.560743488222663,1694024993.3771973,epsilon_insensitive,l2,0.0027668394126005007
234,-641865477441.0582,-10702320811523.146,1694024993.690317,squared_error,l2,110.23083279141483
235,-1.0444174460826932,-0.9961000113188974,1694024994.1025262,epsilon_insensitive,l2,681.1359764060279
236,-1.7702290729477301,-1.1307666161609835,1694024994.2515533,epsilon_insensitive,l1,0.00025411252153738193
237,-3.3154859228923327e+23,-3.230960172267861e+23,1694024994.7046328,squared_error,None,11.562469064628036
238,-0.033959580792722655,-0.030405249361624476,1694024994.7585614,epsilon_insensitive,elasticnet,692.1142369127407
239,-2.2473174673328847e+23,-1.89628860671497e+23,1694024996.0398524,squared_error,l1,0.43935565704406737
240,-6.838700953478803e+23,-7.49863236053564e+23,1694024997.3412492,squared_error,l1,0.45147459083964364
241,-0.5507186467892053,-0.43222914115337563,1694024997.74395,epsilon_insensitive,l1,1.9898151622196947e-05
242,-1400487034.9852834,-43971436302.76235,1694024998.06804,squared_error,l2,49.20776984896852
243,-1.0113143905421396e-05,-0.00026740832205818243,1694024998.1176682,squared_error,elasticnet,10917.992542626898
244,-0.03405609391919051,-0.030482222945309445,1694024998.1748478,epsilon_insensitive,elasticnet,515.5601169852924
245,-0.9317979691089109,-0.9018466429864653,1694024998.5471036,epsilon_insensitive,l2,117.86684591598375
246,-1.2518560746696352e+23,-7.723065168677454e+22,1694024999.0647905,squared_error,None,51012.93509959992
247,-7.451554687811192e+22,-4.897662839635148e+22,1694025000.5755801,squared_error,elasticnet,7.242031909092617e-05
248,-375391902553.5608,-11969833847035.047,1694025001.2482853,squared_error,elasticnet,6.878026348841401
249,-1.3386778604222664,-0.9924034232107541,1694025001.6174226,epsilon_insensitive,elasticnet,6.0843284232656976e-05
250,0.044062032748406255,0.026405904670042668,1694025001.6845174,epsilon_insensitive,elasticnet,0.12455812748032873
251,-6.579178925205629,-5.426470057107194,1694025002.04705,epsilon_insensitive,l2,0.0003284400354543455
252,-4.729500896658292,-1.942941652846451,1694025002.3642502,epsilon_insensitive,elasticnet,7.998261667162199e-05
253,-0.839611466331218,-0.47388681951005984,1694025002.4587772,epsilon_insensitive,l1,0.03437157577398207
254,-3305501907787.5605,-6810031801704.749,1694025003.5551004,squared_error,l2,226.37858419816223
255,-9.828861628369268e-06,-0.0002686507702145402,1694025003.5820045,squared_error,l1,7876.379039236781
256,-1.0942064229478877e+23,-9.373989468259821e+22,1694025004.153667,squared_error,None,170.01245548596583
257,-0.7033409671367303,-0.6265509845281949,1694025004.5926151,epsilon_insensitive,None,64.61157104584404
258,-6.936839688865981e+22,-7.678152862654367e+22,1694025005.169444,squared_error,None,27.348351658268793
259,-1.2039450113327357,-0.5555273176893747,1694025005.3278775,epsilon_insensitive,l1,0.00017230001266594199
260,-163458919666.03247,-6756562822174.841,1694025006.0343456,squared_error,elasticnet,4.718519731804063
261,-1.0733522973538356e-05,-0.0002647658627326077,1694025006.0602026,squared_error,l1,94.56033689262316
262,-5.4771258807177645,-4.681675058028487,1694025006.2560172,epsilon_insensitive,l2,1.6102748793744188
263,-1.6329427069199953,-1.2506025541715067,1694025006.6150553,epsilon_insensitive,None,19112.46969593659
264,-0.7192037314931956,-0.5857847622293861,1694025006.837059,epsilon_insensitive,l1,4.83232122291044e-05
265,-9.39497562586389e+22,-8.55425735021731e+22,1694025008.0823257,squared_error,l1,1.73263923072957e-05
266,-1.1670994049024612,-0.5705364883120481,1694025025.5571804,squared_error,l2,25791.83530733042
267,-6.703838610060048e+22,-6.470812105931889e+22,1694025026.124607,squared_error,None,0.0029992643701797486
268,-3.903254591893744e+22,-4.030379385806846e+22,1694025026.8361216,squared_error,None,0.1946858016641207
269,-0.7564255485586668,-0.6635270586368966,1694025027.2104375,epsilon_insensitive,None,0.01175820133591852
270,-2.677106871533611,-2.623652284883064,1694025027.4982762,epsilon_insensitive,l2,0.0018616194264800966
271,-5.640310778127879e+22,-5.039217855721857e+22,1694025028.8971694,squared_error,l1,0.057006757120304945
272,-144295620531.4428,-2955443828923.486,1694025029.1533976,squared_error,l2,108.2395518825924
273,-1.784758945889832e+23,-2.1245412664017884e+23,1694025029.704771,squared_error,None,1308.0828246958836
274,-11.513382422065368,-13.538446283840901,1694025029.9867043,epsilon_insensitive,None,0.00011601243139304332
275,-3035239758049.305,-74559896217964.28,1694025030.5842965,squared_error,elasticnet,46.22153334035757
276,-0.03842287550496204,-0.03395321253323824,1694025030.6878076,epsilon_insensitive,elasticnet,36.700326459023415
277,-1.0719823867938164e+23,-6.751734360197299e+22,1694025031.1559422,squared_error,l2,0.09871242270889513
278,-6.143008576121531e+22,-5.904762402830532e+22,1694025031.697085,squared_error,None,0.010065231038189069
279,-0.03384425179142303,-0.030313253603593715,1694025031.7525444,epsilon_insensitive,l1,5208.363185746122
280,-9.208054046658613e+22,-6.338020787893886e+22,1694025032.400738,squared_error,None,4.9740949111949266e-05
281,-0.9908782403369303,-1.1738865722270102,1694025032.737886,epsilon_insensitive,l2,0.003742599529753092
282,-1.3902641038933075,-0.5272058642534119,1694025041.4742556,squared_error,l2,2684.1309008251665
283,-1.383543775818005,-0.09928438098445858,1694025057.6302555,squared_error,l2,849.7236632210643
284,-9.74078600535222e-06,-0.0002690399294904555,1694025057.656533,squared_error,l1,10041.268861035223
285,-2.263690455011318,-0.025313720213753,1694025078.1187654,squared_error,l2,870.959188931446
286,-1.2912385060737108e-05,-0.00025613660784151726,1694025078.1452796,squared_error,l1,43.52772505200294
287,-0.033887287255705445,-0.03034758417717609,1694025078.205032,epsilon_insensitive,elasticnet,975.5558929054172
288,-3.2058701284920508,-2.4210203883417623,1694025078.5281723,epsilon_insensitive,elasticnet,9.318431751386493e-05
289,-0.33477832838459776,-0.18712526917318373,1694025078.6098392,epsilon_insensitive,l1,0.015662689202943628
290,0.054622154821000524,0.02270163112518786,1694025078.7100835,epsilon_insensitive,elasticnet,0.08915011397207818
291,-8.065635445975161e-06,-0.00027686686031835883,1694025078.7356417,squared_error,l1,11950.652661413678
292,-4.470886635216697,-1.067466785556988,1694025092.7478473,squared_error,l2,1280.6304196957801
293,-3.451308914314169e+23,-2.818538096376247e+23,1694025093.2652752,squared_error,None,2.1179101782738186
294,-1.4426786866891153,-0.9391241573663212,1694025093.5385518,epsilon_insensitive,None,7.268654060072253e-05
295,-0.03358111308015754,-0.030103288545236584,1694025093.6005251,epsilon_insensitive,l1,8.593708393619732
296,-0.14874155307282333,-0.1211408414391042,1694025093.9815621,epsilon_insensitive,l2,335.7151422709687
297,-1.1949369402852739e-05,-0.0002598353584946089,1694025094.0080469,squared_error,l1,16.116368058335432
298,-2.756967961552502e+23,-1.9206931326679698e+23,1694025095.369439,squared_error,l1,0.0006839673690647063
299,-0.382860745136548,-0.2788800524586603,1694025095.5711744,epsilon_insensitive,l2,0.9862724795649693
300,-2.6172287974758914e+23,-1.6476118052854602e+23,1694025096.82813,squared_error,l1,5.034330195589215
301,-2.3239356779746545e+23,-1.3955611126542002e+23,1694025097.3935757,squared_error,l2,0.0010444930329581636
302,-9.62586520958375e-06,-0.0002695507854753032,1694025097.4194903,squared_error,l1,37.32585269072828
303,-5.436906021813262e+22,-5.491429367875505e+22,1694025098.046721,squared_error,l2,5.831411394305108e-05
304,-6.886254457719085e+22,-9.884974551819583e+22,1694025099.556164,squared_error,l1,3.8528431033180585e-05
305,-0.20874063844199275,-0.12474799629348099,1694025099.6548145,epsilon_insensitive,l1,0.06341796601464285
306,-9.512047053154128e+22,-1.22759315118885e+23,1694025101.09382,squared_error,l1,0.1777197586510385
307,-3.604990228426372e+23,-5.604023429102637e+23,1694025101.4595442,squared_error,None,0.08058953973642086
308,-0.034028623643200584,-0.030460315370350655,1694025101.5661244,epsilon_insensitive,elasticnet,26654.69461329466
309,-5.779023310021678e+22,-7.288796609316032e+22,1694025102.9106739,squared_error,l1,0.0011922300486126316
310,-1.6160465457171527,-1.5198596697476128,1694025103.193214,epsilon_insensitive,l2,303.1566636279767
311,-2.6834966005475176e+22,-2.1485934932447357e+22,1694025103.5946267,squared_error,l2,0.36367758196103556
312,-13.923139978239943,-11.123731240272122,1694025103.8171105,epsilon_insensitive,None,0.007774195312216409
313,-0.9031140445855212,-3.0538175221185613,1694025104.3441596,epsilon_insensitive,elasticnet,1.5003834488244986e-05
314,-5.588806530621612e+23,-3.7055545270840755e+23,1694025104.8889778,squared_error,None,0.1947619588712167
315,-2.2074512884024603e+24,-2.2319603830500093e+24,1694025106.4309442,squared_error,elasticnet,0.036058914853699525
316,-355646886155.93835,-9115832578939.506,1694025107.1452503,squared_error,elasticnet,7.2275340303100934
317,-4.129160500092097e+23,-3.9661500555954806e+23,1694025107.6317568,squared_error,l2,0.004669674114732309
318,-1.3141603093916991,-1.0195664694813091,1694025108.0044956,epsilon_insensitive,None,0.00034674643390616137
319,-0.03384324361458657,-0.03031244932461319,1694025108.0567498,epsilon_insensitive,l1,17681.190152523042
320,-0.049538138619796834,-0.042703169999467105,1694025108.2650812,epsilon_insensitive,l1,3.4340846664311218
321,-0.034001923979798176,-0.030439021435619162,1694025108.3241158,epsilon_insensitive,elasticnet,1126.9570938111835
322,-3.863058973901755e+23,-3.429993148832405e+23,1694025109.5357807,squared_error,elasticnet,0.22507578614640938
323,-5.774307500923009e+22,-4.865198215164786e+22,1694025111.1094594,squared_error,elasticnet,0.005841317171580788
324,-0.03386962678826788,-0.03033349622493331,1694025111.1621802,epsilon_insensitive,elasticnet,188.8015698030734
325,-8.431065940419128,-7.5206703685402925,1694025111.412425,epsilon_insensitive,None,0.0001693347067274173
326,-4.123476690827108,-3.793793803948093,1694025111.7042234,epsilon_insensitive,None,170.88464186979562
327,-0.033988111262404974,-0.030428004942475217,1694025111.8115978,epsilon_insensitive,elasticnet,4712.421759525993
328,-0.7985173044751264,-0.6567141312952898,1694025111.9127803,epsilon_insensitive,elasticnet,0.002512376343575021
329,-0.6782619705325599,-0.470616243448138,1694025111.9987316,epsilon_insensitive,elasticnet,0.004376632437789233
330,-0.033940944326966926,-0.03039038456341525,1694025112.0565333,epsilon_insensitive,elasticnet,671.153716065241
331,-5.576014969122231e+22,-4.305871972012041e+22,1694025113.6396658,squared_error,l1,0.22881154328933304
332,0.009560674555127324,-0.028967039465911615,1694025113.7518547,epsilon_insensitive,elasticnet,0.025713258945757277
333,-1512437261348.076,-12478900293134.926,1694025114.6156776,squared_error,elasticnet,2.6460303176568933
334,-1.903926681448131,-1.5606866051144963,1694025114.7747197,epsilon_insensitive,l2,5.3628340234227965
335,-8.313832772381048e+22,-7.095944512005613e+22,1694025115.3920867,squared_error,None,56750.247183738
336,-1.3658579508746271e-05,-0.0002533819641303836,1694025115.417923,squared_error,l1,339.7988585965234
337,-9.406913922344298e+22,-6.796970533424962e+22,1694025116.7225513,squared_error,elasticnet,0.0004916207718092687
338,-8.853468271943208e+22,-1.7668466745337664e+23,1694025117.964631,squared_error,l1,0.6114729989261269
339,-0.34244408302628626,-0.2259003635334682,1694025118.041681,epsilon_insensitive,l1,0.0007976674641993812
340,-1.5246424216626995,-0.7349862273700676,1694025118.5229857,epsilon_insensitive,elasticnet,1.3041340780443414e-05
341,-68380464702.61013,-2315129084987.8267,1694025118.8097937,squared_error,l2,32.26810210037109
342,-2.489620558968783e+23,-2.2327257960569792e+23,1694025119.2619379,squared_error,l2,0.0674919745304404
343,-8.45763542279367e+22,-6.028565660072851e+22,1694025119.683046,squared_error,None,0.03870842477123053
344,-0.04125738971132531,-0.03730281825686088,1694025119.761975,epsilon_insensitive,l1,0.009091682519996496
345,-1.9295592165458737e+23,-1.540023089870146e+23,1694025120.0916226,squared_error,None,0.0005274985637390694
346,0.053390758610382116,0.027240222722198837,1694025120.2126548,epsilon_insensitive,l1,0.07331526871476704
347,-5.540505364577258,-4.056400876850853,1694025120.472365,epsilon_insensitive,None,11.236207461974864
348,-1.2262790978757194,-0.6544383591610488,1694025120.5518553,epsilon_insensitive,l1,0.009606395807932327
349,-0.6857858085213595,-0.5980651055941433,1694025120.8106036,epsilon_insensitive,None,2.626235140296107
350,-0.34636598116296935,-0.2004768280766258,1694025120.8882813,epsilon_insensitive,l1,0.11857388044641137
351,-6.250641704800442e+22,-4.031033746542951e+22,1694025121.4049966,squared_error,None,0.0021556536095107817
352,-0.034038418344618515,-0.03046812676594013,1694025121.4526365,epsilon_insensitive,l1,1187.3646664555263
353,-0.040573447466741186,-0.03565491703691803,1694025121.5423994,epsilon_insensitive,l1,5.599988061784409
354,-923458080558.567,-19678633920480.11,1694025122.2301035,squared_error,elasticnet,3.6133167942252835
355,-8.907635731134384e+22,-2.0098062525308128e+23,1694025122.6860688,squared_error,None,6617.986274121435
356,-0.03394404750247948,-0.030392859745912437,1694025122.7354932,epsilon_insensitive,l1,264.8736352357114
357,-1.3205925847074345e+23,-1.1527410727113978e+23,1694025123.1861236,squared_error,l2,0.12148017707804139
358,-4.389895595142941e+23,-2.8863077227319007e+23,1694025124.7384784,squared_error,elasticnet,0.006511408864348677
359,0.023918679989209823,0.004689906705654501,1694025124.866724,epsilon_insensitive,elasticnet,0.04490845745053595
360,-2.3179026514083954,-0.727705499829475,1694025125.1871293,epsilon_insensitive,None,1681.3311649606671
361,-4.089783322360997e+22,-3.79836163532199e+22,1694025125.7771657,squared_error,l2,1.2797725777881172e-05
362,-0.874231042525472,-0.763121833608057,1694025126.0719106,epsilon_insensitive,l2,290.7650641600642
363,-3.5043096606973716,-6.919907862566867,1694025126.3060396,epsilon_insensitive,None,0.009375871817728545
364,-4.059429800155204e+22,-3.840033781295942e+22,1694025127.8769467,squared_error,l1,4.646711283309442e-05
365,-2.3081546733862495e+24,-2.1445585048276112e+24,1694025129.3731074,squared_error,l1,21.78813431663367
366,-0.869126131086599,-0.5841626381693266,1694025129.6304617,epsilon_insensitive,None,7.650481720440595e-05
367,-3.6689112553397426e+22,-3.4457353525225293e+22,1694025130.209451,squared_error,None,67.52280041866817
368,-9.614020030710686e+22,-1.5503152769016194e+23,1694025131.5086882,squared_error,l1,6.230231511091329e-05
369,-0.31230628923690973,-0.17633215285647053,1694025131.6008909,epsilon_insensitive,l1,0.11615681291673637
370,-0.03399848860935273,-0.03043628153884237,1694025131.6543357,epsilon_insensitive,elasticnet,1148.3358723536826
371,-19.489890441963936,-13.382196949283431,1694025131.8325813,epsilon_insensitive,None,0.2382144801102887
372,-0.10503633415601832,-0.11651425681141703,1694025131.9168396,epsilon_insensitive,l1,0.0016218083203432855
373,-5.568559584348886e+22,-5.602182575560715e+22,1694025133.4116466,squared_error,l1,0.001300875093992943
374,-673941473054.5964,-12116750675334.613,1694025133.6947799,squared_error,l2,66.33420660539281
375,-2.682012336129213,-3.0202108994886645,1694025133.8653276,epsilon_insensitive,elasticnet,0.0017755790134316857
376,-73229454684.5226,-168972155084.2139,1694025134.5542986,squared_error,l2,215.70239454878623
377,-1.4955137569189222e+24,-1.3601030220625156e+24,1694025139.8022122,squared_error,l2,6657.926492357768
378,-5.7141910171748325e+23,-2.756017178549218e+23,1694025141.1033292,squared_error,elasticnet,5.121611244739551e-05
379,-0.0339481614085011,-0.030396141097240204,1694025141.1516984,epsilon_insensitive,l1,46.64212741074897
380,-2.7677819654340663,-1.5498420657256857,1694025141.349551,epsilon_insensitive,elasticnet,0.0009447078615619248
381,-1.7182405136877354e+23,-2.2624775669881734e+23,1694025141.874238,squared_error,l2,0.00012042570950575647
382,0.06792688243013201,0.03602889203705473,1694025141.9521742,epsilon_insensitive,l1,0.023784291382086077
383,-14.318724445237162,-10.652673100096983,1694025142.2236428,epsilon_insensitive,None,1.626716240781265e-05
384,-1.3952374682490998e-05,-0.00025232209093628555,1694025142.2673416,squared_error,elasticnet,77923.34987161195
385,-3.159731979009625e+23,-1.5268223019000654e+23,1694025142.5139601,squared_error,None,59.622548924182496
386,-3.543969314057068,-2.878221885006799,1694025142.7812665,epsilon_insensitive,elasticnet,1.7486841527727658e-05
387,-0.4175892961167387,-0.40191020999705973,1694025143.0154934,epsilon_insensitive,l2,1.1047696989677385
388,-9.23081109420649e+22,-1.1370890187163015e+23,1694025143.5263503,squared_error,None,1.862978390022113e-05
389,-2.0999183483440898e+23,-1.2987984601238397e+23,1694025144.3379567,squared_error,elasticnet,0.0022426425573769315
390,-4.185971931814001e+23,-1.2159998132316503e+23,1694025144.7080586,squared_error,None,10054.710681485723
391,-2.0813045739225577e+24,-1.720481962166062e+24,1694025145.123491,squared_error,None,6685.379696821286
392,-1.212208895030027,-0.7315666094033304,1694025145.4101393,epsilon_insensitive,None,68.4934819307704
393,-882824636281.7927,-8116265405864.369,1694025145.9496317,squared_error,elasticnet,69.02397810825366
394,-0.0004160488919120464,-0.0013123893287887434,1694025146.0559936,epsilon_insensitive,elasticnet,4.211522033075342
395,-3.778957388793436,-3.344081728826061,1694025146.9035065,epsilon_insensitive,l2,6396.411558197412
396,-1.7767151818969227e+23,-1.880863592871613e+23,1694025148.2698286,squared_error,l1,0.011939278007501839
397,-0.8105659971985837,-0.5256833161572936,1694025148.3614714,epsilon_insensitive,l1,0.0014163575176902587
398,-5.737216014900528,-4.6755275856209,1694025148.5524058,epsilon_insensitive,None,2961.2105473476713
399,-9.688055449191097e+22,-1.2106047871891794e+23,1694025149.0244815,squared_error,l2,1.2411902528285927e-05
