trial,score,test_score,time,alpha
0,0,0,1694024823.3498995,0
0,-8903395341.691187,-16020832488.532026,1694024823.3598661,squared_error,None,1
1,-0.07580560741898235,-0.07570068295562571,1694024823.386621,epsilon_insensitive,l1,27685.435566902357
2,-0.033721758224452,-0.0473242740702835,1694024823.410197,epsilon_insensitive,None,0.00040473198896492414
3,-0.05493814420435261,-0.06960578016991792,1694024823.4348528,epsilon_insensitive,None,0.515582042315646
4,-0.07578599162399846,-0.07568154684447692,1694024823.4608953,epsilon_insensitive,l1,60336.5939378319
5,-3883.7550905778585,-211686.46643045446,1694024823.4701405,squared_error,l2,0.10146500325016006
6,-0.0526600339124208,-0.06446882518466146,1694024823.493731,epsilon_insensitive,l1,0.05460488392352514
7,-0.05017162180192902,-0.06469889280022922,1694024823.5227652,epsilon_insensitive,l2,0.010039234488088139
8,-0.0532599060977077,-0.06412553405803822,1694024823.5524476,epsilon_insensitive,None,1084.342566955501
9,-0.0001203773388134266,-1.8958900242838084e-05,1694024823.5629547,squared_error,l1,8859.939152306768
10,-0.07592819897001535,-0.07582027536303637,1694024823.5928903,epsilon_insensitive,elasticnet,27913.52099311228
11,-49650460061.605896,-71591204301.56352,1694024823.6014903,squared_error,None,26084.176090020654
12,-5764422.472544351,-75700124.82543847,1694024823.6140816,squared_error,l1,0.00821422983073278
13,-0.07584346098934147,-0.07573761069467189,1694024823.6393673,epsilon_insensitive,l1,10023.860096742623
14,-0.07581791663043735,-0.07571269112892498,1694024823.6647031,epsilon_insensitive,l1,9.912698200811048
15,-0.06271131658125761,-0.08103421521740417,1694024823.685607,epsilon_insensitive,l2,0.05948504899184972
16,-1742989.5367064828,-18201722.325204603,1694024823.6990206,squared_error,elasticnet,0.021793393230533593
17,0.025201239896483263,0.0038826515370810055,1694024823.7417748,epsilon_insensitive,elasticnet,0.0001244096915443147
18,-0.006851507675158297,-0.020021823278081108,1694024823.7736874,epsilon_insensitive,None,4.7562165114683905e-05
19,-0.03585134639469545,-0.056578228057126756,1694024823.7986274,epsilon_insensitive,None,7.020777399378805e-05
20,-123820980.39683382,-222454529.87048382,1694024823.807758,squared_error,l2,0.0026169917716985162
21,-153507707.2516293,-564097597.7281822,1694024823.8168774,squared_error,l2,0.00031062531942651554
22,-0.051108904080876316,-0.06412992426946795,1694024823.837848,epsilon_insensitive,elasticnet,0.02719255443007452
23,-133797502.7463787,-276085051.7937737,1694024823.8467557,squared_error,None,107.10795587439338
24,-12653221225.166801,-13436997638.163282,1694024823.8559282,squared_error,l2,0.01658348778840813
25,-0.05449018604379563,-0.06963941014019981,1694024823.8789735,epsilon_insensitive,None,16529.493530474494
26,-0.0756946487193475,-0.07559243688141959,1694024823.9098177,epsilon_insensitive,elasticnet,76014.6984414174
27,-1338199804.3717072,-1646129035.7534232,1694024823.9187412,squared_error,None,1.6332496853893017
28,0.00038996229552268336,0.00020778696782675077,1694024823.9361856,squared_error,l2,65444.86059342472
29,-0.030422804640357848,-0.031198246585328437,1694024823.958,epsilon_insensitive,l1,1.186642270766604
30,-0.08647261207560386,-0.0981591408880036,1694024823.9845483,epsilon_insensitive,None,3868.334798100055
31,0.0015648334592119895,-0.014305440925567625,1694024824.0070755,epsilon_insensitive,None,72.638580445198
32,-0.102627148454425,-0.12194487774665008,1694024824.0400171,epsilon_insensitive,l1,0.0001913951925760256
33,-0.07555286989433352,-0.08966198199753506,1694024824.1018317,epsilon_insensitive,elasticnet,0.00020934040036078825
34,-0.020770547743584444,-0.03330845199193222,1694024824.1465151,epsilon_insensitive,l1,0.0007268690896960285
35,-0.08892690211501009,-0.08887404603227567,1694024824.171296,epsilon_insensitive,l2,1134.80281087606
36,-0.012564461631906498,-0.029807637998778835,1694024824.1973047,epsilon_insensitive,elasticnet,0.0016566724962282153
37,-0.06118025475898259,-0.07608389650837144,1694024824.24591,epsilon_insensitive,l1,2.3955883617063318e-05
38,-0.00011101133340818414,-1.5437575996424258e-05,1694024824.2565293,squared_error,l1,40.93866553559848
39,-0.04028345621964502,-0.06373402837398379,1694024824.2871847,epsilon_insensitive,l2,2.4821854054444955e-05
40,-0.0732408229206889,-0.08808221117341053,1694024824.3032792,epsilon_insensitive,elasticnet,0.21524415548932377
41,-0.030322891642243555,-0.0487891787827357,1694024824.3304915,epsilon_insensitive,l1,0.0031162710778516894
42,-0.035285697217382284,-0.06231135736449844,1694024824.374749,epsilon_insensitive,elasticnet,0.0005135198269534023
43,-0.013016261716719768,-0.03556436884216296,1694024824.4041944,epsilon_insensitive,None,13283.701652798705
44,-0.012196173906919405,-0.022411449080430357,1694024824.437508,epsilon_insensitive,l2,0.18861818084637844
45,-458908740.141693,-890550537.2246606,1694024824.451265,squared_error,elasticnet,0.00032678174856301474
46,-0.11148356023764427,-0.11033701947789765,1694024824.4825556,epsilon_insensitive,l2,7992.969990596107
47,0.00026098952402509035,0.00015504559367762738,1694024824.4995716,squared_error,l2,84015.7154221082
48,-0.00011916939381184655,-1.8492640697864715e-05,1694024824.5100884,squared_error,l1,1288.8627095362574
49,-27439232566.195778,-28059171676.95462,1694024824.5188103,squared_error,None,0.1293013987361173
50,-13492002004.012863,-14932565405.713108,1694024824.527544,squared_error,None,6061.30152421077
51,-0.13589305365382542,-0.14021611984901372,1694024824.5427392,epsilon_insensitive,l2,9.495473819513334
52,0.01734357704454126,0.010920019947899817,1694024824.5615869,squared_error,elasticnet,0.20216050688178783
53,-0.2346173226906929,-0.20734397059000553,1694024824.5724633,squared_error,l1,0.09394337305301256
54,-771612694.5708326,-1131445696.3697052,1694024824.5812445,squared_error,None,0.00010736760691116116
55,-0.009161408848220143,-0.043405225716243834,1694024824.5914137,squared_error,l2,0.30103566493829526
56,-0.00011302057706430446,-1.6174335600416256e-05,1694024824.602019,squared_error,l1,5.551470552495835
57,-0.008334343939277566,-0.0197403031850667,1694024824.6258504,epsilon_insensitive,l2,3.952722935259718
58,-0.11170861048214942,-0.12430092650041913,1694024824.6599402,epsilon_insensitive,None,0.00017874038165358275
59,-44885695334.198204,-47191651133.92325,1694024824.6690092,squared_error,l2,0.003254960449564496
60,0.019602139051634992,0.005515373849085181,1694024824.696069,epsilon_insensitive,l2,0.5432924052482986
61,-0.038485096354710535,-0.06592779494203982,1694024824.7185516,epsilon_insensitive,None,0.006544895187088542
62,-272587581.6751058,-270599087.1781342,1694024824.727568,squared_error,l2,0.04618459032453796
63,0.017342272654084057,0.004874806974423218,1694024824.7459457,squared_error,l2,0.4422765536934869
64,0.01908796278942171,0.007388296035486741,1694024824.7679536,squared_error,l2,1.8118028565234914
65,-0.020443996681631438,-0.046499995459165167,1694024824.797415,epsilon_insensitive,elasticnet,0.0024718737843636243
66,-0.00012205767277628787,-1.961318890097985e-05,1694024824.8080692,squared_error,l1,895.1809041467764
67,-0.07570765979063987,-0.07560512996378588,1694024824.8340263,epsilon_insensitive,l1,960.073856724871
68,-0.0759719718529217,-0.0758629768230592,1694024824.8598433,epsilon_insensitive,l1,1039.6356715419167
69,0.01138805640737639,-0.0022068145357720947,1694024824.897041,epsilon_insensitive,None,0.00013117694879211938
70,-0.026827265148233526,-0.046789779789556896,1694024824.9263237,epsilon_insensitive,None,0.0093478460804805
71,-0.0024743417993444705,-0.022600097185477397,1694024824.9487693,epsilon_insensitive,None,0.006584880274350232
72,-0.00011365555467457433,-1.6409353604585064e-05,1694024824.9597335,squared_error,elasticnet,1.7041943957413195
73,-0.14138060506095984,-0.15545063674650228,1694024825.0046477,epsilon_insensitive,elasticnet,1.8533305767522216e-05
74,-0.05886042802128455,-0.07279548782342515,1694024825.038766,epsilon_insensitive,None,21.209683418008964
75,-17036148951.362808,-18305123027.989697,1694024825.0475607,squared_error,None,0.5069569820693202
76,-0.07577330974525709,-0.07566917505741522,1694024825.074462,epsilon_insensitive,elasticnet,78.96015442768929
77,-0.07259816606172365,-0.08230581015328875,1694024825.0895014,epsilon_insensitive,l1,0.10818634825448571
78,0.001314487810329057,-0.0026345934501497137,1694024825.1030278,squared_error,elasticnet,0.28870632598936835
79,-0.00012393764650098227,-2.035290774959897e-05,1694024825.1136353,squared_error,l1,0.3089183102204614
80,-0.07590931124962164,-0.07580184986705629,1694024825.1442852,epsilon_insensitive,elasticnet,9340.091257248565
81,-0.00012588416351655418,-2.1127182582958426e-05,1694024825.155285,squared_error,elasticnet,192.47148715200765
82,-0.07577930804845456,-0.07567502669574178,1694024825.1865819,epsilon_insensitive,elasticnet,6957.709258401849
83,-0.00012087318185960427,-1.9151287977026143e-05,1694024825.1988497,squared_error,l1,0.15661704388296416
84,-68067004663.51955,-68257288725.87982,1694024825.2075226,squared_error,None,0.005972320102958509
85,-0.030979115070086216,-0.050154349082044414,1694024825.2286258,epsilon_insensitive,l2,0.004315568027209913
86,-0.035985565473727776,-0.0564338591733895,1694024825.2640913,epsilon_insensitive,l1,3.6989509124433294e-05
87,-0.07594547123981421,-0.07583712489577032,1694024825.290077,epsilon_insensitive,l1,27.8725754700658
88,-0.00012238481451065653,-1.9741331145128882e-05,1694024825.3006222,squared_error,l1,19.773999112802937
89,-0.035549923469610833,-0.045729511156459735,1694024825.3343427,epsilon_insensitive,None,3.170746074663725e-05
90,-0.07581745097641068,-0.07571223686349748,1694024825.3646924,epsilon_insensitive,l1,1.703761690550351
91,-364571286.970407,-618875243.3291432,1694024825.3734229,squared_error,None,85.09682440957727
92,-49195335851.65876,-51631187657.15516,1694024825.3820937,squared_error,None,7.405320859893573
93,-0.00010010570742546854,-1.1633455800019732e-05,1694024825.3925467,squared_error,l1,68187.33080740362
94,-0.0001224655638034644,-1.9772998625322558e-05,1694024825.4030483,squared_error,l1,13.204853001872632
95,-0.0001144730829771845,-1.6713456455041964e-05,1694024825.4139464,squared_error,elasticnet,64.49143077776228
96,-0.07576852052818883,-0.0756645029379377,1694024825.4397342,epsilon_insensitive,l1,1067.175030213133
97,-15496904704.999252,-16167264232.78615,1694024825.4485338,squared_error,None,1.103479921406217e-05
98,-0.06336378073663607,-0.07816593765075908,1694024825.4693575,epsilon_insensitive,l1,0.0007226934096111343
99,0.010531488842697279,0.002669412408863092,1694024825.4889746,squared_error,l2,6.3692033679974545
100,-17572754873.989197,-21157800403.070007,1694024825.4977295,squared_error,None,14.406252288025826
101,-2625260763.738396,-2611357490.6662817,1694024825.5064363,squared_error,None,12.187626621984453
102,-0.01121320320504915,-0.028982807239564812,1694024825.5369096,epsilon_insensitive,elasticnet,0.00662975153018515
103,-0.0004696249706508393,-0.0006754904995878164,1694024825.5497727,squared_error,l2,4714.085643899948
104,-0.00012169204317591387,-1.9470262312637487e-05,1694024825.5602448,squared_error,l1,232.83064727647692
105,-0.0001196104625971195,-1.8662490019361044e-05,1694024825.5706713,squared_error,l1,5560.5766377272175
106,-237453388.5641174,-331458051.2296663,1694024825.5843358,squared_error,elasticnet,0.003637115262714416
107,-1033160024.3925792,-2851342665.7953176,1694024825.5976691,squared_error,elasticnet,0.02173226306141774
108,-0.02989462510640406,-0.04789148338533589,1694024825.6281729,epsilon_insensitive,l2,2.4538043430463843e-05
109,-0.005544903738083917,-0.01877609431105265,1694024825.6528027,epsilon_insensitive,None,5.826041111971631
110,-118753637.58964497,-309568687.57199955,1694024825.666187,squared_error,l1,5.376021906103357e-05
111,-0.00010948223832896176,-1.488404096816609e-05,1694024825.6783123,squared_error,elasticnet,3454.902045965777
112,-84462.21434447332,-159348.35447947137,1694024825.690626,squared_error,l1,0.01727465852816599
113,-0.05247654858501871,-0.059673451240957576,1694024825.7162166,epsilon_insensitive,None,2574.5133811268083
114,-0.00011757843397908196,-1.7883858702161248e-05,1694024825.7282655,squared_error,elasticnet,22553.421892393842
115,-0.075910135606015,-0.0758026540507244,1694024825.7568796,epsilon_insensitive,elasticnet,1886.1015075107468
116,0.01868360432886329,0.005114221608280234,1694024825.780443,epsilon_insensitive,None,2864.344290741596
117,-8749884257.583542,-8639732440.1515,1694024825.7895164,squared_error,l2,0.005498641703888918
118,-0.07588447128860376,-0.0757776177144085,1694024825.8150222,epsilon_insensitive,l1,26649.88326256952
119,-0.0001161148738277884,-1.7329263312104715e-05,1694024825.8258948,squared_error,elasticnet,203.0693536849852
120,-7826.225309635035,-8561.16915038172,1694024825.8378963,squared_error,l1,0.03996163757732973
121,-3783940775.2094674,-4184520527.6020584,1694024825.8468695,squared_error,l2,0.000207972942982589
122,-0.0003704081476176846,-0.0001780900403434149,1694024825.8597426,squared_error,l2,26743.522011475663
123,-0.00011234557553474467,-1.5925645830972002e-05,1694024825.8705509,squared_error,elasticnet,127.23831096136993
124,-0.019858124004981326,-0.035260584032143605,1694024825.8951592,epsilon_insensitive,None,0.0004308741206850559
125,-0.00827780233892117,-0.03500694679645422,1694024825.9152882,epsilon_insensitive,None,0.5632031223824514
126,0.010094233781330786,-0.0046255638236814,1694024825.9537132,epsilon_insensitive,elasticnet,0.00010276539248791749
127,-117047151.49207805,-220746578.0663982,1694024825.9669735,squared_error,l1,0.0009394156707815352
128,-43225.03498997325,-63454.54889780754,1694024825.9758508,squared_error,l2,0.11686450368336405
129,-0.09833332649041582,-0.09903837007892657,1694024825.9994967,epsilon_insensitive,l2,193.58768316377953
130,-259537315151.7976,-208607238869.31824,1694024826.0084193,squared_error,l2,0.00021267883980396156
131,-0.07575314234323183,-0.0756495007304927,1694024826.0352147,epsilon_insensitive,elasticnet,39.66275391558026
132,-15348748783.67595,-15631586269.401785,1694024826.0439763,squared_error,None,5.321290238587056
133,-0.00011732697642274914,-1.7788198824364443e-05,1694024826.0547822,squared_error,elasticnet,0.8360258433148199
134,-613695857235.0685,-389405128861.8004,1694024826.0637076,squared_error,l2,0.0018937857270441545
135,-0.11635079262417669,-0.11914537983028817,1694024826.0921607,epsilon_insensitive,l2,56.64845578585614
136,-0.00013501810922500468,-2.4868570439373627e-05,1694024826.1041481,squared_error,elasticnet,24956.73912039314
137,-0.038815792591606835,-0.04972294034114544,1694024826.1296248,epsilon_insensitive,None,0.00731595598090255
138,0.01490219321672459,0.008499888436588776,1694024826.1458793,squared_error,elasticnet,0.32503203464755015
139,-0.0002689977551875167,-0.00022883289628339298,1694024826.162616,squared_error,l2,5495.654674994456
140,-0.07591252723226893,-0.07580498715121253,1694024826.192427,epsilon_insensitive,elasticnet,3852.991119602677
141,-465351583.3726448,-848710674.438697,1694024826.2011223,squared_error,None,0.7652506994201805
142,-0.044019842366320505,-0.058084514585356795,1694024826.2383013,epsilon_insensitive,elasticnet,0.0013801894748027646
143,-0.09666783233936527,-0.09847620731435724,1694024826.252701,epsilon_insensitive,elasticnet,2.185145474207674
144,-11106670.365841437,-626868105.8339574,1694024826.261357,squared_error,None,39.549567210690334
145,-0.00013076224739982933,-2.3103713224559286e-05,1694024826.271816,squared_error,l1,16042.004777398111
146,-1965916.1787155315,-14252115.105960485,1694024826.285248,squared_error,elasticnet,0.021751753993915414
147,-0.014406945626957324,-0.032328795226161056,1694024826.3027651,epsilon_insensitive,l2,0.1111624317684787
148,-0.08691206463786427,-0.09746191662939818,1694024826.331666,epsilon_insensitive,None,8754.251760432127
149,-0.07582024644029906,-0.07571496395764998,1694024826.3584697,epsilon_insensitive,elasticnet,711.7612784661794
150,-0.009191383982136037,-0.01604774869426806,1694024826.3739035,epsilon_insensitive,l1,0.03845815138861302
151,-0.006269168860812524,-0.021715386762057642,1694024826.3958285,epsilon_insensitive,None,182.84084697466218
152,-0.00010983785946461211,-1.5012216105558807e-05,1694024826.4060972,squared_error,l1,2536.7885023617614
153,-0.07590270239136188,-0.07579540272971896,1694024826.4315,epsilon_insensitive,l1,40833.081401912765
154,-0.0362047460388506,-0.048190196897275994,1694024826.4680855,epsilon_insensitive,elasticnet,0.002601710289608185
155,-0.0001259558906314684,-2.1155874001310693e-05,1694024826.4784977,squared_error,l1,3360.5891324333406
156,-0.016315035145723744,-0.026477857944644745,1694024826.497698,squared_error,l2,0.9228882061575581
157,-251354678343.66928,-160594625149.93707,1694024826.506296,squared_error,None,4074.048536069559
158,-0.08143724988243606,-0.0825693528706728,1694024826.5212047,epsilon_insensitive,l1,1.0641632929047622
159,-0.03199407145056643,-0.04749908331333752,1694024826.5440464,epsilon_insensitive,l1,0.011379860077162773
160,-0.07574742963354497,-0.0756439276804941,1694024826.569275,epsilon_insensitive,l1,36.73249100181029
161,0.0030057606131101977,-0.01347759476637811,1694024826.5899556,epsilon_insensitive,l2,1.0229248232967094
162,-254372048.99915963,-623579455.742,1694024826.5988405,squared_error,l2,6.091912245912452e-05
163,-137346660061.80919,-146733728963.42987,1694024826.6118085,squared_error,l1,1.087744099935745e-05
164,-0.04883145177847936,-0.04969118806128625,1694024826.6449406,epsilon_insensitive,l2,3320.538493148456
165,-140150.4791892132,-230429191.65706253,1694024826.657973,squared_error,l1,0.002785324218121555
166,-0.0005010385848909227,-0.00027888522649810454,1694024826.6706107,squared_error,l2,18085.716290705925
167,-0.05281968279943583,-0.06493668022883892,1694024826.6959085,epsilon_insensitive,None,1.3197871313961642
168,-0.010901658347524767,-0.009900337038241114,1694024826.719775,squared_error,l2,19.991701112540643
169,0.0069931097276364484,0.0008866374886038475,1694024826.7355251,squared_error,l2,3.3036001410301976
170,-0.055814473042742785,-0.07190187773546852,1694024826.77724,epsilon_insensitive,elasticnet,0.0003178796810798516
171,-0.004172614347104586,-0.023184026720358908,1694024826.797651,squared_error,l2,0.5429547830715283
172,-0.05196169442078458,-0.07106011184312977,1694024826.8526192,epsilon_insensitive,elasticnet,0.00047980732449350716
173,-0.0001145526253205631,-1.674313516097925e-05,1694024826.8645875,squared_error,elasticnet,9632.274580197061
174,-189993.45817123118,-200476.38535601253,1694024826.8761966,squared_error,l1,0.05020792516413655
175,-0.13293917404785582,-0.14229835485235398,1694024826.9002354,epsilon_insensitive,None,0.0005162465509180202
176,-0.055223381319859044,-0.05567794867836695,1694024826.9279356,epsilon_insensitive,l2,1209.6654875993693
177,-3676416065.759971,-3808980799.3551655,1694024826.9409657,squared_error,l1,1.328663965668369e-05
178,-224225615.6500491,-328128672.81462413,1694024826.9494803,squared_error,None,82762.85533867593
179,-0.07577605412280763,-0.0756718523326898,1694024826.9746597,epsilon_insensitive,l1,25.634039783777865
180,-858421401.607964,-3680422271.165833,1694024826.9831307,squared_error,None,4.495495012358405e-05
181,-1228.1658742470374,-2191.343380703811,1694024826.9949515,squared_error,l1,0.021551535478793748
182,-19725364936.480827,-20237618186.452835,1694024827.0034332,squared_error,None,0.0003149604560565569
183,-0.028341136509261178,-0.03775385517565466,1694024827.0263073,epsilon_insensitive,l2,0.0010343330328905188
184,-213977325.21073636,-462663143.55718327,1694024827.0348492,squared_error,None,3419.6226027089747
185,-0.017736712308160207,-0.024957727576514044,1694024827.0538526,squared_error,l2,7.320292640544275
186,-0.11509804633510434,-0.128739169576229,1694024827.0845284,epsilon_insensitive,None,15.216450189426597
187,-52724115.349453464,-120555615.28864224,1694024827.0934017,squared_error,l2,0.00011748539624985468
188,-0.0757787585988201,-0.07567449068095589,1694024827.1200774,epsilon_insensitive,l1,120.31620591480183
189,-247592874.10061768,-299086185.05661684,1694024827.1289425,squared_error,l2,0.014191771575119552
190,-1190523.4147904143,-432381800.71649253,1694024827.1422765,squared_error,elasticnet,0.012780741629479616
191,-0.023662149529292575,-0.044675404819578324,1694024827.1871579,epsilon_insensitive,elasticnet,0.0008827392342352597
192,-0.07578734733391035,-0.07568286940375502,1694024827.212583,epsilon_insensitive,l1,514.8070422965798
193,-0.00012163293659317453,-1.9447186204724076e-05,1694024827.223765,squared_error,elasticnet,1214.1415142115784
194,-484073018.2506907,-599803351.4636399,1694024827.237224,squared_error,elasticnet,0.01010567472087979
195,-0.11582294980371999,-0.1240024033682341,1694024827.2592497,epsilon_insensitive,None,0.0008762186409418542
196,-3597463842.8586245,-4432729213.571051,1694024827.267895,squared_error,None,0.08874127237651656
197,-0.026769308604231767,-0.042117151530644215,1694024827.2853768,epsilon_insensitive,None,20.63444043629778
198,-0.1400773406182052,-0.1480315763494111,1694024827.3096578,epsilon_insensitive,None,197.28479466134667
199,-5.809563188051397,-6526.567714571796,1694024827.3220158,squared_error,elasticnet,0.08058259094619895
200,-0.0021334867460824913,-0.0022561371949725295,1694024827.3372855,squared_error,l2,9846.178994910986
201,-0.02696575097117715,-0.040293679162504814,1694024827.3649971,epsilon_insensitive,l2,2.940343486011059e-05
202,0.0024329493467648566,-0.010391705544704033,1694024827.3891551,epsilon_insensitive,None,47805.55839100608
203,-22653598131.094696,-84447244345.47675,1694024827.3976758,squared_error,None,0.00039309793407477214
204,-0.0001225851350226126,-1.981991832900043e-05,1694024827.4096732,squared_error,elasticnet,7512.422537676186
205,-0.09028359889135751,-0.09559783734473815,1694024827.426488,epsilon_insensitive,elasticnet,0.9824094411668775
206,-8128490553.97337,-7921293532.657782,1694024827.4351127,squared_error,None,0.0005522162165076027
207,-0.06424346982134077,-0.074468496077996,1694024827.4586234,epsilon_insensitive,elasticnet,0.05080842899661808
208,-0.07566735023301163,-0.08872792594062995,1694024827.4805496,epsilon_insensitive,None,3.948610981100446e-05
209,-0.02585352838231958,-0.037652637475000805,1694024827.5015662,epsilon_insensitive,l1,0.009185383111595467
210,-0.005847931094504988,-0.017419999481543158,1694024827.5190024,epsilon_insensitive,l1,0.008008660688681382
211,-61915673.53587839,-155753371.3117325,1694024827.5277567,squared_error,l2,6.508755600636153e-05
212,-0.07582383598736175,-0.07571846571207574,1694024827.552944,epsilon_insensitive,l1,31519.90998107417
213,-0.04340962913340918,-0.05429770832714187,1694024827.5722616,epsilon_insensitive,l1,0.005148942813008502
214,-0.07582019158986197,-0.07571491044872203,1694024827.597601,epsilon_insensitive,l1,5027.764339708529
215,-0.08683343893819373,-0.09095149651315304,1694024827.6124926,epsilon_insensitive,elasticnet,1.3370110274521834
216,-0.07584770158954068,-0.07574174756403695,1694024827.6389506,epsilon_insensitive,elasticnet,52.40314323867217
217,-7618879470.10945,-11260449422.275923,1694024827.64755,squared_error,None,0.014897265605539747
218,-6056433685.929893,-5712512085.139581,1694024827.6563036,squared_error,l2,1.909471525750958e-05
219,-8407341052721.541,-8376290435399.384,1694024827.669315,squared_error,l1,0.00214661151451689
220,-756988522.8417718,-1960067214.7558267,1694024827.6822872,squared_error,l1,6.645642690197518e-05
221,-0.0001226178851649884,-1.983277517703108e-05,1694024827.6928782,squared_error,elasticnet,0.7720414470631485
222,-250094750.45540503,-734723383.8468177,1694024827.7061265,squared_error,elasticnet,0.000334523582383485
223,-0.00011850249128642076,-1.823670801393007e-05,1694024827.7167363,squared_error,elasticnet,25.986398052952122
224,-0.00501087567881453,-0.0157796004298989,1694024827.7363167,epsilon_insensitive,None,8818.673813167548
225,-0.1493732500802316,-0.1654541901377955,1694024827.765932,epsilon_insensitive,None,0.01593945267693088
226,-0.01896104898237727,-0.03768746249769084,1694024827.7945337,epsilon_insensitive,None,8976.325144744484
227,-5.749564565240416,-10.478798406105065,1694024827.8068147,squared_error,elasticnet,0.0862005326399201
228,-100875277992.73425,-97284219777.83862,1694024827.8153317,squared_error,None,0.183859712293744
229,0.005858308608939988,-0.0037724504092249145,1694024827.8366919,squared_error,l2,3.832978438184163
230,-0.00011764545665959858,-1.790938156887023e-05,1694024827.8469439,squared_error,l1,3.8600573939284475
231,-0.00010859872803470338,-1.4567087001315926e-05,1694024827.857199,squared_error,l1,55108.7050275708
232,-1458368936.286654,-3956364793.558139,1694024827.8656783,squared_error,None,64.2185348396698
233,-0.06300989462695106,-0.07683947529099688,1694024827.8897848,epsilon_insensitive,None,87597.77913150628
234,-94737532.48664582,-366969635.4308545,1694024827.8982747,squared_error,None,1.3284175113075597e-05
235,-0.051876972839679514,-0.06362452523452933,1694024827.9536693,epsilon_insensitive,elasticnet,6.367887879802233e-05
236,-1771317767.1829307,-1994834295.2952483,1694024827.9667537,squared_error,l1,3.6629068279689314e-05
237,-0.04366320397432766,-0.061876967430279484,1694024827.993205,epsilon_insensitive,None,0.4319317605800421
238,-74332064.98888087,-362850612.22604585,1694024828.0064967,squared_error,elasticnet,0.0018182314627501943
239,-0.010588711626980718,-0.021995899577246236,1694024828.018714,squared_error,l2,0.34263743850195955
240,-0.04079457967932765,-0.054339389823046425,1694024828.0435562,epsilon_insensitive,l1,0.0028062771575723434
241,-0.02987023140758782,-0.04987476367360899,1694024828.06656,epsilon_insensitive,l2,0.00318565507029156
242,-1520277360.080314,-3304458452.7336264,1694024828.0795445,squared_error,l1,0.0002638806564644535
243,-0.07585139759625159,-0.0757453531592307,1694024828.1090112,epsilon_insensitive,elasticnet,20657.209068437867
244,-0.00011399977728765442,-1.6537189437615396e-05,1694024828.120895,squared_error,l1,0.07571955807789832
245,-0.061640270399729635,-0.0768205498470782,1694024828.1595044,epsilon_insensitive,l1,0.00011147494457005753
246,-32928.11080071858,-31508.777304705676,1694024828.170086,squared_error,l1,0.11664687054558417
247,-574.8226198089216,-17969666.567912832,1694024828.1818924,squared_error,l1,0.02726674626824678
248,-0.033689211586551915,-0.04694173911784505,1694024828.2079895,epsilon_insensitive,l1,0.004640673128889674
249,-0.1160611285326778,-0.12217386435084387,1694024828.2298834,epsilon_insensitive,None,30755.643705019815
250,-0.10510583290421538,-0.10756793958619104,1694024828.2445607,epsilon_insensitive,elasticnet,1.5310543371902283
251,-0.07599921885562977,-0.07588955676122211,1694024828.2697968,epsilon_insensitive,l1,75.86533778925606
252,-0.0734811393458108,-0.0868397350183645,1694024828.289566,epsilon_insensitive,elasticnet,0.07107605004640538
253,-0.00011483376487686492,-1.6848161676463747e-05,1694024828.3013525,squared_error,elasticnet,77441.96911091442
254,-3745128860.9442563,-4104030030.234123,1694024828.3098001,squared_error,None,4925.046234865232
255,0.0022166779409713566,0.001679474347983878,1694024828.3220167,squared_error,l1,0.05841843082529265
256,-353105541708.11816,-347201056656.26624,1694024828.3353121,squared_error,elasticnet,2.6038246335509723e-05
257,-0.015180968795857508,-0.030065631118234126,1694024828.3604496,epsilon_insensitive,None,98874.66917197563
258,-0.09075516339671541,-0.1062338961075806,1694024828.3897483,epsilon_insensitive,elasticnet,0.0011648689464192588
259,-0.09609542985037756,-0.09688108292015496,1694024828.4131343,epsilon_insensitive,l2,626.6565343157426
260,-0.049577143737802976,-0.04976639493427304,1694024828.4434972,epsilon_insensitive,l2,406.24895821242274
261,-0.00011691431921456719,-1.7631549892538345e-05,1694024828.4553242,squared_error,elasticnet,8294.847563077159
262,-3655976514.0683646,-3602291961.916435,1694024828.4640272,squared_error,l2,0.03116458041576261
263,-665018042.1222355,-760758394.3813542,1694024828.4728487,squared_error,l2,0.004134689822855661
264,0.011132396688232404,0.005049343376116733,1694024828.4922678,squared_error,elasticnet,0.3324468161986524
265,0.006713995901063918,7.001623518132494e-05,1694024828.5113814,squared_error,l2,22.46046675845445
266,-0.0072899361770890625,-0.027714890960667482,1694024828.5487509,epsilon_insensitive,l1,0.00017833953891434228
267,-0.00011731775293211122,-1.7784692941891223e-05,1694024828.5606122,squared_error,elasticnet,6461.793275287721
268,-29841040452.556156,-24280520045.140915,1694024828.5693774,squared_error,l2,0.0009178272151218119
269,-1969838.4809399692,-679061305.8511927,1694024828.5781255,squared_error,l2,6.691272846581583e-05
270,-0.04943932887473412,-0.06624971246490263,1694024828.6058125,epsilon_insensitive,l2,0.0002720031577760768
271,-0.09295147466972775,-0.09479211914688368,1694024828.6240664,epsilon_insensitive,l2,33.550715088924264
272,-0.07589091688260319,-0.0757839056001306,1694024828.649241,epsilon_insensitive,l1,7.346044788651676
273,-0.00017590707994785681,-4.227307005666425e-05,1694024828.665695,squared_error,l2,22321.420725499695
274,-148804965272.524,-149790534842.40555,1694024828.674106,squared_error,None,0.9258209963215769
275,0.0049383160141017735,0.0031858510570256238,1694024828.687327,squared_error,l2,61.18449489115854
276,-0.00010910626815952007,-1.4748904035855048e-05,1694024828.699121,squared_error,elasticnet,2386.6653532986925
277,-0.0399609424648657,-0.056283602709285674,1694024828.7209098,epsilon_insensitive,None,0.002389495668164878
278,-0.003207635384351315,-0.019738648993562924,1694024828.7404852,epsilon_insensitive,None,0.09864810007307326
279,-0.008746566111067278,-0.014765558893760966,1694024828.7600584,epsilon_insensitive,None,1444.6434441340336
280,-279692950093.179,-320177557227.0018,1694024828.7685087,squared_error,None,71768.21328538698
281,-0.02798797203411807,-0.039434168233064115,1694024828.8122897,epsilon_insensitive,elasticnet,0.002240097667813963
282,-0.0746497429918902,-0.07584203656971367,1694024828.8324444,epsilon_insensitive,elasticnet,4.7590430635148815
283,-0.07583800857178935,-0.07573229164672513,1694024828.8577147,epsilon_insensitive,l1,6533.395373807266
284,-0.07968087305195293,-0.09212043468086506,1694024828.8902123,epsilon_insensitive,l1,1.4502612013949862e-05
285,-68972.84068716761,-235783.89843331484,1694024828.9026873,squared_error,l1,0.009961433832801316
286,-0.07577642984268751,-0.07567221886582409,1694024828.9321492,epsilon_insensitive,elasticnet,7302.474389225369
287,-0.07583862967622346,-0.0757328975587721,1694024828.958564,epsilon_insensitive,elasticnet,185.19473779447924
288,-0.00011982904222462842,-1.8746833080784953e-05,1694024828.96915,squared_error,elasticnet,2.493710203325142
289,-28227912549.5946,-29797162050.600315,1694024828.9776397,squared_error,None,5.37593714978525
290,-23290664923.487785,-22364325042.41699,1694024828.9861042,squared_error,None,9382.382251770527
291,-0.107471618417178,-0.10687794351211388,1694024829.0136597,epsilon_insensitive,l2,93643.13575633803
292,-0.0708318288456169,-0.08171131929809206,1694024829.03659,epsilon_insensitive,l2,0.0004995063756810085
293,-7986571590.291103,-8542623712.936709,1694024829.0450604,squared_error,None,0.0004897488529147546
294,-0.1199052460913097,-0.12063910843365422,1694024829.0599065,epsilon_insensitive,l1,1.2461334579320757
295,-0.07591246426619236,-0.0758049257259974,1694024829.0868654,epsilon_insensitive,elasticnet,1152.0402086827548
296,-0.04190983039555429,-0.04554563732634054,1694024829.1039956,epsilon_insensitive,l2,18.962772240719037
297,-758623030672.9246,-830074316004.0468,1694024829.116799,squared_error,l1,3.214089338066472e-05
298,-5691138259.195211,-7266920514.23798,1694024829.1252897,squared_error,None,9.035674490044738e-05
299,0.004425193543535988,0.002186985927664753,1694024829.147727,squared_error,l2,27.822721723219747
300,-75411785.91540787,-217955077.1908641,1694024829.1606677,squared_error,l1,0.0003354672241724059
301,-0.08161695256773616,-0.0879599672080924,1694024829.1749911,epsilon_insensitive,l1,0.12127670309698861
302,-0.026548371354263134,-0.0418499912955681,1694024829.1904216,epsilon_insensitive,l1,0.015798152888552387
303,-84350110.2079977,-127569865.24539892,1694024829.2006466,squared_error,l2,0.02031424116160774
304,-350794392186.5401,-222665207524.6261,1694024829.2091641,squared_error,None,0.0007051156730578108
305,-0.07577050859080714,-0.07566644239232723,1694024829.2343962,epsilon_insensitive,l1,7.772881442600676
306,-0.00012514010438335887,-2.0830221492795786e-05,1694024829.2461545,squared_error,l1,0.5451003957689055
307,-0.07246462526034025,-0.07584334527510128,1694024829.2786236,epsilon_insensitive,l2,58.16962316005456
308,-0.11718090799076375,-0.12669104882107085,1694024829.2936707,epsilon_insensitive,l1,0.0361606739811102
309,-0.07573421266151148,-0.07563103380764313,1694024829.3200028,epsilon_insensitive,elasticnet,308.50353954447144
310,-7439.928912283343,-7193.003107806998,1694024829.3319466,squared_error,l1,0.02118207885585664
311,-0.07575645293690192,-0.07565273038723364,1694024829.3587573,epsilon_insensitive,elasticnet,1093.9618318035891
312,-51004115998.51623,-48439766509.35496,1694024829.3719592,squared_error,elasticnet,0.0005556823329525411
313,-0.0455591276438394,-0.05795140202142135,1694024829.3915899,epsilon_insensitive,l1,0.0020298918303216246
314,-815627694481.7632,-849257230091.1594,1694024829.4000697,squared_error,None,1.2694725445729742e-05
315,-0.07315666670248633,-0.08897825286186456,1694024829.427575,epsilon_insensitive,None,8.785045956327545
316,0.003315707384625277,-0.0035210737984332496,1694024829.454937,epsilon_insensitive,None,0.003124288204988366
317,-0.08357040031372232,-0.08621036326462428,1694024829.4745188,epsilon_insensitive,l2,43.06223403911643
318,-0.09959917142645791,-0.0983813830068605,1694024829.5049722,epsilon_insensitive,l2,4101.578886464106
319,-653291731.488745,-8569727056.1717615,1694024829.5138323,squared_error,l2,0.03595552702056513
320,-0.02870486425902774,-0.043412483018982595,1694024829.5467565,epsilon_insensitive,None,0.1878680274909834
321,-170723051.18292153,-169803629.58630717,1694024829.5556045,squared_error,l2,0.05801826024203344
322,-0.00011548039366249263,-1.7090480693093824e-05,1694024829.5658023,squared_error,l1,5424.806861672221
323,-0.07591885293493439,-0.0758111580527785,1694024829.5909493,epsilon_insensitive,l1,49.77874871086806
324,-12127322.32071183,-233782098.36601105,1694024829.6040912,squared_error,l1,0.0008795226488230075
325,-0.06764366706950042,-0.077970949224198,1694024829.6473503,epsilon_insensitive,elasticnet,0.002727997239885809
326,-0.00010827501796706329,-1.4451492297062885e-05,1694024829.6576653,squared_error,l1,2.761014153916689
327,-13385807096.70099,-12574249958.257992,1694024829.6707733,squared_error,elasticnet,0.025790526870340134
328,-0.068594409416175,-0.07423284409968578,1694024829.6983507,epsilon_insensitive,l2,8.496850297635637
329,-46447030531.72293,-49806098767.273445,1694024829.7071328,squared_error,l2,0.006251585775392873
330,-0.007633692775713907,-0.02195883197924986,1694024829.7342932,epsilon_insensitive,l1,0.0010037218665100694
331,-1211341173.938638,-1503534161.396583,1694024829.747945,squared_error,elasticnet,0.0009177263627427622
332,-0.07573291275724303,-0.07562976567914359,1694024829.7735987,epsilon_insensitive,l1,28.548907483948422
333,-0.04916703690063362,-0.056197586941221456,1694024829.800275,epsilon_insensitive,None,2.135856291050247
334,-1044210962.9833592,-5143130084.147176,1694024829.8137496,squared_error,elasticnet,8.902421594880022e-05
335,-95379931661.27898,-88563667824.37918,1694024829.8224463,squared_error,None,0.004540655308383043
336,-0.0758142230514034,-0.0757090878836495,1694024829.8489017,epsilon_insensitive,elasticnet,43.35799804215129
337,-0.055940144519260215,-0.06681402380737755,1694024829.864137,epsilon_insensitive,elasticnet,0.4232265561897116
338,-1732637462.4389071,-1972509989.4296126,1694024829.877301,squared_error,elasticnet,0.018496185056823627
339,-1991905265.1091282,-2089934543.0759718,1694024829.886031,squared_error,l2,0.006067607221065968
340,-0.027663524565024078,-0.04113921842103796,1694024829.9048173,epsilon_insensitive,l1,0.012497074180595364
341,-0.1362366032595963,-0.15194902044153236,1694024829.9345536,epsilon_insensitive,l2,0.006814109249826088
342,-3931.45612969318,-8492.140439416315,1694024829.9432514,squared_error,l2,0.13756461143252563
343,-0.014686132887344217,-0.03200490874676154,1694024829.9616542,epsilon_insensitive,None,10825.126195190258
344,-40393256773.0442,-29412930734.567772,1694024829.9700065,squared_error,None,20.95315023579885
345,0.003104762003170225,-0.012079470243188561,1694024829.9927258,epsilon_insensitive,l2,1.361018568808366e-05
346,3.573974463422225e-05,-0.013842487816733806,1694024830.0201707,epsilon_insensitive,l2,0.0006917686169086954
347,-0.00011732695441413199,-1.7788190458611908e-05,1694024830.03033,squared_error,l1,771.6236125100169
348,-0.0757198318367498,-0.07561700450380981,1694024830.057185,epsilon_insensitive,elasticnet,1309.1777233912067
349,-0.020940389439535467,-0.03102947420782365,1694024830.0846,epsilon_insensitive,l2,4.476051176699159e-05
350,-0.028523022118939645,-0.042610881152288504,1694024830.110123,epsilon_insensitive,elasticnet,0.02105761700829428
351,-0.04782301325844118,-0.0485579964935432,1694024830.1417649,epsilon_insensitive,l2,4332.259522241759
352,-44804666926.972244,-47477860248.74787,1694024830.155017,squared_error,elasticnet,0.00023242776112598505
353,-0.00011846152444139335,-1.8221021226505485e-05,1694024830.1652167,squared_error,l1,26.62263949648327
354,-15808898.906852968,-21737871.68362937,1694024830.1738803,squared_error,l2,0.08903491108567284
355,-0.11110157445586011,-0.10988850869681044,1694024830.2034776,epsilon_insensitive,l2,1951.895137179031
356,-1052309306.3100165,-1306453172.1684425,1694024830.211847,squared_error,None,37.09384018631392
357,-8741481762.931793,-9276856163.302765,1694024830.2202141,squared_error,None,0.0001966623038968034
358,-0.058818527120206854,-0.07366313407290126,1694024830.241072,epsilon_insensitive,None,0.1866338826906856
359,-154522451.65879437,-6263935776.015351,1694024830.2494702,squared_error,None,8861.4236701004
360,-0.06287269038967547,-0.07738188242904376,1694024830.2733207,epsilon_insensitive,None,0.0004107305120351525
361,-0.11435667992772025,-0.11345143308870109,1694024830.3100867,epsilon_insensitive,l2,29179.7681620697
362,-0.08616384413040379,-0.099977042721209,1694024830.3467116,epsilon_insensitive,l1,0.00023543914551325704
363,-0.005431656632674864,-0.01978915916363788,1694024830.3915336,epsilon_insensitive,elasticnet,0.0006121503945466339
364,-0.031014469400388434,-0.04341570793769378,1694024830.411049,epsilon_insensitive,None,24482.97451085568
365,-0.04262066146484811,-0.06326454993238051,1694024830.4305382,epsilon_insensitive,None,0.31429489417118706
366,-29139.29476099562,-57524.88065775706,1694024830.4421015,squared_error,l1,0.04243835373399891
367,-0.054241871806179454,-0.060839711829134835,1694024830.4590666,epsilon_insensitive,l2,6.226722056755872
368,-570465702.0814515,-815099153.5900197,1694024830.4721982,squared_error,elasticnet,0.0005115710802528898
369,-73000.46496223225,-4181114.7026118496,1694024830.4849494,squared_error,elasticnet,0.028630402540796622
370,0.018620400373625556,0.011534544263965496,1694024830.502994,squared_error,elasticnet,0.24376914859044377
371,-0.0718419933067227,-0.06737356605910527,1694024830.516309,squared_error,l2,458.51754179171684
372,0.017226519782282512,0.0009548921964424029,1694024830.5472677,epsilon_insensitive,l2,0.10041583249794483
373,-0.01223297071346674,-0.019623863935367636,1694024830.5724,epsilon_insensitive,l2,0.0002184655630404086
374,-0.14503853779006848,-0.1562131037119341,1694024830.587453,epsilon_insensitive,None,1165.54210641437
375,-0.10225796939008425,-0.10101727261541038,1694024830.6139085,epsilon_insensitive,l2,1300.6107070503474
376,-0.07544279949218691,-0.07534673784043289,1694024830.6399753,epsilon_insensitive,elasticnet,17.388857127838538
377,-188926232687.4253,-204217079323.51474,1694024830.6482956,squared_error,None,0.0008253231765648981
378,-0.11548503902305618,-0.11445667772069035,1694024830.6738315,epsilon_insensitive,l2,1455.97403645326
379,-0.10563563997996939,-0.10780296426582803,1694024830.698806,epsilon_insensitive,l2,21.449248377246185
380,-0.04445614262066866,-0.04525965672054988,1694024830.7230644,epsilon_insensitive,l2,527.8792704528529
381,0.004437085682858943,0.002810412715918753,1694024830.735114,squared_error,elasticnet,0.49159546686284356
382,-0.00011452846853021725,-1.6734120126038476e-05,1694024830.7455628,squared_error,elasticnet,132.5441351826664
383,-0.07594106158896463,-0.07583282317488638,1694024830.7747529,epsilon_insensitive,elasticnet,6723.201336234466
384,-0.060191990214271796,-0.06537136116793674,1694024830.7927992,epsilon_insensitive,elasticnet,1.1007909437945955
385,-0.051517968372662315,-0.06422500078737325,1694024830.8290572,epsilon_insensitive,elasticnet,0.0017417998347245265
386,-0.0001180427544671403,-1.806090027023366e-05,1694024830.8395476,squared_error,l1,15916.718255827995
387,-0.07579885835832467,-0.07569409894267243,1694024830.8666873,epsilon_insensitive,elasticnet,1039.877633401612
388,-948928211.3322861,-1196189550.7706165,1694024830.8755336,squared_error,None,1.9191299303893303
389,-0.03922627717789062,-0.040533677072112306,1694024830.8936973,epsilon_insensitive,l1,0.7042544143236984
390,-95703873.60262445,-644634119.7187908,1694024830.9072993,squared_error,elasticnet,3.5754127108499355e-05
391,0.00018462241560335269,0.00017683359477027594,1694024830.9228776,squared_error,l2,4572.40012021344
392,-0.09121911291917306,-0.09900328906089251,1694024830.9747624,epsilon_insensitive,l1,1.5124908865943181e-05
393,-0.00011737771555098142,-1.7807488666976568e-05,1694024830.9862347,squared_error,elasticnet,1183.0160746265651
394,-36993402351.423805,-51708237467.26519,1694024830.9952097,squared_error,l2,1.7387229420054336e-05
395,-39865903222.657486,-28333026664.459232,1694024831.0040653,squared_error,l2,0.012507370713322157
396,-0.10529098998562558,-0.11843312049798671,1694024831.0237422,epsilon_insensitive,None,0.05082313688184555
397,-2377852755.989754,-3720745032.0195646,1694024831.0322235,squared_error,None,1.2640406975557026
398,-0.02091284542595484,-0.034152891326519,1694024831.0496392,epsilon_insensitive,l1,0.008236434765621263
399,-0.07682764169147638,-0.09368155109737897,1694024831.073635,epsilon_insensitive,None,3335.0168457295467
