trial,score,test_score,time,alpha
0,0,0,1694025204.8322449,0
0,-0.0024081517403338193,-0.002944426142247769,1694025204.9924335,epsilon_insensitive,l1,1
1,-0.0758122908974741,-0.0757072029835466,1694025205.105469,epsilon_insensitive,elasticnet,4265.130816203875
2,-0.0758949879585118,-0.0757878770633662,1694025205.1564925,epsilon_insensitive,l1,36857.82274702113
3,-224349287088.55518,-10260967989577.344,1694025205.3747427,squared_error,l2,10.172488645739893
4,-3.050461779151993e+23,-1.943272624838201e+23,1694025206.6016464,squared_error,elasticnet,0.0001207629820990836
5,-6.091680512082387e+22,-6.479786294813722e+22,1694025206.9799602,squared_error,None,0.09311079376796777
6,-1.0520988196825636e+23,-1.693416012675539e+23,1694025207.269927,squared_error,None,0.0034418860381589316
7,-6.567542543795989e+22,-6.908366992943518e+22,1694025208.301428,squared_error,l1,0.950475980278073
8,-4.01732901370914e+22,-4.5902864028825725e+22,1694025208.7533057,squared_error,None,0.1117511942786209
9,-18118369581.148933,-633256007564.4135,1694025209.0000713,squared_error,l2,9.390010398230771
10,-7.33077328818986e+22,-1.2343529055793963e+23,1694025209.8841507,squared_error,l1,2.516212389492403
11,-134255093799.2281,-4345910327233.2095,1694025210.116427,squared_error,l2,69.22008866241924
12,-0.00012374340556564611,-2.027610792176837e-05,1694025210.136967,squared_error,l1,18501.499674563634
13,-0.22451500392179224,-0.2706450936131588,1694025210.3705688,epsilon_insensitive,l2,0.5323694084590286
14,-0.0001158167906916141,-1.721695676959456e-05,1694025210.3911514,squared_error,l1,10573.494866270543
15,-2.525795727805523,-4.531594998715019,1694025210.6193101,epsilon_insensitive,None,0.029820393304317985
16,-0.00011531969608213899,-1.7030162586140207e-05,1694025210.6623173,squared_error,elasticnet,27414.167301327867
17,-1.3130661655099546e+23,-2.9832609650079577e+23,1694025211.092435,squared_error,None,54048.03900248137
18,-0.07359021737133542,-0.07353910096050242,1694025211.1959093,epsilon_insensitive,elasticnet,46.3003166302247
19,-0.07554139488384659,-0.07544292665026142,1694025211.2469575,epsilon_insensitive,l1,20.745430485872657
20,-203535751570.23605,-9740930264070.71,1694025211.9126718,squared_error,elasticnet,3.3057073797299976
21,-1244629671908.9797,-1388333517913.891,1694025212.2163732,squared_error,l2,251.44748725363985
22,-1.4161615429886254e-05,-0.00010060656513322108,1694025212.3277135,epsilon_insensitive,l1,0.2788731134512191
23,-0.00010347744571870265,-1.2772861625265364e-05,1694025212.3701355,squared_error,elasticnet,48611.74977837184
24,-0.8799210234118533,-0.5402540106214209,1694025212.7315083,epsilon_insensitive,None,23.36074714479137
25,-1.5835903375196767,-2.597400252104411,1694025213.0292134,epsilon_insensitive,l2,0.00015291678666200118
26,-1.3466369227428188,-1.776498407610283,1694025213.308624,epsilon_insensitive,l2,13.12573059133154
27,0.03976168716145245,0.021467413901250954,1694025213.3651924,epsilon_insensitive,elasticnet,0.12017736817300144
28,-3.3489402312309853,-2.8826405483159387,1694025213.7392056,epsilon_insensitive,l1,3.344635436886071e-05
29,-0.6616753661678423,-0.5282363062885278,1694025214.0840461,epsilon_insensitive,None,0.002224183070810204
30,-8.232305038418394,-9.647492568917054,1694025214.320181,epsilon_insensitive,None,3.733010079414992e-05
31,-0.0001150688839552938,-1.6936149179525017e-05,1694025214.340657,squared_error,l1,57418.628676962544
32,-1.5044502029467274e+23,-2.1626898268474185e+23,1694025215.1118956,squared_error,l1,0.234549614860075
33,-1.2858431159509567,-0.905237502807047,1694025215.1686554,epsilon_insensitive,l1,0.002176728694174709
34,-0.556373010417514,-0.7060878242732158,1694025215.3313155,epsilon_insensitive,l1,0.0002130198451561144
35,-1.5642761004053573e+23,-2.5284675748225076e+23,1694025216.3129091,squared_error,l1,6.962360828274878
36,-1.3175927710698445e+23,-9.570763982395293e+22,1694025216.719106,squared_error,None,2.384799106784654e-05
37,-0.13775044863364538,-0.07821027663726854,1694025216.926688,epsilon_insensitive,l2,6.905557398887261
38,-1.598539998580537e+23,-2.3269245517293863e+23,1694025218.0588996,squared_error,elasticnet,0.035757429317342576
39,-0.5779746281241862,-0.6332575488718746,1694025218.4027991,epsilon_insensitive,None,3970.203616209342
40,-0.8947239234864872,-1.0389546780289796,1694025218.6375988,epsilon_insensitive,l2,32.39780474475172
41,-1.23618399358371,-1.5346357183129071,1694025218.9211593,epsilon_insensitive,l2,199.4940216696162
42,-2.0673920692301374e+23,-3.626777531911374e+23,1694025219.976432,squared_error,l1,3.777904641845292e-05
43,-0.3597900433234684,-0.6049426556788389,1694025220.2609324,epsilon_insensitive,l2,0.10062757987174274
44,-0.009438280824836776,-0.00952451829437595,1694025220.4118278,epsilon_insensitive,l1,1.4095561502385292
45,-5.258702874010267e+22,-5.029139946262011e+22,1694025221.624183,squared_error,l1,0.22530098057488054
46,-0.00011344049865735784,-1.6329640983414606e-05,1694025221.6448028,squared_error,l1,29918.213201037936
47,-0.00010795239206395912,-1.4336571868778236e-05,1694025221.6652896,squared_error,l1,2853.586253096066
48,-1.3416530482465068,-1.7142162056110464,1694025221.9138105,epsilon_insensitive,l2,0.007460755408492914
49,-9.50815992346523e+22,-1.3711930290878672e+23,1694025222.8446772,squared_error,l1,0.0003001028478576983
50,-1.6829419769436994e+23,-1.311034743844326e+23,1694025223.2204306,squared_error,None,11.519725495787265
51,-0.8320385556571939,-1.0504163611768664,1694025223.423351,epsilon_insensitive,None,0.9557165157595743
52,-0.6640577983176184,-0.7857309467308091,1694025223.6500144,epsilon_insensitive,l2,35.28251088034057
53,-4.9303614892961725e+22,-5.231671939893888e+22,1694025224.0863822,squared_error,None,25.217436141790806
54,-0.6368007805657012,-0.7752480612097019,1694025224.3946166,epsilon_insensitive,l2,53.94668035069537
55,-1.156708409352031,-1.4321323138526285,1694025224.6196315,epsilon_insensitive,l2,18.296808555911223
56,-1042161946.2155666,-1652339111.134599,1694025234.00227,squared_error,l2,326.4634183682206
57,-1.294709712842474,-0.689126211900611,1694025234.229708,epsilon_insensitive,None,0.5613978220764706
58,-0.009627343504391872,-0.028817055044028317,1694025234.2772074,epsilon_insensitive,elasticnet,0.021828582368285835
59,0.026143036286211063,0.017278327104025548,1694025234.3430111,epsilon_insensitive,elasticnet,0.2481657550434437
60,-938544537119.2361,-2633661974410.2397,1694025234.8341413,squared_error,l2,237.0372975229709
61,-0.00011463727651039868,-1.6774737658264982e-05,1694025234.854637,squared_error,l1,43400.46886412796
62,-0.07571482443323152,-0.07561211949265889,1694025234.9055312,epsilon_insensitive,l1,26.208923511770944
63,-0.281727359130143,-0.29561674956486095,1694025235.0966823,epsilon_insensitive,elasticnet,0.0008790003529027972
64,-1.144606376619722,-0.0965187273091439,1694025248.5988185,squared_error,l2,990.4109763831148
65,-0.07583331732088805,-0.07572771514327359,1694025248.6500282,epsilon_insensitive,l1,44.33121648110235
66,-4.862557337442562,-7.403719417596651,1694025248.9301324,epsilon_insensitive,None,0.202052913716991
67,-8.357242357196898e+22,-7.102082931317641e+22,1694025249.29868,squared_error,None,0.050378042659905226
68,-1.7729202716582316e+23,-2.5175313559652598e+23,1694025250.1026013,squared_error,elasticnet,0.42205254452881846
69,-0.00011177319343680381,-1.5715693736373382e-05,1694025250.1231806,squared_error,l1,16.078105617487797
70,-0.6832768904057234,-0.6592387303541836,1694025250.3746102,epsilon_insensitive,l2,5.980057962638698
71,-0.0001157376488674089,-1.718717622312127e-05,1694025250.3983474,squared_error,elasticnet,986.8771662132458
72,-6.55224669141048e+22,-7.493004104844201e+22,1694025251.4117937,squared_error,l1,0.35549137552289484
73,-8.9267302635974e+22,-6.848159149317108e+22,1694025252.6446276,squared_error,l1,4.456496844514759e-05
74,-7.683381082523216e+23,-1.323291358086284e+24,1694025253.5374036,squared_error,elasticnet,1.5335888620038885e-05
75,-0.5697194752926757,-0.947130314494057,1694025253.789959,epsilon_insensitive,None,0.00021472421490927764
76,-2.687669912505179,-1.0895671243532004,1694025262.9498065,squared_error,l2,1504.7946674523369
77,-1.0074375276842752e+23,-1.0979768343331145e+23,1694025263.3423076,squared_error,None,3.591722870467359
78,-0.6197254159266838,-0.7392991859753715,1694025263.5355449,epsilon_insensitive,l2,9.910885540254409
79,-5.654195507847154e+22,-6.3714071195091795e+22,1694025263.9607508,squared_error,None,3.8801788552837655e-05
80,-1.1185736307179332e+23,-1.2019737819138218e+23,1694025264.267453,squared_error,None,15721.795531409938
81,-0.2408204753508716,-0.198072285849475,1694025264.4115694,epsilon_insensitive,elasticnet,23.469872967288374
82,-1418082431082.7173,-82520584223854.33,1694025264.9939086,squared_error,elasticnet,4.263697468993033
83,-0.00013280145277994038,-2.3944768942074646e-05,1694025265.0153959,squared_error,l1,60250.653205325565
84,-0.07578533730515202,-0.07568090852532983,1694025265.0664902,epsilon_insensitive,l1,56.01189875436662
85,-5.169353985963426e+22,-8.793058560476443e+22,1694025265.4905083,squared_error,None,0.003829021470533816
86,-1.6141796165983977,-1.5399187417269653,1694025265.9299958,epsilon_insensitive,elasticnet,1.6573735477791068e-05
87,-6.350651163268657,-8.225790989429175,1694025266.192088,epsilon_insensitive,None,99.16166884279404
88,-1.7211731608964024e+23,-1.6584805687176445e+23,1694025267.2779243,squared_error,l1,0.5122402495690417
89,-4.212008489060043e+22,-4.931391215536588e+22,1694025267.7306128,squared_error,None,0.011032208810912141
90,-2.1579541676426834,-2.5417891968941086,1694025268.734307,epsilon_insensitive,l2,3380.21425644697
91,-4.629081323711793e+22,-5.140854415141184e+22,1694025270.0939062,squared_error,elasticnet,0.005423927060144348
92,-4.906703222460025e+22,-4.338025977529515e+22,1694025271.153949,squared_error,elasticnet,0.4285998343485227
93,-0.07579854855953849,-0.07569379671982657,1694025271.2668517,epsilon_insensitive,elasticnet,4379.539003586344
94,-2.665509262016909e+23,-2.7929130380034206e+23,1694025271.6447258,squared_error,None,0.01132572896709108
95,-1.2475791265475798e+23,-1.2827341740072104e+23,1694025272.1623042,squared_error,l2,0.0006628956178190499
96,-4.5827335103168874e+23,-4.5056596474022996e+23,1694025272.5457942,squared_error,None,1.8134537137028583
97,-2.028063730843438,-3.3657417332552386,1694025272.699627,epsilon_insensitive,None,0.0004800685956187878
98,-5112623806.312795,-87048607968.067,1694025272.8961003,squared_error,l2,13.518368423548763
99,-9.123126741834934e+22,-5.399760471065022e+22,1694025273.3912668,squared_error,l2,0.0006006947847719517
100,-1.9426951152253276,-3.753730475442425,1694025273.5929546,epsilon_insensitive,l2,0.009034886521583105
101,-1128419441083.7607,-42375991647797.96,1694025274.0992336,squared_error,elasticnet,18.258611812290994
102,-3.722418154880011e+22,-6.3859850797206236e+22,1694025274.5540192,squared_error,l2,0.001262997718711096
103,-0.9160892410486601,-1.0902149879273577,1694025274.831418,epsilon_insensitive,l2,449.2935559477025
104,-0.07574676660626811,-0.07564328086205552,1694025274.8827944,epsilon_insensitive,l1,36322.37334169973
105,-8.859107125179717e+22,-8.992918097507345e+22,1694025275.8174925,squared_error,elasticnet,0.00010305689225122204
106,-3.542290735669695e-05,-0.0001480301155136754,1694025275.9856894,epsilon_insensitive,l1,0.24102695722065812
107,-0.040188054705570186,-0.04082787216980921,1694025276.254685,epsilon_insensitive,l1,2.432507519562073
108,-0.07577987500519234,-0.07567557978950967,1694025276.305643,epsilon_insensitive,l1,1976.169606753134
109,-1.0055578434904322,-0.8247971031311012,1694025276.5325005,epsilon_insensitive,None,0.01921819939388669
110,-1.1033055275792985e+23,-8.513189223718663e+22,1694025277.8262174,squared_error,elasticnet,3.5243410518952336e-05
111,0.037911402398890126,0.022507781594029108,1694025277.9143002,epsilon_insensitive,elasticnet,0.0888226005172232
112,-4.227764997208739e+23,-3.73501809865514e+23,1694025278.2230983,squared_error,None,5.316188352478364e-05
113,-0.07579613828631437,-0.07569144538787698,1694025278.274216,epsilon_insensitive,l1,51.28192461775606
114,-0.4291414555832682,-0.4026266268631531,1694025278.6151485,epsilon_insensitive,l1,2.8518354614729383e-05
115,-3.5135366613055456,-3.1975684203389028,1694025293.6659746,squared_error,l2,7470.814350869895
116,-1.0556410441759721e+23,-1.641625727176486e+23,1694025294.9179037,squared_error,l1,0.11774217661330902
117,-1.0963420376369744e+24,-1.3407931950435694e+24,1694025299.836108,squared_error,l2,20844.727716240137
118,-1.03530988814274,-1.2578607043358976,1694025300.1175272,epsilon_insensitive,l2,30.566733626282407
119,-7.448047612754328e+22,-9.152541823181883e+22,1694025300.56173,squared_error,None,1.3068930914126187
120,-0.00010526971289581688,-1.339226756891243e-05,1694025300.582302,squared_error,l1,5687.506317794383
121,-2.9837742023854992e+22,-3.438470623137867e+22,1694025302.1798651,squared_error,l1,0.00035732554533661704
122,-0.11435028601593,-0.13326930533632542,1694025302.263514,epsilon_insensitive,elasticnet,0.014738128542093614
123,-0.07588843207622453,-0.07578148159175435,1694025302.3144476,epsilon_insensitive,l1,3443.0995185551196
124,-1.1565043040525321e+24,-1.4099160420483963e+24,1694025307.3485744,squared_error,l2,55424.836856562346
125,-4.447006829011822e+22,-5.200012143171372e+22,1694025307.7856636,squared_error,None,11.702235744201403
126,-0.05374222748093316,-0.05413421533726681,1694025307.8963068,epsilon_insensitive,l1,5.508045587200276
127,-0.40708267319201874,-0.396296912125518,1694025307.9745786,epsilon_insensitive,elasticnet,0.007879167138808903
128,-2.0587637508831146e+23,-1.575020340905323e+23,1694025309.1188512,squared_error,l1,0.0005926958309854876
129,-0.0001341473714029373,-2.4504514295697888e-05,1694025309.139581,squared_error,l1,45.71205972292565
130,-2.975686822936019,-3.493814500185988,1694025309.8170888,epsilon_insensitive,elasticnet,1.275106065666135e-05
131,-0.07582212239090813,-0.07571679402676179,1694025309.8681765,epsilon_insensitive,l1,1321.1117247063248
132,-1.427048529793375e+23,-1.5420695893034197e+23,1694025310.1114728,squared_error,l2,0.00012816857862245443
133,-0.07593873245109939,-0.07583055104349357,1694025310.2240355,epsilon_insensitive,elasticnet,4061.7567749446303
134,-6.170120191865301e+22,-6.4836746282491265e+22,1694025310.7085085,squared_error,None,8.06610173607932
135,-7.747864525224618e+22,-9.386872202731743e+22,1694025311.7417617,squared_error,elasticnet,0.00030502210426800374
136,-0.6621735200842298,-0.7448483369329069,1694025312.0589378,epsilon_insensitive,l1,2.309373245138657e-05
137,-8.382615557723703e+22,-9.03009557025429e+22,1694025312.4058092,squared_error,None,500.6865705064002
138,-25.734690603080548,-0.360401288868589,1694025331.2430546,squared_error,l2,629.4020503507957
139,-3.5464743564499885,-2.8073534420403137,1694025331.358205,epsilon_insensitive,elasticnet,0.0006519689686245128
140,-0.00011693087874142805,-1.7637828024996693e-05,1694025331.4007301,squared_error,elasticnet,4309.037995222983
141,-0.04609560367942089,-0.04663440100348826,1694025331.6047127,epsilon_insensitive,elasticnet,20.94862452138119
142,-1.6962520016406148e+23,-2.0907881322455204e+23,1694025332.539376,squared_error,elasticnet,0.1560692961048626
143,-0.855191304918475,-1.1070236809531409,1694025333.3419771,epsilon_insensitive,l2,2806.44039021156
144,-0.07591004020531456,-0.07580256098456783,1694025333.3924415,epsilon_insensitive,l1,45201.303445854806
145,-0.8053599265403919,-0.6357964700387573,1694025333.5887623,epsilon_insensitive,None,5.685485131820782e-05
146,-2.842061311723312,-3.381848929924759,1694025334.7319078,epsilon_insensitive,l2,17533.891254203114
147,0.0047917835828581445,0.0036904454719821622,1694025334.8514342,epsilon_insensitive,elasticnet,0.6912445044309639
148,-4.826625660633415e+22,-1.6608597312513702e+23,1694025335.2679958,squared_error,None,23943.864651920623
149,-0.07600723872948656,-0.07589738027057424,1694025335.3191977,epsilon_insensitive,l1,172.51821060856705
150,-1.1635738401129547e+23,-1.2396313740134627e+23,1694025336.2110972,squared_error,l1,0.5044745014326378
151,-1.0502729801037612e+24,-1.2323777321448631e+24,1694025336.505229,squared_error,None,0.00022750424962447401
152,-417842311700.44696,-6266361685101.099,1694025336.76445,squared_error,l2,145.25055103458698
153,-5.1156737314450204e+22,-6.7837427054131445e+22,1694025337.1955595,squared_error,None,27.879791780632605
154,-0.07579416908258274,-0.07568952433878251,1694025337.2459888,epsilon_insensitive,l1,8135.015470962268
155,-1.3033387458653998,-1.0786871537503395,1694025337.4968398,epsilon_insensitive,None,4.5408838495271615
156,-2.1336642066070772,-1.5454584525672437,1694025337.57194,epsilon_insensitive,elasticnet,0.4559931214926374
157,-0.0001143196124431256,-1.6656239096413117e-05,1694025337.614035,squared_error,elasticnet,18705.530886289478
158,-2.7668071134052448e+23,-3.692588379197656e+23,1694025337.9395082,squared_error,None,0.21616517410525382
159,0.0030671146290891516,0.0023798046558985986,1694025338.0598304,epsilon_insensitive,l1,0.10676126666055898
160,-0.0001227286583758147,-1.987627999788799e-05,1694025338.1019025,squared_error,elasticnet,50424.46217743058
161,-3.3958170910396737e+22,-4.395523316417193e+22,1694025338.590119,squared_error,None,0.0018364411777730947
162,-9.312116432178694e+22,-1.3233203622535373e+23,1694025339.6913052,squared_error,elasticnet,0.0036316801308582843
163,-0.7405256878692235,-0.7947528824351884,1694025339.8302956,epsilon_insensitive,None,0.00021364590122854765
164,-0.07567139282123891,-0.07556974929166715,1694025339.9422922,epsilon_insensitive,elasticnet,10682.28401207646
165,-2.5808419276027043e+23,-2.8107700861143844e+23,1694025340.9772167,squared_error,l1,0.002573900568931308
166,-2.1350135258856495,-1.3582869320449649,1694025347.3579144,squared_error,l2,3607.512220689413
167,-6.378372001347439e+22,-9.61032109740655e+22,1694025348.3950639,squared_error,l1,0.005452612810422763
168,-8.029207470309532e+22,-1.297584282046398e+23,1694025349.5511043,squared_error,l1,5.344724408398385e-05
169,-0.00012212403515299286,-1.963916333402871e-05,1694025349.5932298,squared_error,elasticnet,28097.54156033204
170,-0.734803831412717,-0.5980946310410049,1694025349.808587,epsilon_insensitive,None,59719.26137830553
171,-0.5375879014861302,-0.5765511837621924,1694025350.0476725,epsilon_insensitive,l2,0.0005890857745568928
172,-193018522282.14438,-8659198527244.151,1694025350.6423204,squared_error,elasticnet,4.466104360036775
173,-6.6946982986872684e+22,-7.837261002775069e+22,1694025351.0301147,squared_error,l2,0.00276205755165282
174,-0.07581748989445725,-0.07571227482971832,1694025351.1418176,epsilon_insensitive,elasticnet,2470.3848839195784
175,-0.07582571789300152,-0.07572030158956711,1694025351.192246,epsilon_insensitive,l1,26.290379236202437
176,-57580304887.91123,-3994356643294.3213,1694025351.4087083,squared_error,l2,2.882485671200227
177,-2.1032543581232708,-2.6791739978148748,1694025351.584268,epsilon_insensitive,None,1612.7153353503911
178,-0.00015447090224474103,-0.0003418676036124335,1694025351.7953775,epsilon_insensitive,elasticnet,1.8998481832271896
179,-2.798625319042759e+23,-3.8582068652500984e+23,1694025352.225999,squared_error,l2,0.00014757534054919485
180,-0.33827322230538215,-0.4199113044087075,1694025352.4375596,epsilon_insensitive,l2,32.422819929199875
181,-7.821938193503487e+22,-8.962948008786048e+22,1694025353.6946852,squared_error,elasticnet,0.0005376279645607981
182,-7.773424323204387e+23,-1.0631262511734099e+24,1694025355.005649,squared_error,l1,0.0002541722722865502
183,-3.016864556441199,-5.9931311716077955,1694025355.235601,epsilon_insensitive,l2,0.021160179208917267
184,-0.9735243422482789,-1.4655715805232457,1694025355.4738176,epsilon_insensitive,None,1.1222760413327124
185,-3569346367290.681,-59580037751845.09,1694025355.7706416,squared_error,l2,24.41895156153786
186,-0.07579150694519887,-0.07568692730002335,1694025355.821481,epsilon_insensitive,l1,5410.992668347806
187,-1.8089280145840115e+23,-1.5857977750255365e+23,1694025356.4449472,squared_error,l1,0.0013684929790208611
188,-3.4783144499807213,-8.058172298325529,1694025356.6805074,epsilon_insensitive,None,10.70743318799159
189,-0.0758250033086818,-0.0757196044828028,1694025356.731038,epsilon_insensitive,l1,139.12517670379367
190,-3.930246086321886e+22,-9.131883422660041e+22,1694025357.1856391,squared_error,None,16895.46473665163
191,-0.031415119184492024,-0.024639765112388856,1694025357.3338501,epsilon_insensitive,elasticnet,1.5522953170607754
192,-8.200140569780478e+22,-1.4997149883312389e+23,1694025357.659764,squared_error,None,119.13161090401117
193,-2992114025568.2124,-129747941933686.83,1694025357.926087,squared_error,l2,40.514597954915416
194,-2.32127608264012,-3.8831185236143133,1694025358.1060736,epsilon_insensitive,elasticnet,0.0004468498542573034
195,-0.07586761201234182,-0.07576117091517531,1694025358.1574807,epsilon_insensitive,elasticnet,222.03695713373705
196,-8.84381354587241e+23,-7.83499722258076e+23,1694025358.3596394,squared_error,None,2424.5503811033714
197,0.038743055543822846,0.019284487682385887,1694025358.4328883,epsilon_insensitive,elasticnet,0.12279392641550228
198,-2.728531435259556,-3.3950228186919658,1694025359.1570292,epsilon_insensitive,l2,6820.334258353403
199,0.01850746419400362,-0.002065668606905602,1694025359.2363982,epsilon_insensitive,l1,0.008308193306783384
200,-0.07572665489130048,-0.0756236607813292,1694025359.2867506,epsilon_insensitive,l1,15935.334459176056
201,-0.00011187038119908621,-1.575128215614008e-05,1694025359.3070047,squared_error,l1,2799.30910167343
202,-2.2780867904782855e+23,-4.1560695508500665e+23,1694025360.3859384,squared_error,l1,1.1709904159416957
203,-0.591944623455809,-0.7555615040704491,1694025360.5951614,epsilon_insensitive,l2,1.0230574248360113e-05
204,-4.9899210420162245e+22,-7.3512476866697e+22,1694025361.6129837,squared_error,elasticnet,0.506549490394372
205,-4.368651201512042e+22,-9.006206338943273e+22,1694025362.8824756,squared_error,elasticnet,0.0008635566685309951
206,-0.11418333268583791,-0.12502883422318045,1694025362.9497552,epsilon_insensitive,elasticnet,0.016590310004660786
207,-1.1758620040977913e+24,-1.4370994139551737e+24,1694025367.6158807,squared_error,l2,14534.779046706308
208,0.0178757477284176,0.0016553825854700444,1694025367.6630237,epsilon_insensitive,l1,0.0061106911196685655
209,-0.21219970741174743,-0.2392570797461664,1694025367.8120034,epsilon_insensitive,l2,1.2602324280145252
210,-0.07532286177703185,-0.09086988118412442,1694025367.90708,epsilon_insensitive,elasticnet,0.008815558455666174
211,-7.126042925570927e+23,-5.684762055328219e+23,1694025368.3047736,squared_error,l2,0.000805545891446078
212,-0.0001242400400438548,-2.047263820958989e-05,1694025368.3466516,squared_error,elasticnet,37050.85822289266
213,-0.00011105291013890906,-1.545271404501669e-05,1694025368.366864,squared_error,l1,46339.00376412068
214,-0.8427828250962373,-0.8361485178819679,1694025368.594154,epsilon_insensitive,l2,0.00013398957397459612
215,-2.9463227412376614,-3.667444694302528,1694025368.7678375,epsilon_insensitive,l2,2.664489480593627
216,-5.863345586923747e+22,-8.77561910097704e+22,1694025369.2529902,squared_error,None,12.99370507250981
217,-1.369825434106411e+24,-2.113458628437018e+24,1694025369.5955148,squared_error,None,31460.556856007355
218,-0.0001167620876283415,-1.7573866625486545e-05,1694025369.6157491,squared_error,l1,366.14765790619674
219,-5.13606373018648e+22,-9.301244586945553e+22,1694025370.587164,squared_error,elasticnet,0.15916620248903118
220,-3.937277906851194e+23,-4.717671877025402e+23,1694025371.0179472,squared_error,None,0.00021639481523790164
221,-8.81861969353273e+22,-1.1909375804781479e+23,1694025371.4788623,squared_error,None,120.95880287809825
222,-2.4922565410720017,-1.2666316682070446,1694025371.697886,epsilon_insensitive,None,0.00048257232129077877
223,-1.3463420793030683e+23,-8.938555718452705e+22,1694025372.0809166,squared_error,None,17.500876632639866
224,-4.296856543459831,-5.682097165852759,1694025372.2730978,epsilon_insensitive,l2,0.61947735826728
225,-0.00536253541255971,-0.006059773827252757,1694025372.403864,epsilon_insensitive,elasticnet,10.676763722460437
226,-0.7883374957855407,-1.0210898431318145,1694025372.8539505,epsilon_insensitive,elasticnet,3.62850833927958e-05
227,-2056338318118.9578,-71237993812959.92,1694025373.3894453,squared_error,elasticnet,13.59010945888227
228,-6.658068237854897e+22,-7.010611353594875e+22,1694025373.765467,squared_error,None,7465.209029739615
229,-0.9985828292513499,-0.5927038317312059,1694025374.0474648,epsilon_insensitive,l1,5.0035979600131675e-05
230,-2.5129817172789513,-1.804996713510969,1694025374.1238308,epsilon_insensitive,l1,0.0010341496316670184
231,-3.165315416754431e+23,-4.9222268096680023e+23,1694025375.000948,squared_error,elasticnet,0.44672290988056224
232,-0.07639705135300057,-0.07627763698198686,1694025375.054991,epsilon_insensitive,elasticnet,116.32699753085525
233,-0.5291103466969009,-0.5854429925928268,1694025375.2974956,epsilon_insensitive,None,148.07856667654184
234,-0.13751131753659807,-0.15390306433305723,1694025375.36541,epsilon_insensitive,elasticnet,0.008204845183346916
235,-0.07417970810040408,-0.07411434705362208,1694025375.4305427,epsilon_insensitive,elasticnet,74.83623491422266
236,-0.00012909677154637755,-2.242319227718781e-05,1694025375.4507208,squared_error,l1,34.17108339742476
237,-1.3569687900495033,-2.0614940377402062,1694025375.680331,epsilon_insensitive,elasticnet,0.00036653359942438296
238,-0.07710556306746774,-0.0769687231050149,1694025375.733913,epsilon_insensitive,l1,18.271670044475496
239,-0.00011459603165153709,-1.675933761258186e-05,1694025375.754248,squared_error,l1,2213.797825732875
240,-1.9391801969404293e+23,-1.6884286599930674e+23,1694025376.4482348,squared_error,elasticnet,0.0013662715050298507
241,-1.1325296490154972,-1.4027717674428715,1694025376.8024368,epsilon_insensitive,l2,23.975101330556186
242,-3.3442340835706064e+23,-3.805099408652288e+23,1694025378.0955162,squared_error,l1,12.408731161345637
243,-8.764914185476986e+22,-6.804691721094564e+22,1694025378.4572232,squared_error,None,8067.862839287616
244,-6.473233630641971e+22,-6.724698751053936e+22,1694025378.8544433,squared_error,l2,2.830549433715831e-05
245,-0.00012817060056846685,-2.2047286130533195e-05,1694025378.8962858,squared_error,elasticnet,4298.98091252255
246,-0.036166721274209834,-0.03487155931638042,1694025378.989186,epsilon_insensitive,l1,0.007838526376792868
247,-0.00011868459848374258,-1.8306488272612498e-05,1694025379.0094628,squared_error,l1,8454.006329801612
248,-0.7061371197119557,-0.5327954336896026,1694025379.3202114,epsilon_insensitive,None,0.00030406077550822707
249,-2.3507344051749417e+23,-3.564566015976228e+23,1694025380.338549,squared_error,elasticnet,0.1223587953008774
250,-9.501082239988316e+21,-1.014265228983378e+22,1694025380.638909,squared_error,l2,0.6105167250857313
251,-3.285029920152631,-5.58964856863112,1694025380.8222115,epsilon_insensitive,None,355.4905650294898
252,-6.272406521879347e+22,-8.63779007646017e+22,1694025381.3508668,squared_error,None,4.10722010578492
253,-1.2794946600489872e+23,-1.3766771694533991e+23,1694025381.8258379,squared_error,l2,0.00017494393924203335
254,-1.786805875605089,-2.6626513949035324,1694025381.9073102,epsilon_insensitive,l1,0.0006926995817170099
255,-9.766904392715668e+22,-1.3355195202154519e+23,1694025382.8414993,squared_error,l1,0.05437990156062328
256,-6.33067010246723e+22,-8.564735018920391e+22,1694025383.9729116,squared_error,elasticnet,4.004722192360022e-05
257,-0.07580108293031529,-0.07569626911369243,1694025384.024173,epsilon_insensitive,elasticnet,229.43207212142335
258,-2.5191949285253104e+23,-3.26881690661556e+23,1694025384.386029,squared_error,l2,0.11040567330428479
259,-6.099062636792016e+22,-1.0358313545910746e+23,1694025384.7630384,squared_error,None,0.0005843443281382175
260,-31079.173748772646,-7825.448567659399,1694025403.5219676,squared_error,l2,482.54154159224987
261,-0.6309914239830254,-0.5801489372712283,1694025403.7891695,epsilon_insensitive,None,263.8949204842999
262,-0.00012119649759245732,-1.9277044295051837e-05,1694025403.8094444,squared_error,l1,421.37775643264405
263,-75378773699.51549,-2073393734369.7437,1694025404.3727963,squared_error,elasticnet,47.24104606081656
264,-2.8503723610962983,-3.39460856339187,1694025405.4840052,epsilon_insensitive,l2,98387.78144102798
265,-0.724167697593096,-0.530346444564187,1694025405.6521907,epsilon_insensitive,elasticnet,2.7920174871459587
266,-0.07579011810991809,-0.07568557242623286,1694025405.702526,epsilon_insensitive,l1,89.1320693335431
267,-1.533513888758855,-0.9424283650820378,1694025405.8674421,epsilon_insensitive,None,0.0012147435635214115
268,-0.07548125553483342,-0.07538425539542537,1694025405.9185648,epsilon_insensitive,elasticnet,140.3182080075885
269,-0.07588777346640763,-0.0757808390965855,1694025405.9689343,epsilon_insensitive,l1,799.0640146657953
270,-0.00010883892160973296,-1.4653044264623105e-05,1694025406.0108306,squared_error,elasticnet,2912.839079184751
271,-5.325629496280091e+22,-7.80993274924887e+22,1694025406.5167563,squared_error,None,3.1787808185735775e-05
272,-2.4663973250538653,-2.0446022789593794,1694025414.6806066,squared_error,l2,4734.2182676060165
273,-1.2360547187474196,-0.9526736696033438,1694025414.8784978,epsilon_insensitive,None,3017.694142641377
274,-0.00012094546870677902,-1.917938339279779e-05,1694025414.9205246,squared_error,elasticnet,4634.664574066022
275,-9.649590044443709e+22,-1.331596374951899e+23,1694025415.3908734,squared_error,None,0.0003705267838075839
276,-3.082447082546323,-3.660563129719777,1694025415.5400016,epsilon_insensitive,l2,3.1346260550517475
277,-2.213337405794374e+23,-1.902160677883818e+23,1694025415.8422635,squared_error,l2,0.0004426023783011366
278,-5.064553778600865e+22,-5.538974579769438e+22,1694025416.268578,squared_error,l2,0.00046175246219671786
279,-5.5597788992981455e+22,-6.6359302080074915e+22,1694025416.6567597,squared_error,None,2.3059996856095886
280,-1.0933587970848429e+23,-1.2369486345428973e+23,1694025417.1376681,squared_error,None,3.38760040107844
281,-0.00011001018209810809,-1.5074448388885386e-05,1694025417.1797411,squared_error,elasticnet,5433.236543865448
282,-2.6001322475396156e+24,-2.5811689130451926e+24,1694025417.5809011,squared_error,None,8414.905255896583
283,-5.242750963909628e+22,-5.962082674468086e+22,1694025417.9938462,squared_error,l2,0.00023401978894610538
284,-4.304196642879177e-06,-1.875977841137022e-05,1694025418.112105,epsilon_insensitive,l1,0.13727848679259216
285,-1.9848964743534268,-2.3369851586880213,1694025418.3252919,epsilon_insensitive,l2,9.79933892987102
286,-0.07419233303694672,-0.07412666633131604,1694025418.4150696,epsilon_insensitive,l1,7.892287142830033
287,-7.145195479049994e+22,-6.1333810112275834e+22,1694025418.8663156,squared_error,None,24.562268176791136
288,-1.125044674195683e+23,-8.637168046231744e+22,1694025419.2048519,squared_error,None,0.0010806163076989609
289,-376658752697.12115,-16496670472563.777,1694025419.398797,squared_error,l2,5.708729383923645
290,-0.21597422875431826,-0.23733722310761896,1694025419.5682023,epsilon_insensitive,elasticnet,0.0008240495723525821
291,-0.840729252711617,-0.6074465805116311,1694025435.3189394,squared_error,l2,47478.79074700975
292,-1.6832284809161373,-2.166055769157756,1694025435.602509,epsilon_insensitive,None,4.980685083692908e-05
293,-0.9964134001451685,-1.2189561548058743,1694025435.7849188,epsilon_insensitive,None,0.046396289877371835
294,-0.07578732983716718,-0.0756828523348545,1694025435.8351648,epsilon_insensitive,l1,565.2860975543358
295,-2.840064647376379,-3.3863551311556046,1694025436.929938,epsilon_insensitive,l2,56795.07429535737
296,-1.529087011149494e+23,-2.6584668207221063e+23,1694025437.9593043,squared_error,l1,0.004534526695594029
297,-0.6058854569906871,-0.625157363999965,1694025438.2138734,epsilon_insensitive,l2,3.144514761329107e-05
298,-2.6247455353390994e+23,-2.399837301988422e+23,1694025438.5104172,squared_error,None,38754.65171250126
299,-0.2736119501755201,-0.2066145565649018,1694025438.6866307,epsilon_insensitive,elasticnet,5.503621017680166
300,-0.07578097765110225,-0.07567665547388325,1694025438.736866,epsilon_insensitive,l1,4022.6031721181143
301,-4.009782412365792e+22,-4.700866512289697e+22,1694025439.889231,squared_error,elasticnet,0.09429015046456136
302,-6.726889349090273e+22,-8.946117967798653e+22,1694025440.3336258,squared_error,None,331.5921616630185
303,-0.9895734910212062,-0.9391970190686578,1694025440.5379908,epsilon_insensitive,None,6681.313468042736
304,-7.108251857955775,-12.126039892785327,1694025440.8386378,epsilon_insensitive,elasticnet,6.161790492121373e-05
305,-1787739021818.6206,-85170867743312.34,1694025441.418781,squared_error,elasticnet,21.281301327134738
306,-8.743124507055645e+22,-1.1073081635423631e+23,1694025442.469265,squared_error,l1,0.00020932361195354017
307,-0.6526082894612999,-0.4779916050438642,1694025442.5927684,epsilon_insensitive,elasticnet,3.1148000757687737
308,-0.07585045040673477,-0.07574442914000623,1694025442.6432896,epsilon_insensitive,l1,889.3630398476057
309,-0.07573595794582633,-0.07563273642861312,1694025442.693828,epsilon_insensitive,l1,64185.76618091721
310,-6.016958687044588e+22,-8.006025047966917e+22,1694025443.0804532,squared_error,None,0.0004000872710653703
311,-0.00011924913479099963,-1.852331353080494e-05,1694025443.1223085,squared_error,elasticnet,2140.4380474790214
312,-7.715773145826752e+22,-7.939389443961404e+22,1694025443.4900138,squared_error,None,0.008904099504685936
313,-3.850778264916036,-5.628351897983889,1694025443.6814978,epsilon_insensitive,None,34530.78560186688
314,-6.206528668792348,-7.11113619051496,1694025443.9002612,epsilon_insensitive,None,0.0017578163042554175
315,-6.230625685036439e+22,-7.948389947399917e+22,1694025444.2732382,squared_error,None,64.61250073177992
316,-0.00011882738177715346,-1.8361255974541635e-05,1694025444.2934833,squared_error,l1,1699.0621722403384
317,-2.612365072929279e-06,-2.283626589671961e-05,1694025444.4225826,epsilon_insensitive,l1,0.1375945097807776
318,-0.5819445474112257,-0.4209149249230786,1694025444.5200198,epsilon_insensitive,l1,0.01645550920896095
319,-8.985059884007473e+23,-1.4375807412134667e+24,1694025444.9033608,squared_error,None,6.777574404124758
320,-0.11197871737563903,-0.1115817290571477,1694025444.9598742,epsilon_insensitive,l1,0.002337783297289488
321,-8.094244903079855e+22,-1.0082686577985956e+23,1694025445.4473732,squared_error,None,13767.989034111053
322,-2.7344532954146654,-3.4915669931661686,1694025445.759336,epsilon_insensitive,None,2.74603837495759e-05
323,-0.9165518323265589,-2.8435023690484194,1694025445.9924989,epsilon_insensitive,None,0.1845978694700164
324,-7.752551828381694e+22,-5.542782682656157e+22,1694025446.4558475,squared_error,None,15.914373411851752
325,-3.032991246464336,-3.6192247194533547,1694025447.3993013,epsilon_insensitive,l2,9275.905643049788
326,-0.00011281924243156105,-1.6100034583077516e-05,1694025447.4411752,squared_error,elasticnet,44034.83476628435
327,-13.923856757979863,-19.13389115288483,1694025447.6106138,epsilon_insensitive,None,170.6562331303684
328,-0.08538076673344674,-0.11935999927907659,1694025447.7368748,epsilon_insensitive,elasticnet,0.005658466105696669
329,-361503095849.0241,-14077698127730.021,1694025447.956671,squared_error,l2,16.3720813925539
330,-9.256795140155382e+22,-2.094760068408924e+23,1694025448.4695697,squared_error,None,16.33586755270419
331,-7.475434590607777e+22,-8.993453265324045e+22,1694025448.9036012,squared_error,l2,0.0008226140599372989
332,-5.743745764558951e+23,-4.5695778347385514e+23,1694025450.080311,squared_error,elasticnet,2.2460295285448865e-05
333,-2.377295072991558e+23,-3.246830594323181e+23,1694025451.2027688,squared_error,l1,8.896085339751634
334,-6.361977677250237e+22,-7.240598537328274e+22,1694025452.268792,squared_error,elasticnet,0.0030600042058562486
335,-1.0818148467339475,-1.2761165443834925,1694025452.6258004,epsilon_insensitive,l2,1048.1192612168081
336,-1.2554785746133286,-1.2329172487453666,1694025452.8758636,epsilon_insensitive,None,39.752933965070135
337,-6.4914648761964795,-8.980607547556723,1694025453.1480622,epsilon_insensitive,None,0.11732080332563039
338,-5.9681254127904724e+22,-6.320948846371399e+22,1694025453.5719194,squared_error,l2,0.017033525143330328
339,0.03787042205328095,0.022299130140627343,1694025453.6437562,epsilon_insensitive,l1,0.021289490502862437
340,-3.6306828821202663e+21,-3.798125316623924e+21,1694025454.5326328,squared_error,elasticnet,0.9743370253616539
341,-2.963651824053588,-3.538550621348807,1694025455.5186005,epsilon_insensitive,l2,42377.89029307391
342,-1.6372251371584454,-0.8817841759149938,1694025455.7432497,epsilon_insensitive,None,9.436147314911029e-05
343,-0.00012021778645077141,-1.889711638103364e-05,1694025455.7635016,squared_error,l1,137.77642314953692
344,-1.815780793566292e+23,-1.868436548455814e+23,1694025456.1459303,squared_error,None,5488.155700920555
345,-0.5516699882760623,-0.5532244844335077,1694025456.3866873,epsilon_insensitive,None,2.2209209202373494
346,-1.622688693061227e+23,-1.8821784752883103e+23,1694025457.654513,squared_error,l1,0.04802889455378762
347,-0.07500338490016922,-0.07491803103258698,1694025457.750628,epsilon_insensitive,elasticnet,49.58558982913786
348,-1.5953121174850047,-2.840704492958337,1694025457.9311326,epsilon_insensitive,None,548.6273740816245
349,-1.787447577067734e+23,-1.0082466356155104e+23,1694025458.3492165,squared_error,None,20077.27653620168
350,-0.9575303724650295,-1.7509964267010667,1694025458.5976677,epsilon_insensitive,None,0.016704160146390555
351,-1.5677778611929705e+23,-1.5041783296221617e+23,1694025459.743901,squared_error,elasticnet,0.01434836238708578
352,-1.846535341545204e+24,-3.346324316784504e+24,1694025459.9652596,squared_error,l2,0.0012453460818048906
353,-0.07577146663802758,-0.07566737701503579,1694025460.0171156,epsilon_insensitive,elasticnet,444.9989994710096
354,-8.129267991399244e+22,-9.834344025582997e+22,1694025461.046528,squared_error,elasticnet,0.12190540349308301
355,-0.8241574560337124,-0.9985750864370107,1694025461.2432985,epsilon_insensitive,l2,277.89834293653075
356,-1.5876744021082916e+23,-8.161251226196518e+22,1694025462.262651,squared_error,elasticnet,0.006131566426847262
357,-1.0028167687169423,-1.092590082631809,1694025462.4861653,epsilon_insensitive,l2,0.006967412200117418
358,-0.0005048481436458196,-0.030468115615474467,1694025476.255973,squared_error,l2,6768.977021075446
359,-1.390089032305251,-2.154064727998136,1694025476.4845352,epsilon_insensitive,None,0.01893397306546005
360,-1.7217094017012062,-0.09011841444185031,1694025488.1595519,squared_error,l2,1225.9583017878774
361,-1.4983190252522168e+23,-3.4441539042505425e+23,1694025488.5550969,squared_error,None,7496.659188360222
362,-1.4127559245477332,-0.7849266763320093,1694025488.7669592,epsilon_insensitive,l1,1.5520250201340766e-05
363,-8.27369015777424e+22,-1.0374499838891266e+23,1694025489.2589126,squared_error,None,78.75423028211398
364,-1.2352515012299499,-1.332081761678253,1694025489.563163,epsilon_insensitive,None,0.00010250490092374459
365,-7.375182556778478e+23,-7.752776741097697e+23,1694025489.9622395,squared_error,None,0.06581686232039252
366,-0.8233620491303713,-1.0190346616895263,1694025490.1422234,epsilon_insensitive,None,1.6338167919462537e-05
367,-6.553793733199009e+22,-1.465589315018867e+23,1694025490.5879235,squared_error,None,3.2458948776826675e-05
368,-1.04644400299874,-5.4754949678101825,1694025490.7787423,epsilon_insensitive,l1,2.8033815591745823e-05
369,-1.769540598717052,-1.1798224557662476,1694025490.9468055,epsilon_insensitive,None,0.00018853027767947648
370,-0.00012251206096647316,-1.9791240208677507e-05,1694025490.988994,squared_error,elasticnet,15455.45546350643
371,-0.9452853233979344,-1.1674951998618335,1694025491.2678719,epsilon_insensitive,l2,35.66657316736677
372,-0.00011223301468232805,-1.588429041365913e-05,1694025491.2883518,squared_error,l1,86.28158476223771
373,-1.385139921918813,-2.5191074493696464,1694025491.6754732,epsilon_insensitive,l1,2.414233504737931e-05
374,-0.00011115965977337439,-1.5491602469497323e-05,1694025491.6958659,squared_error,l1,26026.399408326637
375,-0.00011585978062522706,-1.723314013424293e-05,1694025491.716073,squared_error,l1,62269.17333182305
376,-0.00012041009239638356,-1.8971590897587376e-05,1694025491.758089,squared_error,elasticnet,18388.212175272394
377,-0.5760110791412647,-0.5558653613302345,1694025492.1161227,epsilon_insensitive,l1,2.311026882713988e-05
378,-8.507686963991348e+22,-1.2440039890779477e+23,1694025493.3435783,squared_error,elasticnet,4.1959355123022225e-05
379,-3.240862555553332e+23,-3.414333356816612e+23,1694025494.307488,squared_error,elasticnet,0.01735890107901073
380,-0.0757996024137777,-0.075694824802645,1694025494.357924,epsilon_insensitive,l1,23566.508198168816
381,-2.350464268295117,-0.6846336096454624,1694025494.5913634,epsilon_insensitive,None,1552.1411457118907
382,-8.523537137089864e+22,-8.653811757628568e+22,1694025494.9775085,squared_error,None,1800.6282192939707
383,-6.303489209642937,-9.827894836683432,1694025495.1514008,epsilon_insensitive,None,0.00018723064993854028
384,-0.04877234303889333,-0.04926162438593895,1694025495.3048704,epsilon_insensitive,elasticnet,26.813300010657958
385,-4.945317363783555,-4.300121590211879,1694025495.5209737,epsilon_insensitive,None,0.0004013996737196643
386,-1.0260946374593338,-1.2847418051354347,1694025495.8005087,epsilon_insensitive,l2,130.64869914887808
387,-4.5615237053485034e+23,-7.543801851950997e+23,1694025496.5441232,squared_error,l1,0.00030837007754251443
388,-6.143653439487555e+23,-5.473029072848816e+23,1694025496.9368954,squared_error,None,24.05219369326754
389,-0.07574869024585462,-0.07564515747479517,1694025497.049001,epsilon_insensitive,elasticnet,6320.424447931723
390,-1.0882668164683558e+23,-1.1467739092648709e+23,1694025497.334475,squared_error,None,0.003929086876684255
391,-2.1084309475114544,-2.6453842993981245,1694025498.4229236,epsilon_insensitive,l2,43716.22941521231
392,-1.6503430770461787e+23,-1.7653674369445203e+23,1694025498.7206087,squared_error,None,0.00019806448593866433
393,-0.7467675696019009,-1.120726219039509,1694025499.0616093,epsilon_insensitive,l2,5.550912935185183e-05
394,-0.07592427883355324,-0.07581645116536051,1694025499.1121714,epsilon_insensitive,l1,7783.881614074656
395,-1.7113352818710184e+23,-1.3186031741791917e+23,1694025499.468222,squared_error,None,35953.75993978504
396,-6.2406925046916225e+22,-9.716532688034598e+22,1694025500.4219542,squared_error,elasticnet,0.13337949076343
397,-0.07394523333032876,-0.07388554463183272,1694025500.5284927,epsilon_insensitive,l1,6.737269950703887
398,-3.4102417647274453e+22,-4.421470279490271e+22,1694025501.0016928,squared_error,None,1.1654773700423904e-05
399,-0.011683683653520571,-0.011139188375527187,1694025501.2208612,epsilon_insensitive,l1,0.9144757468166582
