trial,score,test_score,time,alpha
0,0,0,1694050605.251971,0
0,0.611258636739167,0.5958253202945043,1694050606.6447158,1
1,0.6095889951626257,0.5898839034754235,1694050611.6841104,516.6618951844393
2,0.6578136867775767,0.6361853983085796,1694050611.7962248,1.6125734071333683e-05
3,0.6099167364153414,0.5918515491372673,1694050615.5971973,21.701130033392342
4,0.6099859622905026,0.5919802036988606,1694050618.375724,307.6371826259804
5,0.6113570672804116,0.5958945886562896,1694050619.7414753,0.9662068742486025
6,0.6436885796126769,0.624975367429387,1694050620.1173625,0.0017699722412548092
7,0.652800002769035,0.632395169664485,1694050620.4034963,0.0009563759526973412
8,0.609641563561576,0.5900924543843249,1694050625.2399542,403.00192627116155
9,0.6620686984605247,0.6398901136217887,1694050625.590784,0.0004910303832962884
10,0.6233705689220385,0.6078213792696621,1694050626.019937,0.011890474613605536
11,0.6571934662023052,0.6355989712389698,1694050626.1480422,1.3937625193671497e-05
12,0.6563350653503078,0.6347608753367364,1694050626.2563608,1.1214248516274408e-05
13,0.6692469890530095,0.6463977270468084,1694050626.482957,0.00017140352327190078
14,0.6198415636048422,0.6047955498387145,1694050627.2096765,0.021490479590939308
15,0.6100978053450596,0.5924536385013319,1694050629.5215228,23166.162388325454
16,0.6657355065354635,0.6430770642455432,1694050629.7927563,0.0003450719655729164
17,0.6682326136510397,0.6453138123653861,1694050629.8893685,0.00024293685473807632
18,0.6151099750375821,0.6008061630009944,1694050630.7404988,0.06931515826530135
19,0.6688459116387949,0.6463904785742258,1694050630.9406745,0.0001262444264756265
20,0.6674923294485359,0.6453970882256348,1694050631.1090872,9.096111881825435e-05
21,0.6680891862909405,0.6458623422760917,1694050631.3054764,0.00010255873120352556
22,0.651001428000006,0.6309536558999967,1694050631.642629,0.0010771197897124273
23,0.6347484904973425,0.6175951171491846,1694050632.061514,0.0034762596206299548
24,0.6679771269055232,0.6457804881419767,1694050632.2538884,0.00010030929453206019
25,0.6292320535704434,0.6128811161230712,1694050632.803609,0.005840977056271808
26,0.6163203461986018,0.6018339544606203,1694050633.7117484,0.04826845606900689
27,0.6657179837358133,0.6438111876841413,1694050633.8823094,6.615092604894816e-05
28,0.6661770378204752,0.6434559892206123,1694050634.110306,0.00032773460489915517
29,0.6338044226248332,0.6167814935820368,1694050634.5411599,0.0037778800441632733
30,0.6127169230656073,0.5983442227843919,1694050635.786193,0.2164124181749354
31,0.667561555323697,0.6454690835047583,1694050635.9749362,9.245256513660655e-05
32,0.6662211693158905,0.6434849598039567,1694050636.215185,0.0003264135078044932
33,0.6654832647528452,0.6435570250040372,1694050636.393192,6.331166724025846e-05
34,0.6602502212523869,0.6386551463654235,1694050636.5306401,2.7055682764910396e-05
35,0.642418284803471,0.6239321700521501,1694050636.9438121,0.0019371386119982758
36,0.6685387218177676,0.6456205789124313,1694050637.1626399,0.00022649862829443343
37,0.6560196549566052,0.6344969703365699,1694050637.2718718,1.0419536077828027e-05
38,0.6247799644741461,0.6090210364425466,1694050637.7964296,0.009830896267880107
39,0.6470650716736588,0.6277453560772533,1694050638.1245527,0.0014029251301041607
40,0.661299858584517,0.6392714996047951,1694050638.4277158,0.0005220008443591818
41,0.6690644058072722,0.646143401217804,1694050638.6355858,0.0001939501993106379
42,0.6611120833981424,0.639480446732455,1694050638.7754762,3.1579221259648173e-05
43,0.6686708999731533,0.6457566217885217,1694050638.9773724,0.0002188174217090747
44,0.6500945690353959,0.6302273636086261,1694050639.3142898,0.001142413069734691
45,0.6608552986674667,0.6392132554472912,1694050639.4538934,3.010711097107581e-05
46,0.6690027515122068,0.6461051311471272,1694050639.6419587,0.00019723636794181216
47,0.638449695179002,0.6206859264565311,1694050640.0588896,0.00258445855911711
48,0.6587426114898943,0.6371256720365419,1694050640.358397,0.0006382460295311836
49,0.6602532498844254,0.6386580830456339,1694050640.5160408,2.7071809479438746e-05
50,0.6687541873542066,0.6458334416137048,1694050640.7082589,0.00021469779720364367
51,0.6691855510888041,0.6465088547550831,1694050640.931978,0.00015030918547879888
52,0.6579538691747778,0.6365044709441247,1694050641.262285,0.0006742562818180618
53,0.656058810842243,0.6345233538444908,1694050641.3732362,1.049758232139642e-05
54,0.6690334704943095,0.6461259442854429,1694050641.5706122,0.0001953849334259742
55,0.6691855510888041,0.6465091344389127,1694050641.7801898,0.00015031126829216884
56,0.6651168002762112,0.6432363208794863,1694050641.9552953,5.999957391388572e-05
57,0.6504093304365188,0.6304692435072157,1694050642.3095105,0.0011196030133303358
58,0.6691617546942175,0.646504403120796,1694050642.5192251,0.00014399944773338738
59,0.6275040026617349,0.611440068498299,1694050642.9833307,0.007012417051350238
60,0.6607966730044397,0.6388564488017424,1694050643.2545116,0.0005434188479009514
61,0.6692082658290913,0.6465040302090234,1694050643.4611192,0.00015256100570235545
62,0.662696057954172,0.6409787130073561,1694050643.626477,4.103800135351736e-05
63,0.6692478543764491,0.6464522187795991,1694050643.8227477,0.00016391796990783332
64,0.6686780388915293,0.6463158496057075,1694050644.0511177,0.00012035889728259331
65,0.6636963718502497,0.6419472114951172,1694050644.211495,4.8315999276123234e-05
66,0.6589593750114925,0.6373664098928272,1694050644.3522007,2.092610004841267e-05
67,0.6581905351354848,0.6366876638524802,1694050644.6495736,0.0006637113286009913
68,0.6371387301681388,0.6196150403801686,1694050645.0679314,0.002858800088518713
69,0.6682741491761364,0.6460119265109295,1694050645.246535,0.000107712924930884
70,0.6580378055484106,0.6364180719477794,1694050645.380711,1.7030010977371543e-05
71,0.6692201640263846,0.6464791383481934,1694050645.5949967,0.00015802073957655417
72,0.6651252371797465,0.6425069520659906,1694050645.8520732,0.0003701614206484504
73,0.664466293380557,0.642647003743638,1694050646.0042655,5.4361385216063356e-05
74,0.6688591078212476,0.6464052085892489,1694050646.2050192,0.00012731020068842858
75,0.6434558076074477,0.6247838306201167,1694050646.5335584,0.0017985660521506474
76,0.6658419413185236,0.6431608295524935,1694050646.7576077,0.00034124251530510047
77,0.6650573092897447,0.6431887280144912,1694050646.9312427,5.9506391921571886e-05
78,0.6521213728615964,0.631835732084427,1694050647.1973498,0.0010013444494261872
79,0.6587032392733966,0.637111827686979,1694050647.3301306,1.9934120711263582e-05
80,0.6691667303039947,0.6465065240565036,1694050647.5350804,0.00014490891002256727
81,0.6688963167291466,0.6464217798561498,1694050647.7492437,0.00012902735501779355
82,0.6651380007004792,0.6425197476011926,1694050647.9769542,0.0003696177499693261
83,0.6692244906435821,0.646307016258091,1694050648.2153108,0.0001806372198696834
84,0.6662081894642977,0.6443033379962066,1694050648.4115832,7.213501461465045e-05
85,0.6623241852060411,0.6406034239220711,1694050648.5489697,3.854799175106488e-05
86,0.6583545139272726,0.6368173439214484,1694050648.8486578,0.0006561763538462474
87,0.6687109211822309,0.6463356372366482,1694050649.0546024,0.00012136765684128536
88,0.6577959476470666,0.6361660535103688,1694050649.1808734,1.6057611057032186e-05
89,0.6683022721879205,0.6453850618209641,1694050649.386965,0.0002392637357595221
90,0.6619081809624949,0.640228158143772,1694050649.5301976,3.609517223263872e-05
91,0.6692275192756205,0.6463203478539662,1694050649.73379,0.00017936862026362747
92,0.6666118628488308,0.644648094930099,1694050649.910203,7.721495306023771e-05
93,0.6644593707930408,0.6418843991683975,1694050650.1329298,0.00039784722661635865
94,0.6452450801495019,0.62625990864454,1694050650.4758422,0.0015869431582952469
95,0.669242662435812,0.6463551451837594,1694050650.6612833,0.00017563682718069748
96,0.6676188830015647,0.6447453549818252,1694050650.759781,0.00027009118797551344
97,0.6552200960984946,0.6342926379920976,1694050651.0469065,0.0008159596422750095
98,0.6664085118405452,0.6444768818124427,1694050651.2279768,7.442877148392736e-05
99,0.6692162700709068,0.646296737877355,1694050651.4299145,0.0001818929466667751
100,0.6645318416311001,0.6419501714823133,1694050651.6707706,0.0003947152308576581
101,0.6692437440901113,0.6464051619752773,1694050651.850291,0.0001700108596612577
102,0.6692398501346335,0.6464087978650614,1694050652.0489597,0.00016967070986828042
103,0.6683533262708519,0.6454373393901043,1694050652.2695572,0.0002363435084981405
104,0.6623856231702465,0.6401444161438075,1694050652.5753708,0.0004782737775295011
105,0.6670828151307862,0.6450825371453338,1694050652.774157,8.45417435005437e-05
106,0.6599166390664545,0.6383376819118981,1694050652.9212167,2.541101914163969e-05
107,0.6538626199527577,0.6332250148937466,1694050653.1985307,0.0008929506085677421
108,0.6689928002926524,0.6460980924374168,1694050653.412837,0.00019794182101137836
109,0.662630293372769,0.6408883984373972,1694050653.5932875,4.040828163847455e-05
110,0.6484530504706386,0.6288819445465743,1694050653.9774334,0.0012766125530112935
111,0.6692450420752705,0.6464798841717387,1694050654.1627471,0.00016013982754551202
112,0.667084762108525,0.6450885037336975,1694050654.345051,8.460336135246194e-05
113,0.6692543443022454,0.6463606922463788,1694050654.5363824,0.00017500704733570616
114,0.6604979200869476,0.6385874861856582,1694050654.8307123,0.0005574897147476901
115,0.6663293347458297,0.6435685619620063,1694050655.1325238,0.00032282165879885064
116,0.6644691056817353,0.642647469883354,1694050655.2903862,5.437122000064588e-05
117,0.6692552096256849,0.6463635823126175,1694050655.4959555,0.00017435513759283196
118,0.6327011352394534,0.6158343909072364,1694050655.9323082,0.004169535843688696
119,0.6681144970015461,0.6452112849348701,1694050656.1522872,0.0002479560534084544
120,0.6559872053276234,0.6344626857604642,1694050656.2595258,1.0309777393584756e-05
121,0.6692115107919894,0.6464808164511706,1694050656.4544961,0.00015865250744672853
122,0.6675358119513713,0.6454342162540075,1694050656.6372738,9.169841067295628e-05
123,0.6689601343328107,0.6460477726550835,1694050656.8465261,0.00020125604033005432
124,0.660269691029776,0.638386906265899,1694050657.1595035,0.0005678573787771456
125,0.6639278458703195,0.6421685579392206,1694050657.3223352,5.0126872274343055e-05
126,0.6692061025204925,0.6465042632788813,1694050657.5409253,0.0001524762126137996
127,0.6608176570978479,0.6391788543362565,1694050657.6832643,2.9888923253299173e-05
128,0.6656868320919908,0.643036906309017,1694050657.9163804,0.0003470756381470432
129,0.6681151459941257,0.6458911963245071,1694050658.085521,0.0001035726685318565
130,0.6404014321968248,0.6222862540222323,1694050658.46931,0.0022364860874448285
131,0.6692383358186145,0.6464593973312243,1694050658.6925776,0.0001627645387752028
132,0.6546781872944992,0.6338769112864567,1694050658.9741051,0.0008451072930568631
133,0.6674051481120049,0.6445338207787419,1694050659.0747912,0.00027969863407326074
134,0.6691831714493454,0.6465091577458986,1694050659.2947216,0.00014752309491798525
135,0.6656541661321491,0.6437419892433134,1694050659.4674337,6.534010454458769e-05
136,0.6627213686647778,0.6404113743591133,1694050659.7126765,0.0004655926507742361
137,0.6692368215025952,0.6463341222825716,1694050659.9263973,0.00017774896861016157
138,0.6676156380386665,0.6455100571857872,1694050660.0985029,9.356315053717256e-05
139,0.6580985945200365,0.6364852426808432,1694050660.2143354,1.727443353766036e-05
140,0.6628570081139216,0.6411246380454239,1694050660.3831222,4.207217421903424e-05
141,0.6692119434537092,0.6462932418294856,1694050660.6111135,0.00018237466666624455
142,0.6680673368740926,0.6451505935438577,1694050660.8099787,0.0002511750006422171
143,0.6626670696189483,0.6403663452625556,1694050661.034421,0.0004677490149747755
144,0.6692383358186144,0.6463294142714407,1694050661.2368271,0.00017830203619052465
145,0.6684193071831148,0.6461204671437808,1694050661.4406924,0.00011129285089618107
146,0.6672100176763945,0.644337529344369,1694050661.6813307,0.0002888630148003639
147,0.6561511841194112,0.6350380653188067,1694050661.9920237,0.0007653136189482475
148,0.6474293728416941,0.6280526819919576,1694050662.3291028,0.0013675936634057668
149,0.6658436719654026,0.6439281654458506,1694050662.5133462,6.752505739959465e-05
150,0.6602824545505088,0.6386826952226343,1694050662.657527,2.7217447103440002e-05
151,0.6692119434537092,0.646279956847582,1694050662.843919,0.00018340368925325517
152,0.668753322030767,0.6463480132461058,1694050663.024604,0.00012235605203117695
153,0.6685021619024483,0.6455912587243001,1694050663.239108,0.00022821231330850521
154,0.6656641173517036,0.6430218733031786,1694050663.4830499,0.0003477151649029259
155,0.6692277356064803,0.646306200513588,1694050663.6991215,0.00018102414273754347
156,0.6651085797035358,0.6432237118001707,1694050663.8604155,5.9855590174436396e-05
157,0.6681129826855269,0.6458895415285155,1694050664.0470924,0.00010324632087868477
158,0.6103273323873906,0.5934376361346473,1694050666.4716363,7.136313117832653
159,0.661652045224399,0.6395551223149448,1694050666.7677667,0.0005074638202259022
160,0.6625052541357592,0.6407735649183809,1694050666.9194877,3.971641980391381e-05
161,0.6691667303039947,0.6465047760325687,1694050667.1183672,0.00014405654904901295
162,0.6692108617994098,0.6462902585353038,1694050667.2986693,0.00018251168103850633
163,0.6680318586130726,0.645122485318988,1694050667.5143619,0.00025261690983056955
164,0.6667182976318909,0.6447418123199841,1694050667.693627,7.871432748596581e-05
165,0.6642880367520171,0.6417259582789572,1694050667.9512439,0.0004048666477608984
166,0.6692379031568947,0.6464831704567361,1694050668.1430986,0.00015934024688110337
167,0.6550178267445083,0.6341205625159668,1694050668.4155445,0.0008279179758934489
168,0.668190861795083,0.6459595090998747,1694050668.5918148,0.00010564476245977982
169,0.6660883421679251,0.643376792082878,1694050668.8475142,0.0003314505103048959
170,0.6692437440901113,0.6463977037398226,1694050669.0502687,0.00017121024565957892
171,0.6176365031501018,0.6029160511971505,1694050669.8207812,0.03460256679732041
172,0.6691704079286126,0.6465097171135575,1694050670.029824,0.00014564700622942547
173,0.6131277353685164,0.598870657672563,1694050671.1163843,0.16487658764298252
174,0.6646237822465484,0.642796797741348,1694050671.2728071,5.5742625246134194e-05
175,0.6689010760080639,0.6459808582988636,1694050671.4664943,0.00020607750381166398
176,0.6675492244646839,0.645447291473039,1694050671.6285946,9.198760893625174e-05
177,0.6243665562009186,0.6086594285579238,1694050672.1574037,0.010379048853316523
178,0.661493474704108,0.6394299171872496,1694050672.4675844,0.0005139588012710165
179,0.6673004439758238,0.6444326684603878,1694050672.694981,0.00028473992115604245
180,0.669107455648388,0.6465045429627108,1694050672.9138188,0.0001397449281688921
181,0.6689644609500083,0.646052853577987,1694050673.1370943,0.00020098513493983485
182,0.6691972329552375,0.6465028415527477,1694050673.3495557,0.00015192461682138884
183,0.6661839604079913,0.6442749967014789,1694050673.5124338,7.173844559799993e-05
184,0.6665404736650711,0.6437713793524019,1694050673.7824914,0.00031377535020103345
185,0.6692117271228493,0.6462807026711275,1694050674.014196,0.0001832618364139322
186,0.6580964312114376,0.6366246417628881,1694050674.326704,0.0006674029455029516
187,0.6682719858675376,0.6460117400550431,1694050674.5004365,0.00010766780210296372
188,0.6632100600772431,0.641474009762504,1694050674.6432912,4.453671709952431e-05
189,0.6639334704726764,0.6414303324711225,1694050674.9368236,0.00041814482290254153
190,0.6670053686829496,0.6450114042246848,1694050675.1002378,8.322395301198131e-05
191,0.669212159784569,0.6462582347368202,1694050675.3126698,0.00018507127015750003
192,0.6688545648731902,0.6459373907703544,1694050675.528928,0.00020886314866686552
193,0.6676653941364387,0.6447884729055474,1694050675.769753,0.00026803808427640276
194,0.6690146497095002,0.6464754325374519,1694050675.9949744,0.00013474798735507685
195,0.6208899029518129,0.6056604021606415,1694050676.6666086,0.01784566761456891
196,0.6692480707073087,0.6463604591765209,1694050676.8627627,0.00017518033797253756
197,0.6289793791261056,0.6126683932637125,1694050677.4189074,0.005997364416256031
198,0.6674996846977718,0.6454037307165865,1694050677.6007545,9.110394591281159e-05
199,0.6634017292190955,0.6409652415695661,1694050677.8377326,0.00043956729111935895
200,0.6510068362715031,0.6309601818560198,1694050678.1802201,0.001076583057449085
201,0.669201559572435,0.6462434581078256,1694050678.3866587,0.00018620560835772842
202,0.667661067519241,0.6447831822197718,1694050678.6504867,0.0002683587615520671
203,0.6688887451490508,0.6464184236501951,1694050678.8393683,0.00012855410777344917
204,0.664768723922667,0.6429371990237822,1694050679.016291,5.6969187106388254e-05
205,0.6692067515130722,0.6462456023505188,1694050679.2456372,0.00018596597655138895
206,0.6657268533010683,0.643068394046827,1694050679.4905086,0.0003455424412229417
207,0.6681605754747003,0.6459212157222121,1694050679.6902275,0.00010475452831814187
208,0.6577323463742625,0.6363091350961696,1694050680.0030334,0.0006860974794549108
209,0.6659702255184315,0.6440590341710944,1694050680.1908138,6.895796864734773e-05
210,0.6611365287853086,0.6394989990931484,1694050680.3393695,3.1701529650297335e-05
211,0.6691868490739633,0.6462320842987572,1694050680.564541,0.00018736833406000222
212,0.6692058861896326,0.6465012566777135,1694050680.7916117,0.00015297462117059378
213,0.6686817165161473,0.6457734261252804,1694050681.034168,0.0002179830400142641
214,0.6659139794948631,0.6432293054767618,1694050681.2796354,0.0003384973291048396
215,0.6692190823720853,0.6464786955154632,1694050681.482149,0.00015811226626248517
216,0.667833483214564,0.645673019630472,1694050681.6762772,9.750552764390668e-05
217,0.6688597568138273,0.6464048822914478,1694050681.906839,0.00012730303382273568
218,0.6100774702442311,0.5923564949845348,1694050684.117959,914.2296534163596
219,0.6624260770410438,0.6401727108245637,1694050684.3579183,0.0004770768076399483
220,0.6674231035733748,0.6445510679482308,1694050684.6044114,0.0002788024275159456
221,0.6691522361363827,0.6462122034398734,1694050684.820366,0.00018879007739267052
222,0.669171273252052,0.6465039835950517,1694050685.0453923,0.00014460467429350723
223,0.66682667939269,0.6448368815150455,1694050685.20623,8.022564459265449e-05
224,0.668175285973172,0.6452628866014222,1694050685.4371934,0.000245359223575515
225,0.6688249275453867,0.6463751425775722,1694050685.6519842,0.00012504406644166003
226,0.6117436505270144,0.5967548728090006,1694050687.2570746,0.5351324168005389
227,0.663992961459143,0.6422432801356821,1694050687.4199462,5.0803334664760607e-05
228,0.6652889996406744,0.6426837122462664,1694050687.7208633,0.0003621099037312728
229,0.6689566730390527,0.6460462577010069,1694050687.936482,0.0002013856894395349
230,0.6677863230871107,0.6456257996772495,1694050688.1042917,9.634451656760804e-05
231,0.6690531566025585,0.6461344280282726,1694050688.3061583,0.00019460297990472007
232,0.6692357398482958,0.6463990555449988,1694050688.4972618,0.00017099755753789044
233,0.6145449188315797,0.600314595363574,1694050689.3670588,0.08490163133555752
234,0.6690711120639283,0.6464975741739579,1694050689.6098382,0.00013794725269375587
235,0.6671490123739089,0.6442747636316208,1694050689.8485897,0.00029160941288987764
236,0.6660909381382437,0.6441776667287954,1694050690.0234053,7.047536712539415e-05
237,0.6621628023845717,0.6399553265680455,1694050690.2879646,0.00048703253024136826
238,0.6692231926584229,0.6464871326443214,1694050690.4942527,0.00015632829334622083
239,0.6685826369823229,0.6462220856018508,1694050690.6996138,0.00011598526243257279
240,0.6359201384344438,0.6186270106383105,1694050691.0943232,0.003143467354493462
241,0.6689519137601354,0.6460297097410918,1694050691.2983544,0.00020295406795282586
242,0.6692536953096658,0.646361344841981,1694050691.5323334,0.00017494643386162625
243,0.6672260261600256,0.6443516999917331,1694050691.774823,0.000288239730717427
244,0.6691334153515733,0.646506244372674,1694050691.9844434,0.00014129379277099885
245,0.6672941703808872,0.6452362700236434,1694050692.1536818,8.761131983227287e-05
246,0.6680762064393476,0.6451673279596591,1694050692.3726046,0.00025026297382519617
247,0.6692002615872757,0.6465119778911798,1694050692.6387773,0.00014991923661820792
248,0.6654540600867617,0.6435236494003778,1694050692.8084102,6.294409302300609e-05
249,0.6629026539253559,0.6405608187520363,1694050693.0681994,0.0004582793124858235
250,0.668363493821266,0.646061989916419,1694050693.282283,0.00010921187335881868
251,0.6666170547894679,0.6438272928113262,1694050693.5430763,0.00031105050670049206
252,0.6692221110041234,0.6463215365102417,1694050693.7570405,0.00017930331403373054
253,0.6294345392552896,0.6130655909156455,1694050694.295985,0.005714038767202971
254,0.6632078967686443,0.6414715625289953,1694050694.4519475,4.451596388238633e-05
255,0.6692485033690287,0.6463600163437908,1694050694.6717103,0.00017522326795210586
256,0.6577786411782763,0.636350761372801,1694050694.965148,0.0006836804886548903
257,0.6670070993298287,0.6450109846989405,1694050695.1471763,8.319747888949109e-05
258,0.6666228957226847,0.6438374779641189,1694050695.4014287,0.0003106049963237427
259,0.6597918161603046,0.6382246197238024,1694050695.5625217,2.4851168710245006e-05
260,0.6689482361355175,0.6464450169209882,1694050695.7888882,0.00013116353711570522
261,0.6686983739923579,0.6457927476165053,1694050696.0016973,0.0002168523312474225
262,0.6634646814993199,0.6410163770964022,1694050696.2619667,0.0004372826525886231
263,0.6581312604798781,0.6365149590877328,1694050696.394746,1.738263476252406e-05
264,0.6438177291360244,0.6250925316469829,1694050696.7783988,0.0017525863273028333
265,0.6679823188461604,0.6457827023056273,1694050696.9408083,0.00010039675273642413
266,0.6214854618090582,0.6061785863758409,1694050697.5748258,0.016106483369173343
267,0.6692305479076588,0.6463197185653496,1694050697.8056986,0.00017946438152387903
268,0.6108737841394434,0.594828527125987,1694050699.674152,2.0425944541522556
269,0.6691831714493454,0.6465088081411114,1694050699.8897161,0.00014837570824169534
270,0.663119417446954,0.6413770293946074,1694050700.0440943,4.392999352590533e-05
271,0.6661833114154118,0.6442756492970811,1694050700.2411382,7.174601814532251e-05
272,0.6675477101486647,0.644690909863006,1694050700.480213,0.00027257869197393404
273,0.6100804988762694,0.5923567280543928,1694050702.8290992,55.838168988909054
274,0.6601539540197411,0.638292955806156,1694050703.1071992,0.0005728733674268359
275,0.6181531012434914,0.6033194951212768,1694050703.8352668,0.030873304870210137
276,0.6499282106041493,0.6300870322471493,1694050704.1506195,0.0011556998776324837
277,0.6692366051717354,0.6464394931653545,1694050704.3752584,0.00016547515719213986
278,0.6682864800351495,0.6453730121093075,1694050704.5788825,0.00023986281113671222
279,0.6151755232881253,0.60083063533608,1694050705.4597878,0.06845928688308404
280,0.6683645754755655,0.646066231787834,1694050705.6663442,0.00010936064121798864
281,0.66494135594885,0.6423369742185814,1694050705.9100263,0.000377877997351374
282,0.6653616868095935,0.6434477152406547,1694050706.0978756,6.209682774976441e-05
283,0.6692346581939964,0.6463311156814039,1694050706.310787,0.00017811331680955183
284,0.6689809020953591,0.646088606494198,1694050706.5384674,0.00019853123934435713
285,0.6683295298762653,0.6460477493480978,1694050706.7367342,0.00010867436005400062
286,0.6539623484791617,0.6333140708864725,1694050707.0184507,0.0008864933255019855
287,0.657142628450234,0.6355400511788779,1694050707.1477666,1.373483764463582e-05
288,0.6662670314581847,0.6435143499130451,1694050707.3868034,0.0003250928162100349
289,0.669238984811194,0.6464111518706267,1694050707.5993795,0.00016947345975237528
290,0.666431875573412,0.6444928004837411,1694050707.7748082,7.46531739624246e-05
291,0.6603503824405107,0.6384526785798149,1694050708.0529974,0.0005642256293252022
292,0.6627786963426455,0.6410449980749595,1694050708.217663,4.1490257942969804e-05
293,0.668949101458957,0.646444457553329,1694050708.415236,0.00013112305971085296
294,0.6680253686872761,0.6451182201405873,1694050708.63374,0.000252850640254811
295,0.6645378988951767,0.6419605430909926,1694050708.8980303,0.00039421317480643287
296,0.6679351587187068,0.6457631244375588,1694050709.0915034,9.984453921243183e-05
297,0.6219810758090396,0.6066059898813654,1694050709.7827392,0.01484743994283053
298,0.6095448636672105,0.5900244445997725,1694050714.2660522,58371.5756798311
299,0.6692309805693785,0.6463800137376036,1694050714.5054529,0.00017282217447618797
300,0.6679678246785485,0.6450492780766031,1694050714.7123835,0.0002561347619018079
301,0.6648751587057271,0.6430207079538889,1694050714.877678,5.776211166420989e-05
302,0.6692350908557163,0.6463984029493965,1694050715.0957463,0.00017102981393583898
303,0.669237254164315,0.6464444342463433,1694050715.3121605,0.0001650683103565617
304,0.6678670144978452,0.6457062087782452,1694050715.49403,9.835166040556217e-05
305,0.6645296783225012,0.6419494722727395,1694050715.739643,0.0003947859700978023
306,0.6692019922341549,0.6464957562290659,1694050715.9419007,0.0001544016250305608
307,0.6198921850260537,0.6048465921376075,1694050716.5790832,0.021201871924158903
308,0.6127493726945891,0.5983836115903869,1694050717.7912254,0.21306512137910502
309,0.6684162785510764,0.6455046965790542,1694050718.0052037,0.00023285100995424995
310,0.6614227345129279,0.6397324651698657,1694050718.1408684,3.314294711734515e-05
311,0.6589055086273828,0.6372634396295811,1694050718.4228828,0.0006302775515647931
312,0.6665798458815688,0.6446194739515416,1694050718.5973566,7.675582567311426e-05
313,0.669165864980555,0.6465044963487393,1694050718.822485,0.0001446905607147229
314,0.667689406861885,0.6448079109317011,1694050719.0273547,0.00026707871902880716
315,0.6112315953816824,0.5956350886764384,1694050721.119208,1.082946368114772
316,0.6564239773337179,0.6348336630533769,1694050721.2363598,1.1430529207983839e-05
317,0.6392734830934189,0.6213495229561107,1694050721.6098652,0.0024339065524387484
318,0.6441340048531665,0.6253285614921374,1694050721.9866061,0.0017169898829611464
319,0.6276982677739057,0.6116047323529468,1694050722.5143692,0.006862880596702948
320,0.6136395741829886,0.5993515274035032,1694050723.6264231,0.12991717854460577
321,0.6688071884148767,0.6463729983348789,1694050723.8401058,0.00012438014599953277
322,0.6638908532932803,0.6414053939963209,1694050724.1051135,0.0004192755821621568
323,0.6349416739552138,0.6177863975816111,1694050724.5127194,0.003411792139294248
324,0.664793601971553,0.6429611586051804,1694050724.6814368,5.7176600537532696e-05
325,0.6689084312572999,0.6459918358891735,1694050724.880507,0.000205283389209957
326,0.6601234513684981,0.6385268647156032,1694050725.0148568,2.6377294653893934e-05
327,0.6674410590347447,0.6453587482340005,1694050725.1795893,9.013394579924197e-05
328,0.6662854195812744,0.6435312241707614,1694050725.4022548,0.00032435712954260033
329,0.6156652963548899,0.6012890604396989,1694050725.6675565,0.05811037988758336
330,0.669242662435812,0.6464020621461665,1694050725.8521192,0.0001705877684044118
331,0.6594050165828421,0.6376940361921597,1694050726.1304066,0.0006057317337334637
332,0.6686196295593623,0.6462699581506754,1694050726.3527079,0.00011812048956595626
333,0.6690122700700414,0.646108347511167,1694050726.5339103,0.0001967053853677929
334,0.6183901998659181,0.6035285820908515,1694050727.299191,0.029243744616229087
335,0.6662071078099984,0.6442947144114621,1694050727.4848258,7.202615404744824e-05
336,0.6524140685150119,0.6320601783576411,1694050727.7720244,0.0009831345645082647
337,0.6673220770618116,0.6444566746557576,1694050727.9968965,0.0002839125274799611
338,0.6691723549063514,0.6465077360197649,1694050728.1888742,0.00014528236989830277
339,0.6633461321881066,0.6416049017947335,1694050728.3438928,4.5651240351307725e-05
340,0.6633465648498263,0.6409121948698947,1694050728.5745447,0.00044191740334644034
341,0.6250871542951735,0.6093021653052163,1694050729.102522,0.009426046002000624
342,0.6102135423550945,0.5925521105163194,1694050732.3175278,10.739683248208843
343,0.6679286687929106,0.645758882566144,1694050732.4667358,9.972635207644484e-05
344,0.6095318838156178,0.5898803375065967,1694050735.135203,1272.4930967345326
345,0.6137107470358887,0.5994127082412174,1694050736.0813735,0.12642490169310944
346,0.6690339031560293,0.6461251518479258,1694050736.258959,0.0001954745390337885
347,0.6667641597741852,0.6439404249203793,1694050736.464209,0.0003061360135238509
348,0.6691704079286125,0.6465052887862562,1694050736.6486392,0.0001444037735868435
349,0.6126163292157638,0.598178673264284,1694050737.8625703,0.23632935139454608
350,0.6671020685773152,0.6450983625886892,1694050738.0115047,8.479773390284764e-05
351,0.6589152435160773,0.6373255061327554,1694050738.1468124,2.0738471928534578e-05
352,0.6560832562294094,0.6349832705952003,1694050738.3768797,0.0007688597783232637
353,0.6301730928109145,0.6136789142468635,1694050738.714168,0.005299724519872843
354,0.6689482361355175,0.6460411767781034,1694050738.915083,0.00020193242028407926
355,0.6645385478877563,0.6427090702468123,1694050739.044289,5.4971955012198594e-05
356,0.6642787345250424,0.6417202247604514,1694050739.2422478,0.00040510305463542425
357,0.6687059455724538,0.6463320712678216,1694050739.4284222,0.00012109753357299687
358,0.6684517568120966,0.6455316161476485,1694050739.6057744,0.00023152908076313914
359,0.6668407408985821,0.6448515183021252,1694050739.7531862,8.045555164120014e-05
360,0.6692136741005883,0.6464985297603755,1694050739.937344,0.0001548305195648673
361,0.6668496104638372,0.6440047988151475,1694050740.1497786,0.00030351956573618954
362,0.660545296545261,0.6386381788797642,1694050740.4251218,0.0005550971360034076
363,0.6491355743335548,0.6293968424767764,1694050740.7489107,0.0012219167770348583
364,0.6630802615613159,0.6413292733807117,1694050740.882292,4.35959203677461e-05
365,0.6686226581914003,0.6462707972021642,1694050741.065954,0.00011825143495086813
366,0.6689110272276183,0.645996240909489,1694050741.2689269,0.0002049251271366306
367,0.6662092711185971,0.6443032214612776,1694050741.433528,7.213177170934994e-05
368,0.6657692541496045,0.6431015132736431,1694050741.6820788,0.00034394043786875914
369,0.6099792560338463,0.5921346124797582,1694050743.8637538,56.06908333321507
370,0.6692469890530095,0.6464779729989035,1694050744.0469515,0.00016002141680566075
371,0.6610698988804662,0.6394381678602213,1694050744.1764169,3.131557710886591e-05
372,0.6099731987697696,0.5920125771021311,1694050745.3428016,2669.562193449641
373,0.6674289445065915,0.6453446475075941,1694050745.4223042,8.981487272797976e-05
374,0.6688223315750682,0.6463726254231064,1694050745.5759125,0.00012488165974925116
375,0.6672500388854721,0.6443780601926681,1694050745.7646492,0.00028703320541324296
376,0.6596734831799512,0.6379006759282257,1694050746.0030756,0.0005938974559737859
377,0.6108415508413215,0.5948612035200727,1694050747.3710089,2.1521769576192864
378,0.6433880960483058,0.6247381023139851,1694050747.6538937,0.0018063648444084665
379,0.6690667854467307,0.6461449860928381,1694050747.8189619,0.00019388496397614388
380,0.6357356082109676,0.6184733709879442,1694050748.1776671,0.0031907593363328214
381,0.6690427727212844,0.6464825877820911,1694050748.3442008,0.00013563959027570387
382,0.6119067639953628,0.5970358618297555,1694050749.2432182,0.45192044963763345
383,0.6145098732322793,0.6002626673992209,1694050749.742396,0.08626507162496654
384,0.6230696526959476,0.6075854193454647,1694050749.9679434,0.012421058775178568
385,0.6646536359052115,0.642831385308269,1694050750.0534961,5.603208186780291e-05
386,0.6635871247660111,0.6411227268725888,1694050750.152434,0.0004320266222770771
387,0.6681471629613878,0.6452330769665893,1694050750.2262785,0.00024679823957919644
388,0.6678092541582578,0.6456425807070225,1694050750.3390198,9.687302210642282e-05
389,0.669238768480334,0.6464454597537184,1694050750.49362,0.0001647975698765556
390,0.6559802827401072,0.6344593528614955,1694050750.5809054,1.0296772232999402e-05
391,0.6095552475484846,0.5899235020442907,1694050752.7076688,10628.922720517883
392,0.6099786070412665,0.5919516060272891,1694050754.155171,340.7710347842606
393,0.6100675190246767,0.5922797217733232,1694050754.825129,156.19084641717322
394,0.6533040536725516,0.6327948378569124,1694050754.934548,0.0009252398676844824
395,0.6655057631622725,0.6435852497638361,1694050755.0566244,6.357834016503096e-05
396,0.6653504376048798,0.6427385069698726,1694050755.157021,0.0003596908899577912
397,0.6588185436217118,0.6372232117720974,1694050755.219518,2.0299484999597564e-05
398,0.6690665691158709,0.6464965486665828,1694050755.3000078,0.000137675264369128
399,0.6685899922315589,0.6456485472953863,1694050755.454172,0.00022458761665001693
