trial,score,test_score,time,alpha
0,0,0,1694050704.0538936,0
0,-296119951.62799615,-1917259199.5979185,1694050704.0650468,squared_error,None,1
1,-0.01877116438144255,-0.023378311828361253,1694050704.0877523,epsilon_insensitive,l1,27685.435566902357
2,-0.05120812606511915,-0.09366259221505246,1694050704.1116173,epsilon_insensitive,None,0.00040473198896492414
3,-0.0242526285535809,-0.062337385387624566,1694050704.143642,epsilon_insensitive,None,0.515582042315646
4,-0.01883318626532149,-0.02344691427205503,1694050704.1666305,epsilon_insensitive,l1,60336.5939378319
5,-5064.447088428891,-155331.46487008006,1694050704.1775792,squared_error,l2,0.10146500325016006
6,0.0005090748908651577,-0.02406728416690762,1694050704.1996627,epsilon_insensitive,l1,0.05460488392352514
7,-0.05786519003845192,-0.09654357706907146,1694050704.2252,epsilon_insensitive,l2,0.010039234488088139
8,-0.09540469348941238,-0.13871382218825534,1694050704.245236,epsilon_insensitive,None,1084.342566955501
9,-5.7369412170826806e-05,-9.188654414238329e-05,1694050704.2562833,squared_error,l1,8859.939152306768
10,-4128673901.6291165,-5528773764.77428,1694050704.2759085,squared_error,elasticnet,1.268690828804268e-05
11,-5.133276795321606e-05,-9.983457218476488e-05,1694050704.292928,squared_error,l1,115.69102722386718
12,-5.0224611544136266e-05,-0.00010138072630838657,1694050704.3099892,squared_error,l1,54.557622002577986
13,-4.9808970815190534e-05,-0.00010196813484042444,1694050704.3267174,squared_error,l1,25.78472006562655
14,-0.018823562992910547,-0.023436270792555502,1694050704.354502,epsilon_insensitive,elasticnet,13.011807282238477
15,-5.05355652486994e-05,-0.00010094395944459933,1694050704.3711789,squared_error,l1,6.5664392476237925
16,-0.006758441852135144,-0.034807589028872155,1694050704.3983753,epsilon_insensitive,l1,0.029391420084877815
17,-5.712121397905001e-05,-9.219850256059203e-05,1694050704.4148536,squared_error,l1,409.5515425864519
18,-4.5962976238822506e-05,-0.00010760818007327089,1694050704.4318562,squared_error,elasticnet,9.256509417728068
19,-0.04157386404188301,-0.05755668424110594,1694050704.4546046,epsilon_insensitive,elasticnet,1.6046767107155557
20,-1588146229.7298713,-2947468675.659786,1694050704.4747233,squared_error,elasticnet,0.003914492622009985
21,-5.2023873340134585e-05,-9.888468952423679e-05,1694050704.4919038,squared_error,elasticnet,14.207496410929773
22,-3064.436526528914,-4315.594032832166,1694050704.5063214,squared_error,l2,0.1525344719308844
23,-4.8663700115580966e-05,-0.00010360840225787094,1694050704.522783,squared_error,elasticnet,3.1345951596788733
24,-4.882105234793599e-05,-0.00010338112680452483,1694050704.539928,squared_error,elasticnet,3.0918475124179308
25,0.05658577781655527,0.04281487998143896,1694050704.562086,squared_error,elasticnet,0.35350749148116695
26,0.07542666230948603,0.05249462609740885,1694050704.589492,epsilon_insensitive,elasticnet,0.28443025484868145
27,0.04413131876420329,0.021131586745727904,1694050704.6226208,epsilon_insensitive,elasticnet,0.21471855526809727
28,-0.12703849416734503,-0.16390868751644638,1694050704.6442485,epsilon_insensitive,elasticnet,0.3118206499242421
29,-0.06786830508997488,-0.09985173079869747,1694050704.680469,epsilon_insensitive,elasticnet,0.5026916611649506
30,0.008172154451309255,-0.004744920777767447,1694050704.7140465,epsilon_insensitive,elasticnet,0.9818250528174961
31,-0.012901920943709566,-0.03365934111830304,1694050704.743763,epsilon_insensitive,elasticnet,0.8159001400401074
32,-0.06170988915491793,-0.09532634252584549,1694050704.775025,epsilon_insensitive,elasticnet,0.19851500304524705
33,-0.020118446111895505,-0.03569556452717593,1694050704.7972116,epsilon_insensitive,elasticnet,1.030701263516439
34,0.004989016910632138,-0.03453665024623409,1694050704.846354,epsilon_insensitive,elasticnet,0.009999123337636742
35,-0.05950049585809514,-0.10334564625156095,1694050704.8854005,epsilon_insensitive,None,0.058501046461183454
36,-0.33530637536918606,-0.3691660387292237,1694050704.915382,epsilon_insensitive,elasticnet,1.5868049497372052
37,0.0026094302837724737,-0.028518911656721047,1694050704.950739,epsilon_insensitive,elasticnet,0.28872874777621427
38,0.04105329534734248,0.010907851427627846,1694050704.9862301,epsilon_insensitive,l2,0.0338255229545227
39,0.0619675652444428,0.02366523941671994,1694050705.0166845,epsilon_insensitive,l2,0.0021980231336706595
40,-0.1330398350143469,-0.18790585109046165,1694050705.0390353,epsilon_insensitive,l2,0.0017337706420411285
41,-0.25453142940546636,-0.2857176843309164,1694050705.0652814,epsilon_insensitive,l2,0.0663485095133884
42,-0.2213996420662636,-0.27622441765251393,1694050705.091112,epsilon_insensitive,l2,0.022905382388028403
43,0.012362698451249488,-0.031460918354160095,1694050705.1204107,epsilon_insensitive,l2,0.12083439851786998
44,-0.06561458467391712,-0.10601432341630623,1694050705.1486082,epsilon_insensitive,l2,0.00087027211849294
45,0.003364934988215884,-0.035919565410373444,1694050705.1761496,epsilon_insensitive,l2,0.018550654842276748
46,-0.06575771076832959,-0.10982035950531954,1694050705.2060344,epsilon_insensitive,None,0.00030695713115614596
47,0.066927324324632,0.03894991409172743,1694050705.2388837,epsilon_insensitive,l2,0.0055404821422614416
48,-0.012384133424452548,-0.04359486615387076,1694050705.2664258,epsilon_insensitive,l2,0.007713942193800576
49,-0.07464471922094806,-0.11707868376461428,1694050705.3081167,epsilon_insensitive,None,0.10547983227878757
50,0.053752447319212804,0.020173551459853,1694050705.3308628,epsilon_insensitive,l2,0.004235457535018059
51,-0.022231639617123378,-0.05808747656775015,1694050705.3716576,epsilon_insensitive,l2,0.0025924232240945723
52,0.006956306170641358,-0.026033417525439972,1694050705.4016259,epsilon_insensitive,l2,0.007107266362529034
53,-0.07271200452852788,-0.1179158161663505,1694050705.42884,epsilon_insensitive,l2,0.0003010427964293492
54,-0.1558317887576819,-0.1977927653958409,1694050705.4570677,epsilon_insensitive,l2,0.01851596764438371
55,-31230521.698207054,-68003406.99926981,1694050705.472886,squared_error,l2,0.055364331713770955
56,0.04287885735488006,0.01764492073516921,1694050705.5015357,epsilon_insensitive,l2,0.3195585453032041
57,-212197496553.38263,-207907374645.87244,1694050705.5170677,squared_error,None,0.004420170313238584
58,-0.06667998494805194,-0.11611071748819857,1694050705.5736854,epsilon_insensitive,elasticnet,0.000849312935364533
59,-1873927414.1885378,-3859719848.183018,1694050705.5896401,squared_error,l2,9.627972076160294e-05
60,0.05752046081490747,0.02755353176789732,1694050705.6298563,epsilon_insensitive,elasticnet,0.014775889770833722
61,0.04553537785059003,0.01947975220320919,1694050705.6697714,epsilon_insensitive,elasticnet,0.01342201912093692
62,-0.056429954719227515,-0.09968290085599052,1694050705.7127862,epsilon_insensitive,elasticnet,0.013329689109511319
63,-0.08407278243730865,-0.13080580564823197,1694050705.7442865,epsilon_insensitive,elasticnet,0.004971732923571373
64,0.03770031905390203,0.00957098674002732,1694050705.7714615,epsilon_insensitive,elasticnet,0.029770839626413408
65,-0.08052651908827468,-0.12304476729879954,1694050705.8083723,epsilon_insensitive,l1,0.002406165083778274
66,-7767342099.498496,-10876689279.536732,1694050705.828565,squared_error,elasticnet,0.008504874647228515
67,0.07672315486395176,0.051646463169067625,1694050705.8537748,epsilon_insensitive,elasticnet,0.041389857218288834
68,-0.18656122560600674,-0.22943708952281305,1694050705.8790295,epsilon_insensitive,elasticnet,0.0728356521612286
69,-1053261.8978058558,-15642294.859198866,1694050705.9003704,squared_error,elasticnet,0.04194835166806661
70,-0.05619782785788252,-0.08435335657638365,1694050705.9272525,epsilon_insensitive,l1,0.11667594984732364
71,0.07199308895659051,0.05626629028147545,1694050705.956252,epsilon_insensitive,elasticnet,0.014966150228342228
72,0.05803437626640395,0.025421585442321093,1694050705.9925177,epsilon_insensitive,elasticnet,0.030632386986011874
73,0.07613134975844793,0.05794959832198798,1694050706.0362482,epsilon_insensitive,elasticnet,0.03331948577236624
74,0.001930756789806476,-0.031980034178999084,1694050706.0664818,epsilon_insensitive,elasticnet,0.036548476086398655
75,0.0045677336463936236,-0.022211519050180373,1694050706.094232,epsilon_insensitive,elasticnet,0.015192371617986356
76,-0.14223165970744112,-0.17820127197449875,1694050706.1232579,epsilon_insensitive,elasticnet,0.18640775434355314
77,0.018108439637359863,-0.011763377244704776,1694050706.1645992,epsilon_insensitive,elasticnet,0.02598107713893091
78,0.07133805585958675,0.049852408586649744,1694050706.1979773,epsilon_insensitive,elasticnet,0.07332030831680734
79,-0.003906638855868616,-0.03477649384962578,1694050706.2266529,epsilon_insensitive,elasticnet,0.08594563969732147
80,-0.045928877952439606,-0.07797348681961713,1694050706.254616,epsilon_insensitive,elasticnet,0.6105431269223748
81,0.03534241606605182,0.004927019433995539,1694050706.2823493,epsilon_insensitive,elasticnet,0.05239577093417265
82,-0.0026524250442554465,-0.03893035156342717,1694050706.3302977,epsilon_insensitive,elasticnet,0.007914728317336495
83,-0.15801960289949823,-0.19613360335639962,1694050706.3641334,epsilon_insensitive,elasticnet,0.16557980817442788
84,0.07592143052103917,0.055304030999937304,1694050706.4135852,epsilon_insensitive,elasticnet,0.021123661552341976
85,0.034152646746849036,0.0093704211225063,1694050706.4435322,epsilon_insensitive,elasticnet,0.07955769336328307
86,-0.10768962630592571,-0.14120468640266348,1694050706.4848607,epsilon_insensitive,elasticnet,0.019583142695987286
87,-0.11337915710133539,-0.15785707734254473,1694050706.510203,epsilon_insensitive,elasticnet,0.03621517624829214
88,0.05223262591787414,0.02090140309370747,1694050706.5389419,epsilon_insensitive,None,0.006173391624014639
89,-0.02419674184442866,-0.04809964498178698,1694050706.5660179,epsilon_insensitive,elasticnet,0.5284050851530939
90,-0.04013409083483044,-0.06949134397588552,1694050706.6068695,epsilon_insensitive,elasticnet,0.13915742427404518
91,-0.09364681324292223,-0.13719975666900908,1694050706.6406655,epsilon_insensitive,elasticnet,0.01216554875749231
92,0.07555057593900594,0.05457073421877878,1694050706.6766942,epsilon_insensitive,elasticnet,0.022986841104874103
93,-0.07432264342470263,-0.11044494348166012,1694050706.7143376,epsilon_insensitive,elasticnet,0.04913365202240239
94,0.025306850348962073,-0.003666081442791791,1694050706.752813,epsilon_insensitive,elasticnet,0.02645262934103354
95,-0.018684772250888493,-0.044974357772345375,1694050706.8099086,epsilon_insensitive,elasticnet,0.003050890604362286
96,0.022695802010760824,-0.0034401773899124244,1694050706.8437946,epsilon_insensitive,l1,0.009464198091729818
97,-0.04133781704106654,-0.06902343545467882,1694050706.872606,epsilon_insensitive,elasticnet,0.2871652183325998
98,0.0165193910945155,-0.012482273453669368,1694050706.9050298,epsilon_insensitive,elasticnet,0.09595293515507038
99,-0.0016001910782925677,-0.03734873652977777,1694050706.9311619,epsilon_insensitive,None,0.005499186034512881
100,-0.0017452368720625167,-0.03345743065368456,1694050706.9654896,epsilon_insensitive,l2,0.021650427777952244
101,0.005438482770041886,-0.03347594797124431,1694050706.995024,epsilon_insensitive,elasticnet,0.0147133475790006
102,0.02967277745964836,0.0002827010147175013,1694050707.035258,epsilon_insensitive,elasticnet,0.05489929817896018
103,0.003297292135463481,-0.02615925955159848,1694050707.09156,epsilon_insensitive,elasticnet,0.011276465843530608
104,0.015217739407338837,-0.016102844133047745,1694050707.1294973,epsilon_insensitive,elasticnet,0.026461979431477083
105,-0.1846818063718989,-0.22518122020256826,1694050707.162899,epsilon_insensitive,elasticnet,0.0039590707031590105
106,-0.0292319785173778,-0.06325785675726503,1694050707.2032979,epsilon_insensitive,elasticnet,0.0014874893419777756
107,0.0597596311552413,0.031064727269727865,1694050707.2418203,epsilon_insensitive,elasticnet,0.0072025075308924285
108,0.04350820811495515,0.009270419399759922,1694050707.272491,epsilon_insensitive,l2,0.008446871890207755
109,-0.028207635289963395,-0.06133828578673395,1694050707.3084219,epsilon_insensitive,elasticnet,0.0739614785007641
110,-0.0607242735261484,-0.09559475245013549,1694050707.3347816,epsilon_insensitive,elasticnet,0.040863862743545226
111,0.0024557304193292273,-0.03803725626568255,1694050707.3715317,epsilon_insensitive,elasticnet,0.017766692683645523
112,-0.009318106488939826,-0.04390984744956161,1694050707.4170995,epsilon_insensitive,elasticnet,0.005814529082755535
113,-0.1504769251843554,-0.18595961320331367,1694050707.4471116,epsilon_insensitive,elasticnet,0.03239297437148665
114,-0.11746336258345602,-0.15568880143918928,1694050707.495773,epsilon_insensitive,elasticnet,0.00352903678348116
115,0.01121067255914343,-0.001973332692086771,1694050707.5202796,epsilon_insensitive,l1,0.21173413266773453
116,-0.0022758691141089304,-0.029997820599587444,1694050707.542634,epsilon_insensitive,l2,0.012246313755926469
117,-0.007671491320730306,-0.04044260557243162,1694050707.5752742,epsilon_insensitive,elasticnet,0.11145020230173847
118,-0.0019350539900611086,-0.03396801559517537,1694050707.6042852,epsilon_insensitive,elasticnet,0.017521754673925173
119,-0.09759048442634333,-0.1416725434061199,1694050707.6556675,epsilon_insensitive,elasticnet,0.002490571229507229
120,-0.006182157218663331,-0.0399499700886119,1694050707.6976142,epsilon_insensitive,l2,0.044456609797102295
121,0.04968267215376587,0.039283139077776696,1694050707.7224176,squared_error,elasticnet,0.3657482164127302
122,0.07727377207064079,0.05925766162942436,1694050707.7522616,squared_error,elasticnet,0.1791001753434718
123,-1088.6380444981526,-11522103.906775903,1694050707.7731705,squared_error,elasticnet,0.07348073196953381
124,0.06944092398721136,0.051419552715922134,1694050707.7989275,squared_error,elasticnet,0.17627367034210195
125,-229029.5061384949,-224233.69152544552,1694050707.8205519,squared_error,elasticnet,0.1509652538420791
126,0.07201719748693736,0.06012657271702759,1694050707.8538756,squared_error,elasticnet,0.12362022238129901
127,0.049012493728747386,0.029170971199817375,1694050707.8832815,squared_error,elasticnet,0.2348511282230237
128,-590708078.1706299,-3114419568.359555,1694050707.9009144,squared_error,None,0.41414593982461556
129,0.020966793350678414,0.013920262136184913,1694050707.9287539,squared_error,elasticnet,0.7048471968481255
130,0.036412319488924316,0.030313847527737137,1694050707.9555779,squared_error,elasticnet,0.1379817294682681
131,-423.8030596576508,-7546060.018411287,1694050707.9762714,squared_error,elasticnet,0.06035508312148233
132,0.0556873434763262,0.049407685250337896,1694050707.998639,squared_error,elasticnet,0.212709083543331
133,-113374346.52870567,-195573055.2822691,1694050708.0201027,squared_error,elasticnet,0.029740766758755182
134,-7.518131510693543,-353189.9187291683,1694050708.0407355,squared_error,elasticnet,0.09765546776690723
135,-92311792.88322213,-117440287.28079803,1694050708.0576692,squared_error,l2,0.04256265729711325
136,-58751376.48684911,-793147498.6873403,1694050708.0789704,squared_error,elasticnet,0.007295079621452368
137,-34917070.99275914,-149843640.94165364,1694050708.1011503,squared_error,elasticnet,0.022485088000550713
138,-0.008656302519243875,-0.024574605507213798,1694050708.123093,epsilon_insensitive,elasticnet,1.0065440826239511
139,-0.037015245575075184,-0.04622732374415328,1694050708.1457343,epsilon_insensitive,l1,0.30444141826055415
140,-108.5824616907703,-17214808.471716035,1694050708.1696694,squared_error,elasticnet,0.09158429767533605
141,-0.07920120795398944,-0.12097239991019237,1694050708.2028906,epsilon_insensitive,elasticnet,0.011686556286204696
142,-0.04575512110114888,-0.0803014041078629,1694050708.2419882,epsilon_insensitive,elasticnet,0.017783306860580276
143,0.03440729299032397,0.006875588145329847,1694050708.277868,epsilon_insensitive,elasticnet,0.05510750758490437
144,0.06466999206939716,0.03522607070246775,1694050708.3227975,epsilon_insensitive,elasticnet,0.0057765736573882455
145,0.07643648734133868,0.05010070235630881,1694050708.371412,epsilon_insensitive,elasticnet,0.005269720590381845
146,0.00035850533722070477,-0.03304051288494669,1694050708.4070883,epsilon_insensitive,l2,0.0020033392884429425
147,-0.18312685088372338,-0.211841829221884,1694050708.4442613,epsilon_insensitive,elasticnet,0.004476080550181122
148,-0.05002405640160479,-0.08848930649593467,1694050708.4834917,epsilon_insensitive,elasticnet,0.007427212454835722
149,0.04427197720310638,0.011852310366995411,1694050708.523882,epsilon_insensitive,elasticnet,0.001022073113892459
150,0.05867944341007891,0.0282128536971602,1694050708.5534067,epsilon_insensitive,elasticnet,0.00328298241248001
151,-0.03694438951838053,-0.07695004357968926,1694050708.5825686,epsilon_insensitive,elasticnet,0.003223486592819815
152,-0.17429170907159697,-0.21867905620858274,1694050708.6348224,epsilon_insensitive,elasticnet,0.004974539591593699
153,-0.027398575917860546,-0.06074203173066217,1694050708.6679897,epsilon_insensitive,elasticnet,0.0015998309102339882
154,-0.13101379806524527,-0.16597087374434505,1694050708.706202,epsilon_insensitive,elasticnet,0.009400083701062038
155,-0.0006522694686446062,-0.034203543869333775,1694050708.7505772,epsilon_insensitive,elasticnet,0.0022920773375058683
156,-0.005428776099829946,-0.04299431222387251,1694050708.7871015,epsilon_insensitive,l2,0.005101125891450863
157,-0.0003459539878887252,-0.04337367690472549,1694050708.8176951,epsilon_insensitive,None,0.003322517913773382
158,0.07396613234271632,0.05166892819554003,1694050708.869231,epsilon_insensitive,elasticnet,0.012851272366389718
159,-0.14764275527308168,-0.1887625469389025,1694050708.901312,epsilon_insensitive,elasticnet,0.024347969512606496
160,-2852834.932978693,-742626005.3955475,1694050708.9227817,squared_error,elasticnet,0.01182606470691528
161,0.05617630310560817,0.03394856986095851,1694050708.9702597,epsilon_insensitive,elasticnet,0.0013011784521018495
162,-0.07849711834827455,-0.11588576963088304,1694050709.003361,epsilon_insensitive,elasticnet,0.006709586618719014
163,0.03973065117050312,0.014311159187125888,1694050709.0293407,epsilon_insensitive,elasticnet,0.15500987989051052
164,0.023791027155226074,-0.0006112819022154881,1694050709.0805326,epsilon_insensitive,elasticnet,0.0006370303807293328
165,-0.12234859189752689,-0.16839482255124638,1694050709.1154366,epsilon_insensitive,elasticnet,0.0163533142216411
166,-0.008824030543497452,-0.050342524144801226,1694050709.1592474,epsilon_insensitive,elasticnet,0.0023774037044906773
167,0.060337869800803134,0.02829396245703475,1694050709.1963098,epsilon_insensitive,l2,0.03876830104273324
168,0.01429634876291741,-0.01817797428384771,1694050709.2282238,epsilon_insensitive,l2,0.043103466168141064
169,-0.0108338873426852,-0.040951555249765015,1694050709.25541,epsilon_insensitive,l2,0.07707779670475548
170,-57798696.83703252,-156091200.9355468,1694050709.2717733,squared_error,l2,0.02614945765059185
171,-0.08544194617224687,-0.1261675610736379,1694050709.3033178,epsilon_insensitive,l2,0.008807668259301932
172,0.011588689151498022,-0.025069491065734528,1694050709.3397837,epsilon_insensitive,l2,0.014399730556894285
173,-0.046008276579697416,-0.0772846994380616,1694050709.376767,epsilon_insensitive,elasticnet,0.03463867590183069
174,-0.022290071648454646,-0.05116187503700553,1694050709.4035187,epsilon_insensitive,elasticnet,0.500858065772386
175,-0.05521981234087803,-0.08394052220930792,1694050709.4261932,epsilon_insensitive,l1,0.12085686307646053
176,-0.0880090251731287,-0.12754342326197965,1694050709.4567127,epsilon_insensitive,elasticnet,0.05718222236879079
177,0.0182697411838052,-0.010377628961793173,1694050709.4833505,epsilon_insensitive,elasticnet,0.23346643411950185
178,0.060488216440119036,0.039719713820720925,1694050709.5157201,epsilon_insensitive,l2,0.004045326133445274
179,-482445929.2473161,-2361569277.0695524,1694050709.5331612,squared_error,l2,0.005379117945755018
180,-0.07024412015317671,-0.1064080421243605,1694050709.575051,epsilon_insensitive,l2,0.018772449451159183
181,0.032304280819531406,-0.0023884335589539063,1694050709.6088135,epsilon_insensitive,l2,0.003746728573350993
182,-0.011109338528680901,-0.05092016375663455,1694050709.6479595,epsilon_insensitive,l2,0.009298181803699904
183,-0.2315852618368488,-0.28027040886567667,1694050709.6752622,epsilon_insensitive,l2,0.0025560717512540286
184,0.02181414359484235,-0.011499913509663395,1694050709.718709,epsilon_insensitive,elasticnet,0.001748231394170459
185,0.027187043958026735,0.0013268957464903641,1694050709.7555509,epsilon_insensitive,elasticnet,0.005579440829881108
186,-0.0009981868596833365,-0.03679946545039359,1694050709.7957027,epsilon_insensitive,elasticnet,0.030236454714248732
187,0.027228787673086896,-0.005920348168477529,1694050709.850376,epsilon_insensitive,elasticnet,0.01194592535925198
188,-11301398204.285269,-11265089864.900213,1694050709.867708,squared_error,None,0.08737773615802756
189,-0.008816057178585357,-0.0448745804104258,1694050709.8993893,epsilon_insensitive,l2,0.007375827656107119
190,0.058623494131894716,0.03073731834859761,1694050709.9362326,epsilon_insensitive,elasticnet,0.021608352466586635
191,0.050067633798287825,0.017846534591580254,1694050709.9630442,epsilon_insensitive,elasticnet,0.02279298667007291
192,0.02901586800655498,0.0026443238884139575,1694050709.9965816,epsilon_insensitive,elasticnet,0.045422454785756336
193,-0.08745855682521642,-0.12799088362559874,1694050710.0253496,epsilon_insensitive,elasticnet,0.003633898877594655
194,-0.013712857316902527,-0.04404271098855994,1694050710.0511403,epsilon_insensitive,elasticnet,0.1565852291488682
195,-0.04711142762417109,-0.07338955893220755,1694050710.0797637,epsilon_insensitive,elasticnet,0.013308997245263786
196,0.053356493212322165,0.03053311437108608,1694050710.1103375,epsilon_insensitive,elasticnet,0.06410184648687783
197,-0.08725458124927954,-0.1258801160355234,1694050710.1388419,epsilon_insensitive,elasticnet,0.02118074872102814
198,-4702.0477449814625,-173075429.3534658,1694050710.159867,squared_error,elasticnet,0.035067161854642204
199,0.003333036437062731,-0.027925635473254884,1694050710.1915474,epsilon_insensitive,elasticnet,0.3415832321786825
200,-0.1956002665399852,-0.23684356470201484,1694050710.2208612,epsilon_insensitive,l2,0.009623201729266978
201,-0.03831834426630398,-0.07236409995881843,1694050710.253344,epsilon_insensitive,elasticnet,0.030768730285947645
202,-0.11364859792723792,-0.14726633681238965,1694050710.2796962,epsilon_insensitive,elasticnet,0.10330046287869815
203,0.05593520405988406,0.026229662812424115,1694050710.3198698,epsilon_insensitive,elasticnet,0.01772931919473109
204,0.0010257066201980747,-0.02283869377855874,1694050710.367942,epsilon_insensitive,elasticnet,0.005894788426294155
205,-0.0015169165572426202,-0.03294260097555113,1694050710.3972554,epsilon_insensitive,elasticnet,0.0404034564551202
206,0.045943902897773725,0.018661096376022424,1694050710.4538052,epsilon_insensitive,elasticnet,0.003643250020932898
207,0.01917240336935022,-0.009438816282674622,1694050710.491346,epsilon_insensitive,elasticnet,0.06978833271397468
208,-66456496.08038401,-956766558.3288245,1694050710.5134304,squared_error,elasticnet,0.01201279211204313
209,-0.09818777858463523,-0.14053019803316347,1694050710.545283,epsilon_insensitive,l2,0.17446612359853209
210,-0.03367495606716009,-0.059716124956149086,1694050710.5729494,epsilon_insensitive,l1,0.021387357479632194
211,-0.0009566015789492788,-0.028067921108140492,1694050710.6042893,epsilon_insensitive,elasticnet,0.014005807977924303
212,0.054330323978658446,0.03443324879440357,1694050710.6523416,epsilon_insensitive,elasticnet,0.00946230909469211
213,-0.0788676391019385,-0.11641241908674038,1694050710.6829271,epsilon_insensitive,elasticnet,0.04839216285419983
214,-0.11643501772855958,-0.1532125008211136,1694050710.7258177,epsilon_insensitive,elasticnet,0.0068773906149509
215,-0.018179165748116066,-0.02460244089993724,1694050710.7497947,epsilon_insensitive,elasticnet,1.9947375492455168
216,0.05457724441647249,0.02663283417365414,1694050710.7820787,epsilon_insensitive,elasticnet,0.02829714661662948
217,0.07593748847809767,0.049369451015436994,1694050710.8328443,epsilon_insensitive,elasticnet,0.002325493065243016
218,-65882856676.904915,-67224368333.2437,1694050710.8547032,squared_error,elasticnet,0.0013197297090263682
219,0.04471725272751814,0.006404760428949996,1694050710.8889456,epsilon_insensitive,l2,0.0020501543891866367
220,-0.0531444718075651,-0.08538659367983348,1694050710.947819,epsilon_insensitive,elasticnet,0.0008868380071946707
221,-0.009820552081483802,-0.041565859073528166,1694050710.992042,epsilon_insensitive,elasticnet,0.00306827001488678
222,0.003524493820196928,-0.02663028073479179,1694050711.0322022,epsilon_insensitive,elasticnet,0.005703150930780459
223,0.05010104436587315,0.02267924529333598,1694050711.0705528,epsilon_insensitive,elasticnet,0.015250521830783785
224,-0.018714389832076295,-0.02331550235731017,1694050711.1043763,epsilon_insensitive,elasticnet,5730.13537319626
225,-0.08014496874208055,-0.1230025516355715,1694050711.1646767,epsilon_insensitive,elasticnet,0.003932630421722939
226,0.022286442116491556,-0.00687259183746991,1694050711.1959136,epsilon_insensitive,elasticnet,0.10948345188282287
227,0.031766143976070915,0.006920734665139872,1694050711.23253,epsilon_insensitive,elasticnet,0.021638252963582804
228,-40903756610.67011,-57589612626.152054,1694050711.2507217,squared_error,None,0.001772293054774366
229,0.021351509218346942,-0.0056140563085738115,1694050711.2839835,epsilon_insensitive,l2,0.059364745137909944
230,0.0727259157975686,0.04936665406830387,1694050711.3140337,epsilon_insensitive,elasticnet,0.007519383589107109
231,0.006178695953865776,-0.028988976687713608,1694050711.3514416,epsilon_insensitive,elasticnet,0.008161869020895609
232,-0.018821996408449948,-0.0234345380985701,1694050711.383044,epsilon_insensitive,elasticnet,34.235848223405064
233,0.0227750812066706,-0.010249006889277101,1694050711.4330614,epsilon_insensitive,elasticnet,0.004745150808482367
234,0.03684266437967332,0.0026464472111367154,1694050711.480828,epsilon_insensitive,elasticnet,0.011141240452261716
235,0.023799575041108856,-0.0034704641206551035,1694050711.529017,epsilon_insensitive,elasticnet,0.0026825568541874677
236,0.06758244454970774,0.04029733240705591,1694050711.5551696,epsilon_insensitive,elasticnet,0.031603401418556304
237,0.01175033567858752,-0.018971556373333254,1694050711.5832386,epsilon_insensitive,elasticnet,0.04018751210910566
238,-0.018821181098914952,-0.023433636336199104,1694050711.614668,epsilon_insensitive,elasticnet,262.87344490724666
239,0.018158208429554734,-0.008658502035075566,1694050711.6405163,epsilon_insensitive,elasticnet,0.23321996059879294
240,-52166407.61730824,-264376069.6610135,1694050711.6588302,squared_error,l2,0.029547476850232585
241,0.05097178602690189,0.0266511360008711,1694050711.6892054,epsilon_insensitive,elasticnet,0.01756285086029167
242,-0.07410624069702632,-0.11211284167324242,1694050711.7286806,epsilon_insensitive,elasticnet,0.006166840195053027
243,0.022111859720692517,-0.006556397858984875,1694050711.7658904,epsilon_insensitive,elasticnet,0.025987865191714185
244,-0.018881966559689545,-0.023500861323990208,1694050711.800378,epsilon_insensitive,elasticnet,94353.16945842048
245,0.012570063153703015,-0.016608662976895117,1694050711.827856,epsilon_insensitive,elasticnet,0.08013810371174666
246,-0.050075173693149955,-0.08352146290232154,1694050711.8806307,epsilon_insensitive,elasticnet,0.01270795216414716
247,0.035609352257381044,0.003098856071436562,1694050711.9149888,epsilon_insensitive,elasticnet,0.03895432456772458
248,0.07758310962916293,0.05004337777415435,1694050711.949253,epsilon_insensitive,elasticnet,0.010218671582857547
249,-0.04256915628843272,-0.08229170803166275,1694050711.9867432,epsilon_insensitive,elasticnet,0.008126813821947267
250,-0.09763068448412016,-0.14053007184476063,1694050712.028586,epsilon_insensitive,l2,0.0036739535895691632
251,-4.67761900948549e-05,-0.00010638371067006602,1694050712.048913,squared_error,l1,0.4449411706201763
252,-0.10418887953683331,-0.14219886147117333,1694050712.0818667,epsilon_insensitive,elasticnet,0.129192007929053
253,-0.039189759290399806,-0.07783704508250433,1694050712.1165473,epsilon_insensitive,elasticnet,0.004700332607056771
254,-0.013348519775207235,-0.04719285806357365,1694050712.1561193,epsilon_insensitive,elasticnet,0.0599691697768791
255,0.002646300929172174,-0.02262169022622529,1694050712.1849113,epsilon_insensitive,l2,5.493193544462032
256,0.026177986983854207,0.0033556485312923323,1694050712.2298508,epsilon_insensitive,elasticnet,0.016912801157342172
257,0.03636684156081893,0.028296485763639745,1694050712.2530637,squared_error,elasticnet,0.7854352431078118
258,-0.07225589731238946,-0.11335878444189618,1694050712.3000329,epsilon_insensitive,elasticnet,0.009854206513421905
259,0.06402450900133261,0.039298215859534635,1694050712.338169,epsilon_insensitive,elasticnet,0.0013358082181121672
260,-0.09964538494806763,-0.14265523771328192,1694050712.3963084,epsilon_insensitive,elasticnet,0.0011321806132061666
261,-0.10261111960531188,-0.14363694129574855,1694050712.427312,epsilon_insensitive,l2,0.0005902729154061661
262,-0.028280664712544867,-0.058149857864978616,1694050712.4846094,epsilon_insensitive,elasticnet,0.0021728763615252483
263,-0.021857394490247595,-0.05498237458247268,1694050712.5153162,epsilon_insensitive,None,0.0017894409593669847
264,-1754176530.1801057,-2749623819.510571,1694050712.5384407,squared_error,elasticnet,0.003423102278620924
265,-0.11589785841413569,-0.15245448398435268,1694050712.5761826,epsilon_insensitive,elasticnet,0.005656152505048225
266,0.05356393358118838,0.014269904899816166,1694050712.61786,epsilon_insensitive,elasticnet,0.001501083479125728
267,-0.07459659816241637,-0.1152453075300428,1694050712.6573312,epsilon_insensitive,l2,0.25237267143071407
268,-0.09581991298524128,-0.14295867338497725,1694050712.7218173,epsilon_insensitive,elasticnet,0.00014590220853099415
269,0.0469304151277381,0.024260148271570747,1694050712.7608542,epsilon_insensitive,elasticnet,1.9870060102962027e-05
270,-2021210119.5341928,-4055640349.1319065,1694050712.7841141,squared_error,elasticnet,0.002678443460949259
271,-0.12249454159407303,-0.15899699136122614,1694050712.8241408,epsilon_insensitive,elasticnet,0.007940152294488351
272,-0.06667745572300099,-0.10026392436988818,1694050712.891636,epsilon_insensitive,elasticnet,0.0007141743486694228
273,0.05600469228156979,0.03788726526749153,1694050712.922208,epsilon_insensitive,l2,0.15879035747234185
274,-0.03196997515881517,-0.068129240763799,1694050712.960249,epsilon_insensitive,elasticnet,0.02015192689130243
275,-0.007059936124083066,-0.03947142073519827,1694050712.992021,epsilon_insensitive,elasticnet,0.10090253468741715
276,-518443041.50803494,-1041847973.5335696,1694050713.0153053,squared_error,l1,0.004880252357713801
277,-0.1726400692084764,-0.21626426742384353,1694050713.0734525,epsilon_insensitive,elasticnet,0.0012787179417573823
278,0.026658852238614417,-0.012559194495981751,1694050713.1139643,epsilon_insensitive,elasticnet,0.011189967734928596
279,0.010794262204749328,-0.024661511735992736,1694050713.153755,epsilon_insensitive,l2,0.044425399831535636
280,-0.0699318274867502,-0.10886967291869176,1694050713.1957767,epsilon_insensitive,elasticnet,0.003159717449849974
281,0.017277707671439435,-0.005868949768483178,1694050713.2251897,epsilon_insensitive,elasticnet,0.02596342204996599
282,0.006175545548594008,-0.019553875801654685,1694050713.2604094,epsilon_insensitive,elasticnet,0.31520240167903785
283,0.004137815013822155,0.0029150398600708005,1694050713.2817352,squared_error,elasticnet,1.1959351278565131
284,-0.01465752173906787,-0.0516426128138483,1694050713.3199704,epsilon_insensitive,l2,0.006663562881208356
285,-0.11139908407845311,-0.1587700513781598,1694050713.3661716,epsilon_insensitive,elasticnet,0.01466720526331893
286,0.006321451729217831,-0.022041331520896934,1694050713.3952096,epsilon_insensitive,elasticnet,0.06586839549615377
287,-0.03035493521716881,-0.0698994673809068,1694050713.4233377,epsilon_insensitive,None,0.0021763231660446073
288,-0.017195016486451165,-0.05006585068191938,1694050713.4599283,epsilon_insensitive,elasticnet,0.031831080852981836
289,-21733097810.37686,-21982466483.35472,1694050713.4836457,squared_error,elasticnet,0.009281884664292035
290,0.03789400855526193,0.007630969107558783,1694050713.5188296,epsilon_insensitive,l2,0.5642342615184442
291,-0.08648679965085337,-0.12048596954793633,1694050713.5547607,epsilon_insensitive,elasticnet,0.2026568081095455
292,0.0469226426425251,0.01296113082236916,1694050713.6086447,epsilon_insensitive,elasticnet,0.0043524483286497195
293,-0.14749507735902334,-0.18347547028750122,1694050713.6506643,epsilon_insensitive,elasticnet,0.08906041386686513
294,-0.08940972414359494,-0.12924564268934624,1694050713.6957865,epsilon_insensitive,elasticnet,0.013480248186801344
295,-127078985001.92978,-125693828838.41609,1694050713.7198405,squared_error,elasticnet,0.0011390862939873504
296,-0.012478276655469855,-0.044889454096497916,1694050713.7700064,epsilon_insensitive,l2,0.047895295864899594
297,-0.10661464613624783,-0.14249881183204471,1694050713.8031213,epsilon_insensitive,elasticnet,0.020342200089220375
298,0.03547124374919908,-0.00212758446395811,1694050713.8419187,epsilon_insensitive,elasticnet,0.00045879121066440905
299,0.06985891461655913,0.04076649932511467,1694050713.8811545,epsilon_insensitive,elasticnet,0.0027496257887287007
300,0.06654992477607136,0.044135795768122654,1694050713.917056,epsilon_insensitive,elasticnet,0.0029342039745381995
301,-0.010562705341840894,-0.043766686591988124,1694050713.9602306,epsilon_insensitive,elasticnet,0.0025131074083977072
302,-983693634.157737,-1141550228.0521672,1694050713.9846938,squared_error,l1,0.0049438116922472615
303,-0.10030113673810948,-0.1396987013207236,1694050714.0279427,epsilon_insensitive,l2,0.001629306320639448
304,-0.018720369608330012,-0.023322118263072733,1694050714.0617049,epsilon_insensitive,elasticnet,934.5244040091384
305,-0.07947578869555172,-0.10880997419232319,1694050714.10616,epsilon_insensitive,elasticnet,0.006931043243321393
306,-0.1064194711770956,-0.15089439359780688,1694050714.1601784,epsilon_insensitive,elasticnet,0.0008932294754690594
307,-0.018689671535048413,-0.02328815326796274,1694050714.1936374,epsilon_insensitive,elasticnet,120.9017743412359
308,-76962.35032752776,-96827.0467469076,1694050714.2129242,squared_error,l2,0.14886901827864382
309,-0.08712808745708434,-0.13151366112100504,1694050714.25416,epsilon_insensitive,elasticnet,0.0030384824947910605
310,-0.037766975142615955,-0.06661445674412247,1694050714.2805686,epsilon_insensitive,elasticnet,0.4130107159108914
311,0.054561756625274405,0.03851471395873962,1694050714.3234558,epsilon_insensitive,None,14.389982550458715
312,-0.0028469391625276508,-0.0431124463520387,1694050714.373833,epsilon_insensitive,elasticnet,0.002046132311664908
313,0.013531032463913295,-0.016218934585775502,1694050714.424536,epsilon_insensitive,elasticnet,0.003866544418822885
314,0.01682551350910344,-0.016201872780015503,1694050714.4552586,epsilon_insensitive,l2,0.007167387788593357
315,-126368813245.42464,-126439467642.99881,1694050714.479873,squared_error,elasticnet,0.010501117643096934
316,0.07638347965652381,0.05595259086787019,1694050714.5090296,epsilon_insensitive,elasticnet,0.06669450710836101
317,-0.0035102445499461954,-0.04202813418347073,1694050714.5389588,epsilon_insensitive,elasticnet,0.0783348645709436
318,0.025155065106843733,-0.0069051775953790084,1694050714.5702138,epsilon_insensitive,elasticnet,0.10856122141493106
319,0.00896516939520331,-0.020084390427000498,1694050714.609532,epsilon_insensitive,elasticnet,0.05159148609254556
320,0.047303915572123434,0.025069533665973642,1694050714.6364899,epsilon_insensitive,l2,0.22805766227364857
321,0.021607397210418267,-0.007940623755031906,1694050714.6716652,epsilon_insensitive,elasticnet,0.035263331527560775
322,-1996.5331884354407,-1913592.2644642014,1694050714.699368,squared_error,elasticnet,0.07054314809413761
323,-0.017860113756556606,-0.052396256633499894,1694050714.7301025,epsilon_insensitive,elasticnet,0.11298674803248983
324,-0.002047279875297292,-0.032986032255675646,1694050714.7909904,epsilon_insensitive,elasticnet,0.001186035058786652
325,0.06659416107610272,0.032182622518095894,1694050714.8196633,epsilon_insensitive,l2,0.1495757079929141
326,-0.10107124429883863,-0.1314269956382963,1694050714.8472805,epsilon_insensitive,l1,0.15179397070235479
327,-0.036325321325458626,-0.06551299613618644,1694050714.882886,epsilon_insensitive,elasticnet,0.3087718369038894
328,0.06774480909897207,0.04673070315108585,1694050714.9150465,squared_error,elasticnet,0.17268385916312226
329,0.03130090719640366,0.025769266320848527,1694050714.9503658,squared_error,elasticnet,0.18688831941461914
330,0.051450659097007634,0.04312798860395195,1694050714.985615,squared_error,elasticnet,0.45692551314896596
331,0.07204290997633789,0.056367375900175376,1694050715.0220425,squared_error,elasticnet,0.26016084932665917
332,0.03797976864904218,0.030670445466749685,1694050715.0546412,squared_error,elasticnet,0.7285240484291776
333,0.0662807149660033,0.04744381461446079,1694050715.086915,squared_error,elasticnet,0.19423810341345638
334,0.07092524707165393,0.057578502835353484,1694050715.1198838,squared_error,elasticnet,0.23909602530849816
335,0.048187362969399405,0.030082157573205648,1694050715.1490471,squared_error,elasticnet,0.2797936295650976
336,0.05866406068705021,0.04250712305072146,1694050715.1781044,squared_error,elasticnet,0.19720594518779555
337,0.058706185126552346,0.04069026525286101,1694050715.222188,squared_error,elasticnet,0.1334309360120062
338,0.035092389536546365,0.027259132417052356,1694050715.2698808,squared_error,elasticnet,0.4836016074359033
339,0.06359419244227393,0.05182349263647046,1694050715.3114657,squared_error,elasticnet,0.2195852304101291
340,0.06716479337393821,0.055790760983168264,1694050715.3423297,squared_error,elasticnet,0.2755453918571816
341,0.046019415074813,0.03335280952773556,1694050715.3752193,squared_error,elasticnet,0.4305585746625712
342,0.051862417881178846,0.04292369948743402,1694050715.4075005,squared_error,elasticnet,0.298318867793297
343,0.06913746052416603,0.05232538782264762,1694050715.4601953,squared_error,elasticnet,0.12641611872791614
344,-57.777210151868815,-55.31082670129113,1694050715.487213,squared_error,elasticnet,0.12479343404113818
345,-1993.371357523683,-9906061.78139588,1694050715.5143297,squared_error,elasticnet,0.0872105656351003
346,0.03501534118137506,0.025531797132420042,1694050715.5450761,squared_error,elasticnet,0.6396027732239682
347,0.02107370528284147,-108341.28151590505,1694050715.5738528,squared_error,elasticnet,0.1509370108319624
348,0.04949917819084004,0.0434654289099109,1694050715.6048265,squared_error,elasticnet,0.3512597413549229
349,-16688.89867876742,-13915333.850615136,1694050715.6322565,squared_error,elasticnet,0.06806449484761258
350,-2680241191.344069,-4194001285.1947193,1694050715.6545782,squared_error,None,0.27005296636629117
351,0.012897444521138723,0.009153356192868722,1694050715.6840458,squared_error,elasticnet,0.8916882293756081
352,0.06722042264782624,0.047730506619937274,1694050715.7217839,squared_error,elasticnet,0.14057311656031382
353,0.008100916512245093,-115656.54802665922,1694050715.7510164,squared_error,elasticnet,0.10384839860342177
354,-245422.39842448497,-7644137.238314522,1694050715.7779887,squared_error,elasticnet,0.06933906607319054
355,0.036808096854019756,0.03193514906388506,1694050715.8089488,squared_error,elasticnet,0.2474495058921299
356,-1.1085434068989777,-147053.7326457786,1694050715.837702,squared_error,elasticnet,0.11564015194457072
357,-5.039552169550099e-05,-0.000101140381719933,1694050715.864124,squared_error,elasticnet,41382.82732490729
358,0.05562186785467216,0.04453848807034322,1694050715.8996024,squared_error,elasticnet,0.3631150587314949
359,-4.4165377529825633e-05,-0.0001103793578824952,1694050715.9256833,squared_error,elasticnet,1.7177787864851197
360,-115.69568922601769,-155484.2109762722,1694050715.9511807,squared_error,elasticnet,0.08220163498298816
361,-4.8772379249273357e-05,-0.00010345136313238967,1694050715.975317,squared_error,elasticnet,3.083113089125833
362,-3712128.2677359963,-40443049.36570572,1694050716.002607,squared_error,elasticnet,0.04671632659372161
363,-8.860788059905644e-05,-6.0263567027485365e-05,1694050716.0295908,squared_error,elasticnet,1.1797435441260944
364,0.06865313353767755,0.0561382424068384,1694050716.0627606,squared_error,elasticnet,0.17127372408301655
365,0.07644755264815217,0.05223269870427283,1694050716.092909,squared_error,elasticnet,0.1827292727372014
366,0.07382984078247423,0.058964486561290275,1694050716.1281173,squared_error,elasticnet,0.19204487065629133
367,0.07346542712532333,0.05824567251756563,1694050716.1680422,squared_error,elasticnet,0.1900993091150801
368,0.07382251130532047,0.05625588065462728,1694050716.1978762,squared_error,elasticnet,0.20230259132606834
369,0.036675868456260696,0.02879604061537777,1694050716.2329295,squared_error,elasticnet,0.6575080825997736
370,0.07152888957724168,0.055372412116542424,1694050716.2612474,squared_error,elasticnet,0.21034682854630662
371,0.04910237832753772,0.03182143320191211,1694050716.2904086,squared_error,elasticnet,0.36826853747965554
372,0.06746555243919927,0.05146154120402979,1694050716.3297253,squared_error,elasticnet,0.1934008444913263
373,-178.98077014965529,-1073799.9227983372,1694050716.3587627,squared_error,elasticnet,0.10284022397632621
374,0.06916093071236362,0.05384006010539144,1694050716.4023535,squared_error,elasticnet,0.2550489129269146
375,0.038809617532849394,0.03560667197730183,1694050716.438625,squared_error,elasticnet,0.52168781528957
376,-4.406587586736066e-05,-0.00011053542278616213,1694050716.4652958,squared_error,l1,0.3227677457618045
377,0.06203245032598936,0.051603149724202546,1694050716.4938498,squared_error,elasticnet,0.22131719875734399
378,0.033923854720646296,0.025916114565505577,1694050716.5288835,squared_error,elasticnet,0.48371525555924894
379,0.06422060244652894,0.052061335034431666,1694050716.5603173,squared_error,elasticnet,0.2516102745720496
380,-1111.855956366591,-58749961.103932954,1694050716.5883024,squared_error,elasticnet,0.05115224078858842
381,0.05598320936459,0.04335115551861579,1694050716.6168952,squared_error,elasticnet,0.5549499768731032
382,-1386.8080254719519,-532421.3744720987,1694050716.6436963,squared_error,elasticnet,0.08957899968807671
383,0.07359611700617852,0.05971224860093083,1694050716.6854143,squared_error,elasticnet,0.2111054093063916
384,0.004412938268630318,0.004048105854942086,1694050716.7108526,squared_error,elasticnet,0.8651428721344655
385,0.06624712810784239,0.049741923484753814,1694050716.7509499,squared_error,elasticnet,0.1411740816150772
386,-626601847.0594654,-2404464677.573532,1694050716.7750776,squared_error,None,0.06565541787712158
387,0.031161096366104646,0.013831551524703833,1694050716.8131208,squared_error,elasticnet,0.34378901709795606
388,0.06620018846754094,0.053626508975875065,1694050716.8423536,squared_error,elasticnet,0.18664709795478562
389,-5.212052673408962e-05,-9.875270973092043e-05,1694050716.868574,squared_error,elasticnet,28479.92599700185
390,-5.201849974056927e-05,-9.889203333424135e-05,1694050716.8957958,squared_error,elasticnet,6486.207801608716
391,-151842347.46534783,-334421203.92106265,1694050716.9228292,squared_error,elasticnet,0.025884433370420488
392,-8.221342952184676,-556849.5278851797,1694050716.952017,squared_error,elasticnet,0.09890123374871501
393,-1539.2168253019945,-10329405.124141281,1694050716.978225,squared_error,elasticnet,0.052259236910783276
394,0.06752909192930245,0.05531266487755915,1694050717.0107374,squared_error,elasticnet,0.18868804773261974
395,-9176147160.123903,-11492850320.367104,1694050717.0371547,squared_error,elasticnet,0.0003179038975913232
396,-5.19606988313992e-05,-9.897106798839594e-05,1694050717.061875,squared_error,elasticnet,8.583211102568534
397,0.0635597111202133,0.04801080782905642,1694050717.092887,squared_error,elasticnet,0.3704428649609925
398,-299423371.095585,-3655144357.8630095,1694050717.1187522,squared_error,l1,0.020869072093555333
399,0.07826840627516984,0.05931224021579218,1694050717.149251,squared_error,elasticnet,0.1389560001287118
