trial,score,test_score,time,alpha
0,0,0,1694024789.217161,0
0,0.04528092492814351,0.03974596212114945,1694024789.2289536,squared_error,None,1
1,-0.0010019018731164397,-0.00014440868939979978,1694024789.237078,squared_error,l1,4.791214461655312
2,-0.010651992557518364,-0.0035831955943494975,1694024789.2471764,epsilon_insensitive,elasticnet,5013.274471944538
3,-0.05761030317512561,-0.037191208584475,1694024789.255971,epsilon_insensitive,l2,0.00027135190452611067
4,-0.010574378850005006,-0.0035380389569064086,1694024789.2655382,epsilon_insensitive,elasticnet,4.8343655749956795
5,0.0486527831663921,0.04773944762315063,1694024789.2789156,squared_error,elasticnet,0.03936216755882148
6,0.011290515682342628,-0.005581089432564079,1694024789.287587,squared_error,elasticnet,0.00019465384042153053
7,0.042626787731199545,0.034690935127673406,1694024789.2983038,squared_error,elasticnet,0.0012267824683229042
8,0.028069358826191326,0.039769918368598556,1694024789.3096223,squared_error,l2,0.00012698470419737914
9,-0.010637342313976506,-0.0035746626257204817,1694024789.3196511,epsilon_insensitive,elasticnet,2395.791804707535
10,0.0474373041879631,0.04959696195783714,1694024789.330984,squared_error,l2,2.4653462464495792e-05
11,-0.02488858148041717,-0.020296926699951978,1694024789.3396294,epsilon_insensitive,None,4.380008602624772e-05
12,-0.023254571448974026,-0.014702628685260954,1694024789.3536348,epsilon_insensitive,None,19631.883842304764
13,0.00944137970696901,0.013797509244091843,1694024789.3650994,squared_error,l2,7.330428264462484
14,0.044018389227562404,0.0488880032665483,1694024789.373613,squared_error,None,41868.31193557342
15,0.04322758690237083,0.0491161724050001,1694024789.3881698,squared_error,None,0.29597415284880574
16,-0.08600242691547644,-0.0628428459715431,1694024789.3969743,epsilon_insensitive,None,6.497237262186978
17,-0.07549314869546775,-0.045607468213145985,1694024789.4058733,epsilon_insensitive,elasticnet,0.1732010360659086
18,-0.015721328911314725,0.006146238092706424,1694024789.4148226,epsilon_insensitive,l2,0.19394876095969002
19,0.03229570014062,0.04252173637910661,1694024789.4251876,squared_error,None,33.191944834437535
20,-0.001053151981214473,-0.00012575287301963556,1694024789.433435,squared_error,elasticnet,109.3668831711292
21,0.04687504313835922,0.0430219338823814,1694024789.4441361,squared_error,l2,0.00042162790527567413
22,-0.0664937594388928,-0.04577801287074701,1694024789.4569082,epsilon_insensitive,l1,4.916657484820684e-05
23,-0.09990073165665136,-0.0738290290843846,1694024789.4691453,epsilon_insensitive,elasticnet,1.3096065599990603e-05
24,0.041046241989524335,0.04771597738379019,1694024789.4790323,squared_error,l2,1.5318560093175874e-05
25,-0.09449904346429205,-0.0693640214116591,1694024789.4906154,epsilon_insensitive,l2,0.00044354895969047774
26,-0.08075718990158398,-0.054688619186377574,1694024789.4994955,epsilon_insensitive,l2,7.926834000844167
27,-0.11967506414066875,-0.09233694442258411,1694024789.5142598,epsilon_insensitive,None,248.6039074949316
28,-0.01078126707226934,-0.0036586761611643315,1694024789.5240092,epsilon_insensitive,elasticnet,91.9252645000314
29,-0.022756539408319343,-0.010364464438543441,1694024789.533939,epsilon_insensitive,elasticnet,2.3216252103366566
30,-0.0016027868615635654,-0.0033730092371124787,1694024789.5409257,squared_error,l2,383.518694509196
31,0.04755003021055948,0.04626829247243791,1694024789.54936,squared_error,None,0.00543776391184828
32,-0.010725916650218936,-0.0036263176966961908,1694024789.5586314,epsilon_insensitive,l1,203.49702650376653
33,-0.03993173705087294,-0.01524565272290257,1694024789.5670094,epsilon_insensitive,l1,0.05516959595638204
34,-0.02129106910982914,-0.02279062480699956,1694024789.5767941,epsilon_insensitive,l2,0.00020925751491501665
35,-0.01916096595160255,0.0022996730954366607,1694024789.5852041,epsilon_insensitive,l1,0.03598548650513075
36,-0.20576683791990136,-0.1677701439288728,1694024789.5949888,epsilon_insensitive,l2,6.994564664371371
37,-0.03425987284627863,-0.024022916208171763,1694024789.6052787,epsilon_insensitive,None,50.022508409986834
38,-0.05611967210899804,-0.03845688382826995,1694024789.6182055,epsilon_insensitive,None,5821.7352720806
39,-0.029306115714060388,-0.04440016051540807,1694024789.626014,squared_error,l2,20.159481999685543
40,-0.07314990284156053,-0.05038139601456715,1694024789.641408,epsilon_insensitive,l1,0.0003029762664275368
41,-0.016957852682492724,-0.007078557060700819,1694024789.6528747,epsilon_insensitive,l2,1664.0919968493579
42,0.027953002806927252,0.03930361728729137,1694024789.6621494,squared_error,None,40583.22731487048
43,-0.03273276517787527,-0.025379209766426047,1694024789.675228,epsilon_insensitive,elasticnet,0.00021128873724310352
44,0.047338798518385405,0.04330651830772059,1694024789.6848862,squared_error,l2,7.871007792987807e-05
45,-0.024945373560239403,-0.01209147863542026,1694024789.6970153,epsilon_insensitive,elasticnet,0.005049856677753311
46,-0.024431706860404745,-0.017741078946091893,1694024789.7056255,epsilon_insensitive,None,90.41790838508281
47,-0.00390897443775029,-0.007653972997743397,1694024789.7132032,squared_error,l2,612.2854784469998
48,-0.130560493126604,-0.10036313145371856,1694024789.7266643,epsilon_insensitive,l2,0.0009344214555479307
49,-0.010807777988944833,-0.0036741960920676497,1694024789.7359848,epsilon_insensitive,l1,5.962515050828566
50,-0.044255386625023485,-0.030048237009625334,1694024789.747125,epsilon_insensitive,None,65.15160306158148
51,-0.1463228883798866,-0.11179244943518651,1694024789.7550159,epsilon_insensitive,l2,2.741949808656116
52,0.027846565305266524,0.03927921693490466,1694024789.7676692,squared_error,None,79.47859879572918
53,-0.010767434996607372,-0.003650584115522104,1694024789.7769058,epsilon_insensitive,l1,920.2688992599051
54,-0.12910375902881888,-0.10014949282980856,1694024789.7871625,epsilon_insensitive,None,5.721522635668298
55,0.04620697522702544,0.0414033510309022,1694024789.8013258,squared_error,l1,4.237693285086388e-05
56,0.019908755155654823,0.029292499299519936,1694024789.8104062,epsilon_insensitive,elasticnet,0.03690361442341106
57,0.04562517718335701,0.048152120693234934,1694024789.8179157,squared_error,None,4953.193626962185
58,-0.10585409712060234,-0.07188386028808602,1694024789.8258872,epsilon_insensitive,l2,0.19406947231050067
59,0.040169039936193474,0.04727730969452926,1694024789.8384123,squared_error,l2,0.00014283774042242198
60,-0.0010279443899743335,-0.00013470953903316207,1694024789.8462567,squared_error,l1,0.799932727731031
61,-0.11252970754174685,-0.08281243621491896,1694024789.8636422,epsilon_insensitive,l1,0.00288823050027478
62,-0.04770852072258691,-0.03135362695766197,1694024789.874843,epsilon_insensitive,None,0.140788989986568
63,-0.0010347292696877286,-0.0001322576731002112,1694024789.8826683,squared_error,l1,1411.4477108415247
64,-0.040386388097837456,-0.02664991133714434,1694024789.8946087,epsilon_insensitive,elasticnet,0.00011456752966485302
65,-0.20510993449766746,-0.1664297016696643,1694024789.9049475,epsilon_insensitive,None,0.0053011361039747296
66,-0.034665501309056435,-0.011176002694279319,1694024789.915415,epsilon_insensitive,l1,0.011083682427529697
67,-0.016659123533945275,-0.0070410925127171176,1694024789.9288177,epsilon_insensitive,l2,25240.43838078729
68,-0.03190434131649744,-0.044170913677384904,1694024789.939442,epsilon_insensitive,l2,0.008471109866941051
69,0.013869539373945083,0.028678464077864785,1694024789.9504244,squared_error,None,47637.25388009192
70,-0.009970035842510327,-0.007754632965150554,1694024789.9613395,epsilon_insensitive,l2,0.005206281855494813
71,-0.0618705560501438,-0.036833700348004594,1694024789.973043,epsilon_insensitive,l2,1.7770695386204634
72,-0.0395860618396342,-0.022280817194769265,1694024789.9833853,epsilon_insensitive,l1,0.28930445845782177
73,0.014146328019506993,0.02932168555351289,1694024789.9918997,squared_error,l1,0.0011200486053057608
74,-0.0010235331672037162,-0.00013632010007547102,1694024789.9997613,squared_error,l1,126.87273139892888
75,0.04894465582014751,0.046254487739037176,1694024790.0083663,squared_error,l2,1.750378608335548e-05
76,0.046375037262225804,0.04978920385221153,1694024790.0210855,squared_error,None,89.68092086461537
77,-0.0016749966648730297,-0.0031952389742120335,1694024790.0285437,squared_error,l2,42432.94734302613
78,0.036742130486429825,0.045414962043365925,1694024790.0388622,squared_error,l1,9.384891505944866e-05
79,-0.0010349941302532084,-0.00013216257904780093,1694024790.04673,squared_error,l1,17.098055804769814
80,-0.01005490947546206,-0.003991058960000515,1694024790.0582762,epsilon_insensitive,l2,16729.37891746615
81,0.043181376826238904,0.03542633421413521,1694024790.0713456,squared_error,l2,0.0005593968823398667
82,-0.0010286952007603212,-0.00013443671012725034,1694024790.0806248,squared_error,elasticnet,11988.254209757988
83,0.04545579525485721,0.04075422852632449,1694024790.0902915,squared_error,elasticnet,2.4897470461575075e-05
84,-0.0010617040248606102,-0.00012280788243490548,1694024790.0981581,squared_error,l1,1.9471494679670278
85,0.034498193864836324,0.04326043640919286,1694024790.1074243,squared_error,None,0.0005579353183704193
86,0.03170726295072046,0.04216112575204101,1694024790.1161082,squared_error,l2,0.0024217695217156514
87,-0.03802855962331897,-0.023013246878631932,1694024790.1302192,epsilon_insensitive,elasticnet,9.29050950068856e-05
88,-0.001036472057757809,-0.00013163280281980327,1694024790.1383872,squared_error,elasticnet,163.7067850085496
89,0.04757525111290872,0.048435104935025786,1694024790.1483934,squared_error,l1,0.022645488666910185
90,-0.024572692278646446,-0.02497978618509933,1694024790.1578887,epsilon_insensitive,None,38673.12176805611
91,-0.019804418313870142,-0.021145683882562327,1694024790.1690872,epsilon_insensitive,None,68275.11221503321
92,-0.10620291656594527,-0.07986442426298201,1694024790.1777012,epsilon_insensitive,None,9.38814844175452e-05
93,0.025424859008646217,0.026647532457321987,1694024790.1869328,squared_error,elasticnet,0.5084040940742326
94,0.02489935956662248,0.037952975098183406,1694024790.1968513,squared_error,l1,0.0051584683187004465
95,-0.010497383842914543,0.010712719636270074,1694024790.2067797,epsilon_insensitive,elasticnet,0.09808700016885774
96,0.015912989695983426,0.009808129742288951,1694024790.2145844,squared_error,l2,2.3400762605311645
97,0.04312592496185219,0.048296730709099345,1694024790.222225,squared_error,None,0.0001252692798134891
98,0.04797744222950573,0.04572223600303915,1694024790.2344186,squared_error,l2,1.9584042750061294e-05
99,-0.010711948064924037,-0.0036181610801813147,1694024790.2437558,epsilon_insensitive,l1,1.5187914300224101
100,-0.12257498142999323,-0.09425513363846072,1694024790.2583122,epsilon_insensitive,l1,0.00010003238171011085
101,-0.009597320868671488,-0.0035501658774315104,1694024790.2691267,epsilon_insensitive,l2,542.6945303603388
102,-0.010608043999845496,-0.003557610875631001,1694024790.2789323,epsilon_insensitive,elasticnet,652.823834928623
103,0.0013391465848306972,0.0037283975356584564,1694024790.2867928,squared_error,l2,80.88123268287855
104,-0.07694995342364441,-0.054045228605538176,1694024790.2974086,epsilon_insensitive,l2,0.004064854397198569
105,0.041902868355023104,0.04809789046047308,1694024790.3051987,squared_error,l2,2.9380795281092564e-05
106,-0.034565393637323805,-0.022066393249645433,1694024790.31896,epsilon_insensitive,None,157.10918597231012
107,-0.008876640775711708,-0.0027164592745725358,1694024790.3309803,epsilon_insensitive,elasticnet,0.004699701974879849
108,-0.18245409375676447,-0.14948694407450103,1694024790.3464916,epsilon_insensitive,None,0.38461982919289367
109,-0.010747390254608469,-0.0036388642223250667,1694024790.3566034,epsilon_insensitive,elasticnet,45864.26691987995
110,-0.05982320958661447,-0.03983873514986369,1694024790.3669748,epsilon_insensitive,None,0.008725023871044839
111,-0.0008508935717170818,0.001809911040596801,1694024790.3754547,squared_error,l2,2682.5565031544106
112,-0.03968004551860482,-0.05049459346697627,1694024790.3884108,epsilon_insensitive,None,0.00011917277479705791
113,-0.14551493915585723,-0.10901139110568825,1694024790.3973205,epsilon_insensitive,elasticnet,0.082788380234316
114,0.037918242614722764,0.031802640065770826,1694024790.407671,squared_error,elasticnet,0.05943821052712187
115,-0.04155794251850331,-0.016840019416967777,1694024790.4160953,epsilon_insensitive,l1,0.03751859063193131
116,-0.006586374636457393,0.012542499422130704,1694024790.4254854,epsilon_insensitive,l1,0.10721610453908921
117,-0.11307619268103597,-0.08477600513953432,1694024790.436213,epsilon_insensitive,l1,0.001209295735081426
118,-0.02432160052237209,-0.020660120857006525,1694024790.4537392,epsilon_insensitive,l1,0.00014342297245366125
119,-0.025106730066571714,-0.009606819154862167,1694024790.4670484,epsilon_insensitive,elasticnet,0.008489569152643107
120,-0.010741393629881912,-0.003635359616883216,1694024790.4772954,epsilon_insensitive,elasticnet,6650.2308182554225
121,-0.03581231659013251,-0.022444607013339724,1694024790.4904141,epsilon_insensitive,elasticnet,1.1259773196476924e-05
122,0.031754728582122915,0.041399551001570556,1694024790.5058615,squared_error,l1,0.038900285020891295
123,-0.036154038035501435,-0.025676336839172142,1694024790.516196,epsilon_insensitive,None,0.00030061686446707455
124,0.046008609758873886,0.040120178513722515,1694024790.525795,squared_error,l2,0.018310336534967057
125,-0.001014945935753131,-0.0001394929246318899,1694024790.5339038,squared_error,elasticnet,188.5688329848809
126,-0.006534964020357137,0.0012463892603284954,1694024790.5408523,squared_error,l2,228.52776280116348
127,0.048461829318056426,0.04498148494419685,1694024790.552722,squared_error,None,16.28142727468694
128,0.04814515085984339,0.04902104032935273,1694024790.5629103,squared_error,None,0.030333283733851236
129,-0.03003972992155801,-0.025432882523791278,1694024790.570868,epsilon_insensitive,l2,0.0005671797216632091
130,0.01887727928056926,0.01550557412149467,1694024790.5821245,squared_error,l2,4.624460453530529
131,-0.010672867677612885,-0.0035953616338539884,1694024790.591392,epsilon_insensitive,l1,0.707385985690748
132,-0.01213739504803879,-0.002365594759770495,1694024790.603816,epsilon_insensitive,l1,0.0014746959954168243
133,-0.03033738680518394,-0.020900891417496847,1694024790.6159291,epsilon_insensitive,None,0.009591214342641865
134,-0.0010252602157965196,-0.00013568799250629482,1694024790.6238167,squared_error,l1,114.05135252306961
135,-0.08043767407788471,-0.059919014908907275,1694024790.6323478,epsilon_insensitive,None,0.0015018564864231316
136,-0.03211810856037234,-0.022236311325073643,1694024790.6417491,epsilon_insensitive,None,1.6663210860305637
137,0.04490105132109645,0.04967397488268488,1694024790.6530561,squared_error,l2,0.016723815991845945
138,0.04560033849234901,0.03951348044410663,1694024790.6637554,squared_error,elasticnet,0.0005820950268507342
139,-0.020882067102560686,-0.0005986755014737444,1694024790.6742475,epsilon_insensitive,l1,0.01100868826474182
140,0.02909984024563894,0.04002693254541201,1694024790.6818435,squared_error,None,0.8387143369791229
141,-0.04908967779137585,-0.03221165869441367,1694024790.693438,epsilon_insensitive,l2,0.001975488231955449
142,-0.001037929137632343,-0.00013111190967096675,1694024790.7015386,squared_error,elasticnet,59.07604887387198
143,-0.03643490297951768,-0.04507826325643571,1694024790.7161212,epsilon_insensitive,None,1.5878671583837016
144,-0.0010362013928819636,-0.00013172971721586713,1694024790.723996,squared_error,l1,0.36900840525086
145,0.046908646319408054,0.048920656551960096,1694024790.7340832,squared_error,None,0.0022821397790777245
146,0.04239280721604988,0.048633012063798,1694024790.748242,squared_error,l1,0.000713650985394784
147,-0.112891521155281,-0.08507906013454969,1694024790.7567992,epsilon_insensitive,None,156.2754003059704
148,0.009472168641370793,0.016059585541469135,1694024790.767861,epsilon_insensitive,elasticnet,0.014699638872884243
149,0.04792269536188576,0.0464881554715576,1694024790.777164,squared_error,None,0.5665624952321282
150,-0.02011656564426656,-0.018699984124787905,1694024790.7865496,epsilon_insensitive,None,0.002126800343627203
151,0.04916846395249319,0.049251986861539865,1694024790.7997,squared_error,l1,1.1300573287068237e-05
152,0.04868952101658419,0.04679961899424445,1694024790.8173263,squared_error,elasticnet,0.00033133878249453014
153,0.04911937529682853,0.0486236693968618,1694024790.8311574,squared_error,elasticnet,0.004430941130460511
154,-0.010726669246424958,-0.003626757266791847,1694024790.8412519,epsilon_insensitive,elasticnet,47138.74548644704
155,-0.15177145414587256,-0.11469306060889761,1694024790.8532498,epsilon_insensitive,elasticnet,0.03485364619370878
156,-0.001056293732561553,-0.00012466553465451113,1694024790.8611162,squared_error,l1,46832.69830825738
157,-0.008938600578148215,-0.0034393959032317234,1694024790.871634,epsilon_insensitive,l2,70971.9590629091
158,-0.001999401731983097,0.016848674782942274,1694024790.886749,epsilon_insensitive,l2,0.1721378471514255
159,-0.010634803550038319,-0.003573184371428173,1694024790.8969362,epsilon_insensitive,elasticnet,11542.880455137325
160,-0.012206133590293211,-0.005160350299953098,1694024790.9103198,epsilon_insensitive,l2,95486.06786051983
161,-0.016784119459418045,-0.006759165109462506,1694024790.9217796,epsilon_insensitive,l2,36410.91523334676
162,-0.0011020373722274712,0.0012936618916064013,1694024790.9288778,squared_error,l2,827.2070208506061
163,0.04850669182750278,0.04984554294436605,1694024790.9436083,squared_error,l2,0.005841135784728096
164,-0.029538090068577327,-0.011457023302231084,1694024790.9541175,epsilon_insensitive,l1,0.00486508337736778
165,-0.002272334230867701,-0.005080218316105611,1694024790.9610322,squared_error,l2,323.83441090408456
166,-0.0010162841922256582,-0.0001389951785861765,1694024790.9689484,squared_error,l1,0.22662895973752312
167,0.030368972334921085,0.041160201906353056,1694024790.9781713,squared_error,None,68950.63923208749
168,-0.01663965749569707,-0.006659785722108902,1694024790.9895892,epsilon_insensitive,l2,17945.28057478576
169,-0.010552990360696679,-0.003525616231372375,1694024790.999798,epsilon_insensitive,elasticnet,19044.15317811141
170,-0.010752249485170395,-0.003641704621791808,1694024791.0090027,epsilon_insensitive,l1,4.022591088026293
171,-0.18756368516681055,-0.1520594358989713,1694024791.0183902,epsilon_insensitive,None,7632.211651622564
172,-0.010687162831152008,-0.0036036978809719233,1694024791.0282285,epsilon_insensitive,elasticnet,1025.058857123977
173,0.039511082947467635,0.047067928660104896,1694024791.0414066,squared_error,l1,0.0004991085753837442
174,0.02923639695651481,0.04027404816256119,1694024791.051539,squared_error,None,0.00015351654356103334
175,-0.03759373736168237,-0.02205639130641579,1694024791.062173,epsilon_insensitive,l2,0.0007213856222536424
176,0.042982382364549876,0.035138761435314025,1694024791.0756652,squared_error,None,0.10396372936770808
177,-0.01073171480340629,-0.0036297045231652447,1694024791.0855553,epsilon_insensitive,elasticnet,1134.029557070077
178,0.009391839627185483,0.002880381136919241,1694024791.0989268,epsilon_insensitive,l2,3.572243664517997
179,0.039473507643340566,0.031855706554016594,1694024791.109924,squared_error,None,86.59049700777602
180,-0.06410486490505218,-0.04415100458840593,1694024791.12449,epsilon_insensitive,None,62067.34950762754
181,-0.01071593462887832,-0.0036204885429178546,1694024791.1337352,epsilon_insensitive,l1,502.6680036210423
182,0.047489498159675736,0.04920267877992068,1694024791.1430087,squared_error,None,3.0793799991254405
183,0.028246726908419895,0.01600940720675048,1694024791.1556675,squared_error,None,0.0002497225658945177
184,-0.08795724639532487,-0.05678999764816339,1694024791.1646452,epsilon_insensitive,elasticnet,0.06724224310132056
185,-0.0010002568998768169,-0.00014503694695666702,1694024791.1728818,squared_error,elasticnet,4689.703824168404
186,0.04463154631059396,0.04909385423604007,1694024791.1865513,squared_error,elasticnet,9.508272390532128e-05
187,-0.010793443466956765,-0.003665802712471633,1694024791.1957986,epsilon_insensitive,l1,1655.9189802272583
188,0.04695696166263086,0.04248776787774078,1694024791.2104928,squared_error,elasticnet,2.3512350053250487e-05
189,0.04703928728655149,0.05001413024347323,1694024791.224291,squared_error,elasticnet,2.7906868752635934e-05
190,0.030841064548592034,0.03996674339136652,1694024791.2358935,epsilon_insensitive,l2,0.10204591785772245
191,-0.040873537471278976,-0.02640357360639456,1694024791.2444923,epsilon_insensitive,None,107.61929932254384
192,-0.010717296511307817,-0.003621283718583168,1694024791.2537792,epsilon_insensitive,l1,73.08063293174682
193,0.04800927939257438,0.048787339368790095,1694024791.2670877,squared_error,l2,6.0598377592508975e-05
194,-0.0010325128865678046,-0.000133055250407077,1694024791.2752795,squared_error,elasticnet,3.0378254726974707
195,-0.0009992831399088242,-0.0001454097374729013,1694024791.2831664,squared_error,l1,6.34422692326241
196,-0.0010191666882204409,-0.00013792720235783484,1694024791.2912898,squared_error,elasticnet,1.449562707195712
197,0.010639723379367694,0.01199384400955772,1694024791.2993991,squared_error,elasticnet,1.0566543349265272
198,-0.001025139868889191,-0.00013573197515537316,1694024791.3072278,squared_error,l1,3.6419316801617487
199,0.04783809545093698,0.049284803512922415,1694024791.3181992,squared_error,None,7461.5922444641865
200,-0.04036089132010656,-0.028882631768853972,1694024791.3293624,epsilon_insensitive,None,13228.467361116054
201,-0.010789334986548882,-0.0036633977921161076,1694024791.3385537,epsilon_insensitive,l1,27.6841873292561
202,0.0012381863836723461,0.005701153159693884,1694024791.3464355,squared_error,l2,71.56018573825902
203,-0.006396568004060965,0.0011811338515054226,1694024791.3533528,squared_error,l2,320.1596041497944
204,0.023225561245772908,0.02821212780635174,1694024791.3638942,epsilon_insensitive,l1,0.009146980097975339
205,0.027247569379614145,0.035475988081709264,1694024791.374315,squared_error,l2,0.7885861107592748
206,0.0486159837151775,0.048525362716920095,1694024791.386128,squared_error,None,123.17089528197145
207,0.04501961281355282,0.04921356089480022,1694024791.3945558,squared_error,None,0.005194107744853117
208,-0.058387174158538,-0.0407426185713784,1694024791.4039776,epsilon_insensitive,None,10502.970557352508
209,-0.0010198026917600522,-0.0001376923180573808,1694024791.4117794,squared_error,l1,51.913100481979576
210,0.0113452510119183,0.02408091761012232,1694024791.4246938,epsilon_insensitive,elasticnet,0.5518844057286234
211,-0.027129526979759344,-0.017726234818778552,1694024791.4326646,epsilon_insensitive,l2,2.401302181176629e-05
212,-0.02625277904803691,-0.003450429894399143,1694024791.4410408,epsilon_insensitive,l1,0.034529502868379545
213,0.020454412332017724,0.03358598527073464,1694024791.451662,squared_error,elasticnet,0.0008634414711729874
214,0.008164577803286166,0.018764474742719917,1694024791.4625323,epsilon_insensitive,elasticnet,0.8698664015682667
215,-0.024128734511060124,-0.015941771144412753,1694024791.4725149,epsilon_insensitive,elasticnet,2.8517216950728105e-05
216,-0.001427372351706424,0.0012240757223435095,1694024791.479576,squared_error,l2,791.9450180310181
217,-0.0005415285884169396,0.0006696300846229519,1694024791.4875093,squared_error,l2,507.5053398634711
218,-0.010736077256517929,-0.0036322531649062295,1694024791.497543,epsilon_insensitive,elasticnet,66948.1972167031
219,-0.043333559626343554,-0.02850840988556147,1694024791.5104532,epsilon_insensitive,None,996.9063350517586
220,0.04624949209341722,0.04159220714701983,1694024791.5194197,squared_error,l1,0.009604129051035373
221,-0.032409035639990647,-0.021781428522747337,1694024791.5331435,epsilon_insensitive,None,2972.1921536113887
222,-0.026455904852680012,-0.019678533637251583,1694024791.5477607,epsilon_insensitive,None,40519.56128012386
223,-0.011889116263204658,0.00808724031826824,1694024791.56056,squared_error,elasticnet,4.852531324190428e-05
224,0.042178350789050745,0.048542308262293665,1694024791.5730247,squared_error,elasticnet,0.019477696714529716
225,0.02067702032851826,0.0061165934450309045,1694024791.583985,squared_error,None,488.8710975075492
226,-0.025931439136586132,-0.019032868821498017,1694024791.5984807,epsilon_insensitive,l1,2.2012552436752175e-05
227,-0.13180621573252616,-0.10221633002604125,1694024791.6128323,epsilon_insensitive,l2,9.718491695750653e-05
228,-0.08040990015336802,-0.05688471615118562,1694024791.6231923,epsilon_insensitive,None,0.13069669187353755
229,-0.0010289063740889226,-0.00013436004192413087,1694024791.6310966,squared_error,l1,32.295353198748614
230,-0.12844912490376292,-0.10030269619390775,1694024791.6404624,epsilon_insensitive,None,6541.430035647613
231,-0.0956568711351713,-0.07002682471890687,1694024791.648984,epsilon_insensitive,None,1.162296222208826
232,-0.0026909855244179326,-0.005035815166234192,1694024791.6569016,squared_error,l2,603.0988068062547
233,0.045445023409982244,0.03933563907446236,1694024791.6661577,squared_error,None,24.189614653917996
234,-0.0010338640138951583,-0.00013256865300736997,1694024791.673992,squared_error,l1,0.3296629805430029
235,0.04464063061610868,0.049055839262056145,1694024791.683671,squared_error,elasticnet,0.0022893060311307022
236,0.04768897022161578,0.04910363947798102,1694024791.6920576,squared_error,None,0.0025288507603956935
237,-0.0010277961675972946,-0.00013476344441087917,1694024791.7001495,squared_error,elasticnet,3.564009255769976
238,-0.03307391734713572,-0.022365453583272688,1694024791.7094991,epsilon_insensitive,None,513.7755917783597
239,0.047608568642877436,0.04906320845711565,1694024791.7198133,squared_error,l1,2.770254781530703e-05
240,0.03971853627738098,0.04680932999207377,1694024791.7311373,squared_error,l2,0.024600610493568084
241,-0.0010524030833434228,-0.00012601299828096657,1694024791.739414,squared_error,elasticnet,9920.122457608306
242,-0.0010412107862671771,-0.00012994386144260517,1694024791.7472024,squared_error,l1,192.63697746345002
243,-0.05589678410321608,-0.030391729693405756,1694024791.7595603,epsilon_insensitive,l1,0.14438868006610484
244,-0.0010225613498167085,-0.0001366766705264144,1694024791.7674189,squared_error,l1,2823.425110041563
245,-0.0019203290394771422,-0.0038545401850407224,1694024791.7756164,squared_error,l2,1203.631106945449
246,-0.031348329130938435,-0.03556489124711759,1694024791.7872498,epsilon_insensitive,l2,0.0004649602232176266
247,0.04770876348999187,0.0462754202345258,1694024791.7987332,squared_error,elasticnet,0.07644193372961025
248,-0.0010443180646610983,-0.00012884437891980127,1694024791.8066154,squared_error,l1,2217.500976307974
249,0.032854528716041664,0.022626625022232894,1694024791.8160205,squared_error,l1,0.0008264966530693244
250,0.031819436928963496,0.041881728171156984,1694024791.824772,squared_error,l2,0.013393634240837237
251,0.03330898117324077,0.04322826566478688,1694024791.832316,squared_error,None,0.0004523307659778166
252,-0.010678663689619894,-0.0035987410986642043,1694024791.8415651,epsilon_insensitive,l1,0.5861565728370838
253,0.019490784823114282,0.034164464699346864,1694024791.8503957,epsilon_insensitive,l2,0.20817400928514904
254,-0.14446862804931326,-0.11270410775485606,1694024791.863268,epsilon_insensitive,None,5.3210907462501336e-05
255,-0.010760587734831795,-0.0036465797219600304,1694024791.8734164,epsilon_insensitive,elasticnet,2512.852386191038
256,-0.010532827218483032,-0.0035139137063788795,1694024791.8844464,epsilon_insensitive,elasticnet,4.08516191375947
257,-0.03945551163516137,-0.027789042637823114,1694024791.9006438,epsilon_insensitive,elasticnet,1.4367539397837126e-05
258,-0.0010374274621687274,-0.00013129109635512393,1694024791.9088402,squared_error,elasticnet,16.9700542151141
259,-0.0010054875104794636,-0.00014304574271561954,1694024791.9166536,squared_error,l1,11.550986127223961
260,-0.010709551623402147,-0.003616762125267403,1694024791.9267087,epsilon_insensitive,elasticnet,46823.93624690802
261,-0.02085766749758,-0.016286132128276787,1694024791.9404168,epsilon_insensitive,None,0.010399578713326663
262,-0.03279933189728834,-0.02091886216277028,1694024791.9490097,epsilon_insensitive,None,0.0007474962431274988
263,0.03134188229139301,0.041853919187090693,1694024791.9608262,squared_error,None,0.8044342405148245
264,-0.020072077863531934,-0.007907411098626138,1694024791.9682739,epsilon_insensitive,l1,0.2794174989727857
265,-0.010661622290339512,-0.0035888067294629344,1694024791.9783401,epsilon_insensitive,elasticnet,15092.673252641658
266,-0.0010076899953941343,-0.00014221295211980234,1694024791.9861753,squared_error,l1,4488.638488918986
267,-0.005674455533424272,0.011486589352992405,1694024791.9946404,epsilon_insensitive,l1,0.13531555334206952
268,-0.05746515863513846,-0.04193815888168251,1694024792.0032942,epsilon_insensitive,None,0.018596126754179283
269,-0.02895342761457842,-0.012799017205410212,1694024792.0227242,epsilon_insensitive,l1,0.0034904490481576225
270,0.010311136988663927,0.003741762617934463,1694024792.0331802,squared_error,l2,3.837958421151616
271,-0.0009243630944124615,-0.00017614911814312073,1694024792.0413356,squared_error,elasticnet,1.3288974147904848
272,-0.0006306343726660835,0.0019584111186855546,1694024792.0491426,squared_error,l2,102.93628122487115
273,-0.0010407350336010257,-0.00013011275975638448,1694024792.0572138,squared_error,elasticnet,6.11082435936255
274,-0.03355087973455895,-0.02342023111296454,1694024792.0692515,epsilon_insensitive,elasticnet,1.237314043630264e-05
275,-0.08031863375282322,-0.05684425384319991,1694024792.0801919,epsilon_insensitive,elasticnet,2.660088479907171e-05
276,-0.0010388414173707616,-0.00013078648912023816,1694024792.0880945,squared_error,l1,0.3748754394378263
277,-0.06334992653150628,-0.04078304221133133,1694024792.0978184,epsilon_insensitive,l2,12.32931587953314
278,-0.010734360871296422,-0.003631250369708905,1694024792.1074681,epsilon_insensitive,elasticnet,138.9947711877598
279,0.03359311691241906,0.04311482827958879,1694024792.1175792,squared_error,None,0.009489197277018021
280,-0.19972189670273943,-0.15840513815455481,1694024792.127093,epsilon_insensitive,l1,0.1373036494473083
281,-0.0010105978662608983,-0.00014111855445597676,1694024792.1349642,squared_error,l1,0.40553694287972103
282,-0.038234482097727396,-0.028745389378516784,1694024792.145933,epsilon_insensitive,elasticnet,0.0005798679088925737
283,0.006783755436434835,0.02352946002586187,1694024792.1581,epsilon_insensitive,elasticnet,0.057001413412639985
284,-0.001044529459458765,-0.00012876980779963354,1694024792.165965,squared_error,l1,40.122312832879025
285,-0.0010493269197000554,-0.00012708528164573352,1694024792.1738245,squared_error,l1,1303.7211354868803
286,0.03582951341380858,0.025537249721629518,1694024792.184213,squared_error,l2,0.0004974863346970589
287,0.04571771554367032,0.04989135941178946,1694024792.1983736,squared_error,l1,1.78779728281002e-05
288,0.0484873853002018,0.049689683842803034,1694024792.2140372,squared_error,elasticnet,0.0006406284409165011
289,-0.0010534715499559422,-0.00012564198264097826,1694024792.2219448,squared_error,l1,1633.1827229627477
290,-0.001000276476742501,-0.00014502945899086406,1694024792.2298105,squared_error,l1,1125.3169283160587
291,-0.015293724374765949,0.005261194407557013,1694024792.239262,epsilon_insensitive,l1,0.12547999683556407
292,-0.04460841354384493,-0.032196713777345565,1694024792.249776,epsilon_insensitive,l1,6.786529138037065e-05
293,-0.015548111394676045,-0.00012238319370805328,1694024792.2583613,epsilon_insensitive,l1,0.003486590093011582
294,-0.10426355025865064,-0.07795181297215925,1694024792.2677946,epsilon_insensitive,None,47.837747768512905
295,0.009623127695218336,0.026479125582856256,1694024792.276668,epsilon_insensitive,elasticnet,0.12211639487210652
296,0.04847690536157112,0.049365358454493524,1694024792.286813,squared_error,None,0.7346168960488177
297,-0.0010118320865686314,-0.00014065579915190085,1694024792.2949398,squared_error,elasticnet,250.8273026342741
298,0.048454308132219515,0.0484144521440385,1694024792.3027256,squared_error,l2,0.002022769360345871
299,0.023219443627882863,0.024366151509503275,1694024792.311895,squared_error,elasticnet,0.5418227746390154
300,-0.05382616729845857,-0.037539221124197164,1694024792.3247473,epsilon_insensitive,None,63.63595176114335
301,0.04733104328359761,0.049472689212809895,1694024792.3379538,squared_error,l1,0.0023544871281243698
302,0.040754225014968726,0.047845723603883616,1694024792.3482153,squared_error,elasticnet,0.01816516713997597
303,0.0029166708911760875,0.013244669552941457,1694024792.3654673,epsilon_insensitive,elasticnet,0.021013053411863384
304,-0.010741569621469216,-0.0036354624614685083,1694024792.3756216,epsilon_insensitive,elasticnet,16563.724274947566
305,-0.010747630684299736,-0.0036390047513832346,1694024792.3849056,epsilon_insensitive,l1,1473.1650766889193
306,-0.0831612665539252,-0.059743619846064355,1694024792.392907,epsilon_insensitive,l2,0.0017691851440893394
307,-0.04699662184171305,-0.03133433964966459,1694024792.4026203,epsilon_insensitive,l2,1.1825244782909492e-05
308,0.04184783614022081,0.03417446899100873,1694024792.4101825,squared_error,None,194.74977358395742
309,-0.0028446385401872387,-0.004733617396277756,1694024792.4176672,squared_error,l2,18308.754504034245
310,-0.01073490968258728,-0.003631571005449974,1694024792.427302,epsilon_insensitive,elasticnet,13.237584052907758
311,-0.010733393171640904,-0.0036306850184966155,1694024792.436553,epsilon_insensitive,l1,4.997139957770884
312,-0.001016499518182501,-0.00013891520472975039,1694024792.4444022,squared_error,l1,20.846899059984096
313,-0.007246143781927339,-0.001738425227870266,1694024792.4517806,epsilon_insensitive,l1,0.45731709730206027
314,-0.01076135825523905,-0.00364703028908675,1694024792.4614236,epsilon_insensitive,elasticnet,23.97096111496879
315,-0.010778676454357372,-0.003657160310549079,1694024792.4710977,epsilon_insensitive,elasticnet,13.921150149917427
316,0.048488087927431756,0.049602263831396876,1694024792.4841807,squared_error,l2,0.0037132534354541225
317,0.027820417784124918,0.039213616969817844,1694024792.4960232,squared_error,None,41709.26469021444
318,-0.1387372472224433,-0.10468841590165945,1694024792.5058424,epsilon_insensitive,l2,0.010851468311930302
319,0.036527450678447204,0.045281206579968925,1694024792.5180466,squared_error,l1,0.00017197560633546444
320,0.04550752086361154,0.04363316152723351,1694024792.532408,squared_error,l1,0.042357405240858056
321,-0.001017203125104782,-0.0001386540986942908,1694024792.5405624,squared_error,elasticnet,23.008880623383778
322,0.030885446514338888,0.03982748328200192,1694024792.552775,squared_error,l1,0.04605149232341697
323,0.047841302309760914,0.04948519885095348,1694024792.5655692,squared_error,None,0.11553803287358111
324,-0.08368349210373571,-0.0601093587482322,1694024792.5741842,epsilon_insensitive,None,0.0005791837939048692
325,0.04718400364843134,0.04776950798170154,1694024792.5834827,squared_error,None,0.6502339793054497
326,-0.0010332317623020781,-0.00013279620264983194,1694024792.5917718,squared_error,elasticnet,10366.405604441505
327,0.04246246933787767,0.03593013057850869,1694024792.6010327,squared_error,None,0.7661801202843259
328,-0.01773101097000418,-0.00727726626676839,1694024792.611141,epsilon_insensitive,l2,1140.311174937218
329,-0.010708143347923249,-0.003615940078735891,1694024792.6213102,epsilon_insensitive,elasticnet,12801.24909452134
330,0.039641101033398574,0.047081061857837225,1694024792.6316302,squared_error,None,0.0028740413957556803
331,-0.010713069183400759,-0.003618815587282276,1694024792.6417298,epsilon_insensitive,elasticnet,80266.27221354395
332,-0.027919907103924224,-0.020914867216053512,1694024792.6537914,epsilon_insensitive,None,0.005624242100509363
333,-0.010661991534020476,-0.003589021920445079,1694024792.663534,epsilon_insensitive,elasticnet,212.88802863003679
334,-0.00098934279064955,-0.00014925321939385228,1694024792.6714363,squared_error,l1,16.90012594184142
335,0.04268696179669862,0.03481749124992828,1694024792.6840806,squared_error,elasticnet,4.9904881604676674e-05
336,0.045931855002536714,0.04949758379114322,1694024792.6934347,squared_error,None,55959.34305207901
337,-0.15427382416205426,-0.11754011188944768,1694024792.7023237,epsilon_insensitive,l2,0.6106025094383423
338,0.04574994289092282,0.04971143885915652,1694024792.7150648,squared_error,None,0.0001018697332509292
339,-0.0010147210083510938,-0.00013957670284914236,1694024792.7231708,squared_error,elasticnet,1.4702363235058813
340,-0.06543967741528678,-0.03704913604890314,1694024792.7315712,epsilon_insensitive,l1,0.04149658826553891
341,0.04905090038124971,0.05065889826904668,1694024792.7484868,squared_error,None,318.73655206880824
342,0.019508648928512895,0.03346023518651964,1694024792.7612677,squared_error,None,1.8443468570403185
343,-0.09438498346959712,-0.06743580620078027,1694024792.7727613,epsilon_insensitive,None,1.707521839491736e-05
344,-0.08218683213811584,-0.05855858390709501,1694024792.7831912,epsilon_insensitive,None,2.008556725536104e-05
345,-0.042631709354453706,-0.027090379343582383,1694024792.7927914,epsilon_insensitive,None,0.005945390958794399
346,-0.01066469885302812,-0.003590599798138916,1694024792.8043149,epsilon_insensitive,l1,0.42424066482704836
347,0.03964423676517714,0.04232304848157176,1694024792.815555,squared_error,l1,0.03878071285909214
348,-0.036314479703827285,-0.013896433645145256,1694024792.8244073,epsilon_insensitive,elasticnet,0.7064033530040389
349,0.009698893404927356,0.014131335893782904,1694024792.8348672,squared_error,l2,7.021759942581364
350,0.04044795803481804,0.03356007181052534,1694024792.8462322,squared_error,l2,0.18438007912433557
351,-0.01820140153773564,-0.01359623599819515,1694024792.8543212,epsilon_insensitive,l2,1.8360872597619375e-05
352,-0.04341522825206123,-0.029051581612532962,1694024792.865519,epsilon_insensitive,None,65.05843131691874
353,0.032002091519354514,0.04276608493812373,1694024792.8786194,squared_error,l1,0.005154247979018142
354,-0.0010323112349155394,-0.00013312797736975135,1694024792.8868372,squared_error,elasticnet,869.128179154425
355,0.00014545937602006287,-0.0006253771569739719,1694024792.895515,squared_error,l2,88.330163468031
356,0.04651252946835649,0.04196138742444544,1694024792.9066215,squared_error,None,175.10953402709688
357,-0.0010410644189617901,-0.00012999580792594223,1694024792.9145138,squared_error,l1,35584.45713243435
358,-0.010613486693946461,-0.003560777242658686,1694024792.9242601,epsilon_insensitive,elasticnet,49.7564066479426
359,0.03642690886543776,0.045548127339356204,1694024792.933184,squared_error,l1,0.0068482112856959945
360,0.04347068694950951,0.049219290440436936,1694024792.9444957,squared_error,l2,0.04704507070745214
361,-0.03675409355130066,-0.02114136231210506,1694024792.9539595,epsilon_insensitive,None,41.86359578799939
362,0.01753908962779782,0.031538658062497005,1694024792.9662492,squared_error,l1,0.00015990938081896975
363,-0.011094580906713114,-0.004540140685809657,1694024792.978765,epsilon_insensitive,l2,6108.6096689612405
364,-0.010657394814881593,-0.0035863431995002415,1694024792.9889228,epsilon_insensitive,elasticnet,3423.681321642352
365,-0.0010333613729176516,-0.00013274953374553533,1694024792.9968076,squared_error,l1,100.47029729405274
366,-0.025966501987290336,-0.0028211115540326404,1694024793.0092893,epsilon_insensitive,l2,0.1625951506979202
367,-0.0009999354215513012,0.00012809457106854882,1694024793.0178313,squared_error,l2,6696.682938943224
368,-0.0010466961121817775,-0.00012800718224381669,1694024793.0260823,squared_error,elasticnet,1173.580475615349
369,0.04727863939409649,0.04944342702198168,1694024793.0339174,squared_error,l2,0.10118232063617279
370,-0.00898335714441556,0.010756713447870547,1694024793.0427928,epsilon_insensitive,elasticnet,0.3140105959298891
371,-0.01066844771615072,-0.003592784949589367,1694024793.0520675,epsilon_insensitive,l1,842.4646237533299
372,-0.08582808455011781,-0.05527458068667812,1694024793.0620372,epsilon_insensitive,elasticnet,0.4082629816730873
373,-0.022263086618480976,-0.015568451188126442,1694024793.0822816,epsilon_insensitive,elasticnet,8.449906853439194e-05
374,0.04648444054459333,0.04174709558096257,1694024793.0951917,squared_error,None,1487.598872102998
375,-0.0010283378958335643,-0.00013456650033982775,1694024793.103073,squared_error,l1,2912.4712017340876
376,0.030267730395815984,0.04051637318757739,1694024793.112736,squared_error,elasticnet,0.0003847233146351074
377,-0.0820095016153426,-0.055563690320296955,1694024793.1260884,epsilon_insensitive,l2,6.964901198361849
378,0.04637687479882646,0.041381955067526954,1694024793.1388392,squared_error,None,41.637756562770804
379,-0.01079085098639565,-0.003664285151930624,1694024793.1481173,epsilon_insensitive,l1,19099.312063432422
380,-0.17310445348609593,-0.13943975985033474,1694024793.1590593,epsilon_insensitive,elasticnet,0.0009823844155389394
381,-0.04664730800901484,-0.029752784007499145,1694024793.1701868,epsilon_insensitive,None,0.30114865593378726
382,-0.013425813956317256,-0.004227093601398835,1694024793.1817603,epsilon_insensitive,l2,86.28144462455997
383,0.04280560245642817,0.035528780243682334,1694024793.1944046,squared_error,elasticnet,0.0010803543891953324
384,-0.0010224340306006496,-0.00013672343240855866,1694024793.2025936,squared_error,elasticnet,339.17505233946343
385,0.04336837751782485,0.04910051603795518,1694024793.2173111,squared_error,elasticnet,0.0003807126750589161
386,-0.013565187491180186,-0.02278522573460151,1694024793.2260249,squared_error,l2,72.93073723040658
387,-0.11482919271685743,-0.08643001407436901,1694024793.2394938,epsilon_insensitive,l2,0.00034767358338577345
388,-0.0010313331869655773,-0.0001334810995134994,1694024793.2475088,squared_error,l1,0.339709477109989
389,-0.029256629444957216,-0.022220291842108386,1694024793.2589505,epsilon_insensitive,None,0.000598640147418677
390,0.04846909632082075,0.048654248541392,1694024793.2685018,squared_error,None,0.481077385640511
391,-0.014029559731024044,-0.0048567214569292805,1694024793.2781906,epsilon_insensitive,l2,2291.795317332624
392,-0.014542212350719508,-0.006549710646243545,1694024793.2938983,epsilon_insensitive,l2,99917.1839440128
393,-0.03743466671794504,-0.046853407291214344,1694024793.3072646,epsilon_insensitive,elasticnet,8.15387522377339e-05
394,0.04778154012878433,0.044252510887745844,1694024793.3171742,squared_error,elasticnet,0.0009639787879377531
395,-0.008952316314846165,-0.003446192419975791,1694024793.3278694,epsilon_insensitive,l2,6269.372621578464
396,0.026545298781005644,0.03890599387725702,1694024793.3433344,squared_error,None,0.01950570210221299
397,-0.0010462028811599744,-0.0001281805228157129,1694024793.3516808,squared_error,elasticnet,21.139258176559547
398,-0.020698580122786137,-0.008687096706823327,1694024793.365345,epsilon_insensitive,l2,79.82020065403037
399,-0.06530107081770242,-0.04406648163301852,1694024793.3744607,epsilon_insensitive,None,3800.0191918619976
