trial,score,test_score,time,alpha
0,0,0,1694050586.1062646,0
0,0.015931946139539188,0.0019210296174252406,1694050586.117038,squared_error,None,1
1,-0.03401037051268929,-0.030445757945717133,1694050586.132191,epsilon_insensitive,l1,27685.435566902357
2,-0.1359945091860182,-0.11962533586960244,1694050586.144208,epsilon_insensitive,None,0.00040473198896492414
3,-0.0021523477725340356,-0.01628246368603281,1694050586.152798,epsilon_insensitive,None,0.515582042315646
4,-0.03412869063247559,-0.030540114269897334,1694050586.167808,epsilon_insensitive,l1,60336.5939378319
5,-0.0004609149542100788,-0.010151940742071375,1694050586.178851,squared_error,l2,0.10146500325016006
6,-0.047995199227966134,-0.04771312259784111,1694050586.18915,epsilon_insensitive,l1,0.05460488392352514
7,-0.10875948007350345,-0.09622866926388873,1694050586.1989255,epsilon_insensitive,l2,0.010039234488088139
8,-0.044520162755830484,-0.0469127853455209,1694050586.2083344,epsilon_insensitive,None,1084.342566955501
9,-8.955423595580214e-06,-0.0002726039449687523,1694050586.2160406,squared_error,l1,8859.939152306768
10,-1.055714254039053e-05,-0.00026550786510415314,1694050586.2296605,squared_error,elasticnet,34.415811807590494
11,-9.470384062515436e-06,-0.00027024760262439607,1694050586.242547,squared_error,elasticnet,20.48988612306558
12,0.018314204930558575,0.0028394805471203544,1694050586.2557633,squared_error,None,8.983144685591904
13,-0.03659698148128432,-0.026993972904626906,1694050586.2694042,squared_error,None,7.871973476828001
14,0.009654434608586615,-0.00112564012989802,1694050586.283897,squared_error,None,1.5569816525527475e-05
15,0.02144816913672154,0.008331072650766158,1694050586.2983863,squared_error,None,4.570239901679606
16,0.007305053529201078,0.002551784661160683,1694050586.3140066,squared_error,None,340.11772576122337
17,0.019724427146660894,0.008823767132153382,1694050586.3317192,squared_error,None,3.2203205407636863
18,-1.3345856767932318e-05,-0.00025452520282143176,1694050586.34774,squared_error,elasticnet,242.52219923316264
19,0.005133138460184483,0.0003380689771075307,1694050586.3649337,squared_error,l2,1.2723019740166976
20,0.02207565791567634,0.009234782905810479,1694050586.3890767,squared_error,None,0.006421829659104181
21,0.01845802832334076,0.007550615646123138,1694050586.405055,squared_error,None,0.004255232779085867
22,-0.005028382999242131,-0.014808845264740356,1694050586.423824,squared_error,None,0.16401756253005254
23,0.016456221060023757,0.005479988033178951,1694050586.4409263,squared_error,None,2.8809605569740433
24,-0.009242576993378604,-0.005442534350562633,1694050586.4626155,squared_error,None,53.97873597198452
25,0.017478388246516485,0.004220207635332263,1694050586.4793253,squared_error,None,3.5076540558787452
26,0.012809863990493886,0.0003816052448822882,1694050586.4979467,squared_error,None,0.43918155297920713
27,0.013319902728997968,-0.0007142310482126657,1694050586.5156076,squared_error,l2,0.0230266705162343
28,0.021088743358766093,0.008691402751770383,1694050586.5373893,squared_error,elasticnet,0.002683326303511648
29,0.010732195431746083,0.004834147882879725,1694050586.5620174,squared_error,elasticnet,0.0020761195783737837
30,0.01777267255896231,0.00843683965720221,1694050586.5806792,squared_error,elasticnet,0.0015200044794321137
31,-7.244000079564827e-06,-0.00028104930766303937,1694050586.596607,squared_error,elasticnet,0.9486343220196649
32,0.019389518682831675,0.0076196701954783785,1694050586.613075,squared_error,elasticnet,0.03054184382651986
33,0.016253632268831697,0.00678809020808302,1694050586.627811,squared_error,None,0.4354519790690434
34,0.018235141813428335,0.006456816168468382,1694050586.6451344,squared_error,None,0.00015280660295537092
35,-0.05489942332754061,-0.04588290408281859,1694050586.6617968,epsilon_insensitive,l1,0.1246345395815397
36,0.01990068596933492,0.008630506067467736,1694050586.677311,squared_error,None,0.009555551892680604
37,-0.05883458799391761,-0.05923774367702861,1694050586.6933873,epsilon_insensitive,elasticnet,0.011210057140521408
38,0.0020892140727983843,-0.009933204703177045,1694050586.7111623,squared_error,l1,0.0005033962907048905
39,-0.13526456259752861,-0.1160259510153605,1694050586.726599,epsilon_insensitive,l2,0.009524026312080481
40,0.022546048949970476,0.007815784291638983,1694050586.7410321,squared_error,None,0.07373998408839012
41,0.021659859650746127,0.009065568301183768,1694050586.757347,squared_error,None,0.03404705090522473
42,0.01801714639956309,0.00532330742783893,1694050586.775073,squared_error,None,0.03800943466300359
43,0.017761488724016172,0.008472379626703552,1694050586.7921438,squared_error,None,0.06477356097556963
44,0.019346936349967425,0.007662593421665087,1694050586.8101041,squared_error,None,0.0814088712387795
45,-0.007092581409172682,-0.017242271211628246,1694050586.8262873,squared_error,None,0.003615466235806027
46,-0.0801724521068079,-0.06535496976567257,1694050586.8443043,epsilon_insensitive,l1,0.2969632150291383
47,0.003126689735859056,0.001421855368526015,1694050586.8615105,squared_error,None,0.15294247465454042
48,0.02230577980781867,0.00919941671363056,1694050586.8769193,squared_error,elasticnet,0.03233762019622973
49,0.021141799319495225,0.008709805340513466,1694050586.8963552,squared_error,None,0.02827808684856228
50,-0.011817180171763697,-0.023922281093384345,1694050586.9114633,epsilon_insensitive,l2,0.23113568896996034
51,0.01882930265806615,0.007402552719230737,1694050586.9295702,squared_error,None,0.02586519097308879
52,-0.002741556553541802,-0.013437484225527152,1694050586.9441497,squared_error,None,0.062041428768580195
53,0.01929929241412698,0.006910710106294293,1694050586.9602363,squared_error,None,0.8401884113181843
54,0.02044303940909553,0.005675153424384738,1694050586.9843957,squared_error,None,0.020218406685142305
55,0.01651834559564158,0.0052786927844317155,1694050586.998216,squared_error,None,0.09607373688484366
56,0.004302316253049998,0.0022246573083162247,1694050587.013429,squared_error,None,0.2515375830511281
57,0.018958841438157514,0.005591733419753164,1694050587.0311828,squared_error,None,0.009498901127903941
58,0.010597279939070225,0.0012440428316107255,1694050587.0464542,squared_error,elasticnet,0.0648032363852484
59,0.017104731774010062,0.008154980304415416,1694050587.0600073,squared_error,None,1.6122648650859506
60,-1.0953495217957965e-05,-0.000263850402506538,1694050587.073826,squared_error,l1,0.39750572616742125
61,0.013939848830862744,0.006042838226286595,1694050587.0946143,squared_error,elasticnet,0.005256472129161373
62,0.01868325088026257,0.008641543204078284,1694050587.1121948,squared_error,elasticnet,0.018070872196681357
63,0.02151059479901196,0.008505014610709627,1694050587.1323574,squared_error,elasticnet,0.0016638128935708004
64,0.021537477662573523,0.005421867506377964,1694050587.1516347,squared_error,elasticnet,0.0009452897424810256
65,0.016736195693697553,0.006956992620051006,1694050587.1688275,squared_error,elasticnet,0.001140499314706016
66,0.019729936693971384,0.008252981938136172,1694050587.1869876,squared_error,elasticnet,0.0008910206153882309
67,0.010051364075772895,-0.0014210849024018923,1694050587.2087114,squared_error,elasticnet,0.004561176346564239
68,0.009216492209820792,0.0008668840085018781,1694050587.2268958,squared_error,elasticnet,0.0002140506636014587
69,0.011323172095374812,-0.0002593465551783414,1694050587.2442358,squared_error,elasticnet,0.001960240769346418
70,-0.043506102773131605,-0.048551242828533514,1694050587.2636344,epsilon_insensitive,elasticnet,0.0029136029235992413
71,-0.042311659400508184,-0.026393708728906562,1694050587.2828972,squared_error,l2,0.006013404072084682
72,-0.028824976300019234,-0.02903422127177513,1694050587.298366,squared_error,None,0.03752075389663368
73,0.01623880685840884,0.007764295427470924,1694050587.3148026,squared_error,elasticnet,0.01402972827202619
74,0.007619288456063855,-0.003998635794202787,1694050587.336623,squared_error,None,0.04389578691841566
75,-0.030270266798388956,-0.03588218858782932,1694050587.3539956,squared_error,None,0.0008110297687220754
76,0.011823087684135869,0.005624412094465736,1694050587.3696244,squared_error,elasticnet,0.14565923861321087
77,0.021168142695960013,0.006586462445076546,1694050587.3901494,squared_error,None,0.007210442464187927
78,0.017888614834478456,0.005987104811991606,1694050587.4067307,squared_error,None,0.006583098458954328
79,0.01641303039087494,0.007576103750492558,1694050587.4262617,squared_error,l1,0.0020248855553182325
80,0.017126346629002143,0.00795534542640397,1694050587.4440985,squared_error,elasticnet,0.014636549590544447
81,0.019803019983461012,0.008923080659770766,1694050587.4622788,squared_error,None,0.02227483318692015
82,0.021849120441316594,0.008589171850564847,1694050587.4772787,squared_error,None,0.0034232662213518664
83,0.008075535544354251,0.003732133773840296,1694050587.493164,squared_error,None,0.0036534712115586137
84,0.021726735302636246,0.007842249952424551,1694050587.5083,squared_error,None,0.00036523419253882834
85,0.01873403826108766,0.007564146510727898,1694050587.530018,squared_error,None,0.00047203760605074227
86,-0.010873718864982562,-0.024226310894025715,1694050587.5450933,epsilon_insensitive,l2,0.00014754598115014863
87,0.019422909867421234,0.00876804607074122,1694050587.5602117,squared_error,None,0.0013780414223036994
88,0.013637255921794322,0.006986299875700208,1694050587.5782282,squared_error,None,0.0007572184835405982
89,0.02225564747851161,0.008417300202711031,1694050587.597936,squared_error,None,0.0002846446836216316
90,0.00636169771389794,-0.0008573244779632727,1694050587.6168334,squared_error,elasticnet,0.00023668311493365912
91,0.020775434403079718,0.00814453462203002,1694050587.6337855,squared_error,None,7.249350956070878e-05
92,0.011974346575557182,-0.00018206088215855232,1694050587.6510744,squared_error,None,0.0025348364080081003
93,0.02293093606815033,0.009295331374436722,1694050587.668134,squared_error,None,0.0014196750280490904
94,0.017370619522262154,0.0039943382466886,1694050587.6871824,squared_error,None,0.0013736921830259398
95,0.004379057527485686,-0.0014965189570104176,1694050587.7075822,squared_error,None,0.0006199029623511023
96,0.017031889334896633,0.005532050124739563,1694050587.7227428,squared_error,None,0.00038126127315883326
97,0.020790592481002013,0.00786186407171341,1694050587.7387993,squared_error,None,0.003233316727016049
98,-0.0014327723604883325,-0.004673997703205757,1694050587.7560253,squared_error,None,0.0015850446047664965
99,-0.05487881638121417,-0.05778005084808391,1694050587.778588,epsilon_insensitive,l1,0.0010126083204837235
100,0.021860424632126785,0.00913248940268152,1694050587.7993946,squared_error,elasticnet,0.006817528438733818
101,0.013819572191477003,0.0016057471323056571,1694050587.8205132,squared_error,elasticnet,0.00861265787500896
102,0.016272881831790098,0.005849379791657006,1694050587.8402207,squared_error,elasticnet,0.013412082738717343
103,0.0154704201083532,0.007442465014734556,1694050587.8612344,squared_error,elasticnet,0.00595060343351313
104,0.0076677928936106365,-0.0015430816419852444,1694050587.8788931,squared_error,elasticnet,0.0021394613744020853
105,0.014168614968024351,0.0012019678539394452,1694050587.8994763,squared_error,elasticnet,0.0003762637854244401
106,0.010631273769987959,0.004676978962178779,1694050587.91786,squared_error,None,0.003899583787666528
107,0.014144059864393266,0.0015737062845656569,1694050587.9375699,squared_error,l2,0.027083698241198644
108,0.015567019402362936,0.006884463512844663,1694050587.9541056,squared_error,elasticnet,0.049929946856958125
109,-0.010082752409574125,-0.018862819783900697,1694050587.972225,squared_error,None,0.010438946271096943
110,0.012427414961617478,0.005921824059638148,1694050587.9889474,squared_error,elasticnet,0.08547589099077915
111,0.016710952756097464,0.0038221199078637413,1694050588.0069826,squared_error,None,0.004365827519814105
112,0.011995088454755498,0.006257864206012265,1694050588.0274997,squared_error,None,0.0011635540893502412
113,-0.01659560472283861,-0.01407227436458136,1694050588.0483804,squared_error,None,0.018309637764368638
114,-0.01024610152848382,-0.017958106766166715,1694050588.065831,squared_error,None,0.0006686478387995538
115,0.010188623198740032,0.004728417402217744,1694050588.0866787,squared_error,None,0.0029791851233309913
116,0.011494110119310563,8.00963766567353e-05,1694050588.1064837,squared_error,None,0.0017551168739055366
117,-0.019534835753427737,-0.015109473351501146,1694050588.1251166,squared_error,elasticnet,0.0062469949900477
118,-0.14207064778283018,-0.12286702678514816,1694050588.1436148,epsilon_insensitive,None,0.03318515424562311
119,-0.014116408395816071,-0.02031899828573036,1694050588.1615152,squared_error,None,0.014109577791393756
120,0.0066260182659301226,-0.0029709097627197423,1694050588.1786091,squared_error,l1,0.00838815988278604
121,0.020687065592609244,0.00818235244228871,1694050588.1951246,squared_error,None,0.00792884167341842
122,0.0024872860997474655,-0.008098585383364831,1694050588.2148764,squared_error,None,0.002379987953659919
123,0.0029436460158942523,-0.004802062940592933,1694050588.2349017,squared_error,None,0.0010161618164912837
124,0.02033257388948706,0.008597996837370059,1694050588.2531273,squared_error,None,0.004950837255044224
125,0.0006842461784809517,-0.00961542149912109,1694050588.2697577,squared_error,None,0.04214352802152686
126,0.017247344022381816,0.007883466952959717,1694050588.286218,squared_error,elasticnet,0.12275103238729591
127,0.012565413795580627,0.005143110425663178,1694050588.3020282,squared_error,None,0.01984339225932419
128,-0.013823484485742998,-0.0069368759898209564,1694050588.3196187,squared_error,l2,4.911376817581414
129,-0.038498507374079116,-0.03934455317453445,1694050588.33619,squared_error,None,0.06692813552542712
130,0.014685281688676999,0.0005970165507276359,1694050588.3555024,squared_error,elasticnet,0.0005646215793262917
131,0.01819880701085863,0.00841870588439353,1694050588.3713193,squared_error,None,0.03059106965416104
132,0.005649914135502976,-0.007214545022137475,1694050588.389639,squared_error,None,0.008939356746807604
133,0.015427512010123379,0.005847078900042546,1694050588.4070222,squared_error,None,0.015674597308734
134,0.02101431202690285,0.007688469609745563,1694050588.4270136,squared_error,None,0.003113486289250968
135,0.019356179360817127,0.008728307457413154,1694050588.4453316,squared_error,None,0.20003349341007154
136,0.009038975040087549,-0.0033487827610068077,1694050588.4602818,squared_error,None,0.0014061549124678942
137,0.00969345114321174,-0.0014825530625452998,1694050588.4814494,squared_error,elasticnet,0.005608581421793619
138,-0.06480153597525051,-0.0642242050561519,1694050588.5002558,epsilon_insensitive,None,0.0003002117050489502
139,0.017839136203975814,0.00396285692615872,1694050588.5169694,squared_error,None,0.00013863704795302254
140,0.018203791492021226,0.007866393219316148,1694050588.5334098,squared_error,elasticnet,0.0007839939749806014
141,0.01674816885560415,0.00789302003315806,1694050588.5522478,squared_error,elasticnet,0.0023635139240291547
142,0.014452796351997366,0.007389402638987352,1694050588.5715313,squared_error,elasticnet,0.02458217552805946
143,0.02014488837433437,0.009051692755709384,1694050588.602977,squared_error,elasticnet,0.004364552681410294
144,-0.009321810015913368,-0.008015052974908787,1694050588.624592,squared_error,elasticnet,0.0005361464599068854
145,0.022757250050880695,0.006535943265892574,1694050588.6469436,squared_error,None,0.01308912011746702
146,0.015438787674152965,0.006522105456184146,1694050588.6669476,squared_error,None,0.01167334938527333
147,0.01997733820744141,0.008923763399067086,1694050588.6836348,squared_error,None,0.05567077615790122
148,0.01765875756938784,0.00834532085801365,1694050588.7008712,squared_error,None,0.0911625380821068
149,0.01177202058855753,-0.0006053734345734529,1694050588.7197886,squared_error,None,0.03764113202761394
150,0.015227752514411885,0.0027919391020357898,1694050588.740334,squared_error,None,0.01287463945689163
151,0.02017691242117936,0.008989822232305489,1694050588.76224,squared_error,elasticnet,0.0018382654269356081
152,0.021951533465056405,0.007611367249156675,1694050588.7819457,squared_error,None,0.005725070990799063
153,0.008603600963947078,-0.0028998679550555906,1694050588.8024435,squared_error,None,0.006507835548951229
154,0.018767594372093188,0.004889345165052239,1694050588.8220382,squared_error,None,0.02031092353922705
155,0.01727400720586525,0.004856822981017084,1694050588.842494,squared_error,None,0.004115766254207043
156,0.018253580615256837,0.008492161369634044,1694050588.857905,squared_error,None,0.007458783142615593
157,0.017407737819114866,0.004060824850210865,1694050588.8775742,squared_error,l1,0.0011448682735052105
158,0.018561069530415475,0.006471518315651181,1694050588.8963451,squared_error,None,0.011082030542398218
159,0.011321082550224792,0.002857607107168092,1694050588.9187539,squared_error,None,16.56117377294552
160,-0.03717158659930808,-0.03912923521090428,1694050588.9357557,epsilon_insensitive,l2,1.382069720714898
161,-0.02107799680754696,-0.026866898140089468,1694050588.954446,squared_error,elasticnet,0.002484724819540046
162,-0.015472143945764127,-0.01100358418495162,1694050588.972342,squared_error,None,0.003035594423100628
163,-0.006343472883438839,-0.01639045002624706,1694050588.9886227,squared_error,None,0.026189174513850447
164,-1.229458766327518e-05,-0.0002584898091477772,1694050589.0044231,squared_error,elasticnet,0.6910912440911336
165,0.02198592889300255,0.008544579230681415,1694050589.0212731,squared_error,None,0.0014682566710087566
166,0.016669806787177,0.008118948192424091,1694050589.0417137,squared_error,None,0.0004514611106526103
167,0.01707508961701576,0.007619328978781703,1694050589.0605125,squared_error,None,0.0015518468208755025
168,0.016331559519525585,0.007609254279177025,1694050589.0819707,squared_error,None,0.006008483460433311
169,0.021086536727883742,0.005581216200398087,1694050589.1018462,squared_error,None,0.000859300898458134
170,0.020082659213191523,0.006374518380622196,1694050589.1214774,squared_error,None,0.00025351294388953994
171,0.015611434375722655,0.006632078348930759,1694050589.1387746,squared_error,None,0.00382702573579729
172,0.018142544449835873,0.0068772321759212884,1694050589.1600616,squared_error,elasticnet,0.0018417251594413041
173,0.01652143453338606,0.007306034227838709,1694050589.1773057,squared_error,None,0.015023264455935801
174,0.011611125278311318,-0.002874483242634618,1694050589.200688,squared_error,None,2.2632585581292544
175,0.018704557780975906,0.008567033676886937,1694050589.2224715,squared_error,elasticnet,0.007837740613071126
176,0.003499196483456979,0.0007775261731667316,1694050589.2469282,squared_error,None,0.003198923902851552
177,0.0218517591319064,0.008718422972203932,1694050589.2655632,squared_error,None,0.0007088208963465025
178,0.019783660768656453,0.006873882301500878,1694050589.2838845,squared_error,None,0.0005897445169776225
179,0.00826228978686172,-0.00011536416183943743,1694050589.3014755,squared_error,None,0.00038942088888202806
180,-0.0177121485450753,-0.014593107946797357,1694050589.3199637,squared_error,None,0.0009992437283397727
181,0.01574211175122453,0.0017224014996116699,1694050589.3396509,squared_error,None,0.0012363169638483808
182,-0.0045735988675783545,-0.01396965167742903,1694050589.3584921,squared_error,None,0.000758938350778802
183,0.01682308039734437,0.007987981606654704,1694050589.3761575,squared_error,elasticnet,0.04663329633762748
184,-1.0296747503302228e-05,-0.0002666166565339356,1694050589.3923898,squared_error,l1,0.3287386772536386
185,0.021455101923206543,0.00770681299195497,1694050589.410315,squared_error,None,0.002178055313355177
186,0.019302351856365862,0.004409508887417313,1694050589.4297867,squared_error,None,0.002134895246935799
187,0.000658613050302681,-0.0015955215938714407,1694050589.446509,squared_error,None,0.004923861167443626
188,0.0170833146661028,0.007529078230551378,1694050589.4669065,squared_error,None,0.02133260868174178
189,0.019565375748012315,0.008719263189622017,1694050589.484599,squared_error,None,0.010460056107971284
190,-0.028852313000674812,-0.03692495036323851,1694050589.5034535,epsilon_insensitive,None,0.0001826805987284001
191,-0.07351802760436366,-0.04832672601359045,1694050589.5211535,squared_error,None,0.0025972715128467923
192,0.01741740803870473,0.0031841335224966905,1694050589.5465653,squared_error,elasticnet,0.001138710446012461
193,0.021324479261154328,0.008192744803802943,1694050589.5675843,squared_error,None,0.0016636025209836377
194,0.0053177887606428165,-0.004982180548197768,1694050589.585309,squared_error,None,0.0016205163553822577
195,0.01924461624961371,0.008781559199204425,1694050589.605441,squared_error,None,0.0002794565284316842
196,-0.05745300373557005,-0.039176052457005506,1694050589.6225147,squared_error,None,0.0006389397226751175
197,0.009622651617495537,0.003001216346371849,1694050589.6421092,squared_error,None,0.004534025909831119
198,-0.03025875241871301,-0.026877853435547383,1694050589.659347,squared_error,l2,7.312774044990787
199,0.015633955483859707,0.005224209388714485,1694050589.6805885,squared_error,None,0.07201010517859725
200,0.020933534347373106,0.008736933880421294,1694050589.697628,squared_error,None,0.1695292052136206
201,0.016652854407045226,0.007880206591102445,1694050589.7218149,squared_error,elasticnet,0.002646844522937325
202,0.020413884285418904,0.005875940232828669,1694050589.7425,squared_error,None,0.0063247647738379495
203,0.019911303337188047,0.004987946383810726,1694050589.763179,squared_error,None,0.0014590973183951212
204,0.019385829616938688,0.006029152122318471,1694050589.7811823,squared_error,None,0.003524415160398438
205,0.02150498688060387,0.009098901232664658,1694050589.800218,squared_error,elasticnet,0.034290218595377064
206,0.018961295580546156,0.008211703725244712,1694050589.8203537,squared_error,elasticnet,0.03373839061994712
207,0.02066684948081632,0.0075720328331040365,1694050589.8397138,squared_error,None,0.0177190933757065
208,0.009534935847968606,-0.0007486341682676478,1694050589.8562741,squared_error,None,0.052856797713542174
209,0.021207775896060266,0.00857221098044636,1694050589.8735943,squared_error,None,0.009801741749925545
210,0.015751248455366906,0.006427887997141779,1694050589.8933852,squared_error,None,0.009569045276858491
211,0.018439459517333834,0.006898629412328994,1694050589.913932,squared_error,None,0.015032657377158365
212,0.005391300931418708,-0.005821638724372802,1694050589.93461,squared_error,None,0.020898316347675153
213,0.009391803579547386,-0.004619112859267194,1694050589.9537714,squared_error,None,0.02706414985896137
214,0.017181583627754682,0.006489909550218664,1694050589.9744678,squared_error,None,0.009159090141906457
215,0.018356542001454423,0.007582955361519983,1694050589.9974236,squared_error,elasticnet,0.00035737835610695566
216,0.020461273417145764,0.0073512454953126305,1694050590.0166059,squared_error,None,2.833873906192055
217,0.0037010734133166023,-0.00654685459887383,1694050590.0348473,squared_error,None,9.895749324740995e-05
218,0.01515794901992995,0.0016962663670421207,1694050590.057989,squared_error,None,0.10839005173169348
219,0.01920576674610075,0.008245660325795656,1694050590.0773904,squared_error,elasticnet,0.0058263141101244295
220,-0.012476053952297894,-0.021075210579500903,1694050590.094904,squared_error,None,0.033893210871299886
221,0.0136679093444666,0.001629385456922039,1694050590.1181138,squared_error,elasticnet,0.001960832218060972
222,0.009074453152524864,-0.001127861459824686,1694050590.1415427,squared_error,elasticnet,0.0037377430148291244
223,-0.0009953482874156538,-0.0028878082267345118,1694050590.1716115,squared_error,elasticnet,0.0008411547423482196
224,-1.1152352771492957e-05,-0.00026303204049571427,1694050590.1890342,squared_error,elasticnet,0.5451107168484765
225,-0.02807661113787696,-0.03800464416515115,1694050590.2119386,epsilon_insensitive,l1,0.001394935487509875
226,0.017052657571506757,0.008169640739686401,1694050590.2339416,squared_error,elasticnet,0.01382530178565196
227,0.008255305839430682,-0.0022252857234599244,1694050590.254441,squared_error,None,0.9081391157226185
228,0.014767681970081492,0.0006230879742332718,1694050590.2743504,squared_error,None,0.0004916565606153653
229,0.01513364640559578,0.00023535145900643872,1694050590.29443,squared_error,l2,0.006241183958329498
230,0.010933443160829226,0.0050635951815596325,1694050590.3168497,squared_error,None,0.003180955070563009
231,0.008227425055565396,-0.0037054346602414245,1694050590.3367584,squared_error,None,0.000919147880149974
232,0.01731052714240444,0.002598158101669079,1694050590.358464,squared_error,None,0.0008280107160157155
233,0.014055333741767262,0.0017877447725294093,1694050590.3763604,squared_error,None,0.0018614442247379518
234,0.018642307436802508,0.007370495249279796,1694050590.3972147,squared_error,None,0.0006080815329587673
235,0.021443360932211664,0.007912461582759711,1694050590.4215486,squared_error,None,0.0010530352170788667
236,-0.023353534755977456,-0.028515133901936274,1694050590.44398,squared_error,elasticnet,0.0022024723919186104
237,0.00872168651245453,-0.002934878165117727,1694050590.4682388,squared_error,None,63.05201913844169
238,0.009931546845343253,0.0043023105303948705,1694050590.4880624,squared_error,None,0.009981225125073816
239,0.018245519718500303,0.008095183626330993,1694050590.5098214,squared_error,None,0.0013404662827187286
240,0.022042191589978888,0.007931879562464661,1694050590.5334237,squared_error,elasticnet,0.004312572415960439
241,0.006658503291572027,-0.003607578442447412,1694050590.558122,squared_error,elasticnet,0.004463876408963684
242,-1.1176271734747445e-05,-0.00026293418478240405,1694050590.5765312,squared_error,elasticnet,13554.016391753605
243,0.022478455246548124,0.009196522625673942,1694050590.5970502,squared_error,elasticnet,0.0028237601682497165
244,-1.083767369891575e-05,-0.00026433106240664195,1694050590.6161022,squared_error,elasticnet,94353.16945842048
245,0.010795752349489929,0.00019425357275737465,1694050590.6379552,squared_error,elasticnet,0.00593776614001152
246,0.00878447582781905,0.0025787334757700897,1694050590.6645164,squared_error,elasticnet,0.003540706806938579
247,0.021760840106440082,0.009161493758175543,1694050590.6857595,squared_error,None,1.540209005404244
248,0.0015561126808021353,-0.010184802050900998,1694050590.7109792,squared_error,None,0.002676383241343145
249,0.011998790137266124,-0.002166150658216681,1694050590.7314215,squared_error,None,4.24561517735587
250,0.01868536773829854,0.00781785476229313,1694050590.7526293,squared_error,None,1.7425966900774785
251,-9.00505429024534e-06,-0.00027237349486397555,1694050590.7718546,squared_error,elasticnet,0.71487352685577
252,-0.03770057329712273,-0.02666108695216507,1694050590.7903762,squared_error,None,2.309076892029896
253,-0.03753121723435915,-0.026544621133996582,1694050590.8121789,squared_error,None,5.278631728248458
254,-1.2012538039174459e-05,-0.0002595874465149972,1694050590.8304346,squared_error,elasticnet,1.121536075698456
255,0.019696380948624026,0.006668914936685866,1694050590.849541,squared_error,None,0.00029655489468137324
256,-0.08965227215887928,-0.08397451132947231,1694050590.8693392,epsilon_insensitive,None,0.007671797721202971
257,0.011590517992672189,0.005778611786405818,1694050590.8883305,squared_error,elasticnet,0.001452781372433602
258,0.013016673615158014,0.004913553674543492,1694050590.9097311,squared_error,None,0.002370815123639861
259,-0.007233909657427651,-0.012501996564573847,1694050590.9314954,squared_error,None,0.42073785124698065
260,0.0077750788717062536,0.0019032659023310305,1694050590.9524477,squared_error,None,0.00044457288057053404
261,-0.010850037628132858,-0.007522573330138949,1694050590.975287,squared_error,elasticnet,0.0011332442213045474
262,0.006155151992149999,0.0029665731835776254,1694050590.9937928,squared_error,l1,0.06282628016122462
263,0.018556244565085422,0.0057195503939097,1694050591.0151057,squared_error,None,0.004675514046057296
264,0.022649264142675762,0.009059263607707924,1694050591.034891,squared_error,None,0.013032668494007976
265,0.015478717290514754,0.0074351274952746405,1694050591.0528293,squared_error,l2,0.014175360700953585
266,0.016238911023282232,0.0046646096164755235,1694050591.0750945,squared_error,None,0.00019727659967844256
267,-1.4681577425346148e-05,-0.0002497480262655394,1694050591.094289,squared_error,elasticnet,987.2666060114384
268,0.014947464916585385,0.00538889458878522,1694050591.1176457,squared_error,None,12.346785367506985
269,0.018301043526313787,0.007879898413020281,1694050591.138844,squared_error,None,0.23283806723122297
270,0.020705672480446746,0.008757100443968824,1694050591.1618514,squared_error,None,0.04166715225766216
271,0.010682649501912334,0.005477487863643549,1694050591.1834548,squared_error,elasticnet,0.021646701534205032
272,0.007119959416143962,-0.005186770689410203,1694050591.2068377,squared_error,None,0.010814035208368716
273,0.006591196621712037,0.0026139769779259803,1694050591.2299268,squared_error,None,0.0007570719463191066
274,0.016777776318982363,0.007379929149848752,1694050591.2521517,squared_error,elasticnet,1.1307128626581464e-05
275,-0.009620985659137826,-0.022114831441602645,1694050591.2730951,epsilon_insensitive,None,0.001867675332361865
276,0.02171600205657165,0.006592605558539799,1694050591.2998216,squared_error,None,0.111665455837419
277,0.01860031080017588,0.00838798038478994,1694050591.3225389,squared_error,elasticnet,0.0719732755547205
278,0.013194921043858332,-7.846021729718267e-05,1694050591.346984,squared_error,None,0.17979220637429688
279,0.010546261715905003,-0.00016659852318623436,1694050591.3692455,squared_error,None,0.11190039182480364
280,0.008565187293801624,0.0025922077267037658,1694050591.391751,squared_error,None,0.0447434689365743
281,0.00010853828818335742,-0.00035347159992249466,1694050591.4139721,squared_error,elasticnet,0.3161007218672536
282,-0.01575416095662141,-0.009244197153317923,1694050591.439522,squared_error,None,0.11275373463183302
283,-0.0018342630823273698,-0.012686579411195664,1694050591.4674013,squared_error,l1,0.0010795550940914862
284,0.021556280727946242,0.008085561201724767,1694050591.492105,squared_error,None,0.0004612106289329161
285,0.017358841536766034,0.00839312014979987,1694050591.5208204,squared_error,elasticnet,0.0004007447465944524
286,0.01981520824000127,0.008053881819402697,1694050591.5509715,squared_error,None,0.0005285575362581501
287,0.016072833953510446,0.007313417272163059,1694050591.571395,squared_error,None,0.00022897843440835915
288,-0.002405376569363238,-0.004390349898426571,1694050591.5936723,squared_error,None,6.350379552307669e-05
289,-9.527799955888483e-06,-0.0002699895165285682,1694050591.614875,squared_error,elasticnet,3.663958571788469
290,0.017494231699812346,0.006220348305061907,1694050591.639226,squared_error,l2,0.03322238402115703
291,0.023854568170039392,0.008996696831720441,1694050591.661459,squared_error,None,6.866755321302756
292,0.011501376239128058,0.002179366415258621,1694050591.6825802,squared_error,None,11.257602185961016
293,-1.154747264253686e-05,-0.0002614310569930556,1694050591.7029157,squared_error,elasticnet,5.475095585099045
294,0.01844242352026071,0.008389801069691005,1694050591.7259777,squared_error,None,3.052070519171256
295,-0.004666982435232336,-0.01824086528390012,1694050591.7496014,epsilon_insensitive,None,7.18433667384611
296,0.014736020276872708,0.006767745267619141,1694050591.7692,squared_error,None,2.117799552814561
297,-1.028865307284299e-05,-0.0002666513841722562,1694050591.7911339,squared_error,elasticnet,1.246306445911712
298,0.01907838677772189,0.008457445500109628,1694050591.8131576,squared_error,None,8.541209682900782
299,-0.006873901244929259,-0.005759796362760028,1694050591.8345087,squared_error,None,0.019709548510769937
300,0.02078735022650624,0.007299437085634408,1694050591.8650365,squared_error,elasticnet,0.003906437043277295
301,0.017190231657126742,0.007370506522612841,1694050591.885843,squared_error,None,0.029348796768644707
302,0.01241578765015705,0.0011778654873383365,1694050591.910578,squared_error,None,0.06285107855184652
303,-9.315891213335092e-06,-0.000270946581442999,1694050591.9312122,squared_error,elasticnet,1.6411023690263506
304,0.013755741496581209,0.006404071544025447,1694050591.952465,squared_error,None,0.006263803970360616
305,0.016281966708124207,0.004966321874748547,1694050591.9755318,squared_error,None,38.60462949174806
306,-0.004618190319353843,-0.012936921890100983,1694050591.9960487,squared_error,None,0.002904499922347449
307,0.019918472511235463,0.008357838034127485,1694050592.0189662,squared_error,elasticnet,0.015413897027446909
308,0.0006754385812172137,-0.010315110675851447,1694050592.0397484,squared_error,None,0.08334019243171972
309,-9.277318832046078e-06,-0.0002711221402016406,1694050592.05969,squared_error,l1,17.62132756826072
310,-0.02032526302309945,-0.01413051038597013,1694050592.0816126,squared_error,None,0.13983521480653885
311,-1.0532501558468965e-05,-0.0002656121005917278,1694050592.1019008,squared_error,elasticnet,0.5197712977450352
312,0.0062230442735683456,-0.004471356784092162,1694050592.123947,squared_error,None,0.00031133696916856826
313,0.013707660112688758,0.00020241543309740262,1694050592.146963,squared_error,None,1.0019465098039761
314,0.015722516817356147,0.006516381344553346,1694050592.1729147,squared_error,elasticnet,0.0007310108505354009
315,-0.005823602146080464,-0.002244935763502598,1694050592.1974382,squared_error,l2,4.759221981598525
316,0.02015780896833641,0.0064943202318421545,1694050592.2194402,squared_error,None,0.046117656620825134
317,-0.058192479246811146,-0.060523510808368375,1694050592.2418838,epsilon_insensitive,None,0.00718500639117619
318,-0.017056638883270248,-0.02587896204457385,1694050592.2637088,squared_error,None,0.00012975299230752658
319,0.01741975794537287,0.003178996521434274,1694050592.2880144,squared_error,elasticnet,0.0043406176685196075
320,-0.006527532246025647,-0.016241915113708094,1694050592.3124585,squared_error,None,0.0020635018181301822
321,0.019776884960221786,0.006048611216805,1694050592.3363507,squared_error,None,0.026101152418031258
322,0.01802459464171524,0.00845942544729994,1694050592.361577,squared_error,elasticnet,0.010639271520338356
323,0.015289838227253494,0.005560767729975047,1694050592.3861465,squared_error,None,0.000530758715950335
324,0.018161387678801155,0.007460536956344188,1694050592.4131112,squared_error,None,2.98410345045884
325,0.011404471267461136,0.0059540428297042425,1694050592.436378,squared_error,elasticnet,0.002740698353869879
326,0.017077898582852358,0.0071678231804154224,1694050592.4577594,squared_error,None,5883.419309751707
327,0.01954981753970908,0.008721882631324895,1694050592.479318,squared_error,None,0.0012673593620824719
328,0.017859827669891692,0.008436819489562652,1694050592.500226,squared_error,None,0.2502653838354718
329,0.020379860745954326,0.008146012700601113,1694050592.523285,squared_error,elasticnet,0.014841549655577274
330,0.017051079077410214,0.008181610552610907,1694050592.5449266,squared_error,None,0.005472587441747289
331,0.01869626572883376,0.008605507732946993,1694050592.566247,squared_error,None,10.345268545457616
332,-1.016377802165458e-05,-0.00026718916682888505,1694050592.5868375,squared_error,elasticnet,23.917207754412377
333,0.023895853056132177,0.007772108395640798,1694050592.6072197,squared_error,None,0.0006776210388312265
334,0.0188166230694099,0.003696360781340835,1694050592.632689,squared_error,None,0.0003784279567736405
335,0.01394785863737058,-0.0029721717110358092,1694050592.6560893,epsilon_insensitive,l1,0.00020790678006231333
336,0.018803402937002667,0.007379568588119834,1694050592.6809416,squared_error,None,0.0007464267872307557
337,0.021610585049345987,0.0070617505642928124,1694050592.70556,squared_error,elasticnet,0.0016667767576946586
338,0.015329794216592418,0.0026664242555778372,1694050592.7333586,squared_error,elasticnet,0.0012394360883205056
339,0.02151567120699438,0.008047161370841938,1694050592.7608795,squared_error,elasticnet,0.0005991209582256146
340,0.009781981153845987,0.005284398966247883,1694050592.7910473,squared_error,elasticnet,0.0005545988298551577
341,0.02267542453953697,0.009315909640730924,1694050592.8188007,squared_error,elasticnet,0.0003583937569808541
342,0.01934705688243088,0.00830047360365116,1694050592.8479207,squared_error,elasticnet,0.0002884194029828481
343,0.004656807072839442,0.000665519119142588,1694050592.87366,squared_error,elasticnet,0.00042205035477534234
344,0.019913143467945926,0.008566851309288248,1694050592.9049966,squared_error,elasticnet,0.0002383238821086759
345,0.016629989771780873,0.006915368273289535,1694050592.9289162,squared_error,elasticnet,0.000693655935070732
346,0.003120991920168903,-0.007363051829287315,1694050592.9565067,squared_error,l2,0.00013643827627730898
347,0.002743343639385998,-0.008782495329187068,1694050592.9907393,squared_error,elasticnet,0.00039571918063036136
348,0.011549713163273578,0.0013332045599205866,1694050593.0201743,squared_error,elasticnet,0.0009025866400408452
349,0.01701988684833966,0.005154899081961539,1694050593.0499973,squared_error,None,0.0005140124778710078
350,0.021474585748635033,0.00781275253739211,1694050593.0778825,squared_error,elasticnet,0.00028805459203324154
351,0.02299098914003539,0.009109014290260231,1694050593.10329,squared_error,None,0.41158101168176897
352,0.0143841819451338,0.006933928106233278,1694050593.125743,squared_error,None,0.15915319741900205
353,0.016009517189898403,0.0044927001715400205,1694050593.1475058,squared_error,None,0.5762855153715718
354,0.022283896397371494,0.007242280876524787,1694050593.169274,squared_error,None,82.43265417416
355,0.005242308080197655,-0.0040717906793963365,1694050593.1921446,squared_error,None,0.19374527938718614
356,0.018171921773905364,0.008586644978592961,1694050593.217619,squared_error,None,46.404437761430046
357,-0.05578064723910603,-0.05685473719705647,1694050593.2427173,epsilon_insensitive,None,200.6954900954531
358,0.009026738945576485,-0.000515076943430337,1694050593.268112,squared_error,None,30.456729017761386
359,-0.01710982266501926,-0.023438008902143537,1694050593.2920854,squared_error,None,16.42114005145506
360,0.01927526389040146,0.006990496148352676,1694050593.3180268,squared_error,None,384.52945504793865
361,0.01703243031567081,0.004387293301075235,1694050593.3477883,squared_error,None,0.7593763900417324
362,0.01810157509971666,0.005170034575368909,1694050593.378152,squared_error,None,0.10265785912429091
363,0.018800374218926663,0.008629152571294596,1694050593.4066997,squared_error,None,70.1819771602789
364,0.019662239145352034,0.00889030721567241,1694050593.4385433,squared_error,None,0.8266258163637202
365,0.02177609527858837,0.009234081638507807,1694050593.468971,squared_error,None,5.073262243156471e-05
366,0.01626020047406218,0.007848293512864646,1694050593.498832,squared_error,None,0.36512689295329603
367,0.01640933329965444,0.007692024525370211,1694050593.5279582,squared_error,None,4.7473691908124265e-05
368,0.014293065270925776,0.0066411858806672,1694050593.5547814,squared_error,None,1.265264146183714
369,0.020645341160960173,0.005677728712535135,1694050593.5847683,squared_error,None,2.0621826017863218e-05
370,0.005714717561943861,0.0025454489151646165,1694050593.6142695,squared_error,None,7.912147682270689e-05
371,0.019204166262192235,0.008652981569336249,1694050593.6367664,squared_error,None,2.7247657003235563e-05
372,-0.06465813354036665,-0.04154287748837415,1694050593.66577,squared_error,None,0.0001846999077219226
373,0.01917691664143517,0.008025719977337253,1694050593.700678,squared_error,l1,0.00012383944685510217
374,0.01776797328279678,0.007815025958841537,1694050593.7266076,squared_error,None,5.015361411844175e-05
375,0.013548717496173812,0.006306609911970074,1694050593.7487228,squared_error,None,0.31057943736982657
376,-0.024666544677300672,-0.033660142727539366,1694050593.778591,epsilon_insensitive,None,2.7767163326559776e-05
377,0.016615119836512426,0.007069828963853331,1694050593.8042326,squared_error,None,5.575703584543951e-05
378,-0.015461886438428163,-0.0217056525885595,1694050593.8308823,squared_error,l2,0.3654145496663105
379,0.011449593027226701,0.001390119443176352,1694050593.859475,squared_error,None,9.68903746922934e-05
380,0.02081598204488677,0.008035905903551854,1694050593.889827,squared_error,None,1.760770922632465
381,0.01952938502065049,0.008320627846922224,1694050593.9118876,squared_error,None,0.05316265285211099
382,0.018235335366551975,0.003707322225221077,1694050593.9335616,squared_error,None,86.05593776268529
383,0.017216356419476053,0.006179795451093484,1694050593.9569468,squared_error,None,0.5595643227728221
384,-0.008243768240869587,-0.016289271165047525,1694050593.9804401,squared_error,None,0.007946728555771668
385,0.013568503336015225,0.0010761322115007133,1694050594.003428,squared_error,None,0.0034035792944475587
386,0.018446885486271825,0.004672715113808845,1694050594.0264952,squared_error,None,32.338280281097234
387,0.017752909876306622,0.008389199915677659,1694050594.056647,squared_error,None,0.09673844874789483
388,0.017377652020515777,0.006409397754019719,1694050594.0814548,squared_error,None,0.0001745159460380283
389,0.004979858266160431,0.0009636890613262672,1694050594.105969,squared_error,None,0.2229413826955018
390,-8.72428976417261e-06,-0.00027368698073848563,1694050594.1289413,squared_error,l1,11.351943567139458
391,-0.005865914506888892,-0.012143541779989553,1694050594.1533644,squared_error,None,1.3601235356277072e-05
392,-0.032235848652601096,-0.02232294782935651,1694050594.178499,squared_error,None,5.862700283188457
393,0.008397879559705279,-0.003926794708462467,1694050594.2046835,squared_error,None,22.97792698719224
394,0.016381482878172537,0.003255827716700632,1694050594.2349205,squared_error,None,3.264780690613877e-05
395,0.007215989324721228,-0.01060218779477129,1694050594.264143,epsilon_insensitive,l2,7.836294455332911e-05
396,0.019106163463822212,0.007818704376645669,1694050594.2901034,squared_error,None,0.011626626907989636
397,0.018296530519693377,0.008218782300297933,1694050594.3177924,squared_error,None,0.0047798469923396375
398,-0.0011092075024097259,-0.002140808524656368,1694050594.3423676,squared_error,None,0.0018452253141130418
399,0.011483692856979255,0.004243280689364637,1694050594.367408,squared_error,None,3.5151890816458065
