trial,score,test_score,time,alpha
0,0,0,1694024794.1315815,0
0,0.7306186636330179,0.7275979065413263,1694024794.186252,1
1,0.7305622936706916,0.7275747225646253,1694024794.2487755,3.2209132335058994
2,0.7305624584951429,0.7275934801795775,1694024794.3133903,120.63636043495595
3,0.7300697982103691,0.7274122533194494,1694024794.343442,0.00811049552727607
4,0.7306039942568567,0.7275905232248027,1694024794.4025404,1.2831459336090951
5,0.730561799197338,0.7275938067144606,1694024794.4673328,8500.990747226393
6,0.730561799197338,0.7275938067144606,1694024794.5324984,9181.86470916494
7,0.7254510874375584,0.723527794349927,1694024794.5507326,0.00018024079929419208
8,0.7294833528128364,0.7276814813305765,1694024794.5738647,0.0011814865483077482
9,0.7204956403108523,0.7181844682267863,1694024794.5890908,3.2709358969753595e-05
10,0.7308136509588415,0.7276559753280403,1694024794.6278963,0.25591658776987436
11,0.7188956893626091,0.7162002608687181,1694024794.6445224,1.9895832168682116e-05
12,0.73077376344164,0.7276619980825508,1694024794.6939733,0.3701112139691128
13,0.7305713590155103,0.7275899971408243,1694024794.7601206,31.00562400247852
14,0.7299572231101682,0.7274405892909729,1694024794.7883966,0.006093584339906497
15,0.7305606454261793,0.7275882374806208,1694024794.8540506,57.882731821182155
16,0.7305761389245964,0.7275808541640971,1694024794.9192293,8.102670420619168
17,0.7184740684163222,0.7155402794474645,1694024794.934039,1.7370760151751154e-05
18,0.7305725127866689,0.7275814346705561,1694024794.9983206,3.8774024457587526
19,0.7298715143955203,0.7275460963398723,1694024795.0248852,0.003913131739221264
20,0.7308659003098864,0.7277054453628319,1694024795.065569,0.14158328028513864
21,0.730028262448655,0.7274369974072586,1694024795.0925474,0.006843067402562015
22,0.7305619640217892,0.7275883463255819,1694024795.158596,85.38452821970931
23,0.730814639905549,0.7276564288487112,1694024795.1975486,0.25382662586833776
24,0.7277381915230456,0.7260021305675489,1694024795.2166605,0.0003704054642045913
25,0.7305664142819728,0.7275735071292271,1694024795.281006,2.7956975143215823
26,0.7305619640217891,0.7275943872209194,1694024795.3465278,635.5469591289559
27,0.7301490787714183,0.727318374540554,1694024795.376801,0.011578047414542637
28,0.7294390150354513,0.7276353854895772,1694024795.3983464,0.0016579782893720123
29,0.7307653573946264,0.7276935086987714,1694024795.4382093,0.07580756998893902
30,0.7305619640217891,0.7275938429961143,1694024795.503444,23111.945173860244
31,0.730561799197338,0.7275938974185949,1694024795.5689294,57537.92883263092
32,0.7305603157772766,0.7275889449728676,1694024795.6343281,52.946439352748826
33,0.730561799197338,0.7275939699819022,1694024795.6999357,10674.341315217815
34,0.730561799197338,0.7275938248552875,1694024795.76584,2867.5349042547264
35,0.7307721151971276,0.7277451556327839,1694024795.805088,0.06024769184778868
36,0.7232630428472699,0.7213432578410685,1694024795.8224666,8.359303410192588e-05
37,0.7305650956863627,0.7275903418165343,1694024795.887932,34.20653037693516
38,0.7305718534888639,0.7275852805258459,1694024795.952488,3.7879795338956446
39,0.7304681789090303,0.7275377152778724,1694024795.9877493,0.0412712507494538
40,0.7293562731609259,0.7276182061265599,1694024796.0092757,0.001780512587876359
41,0.7308996893223919,0.7277069329106327,1694024796.0499659,0.11619813664631858
42,0.7307183824260215,0.7276455624934342,1694024796.0959008,0.4891054329837233
43,0.729867228959788,0.727446448778042,1694024796.123008,0.00492442789220482
44,0.7301433099156248,0.727417042497735,1694024796.1509898,0.00827804422478638
45,0.730752336262978,0.7276632316587761,1694024796.1975715,0.3774539662270768
46,0.730561799197338,0.7275939337002484,1694024796.2631881,4030.3162858570754
47,0.7305774575202062,0.7275759380000234,1694024796.3280091,7.286669045546345
48,0.7300325478843875,0.7274366345907218,1694024796.3547888,0.006837205358476159
49,0.7299692552951091,0.7274253691372544,1694024796.3825192,0.006022475837155741
50,0.7307684890592,0.7276559934688669,1694024796.4297218,0.3517391868245492
51,0.7294009405872134,0.7277090009648924,1694024796.4530854,0.0011326701255781754
52,0.7293091333678695,0.727689136759503,1694024796.4732482,0.0010322552739533818
53,0.7305959178587458,0.7275872941576251,1694024796.5351205,1.3814990740746365
54,0.723045144922723,0.7210268999618117,1694024796.5524611,7.452357626486133e-05
55,0.7306590456235729,0.7276317754650361,1694024796.600356,0.6852599078495769
56,0.7304798814450688,0.7275390214174048,1694024796.6379735,0.04185642421228613
57,0.7305617991973379,0.7275894891976726,1694024796.69607,119.36203601430448
58,0.7305622936706917,0.7275934438979238,1694024796.7630086,293.4014332518523
59,0.7305622936706915,0.7275935708837117,1694024796.8273969,81.45715140968153
60,0.7305617991973379,0.7275880197906988,1694024796.890938,77.94784942668598
61,0.7306783300843686,0.7276729551419621,1694024796.9290826,0.05445042093788323
62,0.7305601509528254,0.7275885277338502,1694024796.9938474,48.01180652671277
63,0.730496199065742,0.7275771534354218,1694024797.0315833,0.025031486415074772
64,0.7305792705891699,0.7275718200323309,1694024797.0957453,5.3448891016857685
65,0.7301627592008717,0.7274065389589949,1694024797.1271245,0.018116386632668874
66,0.7308059042096329,0.7276484650257284,1694024797.165427,0.28278117365008854
67,0.7212068578179781,0.7190147375895837,1694024797.1805203,4.1237213219263045e-05
68,0.7294864844774102,0.7276113488940146,1694024797.205379,0.0026714941151545655
69,0.730561799197338,0.7275938974185948,1694024797.2710233,52002.720209888874
70,0.7293307253709828,0.7275032839885307,1694024797.2967002,0.0020222835238741478
71,0.7305624584951429,0.7275929722364259,1694024797.3627381,82.18169786077691
72,0.7305642715641066,0.7275940606860364,1694024797.4264705,31.97191002681277
73,0.7305629529684967,0.7275931717855213,1694024797.4916375,173.53672389096235
74,0.7306501451032058,0.7276422064404688,1694024797.5374317,0.5634898613247956
75,0.7305769630468525,0.7275831217674521,1694024797.6020813,9.260570578494969
76,0.7214326673161848,0.7193344515218058,1694024797.6195705,4.6740595294927776e-05
77,0.7219156029583351,0.7197070459642656,1694024797.6368866,5.316445647271555e-05
78,0.7293320439665927,0.7275660875310496,1694024797.6597688,0.0009766979203042114
79,0.7273157464545025,0.7255779436135573,1694024797.678606,0.0003300729769169732
80,0.7240293117211117,0.7218769609666913,1694024797.6959817,0.00010024055113887486
81,0.7255984404969721,0.7239699770041437,1694024797.714435,0.00019630829274126294
82,0.7305733369089251,0.7275751942261232,1694024797.7789083,3.410180118204769
83,0.7290198664559331,0.7272273257306459,1694024797.801521,0.0007553500272941175
84,0.730561799197338,0.727593879277768,1694024797.8660126,33190.395712236925
85,0.7305603157772766,0.7275944053617464,1694024797.925258,65.48137466476211
86,0.7305759741001451,0.7275659968269154,1694024797.9877672,2.5715604251588964
87,0.7305622936706917,0.7275935527428848,1694024798.053531,117.9793524335334
88,0.7298355826651487,0.7275561644987685,1694024798.080604,0.004353782300872568
89,0.730561799197338,0.7275938974185948,1694024798.1462977,18503.626032237953
90,0.730561799197338,0.7275938067144606,1694024798.2118556,2465.6451721954136
91,0.7305629529684966,0.7275932806304823,1694024798.2779164,183.31372574241516
92,0.7306466837897295,0.7276364557983607,1694024798.3274007,0.634453154234885
93,0.7305621288462404,0.7275939337002485,1694024798.3920882,2636.5247876533704
94,0.7305622936706917,0.7275934801795775,1694024798.4575438,280.2355540379352
95,0.7305649308619117,0.7275898701550364,1694024798.5209312,40.11059127321231
96,0.7305619640217891,0.727593988122729,1694024798.5862696,13795.983620078132
97,0.7305772926957551,0.7275807090374823,1694024798.6513126,21.709790767603803
98,0.7305850394449636,0.7276153942983997,1694024798.6922185,0.045646328198733196
99,0.7305721831377663,0.7275758835775431,1694024798.7527137,3.3763365603733075
100,0.7292784760199378,0.7275195200285524,1694024798.7767994,0.0009200380037622417
101,0.7291560114526622,0.7273681711102289,1694024798.8011718,0.0008331495497157547
102,0.7305629529684967,0.7275932806304823,1694024798.8665886,180.5910567487015
103,0.7305619640217891,0.727594314657612,1694024798.9323406,706.9147351284804
104,0.730561799197338,0.7275939699819022,1694024798.9979377,52599.744770975536
105,0.730561799197338,0.7275940425452095,1694024799.0630238,3233.807548221459
106,0.7305677328775828,0.7275703143437032,1694024799.1260602,2.7286213061923412
107,0.7230858565621806,0.7213549586743803,1694024799.1440709,7.905124155690676e-05
108,0.7306232787176525,0.727600101581374,1694024799.1975124,0.773984825560723
109,0.7305619640217892,0.7275933350529628,1694024799.2612267,19026.70022109874
110,0.7305621288462404,0.7275942965167853,1694024799.3254395,751.9379344028245
111,0.7306302013446048,0.7276059429276165,1694024799.384892,0.7094834358573426
112,0.7307686538836515,0.727655431103235,1694024799.434509,0.3571030954807974
113,0.7294240160103879,0.7276743882672824,1694024799.461333,0.0015130653440198177
114,0.7285771479798869,0.7269250088513629,1694024799.481006,0.0005917439249679911
115,0.7220351006854884,0.7197862488142476,1694024799.4979804,5.447994898021005e-05
116,0.730561799197338,0.7275938248552876,1694024799.56401,8393.283178065036
117,0.7305749851534376,0.7275901785490926,1694024799.6278057,25.22122456272648
118,0.7267149613297114,0.7250567757992809,1694024799.6457794,0.0002712209137069466
119,0.7308823827550109,0.7276883204222953,1694024799.6848927,0.1384424247570741
120,0.7202360418001401,0.7180538724143675,1694024799.699515,3.098055859056022e-05
121,0.729530657430344,0.7276517485153864,1694024799.7222147,0.0012408906014810019
122,0.7305621288462403,0.7275928633914649,1694024799.785085,202.8062063436987
123,0.7305677328775829,0.7275918293643351,1694024799.8414514,32.450971605115406
124,0.7306573973790604,0.7276384150076594,1694024799.8876984,0.6162869531427146
125,0.7299016772700984,0.7273955456179301,1694024799.9160182,0.005595063952582319
126,0.7305655901597164,0.7275901422674391,1694024799.9811578,33.28367331333418
127,0.730561799197338,0.7275937885736338,1694024800.0453823,36685.55664370657
128,0.7308322761218323,0.7276620162233778,1694024800.0842664,0.22657164705145716
129,0.7217812710305699,0.7195495473056437,1694024800.1022935,5.027187122405425e-05
130,0.7209474241317172,0.71867144058247,1694024800.1183608,3.7784604283420445e-05
131,0.7227463181926144,0.7207427239093684,1694024800.1365602,6.740780539353561e-05
132,0.7305616343728867,0.7275938974185949,1694024800.201201,39543.20557408551
133,0.7305759741001452,0.7275664140659328,1694024800.2643366,2.55627964500559
134,0.7305616343728867,0.7275929540955991,1694024800.3252144,2369.3233075244916
135,0.7282509603908713,0.7266211862834524,1694024800.34755,0.0005015744924672883
136,0.729851900285822,0.7275451892985303,1694024800.37432,0.004012829682775354
137,0.7305622936706917,0.7275929903772528,1694024800.4388309,83.13331884378687
138,0.7305616343728867,0.7275939518410753,1694024800.5038128,9030.322933870339
139,0.7304986714325107,0.7275658879819542,1694024800.5422144,0.02552024530611259
140,0.7213029504730545,0.719233624806231,1694024800.5570045,4.433349601600382e-05
141,0.730561799197338,0.7275938974185948,1694024800.6204684,4377.203059508021
142,0.7300722705771377,0.7274121263336615,1694024800.6497486,0.008104467001286645
143,0.7305622936706917,0.7275934620387505,1694024800.7125795,257.52776810420465
144,0.7278291746201333,0.7261529171202402,1694024800.731114,0.000380484129966131
145,0.7305624584951428,0.7275936071653654,1694024800.7937288,89.05008767931896
146,0.7305619640217891,0.7275940244043826,1694024800.8562887,2595.3515341220154
147,0.7305629529684966,0.7275933169121358,1694024800.9193337,186.8619116404625
148,0.730466036191164,0.7275041003257385,1694024800.9569616,0.039000955636855184
149,0.7305631177929479,0.7275957296421056,1694024801.0137053,184.88322788367245
150,0.7264530552766818,0.7246749295351328,1694024801.0314207,0.0002481254100530576
151,0.7301111691476319,0.7273363702407791,1694024801.0613494,0.013746468851594106
152,0.7309076008960517,0.7277085837258751,1694024801.1002917,0.15697394280310176
153,0.730561799197338,0.7275937885736338,1694024801.1634386,5917.25641895236
154,0.7274779337145283,0.7258744554282515,1694024801.181613,0.0003446688901498266
155,0.7305619640217891,0.7275939699819022,1694024801.2443979,6327.7294559917955
156,0.7305619640217891,0.7275938248552875,1694024801.3072608,976.4346718282998
157,0.7305616343728867,0.7275939155594217,1694024801.3707106,52028.69953530933
158,0.7306120706549679,0.7276362562492653,1694024801.4072433,0.04753678793148925
159,0.7295019779758273,0.7277029600695548,1694024801.4298038,0.0011204634367095203
160,0.729416763734533,0.7275933713346164,1694024801.4538825,0.002545090344527419
161,0.7305619640217891,0.7275940425452095,1694024801.5172515,1899.4506485437244
162,0.7305622936706916,0.7275933169121359,1694024801.580938,44903.63364384258
163,0.7305622936706917,0.7275928996731186,1694024801.6443596,97.29711966074832
164,0.7306521229966205,0.7276335169844127,1694024801.6915374,0.6682983944221024
165,0.73008578618214,0.7274085163091204,1694024801.718287,0.007421601763945588
166,0.7305622936706916,0.7275927726873308,1694024801.7811902,2172.0951377664555
167,0.7305626233195942,0.7275937522919801,1694024801.8466337,5269.811537884433
168,0.7232567795181225,0.7213342418501292,1694024801.8646438,8.342878483576618e-05
169,0.7295072523582671,0.7276630683913344,1694024801.8892314,0.001443759018881499
170,0.7305641067396553,0.7275944960658804,1694024801.951767,2077.8342686087276
171,0.7305642715641065,0.7275939518410753,1694024802.014141,3041.1579073934113
172,0.7301426506178198,0.7273475449901121,1694024802.0449173,0.014012963398405255
173,0.7299717276618778,0.7274161354563929,1694024802.0724232,0.0062079179535315335
174,0.730897052131172,0.7276646647840963,1694024802.1122983,0.2033060114164984
175,0.7305763037490475,0.72756683130495,1694024802.173855,2.4800760742372243
176,0.7233588058534438,0.7215272965293569,1694024802.1913981,9.029592474122297e-05
177,0.7305619640217891,0.7275932806304821,1694024802.2547414,2339.491044881036
178,0.7306023460123443,0.7275622960982402,1694024802.3160522,2.2250957463957457
179,0.7305622936706917,0.7275936071653654,1694024802.379117,561.9247362509291
180,0.7293242972173842,0.7275030844394355,1694024802.4034038,0.00203405483080959
181,0.730561799197338,0.7275930266589063,1694024802.473434,44971.100047238375
182,0.7305646012130091,0.7275940788268633,1694024802.5370827,323.79718826700184
183,0.7305057588839143,0.7275406722326472,1694024802.574022,0.026973583292244144
184,0.730561799197338,0.7275939155594217,1694024802.6373136,30568.664791843883
185,0.7305622936706917,0.7275929722364259,1694024802.7009118,101.18538527789427
186,0.7305621288462404,0.7275938792777681,1694024802.7647033,2544.549213436458
187,0.7202622488878883,0.7178666046589017,1694024802.7791371,2.8508414101821788e-05
188,0.7207822700315687,0.7185303412313111,1694024802.7937818,3.600936065178426e-05
189,0.7305622936706915,0.7275938248552876,1694024802.8564577,267.5301515058801
190,0.7301436395645272,0.7272904920897015,1694024802.8857737,0.01113946490248109
191,0.7305975661032582,0.7275812351214608,1694024802.9438796,1.4717825803931042
192,0.7277302799493857,0.7259905748608522,1694024802.9620078,0.00036527860595482686
193,0.730561799197338,0.7275940788268632,1694024803.0251544,60189.965801601495
194,0.7306191581063715,0.7275959836136814,1694024803.0781407,1.0653945645045593
195,0.7305622936706918,0.7275927908281575,1694024803.139438,1949.893020456836
196,0.7220769660961048,0.7198010154472949,1694024803.1560247,5.5001934278746175e-05
197,0.7306587159746705,0.7276385238526202,1694024803.2000103,0.6153957918703751
198,0.7211943311596836,0.7190621395701157,1694024803.2145638,4.195607026428522e-05
199,0.730561799197338,0.7275937704328069,1694024803.2781396,6956.876774599797
200,0.730809365523109,0.7276440749456333,1694024803.3169703,0.2871453495849166
201,0.721614468685909,0.7194387249944802,1694024803.3354657,4.8472920031915784e-05
202,0.7222887655159558,0.7200386965605481,1694024803.353254,5.820533902158053e-05
203,0.7305743258556325,0.7275669582907379,1694024803.4160473,2.443017511685991
204,0.7222277804689947,0.7199770358901202,1694024803.4342575,5.6972338378834104e-05
205,0.728917180822807,0.7271449845176206,1694024803.4547207,0.0006882134883255582
206,0.7308218921814038,0.7276528913874775,1694024803.4959397,0.23097811973034613
207,0.7306138837239317,0.7276082105309712,1694024803.5503578,0.9502290649472058
208,0.730573336908925,0.7275771171537682,1694024803.6135733,6.8095615923263475
209,0.7305738313822788,0.7275821058811491,1694024803.6769211,16.03713606923217
210,0.7307211844416925,0.7276843657220442,1694024803.7160676,0.053470592493172216
211,0.7305782816424625,0.7275820151770149,1694024803.780474,15.394508572731375
212,0.7278051102502514,0.726058348989925,1694024803.800221,0.0003736341673364208
213,0.7300279327997525,0.7273943301825317,1694024803.8281362,0.005689639556432357
214,0.7305619640217891,0.7275942602351316,1694024803.8925087,970.9183428278873
215,0.7273495354670079,0.7257996607991916,1694024803.912111,0.00033954161285588936
216,0.7293867656844063,0.727612310357837,1694024803.9338236,0.0017109201015874974
217,0.7294973628911923,0.7276108953733436,1694024803.9579327,0.0026901828327610035
218,0.7306491561564983,0.727637997768642,1694024804.0054114,0.6238397563600089
219,0.7153900381090614,0.7120220293493544,1694024804.0194342,1.0173144667031286e-05
220,0.7189181054879784,0.71628681075357,1694024804.035222,2.009618431296219e-05
221,0.7307386558335247,0.727648301758287,1694024804.0806503,0.41255467846460186
222,0.7279368049867967,0.7263089282310612,1694024804.1011677,0.00042189739968307734
223,0.7305614695484355,0.7275882737622745,1694024804.1631882,62.37607418580377
224,0.7305619640217891,0.7275940425452095,1694024804.2261784,895.4593422348332
225,0.7305796002380723,0.7275742327623006,1694024804.2882037,6.048303663192318
226,0.7305622936706917,0.7275929722364259,1694024804.350978,88.64408708646933
227,0.7308100248209141,0.7276827693292823,1694024804.3896692,0.0812045113535455
228,0.7203130148188719,0.7178282549509627,1694024804.4045532,2.90376876884198e-05
229,0.7308222218303063,0.7276572089042653,1694024804.4443989,0.24786506856858823
230,0.7306824506956499,0.7276655899662651,1694024804.4825425,0.052456960418239926
231,0.7305771278713037,0.7275829947816641,1694024804.5452135,9.333239749576252
232,0.7261680738004777,0.7243872160214558,1694024804.5630715,0.00021987795899117718
233,0.7293996219916037,0.7275708585685084,1694024804.5837448,0.0018929056486563555
234,0.7305619640217891,0.7275940606860364,1694024804.646449,1405.478366678138
235,0.7298067383861807,0.7275379692494481,1694024804.6716416,0.004398000419018994
236,0.7308832068772673,0.7276769461238668,1694024804.7114637,0.1268241759311289
237,0.7305621288462405,0.7275930266589065,1694024804.7734997,22894.0045585424
238,0.7300313941132289,0.7273935864086313,1694024804.800114,0.005695405236497562
239,0.7268502822041841,0.725153031026492,1694024804.8178396,0.00028372629605484133
240,0.7305622936706917,0.727592845250638,1694024804.8802373,104.7613999375364
241,0.730578611291365,0.7275757928734088,1694024804.9422264,4.684524389617693
242,0.7305781168180112,0.7275829403591838,1694024805.0053122,13.059855010617012
243,0.7202258226841629,0.7177121536591888,1694024805.0198846,2.6321371201739134e-05
244,0.7309084250183078,0.7277053909403514,1694024805.0590112,0.14882262055305812
245,0.7160171951460518,0.7125594513444793,1694024805.0730996,1.1032256272348058e-05
246,0.7294304441639865,0.7275664684884132,1694024805.0972426,0.002919810651922795
247,0.7305622936706917,0.7275929722364259,1694024805.1599166,114.96399201243074
248,0.7212065281690756,0.7190173135869949,1694024805.1744156,4.1248404939754365e-05
249,0.7301588034140418,0.7273652504371079,1694024805.2023044,0.008849831177716453
250,0.7305609750750817,0.7275938792777681,1694024805.2627683,76054.9575240737
251,0.7305617991973378,0.7275938248552876,1694024805.3264573,51549.24421219098
252,0.7306455300185709,0.7276354580528844,1694024805.3745553,0.6583606825255077
253,0.7305626233195942,0.7275937160103263,1694024805.437007,227.4751003459486
254,0.7305769630468526,0.7275806908966556,1694024805.5025585,21.21083384149941
255,0.730742281971452,0.727654524061893,1694024805.5480752,0.45386920244066076
256,0.730561799197338,0.7275939155594217,1694024805.6121576,3721.0398958010824
257,0.7282827715099617,0.7267142305843131,1694024805.6312695,0.0005311076068075204
258,0.7305619640217891,0.7275940244043826,1694024805.694553,1924.505791797013
259,0.7202282950509317,0.7177148203607344,1694024805.7099159,2.634481993722084e-05
260,0.730561799197338,0.7275938974185949,1694024805.7737234,4672.366679324652
261,0.7305608102506306,0.7275939699819021,1694024805.8361692,57.53947230875878
262,0.7308063986829867,0.7276436758474428,1694024805.874421,0.28783334123666954
263,0.7305603157772766,0.7275890538178286,1694024805.9384885,51.963988303234615
264,0.7307412930247447,0.7276518029378671,1694024805.9848235,0.4014995278437009
265,0.7305619640217891,0.7275943872209194,1694024806.047459,631.0041619957428
266,0.7246685009430431,0.7227855805606092,1694024806.0645506,0.0001362827343684453
267,0.7306104224104555,0.72759162981524,1694024806.1292531,1.2066304713966842
268,0.730561799197338,0.7275940425452095,1694024806.1939442,5186.751001076712
269,0.7305619640217891,0.7275940244043826,1694024806.2568276,18849.192863237884
270,0.7294475859069162,0.7276676398796981,1694024806.2798133,0.0015972147621674388
271,0.7295599961826659,0.7274816964045916,1694024806.3038774,0.00330600134213884
272,0.730561799197338,0.7275940425452095,1694024806.366148,10967.93116354787
273,0.7304544984795769,0.7275225858282881,1694024806.4021192,0.028521567314890892
274,0.7209083607367719,0.7186332178603189,1694024806.4166498,3.704467086305151e-05
275,0.7305629529684966,0.7275934983204043,1694024806.4795089,140.88563738297898
276,0.7308815586327547,0.7277021074506934,1694024806.5177028,0.13937619099494952
277,0.7305629529684966,0.7275934983204043,1694024806.5805655,225.54950325331853
278,0.7306494858054007,0.7276425329753519,1694024806.6249952,0.5900873906050619
279,0.730615531968444,0.7275997931873177,1694024806.6776857,1.0131075324959542
280,0.7309067767737953,0.7276969917375246,1694024806.7175498,0.14983701206516814
281,0.7300691389125641,0.7274049062845793,1694024806.7467673,0.008032467191390487
282,0.7305619640217891,0.727593770432807,1694024806.81072,10165.030214550206
283,0.7305599861283741,0.7275888361279065,1694024806.8742964,48.738906350700724
284,0.7305621288462405,0.7275940788268632,1694024806.9379656,773.2562401490941
285,0.730561799197338,0.7275940969676901,1694024807.001125,9065.574076033328
286,0.7295278554146728,0.7274860320622062,1694024807.0262718,0.0031760653068661714
287,0.7305617991973378,0.7275938974185948,1694024807.0894747,15783.602673463387
288,0.730561799197338,0.7275940425452095,1694024807.15361,4227.181279149055
289,0.730610092761553,0.7275919744909497,1694024807.2117753,1.1504099286562148
290,0.7305776223446575,0.7275754844793525,1694024807.2752073,4.775531800956234
291,0.7247116849492694,0.7228977634337858,1694024807.2935352,0.0001410335313464482
292,0.7305619640217891,0.7275935164612313,1694024807.3576226,417.98279486150295
293,0.728282936334413,0.7267219222948931,1694024807.3777952,0.000539821368499991
294,0.7305947640875871,0.7275626951964307,1694024807.4399068,2.1795177489724376
295,0.7255274011584852,0.7235855728834112,1694024807.4573767,0.00018381165793107768
296,0.7219584573156591,0.7197192003182481,1694024807.473864,5.360075855173993e-05
297,0.7305789409402674,0.7275824505568589,1694024807.5357568,12.310464429446222
298,0.7306100927615531,0.7275999745955861,1694024807.5869796,0.8166412180900758
299,0.7305608102506305,0.7275890356770017,1694024807.6487815,55.988566395428904
300,0.7305619640217891,0.727593516461231,1694024807.7112253,810.1059660205268
301,0.730561799197338,0.7275938611369411,1694024807.7739835,67123.5514307683
302,0.722871584775561,0.7208448386236489,1694024807.7904594,6.931174147885519e-05
303,0.7305767982224014,0.7275810537131924,1694024807.8531308,20.517343258726626
304,0.7305804243603287,0.727571693046543,1694024807.9150453,5.885033695774706
305,0.730566579106424,0.7275901422674389,1694024807.9780204,32.09384626337881
306,0.7305682273509364,0.7275694980064954,1694024808.0382502,2.7026795040134526
307,0.7305716886644126,0.7275734164250928,1694024808.100107,3.74691529514758
308,0.7305629529684967,0.7275926457015429,1694024808.162185,4847.818329430454
309,0.7307684890592001,0.7276658076561873,1694024808.2078261,0.3312197032349254
310,0.7305939399653308,0.7275603913114219,1694024808.2687106,2.2374626084749165
311,0.7305624584951429,0.7275929722364259,1694024808.3313544,81.21514754804916
312,0.7230654183302261,0.7213243550995017,1694024808.3479154,7.85145080655895e-05
313,0.7308466158490906,0.7276675128939101,1694024808.3864908,0.20857064724993535
314,0.7241214485893581,0.7220704510257631,1694024808.402987,0.00010503697528930426
315,0.7263996521544781,0.7245936949125448,1694024808.4203608,0.0002388355270835669
316,0.7156300225100753,0.7121953105273268,1694024808.434241,1.050160271850626e-05
317,0.7295573589914458,0.7276571363409579,1694024808.4563994,0.0012504443299582648
318,0.7294784080792989,0.7277006561845463,1694024808.4789732,0.0014668058196432873
319,0.730596741981002,0.7275831036266253,1694024808.5387263,1.4535996587509759
320,0.7305764685734987,0.7275754119160452,1694024808.6007204,5.0359613103128735
321,0.7305621288462405,0.7275939337002484,1694024808.6630018,1736.248186117563
322,0.7306257510844213,0.7276088273190838,1694024808.714562,0.7363967925645764
323,0.730561799197338,0.7275938067144606,1694024808.777427,8213.835278886692
324,0.7307999705293882,0.7276860528189403,1694024808.8159637,0.08924993279296102
325,0.7305622936706917,0.7275934620387506,1694024808.878694,279.32799937722456
326,0.7305726776111202,0.7275761012674651,1694024808.9400554,3.369555578643302
327,0.7305756444512427,0.7275804913475603,1694024809.0022063,17.308158265387704
328,0.7298687123798492,0.7274320631023582,1694024809.0281343,0.005057314579448284
329,0.7305616343728867,0.7275938248552875,1694024809.0905035,23765.67093010759
330,0.7305619640217891,0.7275935527428848,1694024809.1534064,497.21835634130815
331,0.7268659405270524,0.7252086870832359,1694024809.1713219,0.00028572634825785315
332,0.7305947640875872,0.727568754232595,1694024809.2267556,2.367792820852162
333,0.7305616343728867,0.7275939155594217,1694024809.2888672,90753.43156755935
334,0.7202338990822739,0.7180491920810429,1694024809.3032978,3.0943064674672686e-05
335,0.7301799009438013,0.7272777209476063,1694024809.33175,0.010670834375597139
336,0.7305626233195941,0.7275934801795774,1694024809.3944354,255.93737629110012
337,0.7199937498568088,0.7174288120847803,1694024809.4100304,2.4752238244074692e-05
338,0.7305626233195942,0.7275932806304822,1694024809.4736338,292.8942932153779
339,0.7305789409402675,0.7275720195814261,1694024809.5359166,5.422665303487793
340,0.7305629529684967,0.7275934438979237,1694024809.5990052,207.51846945125519
341,0.7305621288462404,0.7275747225646253,1694024809.6603138,3.223487264842891
342,0.730561799197338,0.7275940244043827,1694024809.7232215,24776.204844027314
343,0.730437191912196,0.727510721727535,1694024809.7593205,0.029108312516407744
344,0.7305782816424625,0.7275738336641101,1694024809.8148408,5.555134767229969
345,0.7204419075397462,0.7181721143237085,1694024809.829334,3.2195842191514985e-05
346,0.7305718534888639,0.7275752305077767,1694024809.8924053,3.4223808847736064
347,0.7309117215073329,0.7277095451896975,1694024809.9318361,0.15628936853718164
348,0.7305616343728867,0.7275937885736338,1694024809.995233,67860.62854682897
349,0.7305619640217891,0.7275939155594217,1694024810.0618868,28580.721521164167
350,0.726427013013385,0.7246112370920987,1694024810.080485,0.00024143162004708888
351,0.7201463772986625,0.7176913642716306,1694024810.0960696,2.6070923501641915e-05
352,0.7250939128517087,0.7232224842342155,1694024810.1145208,0.0001609721225748982
353,0.7291505722457711,0.7274357456902067,1694024810.1373901,0.0008461934848120146
354,0.7305627881440454,0.7275930992222139,1694024810.2005658,182.67534789411238
355,0.7305677328775828,0.7275735978333613,1694024810.26277,2.752830905543515
356,0.730593939965331,0.7275606634238245,1694024810.3245838,2.2348755555851794
357,0.730741622673647,0.7276402290903433,1694024810.3701167,0.44194659746397447
358,0.716439145741241,0.7129074468257444,1694024810.3846824,1.1666542939032776e-05
359,0.730809365523109,0.7276770186871742,1694024810.4226801,0.08408511750891697
360,0.7305622936706916,0.7275926819831966,1694024810.4848368,97585.30247466675
361,0.7305619640217891,0.7275940606860364,1694024810.5482936,1595.5560098429037
362,0.7305791057647187,0.7275718381731577,1694024810.6102188,5.353121607280339
363,0.7292745202331079,0.7275222230117513,1694024810.6318665,0.0009217849369264841
364,0.730561799197338,0.7275940969676901,1694024810.703181,16021.170603787448
365,0.7309059526515391,0.7276846378344468,1694024810.7436419,0.17437028365876514
366,0.7305767982224013,0.7275818700504001,1694024810.8062487,15.605321873324801
367,0.7294546733583197,0.7276773633628841,1694024810.8256218,0.0010741787765683548
368,0.7302085803983179,0.7274384123917521,1694024810.8558462,0.019083474021015852
369,0.7304716402225064,0.7275470033812141,1694024810.8920884,0.0281536449494667
370,0.7307961795670095,0.7276818078654598,1694024810.9275715,0.08861733881957815
371,0.7182771031970834,0.7152957229608391,1694024810.9415286,1.6684717801437715e-05
372,0.7305664142819728,0.7275896887467679,1694024811.0041575,40.13012587288623
373,0.7282496417952614,0.7266178120896601,1694024811.0251353,0.0005010720519390161
374,0.73057927058917,0.7275856796240364,1694024811.0875852,10.789532624263533
375,0.7305739962067301,0.7275821784444564,1694024811.1499777,15.696523166413959
376,0.7305617991973379,0.7275942602351314,1694024811.2122521,95.29003014201487
377,0.7301477601758084,0.7274153191191852,1694024811.2407784,0.008304468851196341
378,0.730150232542577,0.727410130842709,1694024811.2695072,0.008323766056314666
379,0.7305622936706917,0.7275942420943048,1694024811.3314147,359.1656286982556
380,0.7307782137018238,0.7276936538253861,1694024811.3677745,0.07625036952146859
381,0.7273328881974319,0.7256152592943664,1694024811.3856688,0.0003346821957355524
382,0.7305616343728867,0.7275938974185948,1694024811.448241,11288.832074593533
383,0.7169725176654725,0.7139469162036569,1694024811.4621837,1.3515374978462078e-05
384,0.7305617991973378,0.7275938974185948,1694024811.524462,7325.614765749595
385,0.7301499028936747,0.7274046341721767,1694024811.5532188,0.008366961286283333
386,0.7307083281344954,0.7277107606250959,1694024811.5926843,0.06580371323952905
387,0.7305647660374603,0.7275936071653654,1694024811.6552136,60820.71536635104
388,0.7308222218303063,0.7276544877802393,1694024811.6947963,0.2326791209579679
389,0.7305627881440455,0.7275935527428848,1694024811.7587817,144.15170629726995
390,0.730911227033979,0.7276873045359922,1694024811.798565,0.13299265903456559
391,0.7305619640217891,0.727593770432807,1694024811.8613322,13657.088436516822
392,0.7305622936706917,0.7275940606860364,1694024811.9234753,156.64083592306363
393,0.7306445410718633,0.7276358752919018,1694024811.971556,0.6410883492535069
394,0.7228740571423297,0.7208516051520601,1694024811.989573,6.953708640433194e-05
395,0.7305395478964196,0.7276043646756812,1694024812.0275602,0.0432851252256651
396,0.7306176746863103,0.7275996662015299,1694024812.0803285,0.8055027426295138
397,0.7300655127746367,0.7274405530093191,1694024812.1071193,0.006896707932466834
398,0.7306021811878931,0.7275624593656819,1694024812.1677978,2.220266438519975
399,0.7295604906560195,0.727657462875841,1694024812.1911037,0.0012488511606955643
