trial,score,test_score,time,alpha
0,0,0,1694050577.7429636,0
0,0.6050560007682101,0.5963858068939013,1694050577.758898,1
1,0.6050560007682101,0.5963858068939013,1694050577.773963,3.0770534432116476
2,0.6050560007682101,0.5963858068939013,1694050577.7888668,141.87101103672114
3,0.6050560007682101,0.5963858068939013,1694050577.8036015,10.656970429469133
4,0.6050560007682101,0.5963858068939013,1694050577.8181849,2.810812200618351
5,0.6050560007682101,0.5963858068939013,1694050577.8329973,0.1724042602486518
6,0.6050560007682101,0.5963858068939013,1694050577.8478334,28.7700840506779
7,0.6050560007682101,0.5963858068939013,1694050577.86243,0.2376140477802551
8,0.6050560007682101,0.5963858068939013,1694050577.8771539,8274.276086161435
9,0.6050560007682101,0.5963858068939013,1694050577.892137,43313.93146405947
10,0.5809090899933923,0.5698731007676575,1694050577.9099329,0.0003213470486055349
11,0.6009139450273173,0.5925617323253692,1694050577.9291363,0.009218227029926269
12,0.5352954419088141,0.5243755063440488,1694050577.9444442,1.6132004989868667e-05
13,0.6039120795661495,0.5948213355752822,1694050577.9637702,0.031791580024139315
14,0.6050560007682101,0.5963858068939013,1694050577.982914,423.64970442792156
15,0.6050560007682101,0.5963858068939013,1694050578.0021138,2.1633494284164305
16,0.6050560007682101,0.5963858068939013,1694050578.0212648,510.25573508831457
17,0.6050560007682101,0.5963858068939013,1694050578.0404155,0.5649185844020476
18,0.6050560007682101,0.5963858068939013,1694050578.059664,18.16678081508542
19,0.6039120795661495,0.5948213355752822,1694050578.0805972,0.052784032308551075
20,0.6007932406914964,0.5926682248941212,1694050578.098644,0.002937180450225176
21,0.6050560007682101,0.5963858068939013,1694050578.1180422,141.31170757405744
22,0.6050560007682101,0.5963858068939013,1694050578.1371474,0.8951498582739776
23,0.6050560007682101,0.5963858068939013,1694050578.157772,5.050638093691906
24,0.6050560007682101,0.5963858068939013,1694050578.176487,96.36239135485707
25,0.6050560007682101,0.5963858068939013,1694050578.1956618,1.183833130165448
26,0.6050560007682101,0.5963858068939013,1694050578.2150369,35.0672393764416
27,0.6050560007682101,0.5963858068939013,1694050578.234384,3371.3614718772274
28,0.6050560007682101,0.5963858068939013,1694050578.2536638,6.336537919574449
29,0.6050560007682101,0.5963858068939013,1694050578.2725785,10.649020760491148
30,0.6050560007682101,0.5963858068939013,1694050578.2914534,82.74661119422002
31,0.6050560007682101,0.5963858068939013,1694050578.3105307,5.234385933217485
32,0.6050560007682101,0.5963858068939013,1694050578.329673,1.6562026520294286
33,0.6050560007682101,0.5963858068939013,1694050578.3486736,0.3513934891288233
34,0.6050560007682101,0.5963858068939013,1694050578.3676734,27.559344155721718
35,0.6050560007682101,0.5963858068939013,1694050578.386762,0.1897070464568277
36,0.6050560007682101,0.5963858068939013,1694050578.4057994,3.096310713511075
37,0.6050560007682101,0.5963858068939013,1694050578.424878,30.990775515760472
38,0.6050558328901353,0.5965661486724259,1694050578.444039,0.10075320303577717
39,0.6050560007682101,0.5963858068939013,1694050578.4631617,0.402659054375009
40,0.6050560007682101,0.5963858068939013,1694050578.4821846,14.921102356744852
41,0.6050560007682101,0.5963858068939013,1694050578.5011482,1.5880856230587284
42,0.6050560007682101,0.5963858068939013,1694050578.5201573,7.479482018548756
43,0.6050560007682101,0.5963858068939013,1694050578.5390227,0.7664290719860578
44,0.6050560007682101,0.5963858068939013,1694050578.5581982,352.8605201373933
45,0.6050560007682101,0.5963858068939013,1694050578.577586,3.183431252096659
46,0.6050558328901353,0.5965661486724259,1694050578.5973384,0.11482022879930631
47,0.6050560007682101,0.5963858068939013,1694050578.616686,1460.5123129061653
48,0.6050560007682101,0.5963858068939013,1694050578.6359642,26711.70802307781
49,0.6050560007682101,0.5963858068939013,1694050578.6552486,49.80430417968999
50,0.6050560007682101,0.5963858068939013,1694050578.6745708,16.272564112381225
51,0.6050560007682101,0.5963858068939013,1694050578.6940496,0.44354239622115577
52,0.6050560007682101,0.5963858068939013,1694050578.7134454,2.594391881277635
53,0.6039120795661495,0.5948213355752822,1694050578.7341814,0.05437477864773003
54,0.604163560922282,0.5951495583424732,1694050578.75387,0.015142640844834793
55,0.6050560007682101,0.5963858068939013,1694050578.7732327,0.2308318992750049
56,0.6050560007682101,0.5963858068939013,1694050578.792413,0.7656825781978667
57,0.6050560007682101,0.5963858068939013,1694050578.811731,174.12058122245892
58,0.6050560007682101,0.5963858068939013,1694050578.8310733,7.565631181861983
59,0.6050560007682101,0.5963858068939013,1694050578.850294,1.2926526853621316
60,0.6050560007682101,0.5963858068939013,1694050578.8695498,12.122085209637305
61,0.6050560007682101,0.5963858068939013,1694050578.8886168,3.677140278674469
62,0.6050560007682101,0.5963858068939013,1694050578.907992,48.407296118705524
63,0.6050560007682101,0.5963858068939013,1694050578.9272437,25.809622483272356
64,0.6050560007682101,0.5963858068939013,1694050578.946304,181.29454489998363
65,0.6050560007682101,0.5963858068939013,1694050578.9655333,74.33709691276064
66,0.6050560007682101,0.5963858068939013,1694050578.9849331,2.079268205765419
67,0.6050560007682101,0.5963858068939013,1694050579.0042624,9.987811397604013
68,0.6050560007682101,0.5963858068939013,1694050579.0233662,0.7217970464206274
69,0.6050560007682101,0.5963858068939013,1694050579.0427365,5.465412590808585
70,0.6050560007682101,0.5963858068939013,1694050579.0618415,18.105171721861936
71,0.6050560007682101,0.5963858068939013,1694050579.0812724,0.45184608922617586
72,0.6050560007682101,0.5963858068939013,1694050579.1003377,0.17655739647552812
73,0.6050560007682101,0.5963858068939013,1694050579.1195395,1.4518905045604202
74,0.6050560007682101,0.5963858068939013,1694050579.138818,2.697772896592789
75,0.6050560007682101,0.5963858068939013,1694050579.1580367,0.30151162406651616
76,0.6050560007682101,0.5963858068939013,1694050579.1769352,0.9480588107575446
77,0.6050560007682101,0.5963858068939013,1694050579.1977375,4.895218840524142
78,0.6040985921073132,0.5947703257626483,1694050579.2185323,0.07147343150253167
79,0.6039120795661495,0.5948213355752822,1694050579.239347,0.03628036375023299
80,0.6050560007682101,0.5963858068939013,1694050579.2586968,0.16503372737582353
81,0.6050560007682101,0.5963858068939013,1694050579.2781913,751.8356300259024
82,0.6050560007682101,0.5963858068939013,1694050579.297522,5616.713060857704
83,0.6050560007682101,0.5963858068939013,1694050579.3172464,25.155104133726642
84,0.6050560007682101,0.5963858068939013,1694050579.3365326,55.06172261261954
85,0.6050560007682101,0.5963858068939013,1694050579.3561833,10.045553523746547
86,0.6050560007682101,0.5963858068939013,1694050579.375776,1.7498414674267522
87,0.6050560007682101,0.5963858068939013,1694050579.3953784,0.5689017629834853
88,0.6050560007682101,0.5963858068939013,1694050579.4146597,4.445800418574953
89,0.6050560007682101,0.5963858068939013,1694050579.4341805,103.90220780046447
90,0.6050560007682101,0.5963858068939013,1694050579.4535089,1.1003984956534891
91,0.6050560007682101,0.5963858068939013,1694050579.472719,29760.52259816533
92,0.6050560007682101,0.5963858068939013,1694050579.4921007,94253.00557000928
93,0.6050560007682101,0.5963858068939013,1694050579.5110672,8.273128170058863
94,0.6050560007682101,0.5963858068939013,1694050579.5303063,0.3027248632147622
95,0.6050560007682101,0.5963858068939013,1694050579.549611,34.787107267669995
96,0.6050560007682101,0.5963858068939013,1694050579.5687554,3.3173582094106377
97,0.6050560007682101,0.5963858068939013,1694050579.5879583,15.40946103651949
98,0.6050560007682101,0.5963858068939013,1694050579.60701,5.999456564763224
99,0.6050560007682101,0.5963858068939013,1694050579.6260288,2.357861977443499
100,0.6050560007682101,0.5963858068939013,1694050579.6452289,0.5678807351876347
101,0.6050560007682101,0.5963858068939013,1694050579.664558,804.0213488932962
102,0.6050560007682101,0.5963858068939013,1694050579.6840074,320.2592367792344
103,0.6050560007682101,0.5963858068939013,1694050579.7030592,97.18485092549939
104,0.6050560007682101,0.5963858068939013,1694050579.7223043,142.71476496536712
105,0.6050560007682101,0.5963858068939013,1694050579.7415028,23.105911454670895
106,0.6050560007682101,0.5963858068939013,1694050579.7605684,50.25669933051874
107,0.6050560007682101,0.5963858068939013,1694050579.779749,12.666046154551129
108,0.6050560007682101,0.5963858068939013,1694050579.7990024,4411.223927613792
109,0.6050560007682101,0.5963858068939013,1694050579.8181949,2.121252836830187
110,0.6050560007682101,0.5963858068939013,1694050579.8373237,259.07459258115057
111,0.6050560007682101,0.5963858068939013,1694050579.8567095,0.8249106173884855
112,0.6050560007682101,0.5963858068939013,1694050579.8760762,4.273539497010403
113,0.6050560007682101,0.5963858068939013,1694050579.8954382,1.626550552855017
114,0.6050558328901353,0.5963867745102469,1694050579.9154332,0.12436738120228646
115,0.6050560007682101,0.5963858068939013,1694050579.9356363,0.282206110927453
116,0.6050560007682101,0.5963858068939013,1694050579.9552317,6.775134972035793
117,0.6050560007682101,0.5963858068939013,1694050579.9751863,0.4214066578813419
118,0.6050560007682101,0.5963858068939013,1694050579.99522,1.162280020058016
119,0.6050560007682101,0.5963858068939013,1694050580.0148425,19.573477805779714
120,0.6050560007682101,0.5963858068939013,1694050580.034703,2120.7595382216123
121,0.6050560007682101,0.5963858068939013,1694050580.0547626,273.5611749481362
122,0.6050560007682101,0.5963858068939013,1694050580.0749593,715.5406270218592
123,0.6050560007682101,0.5963858068939013,1694050580.0951803,492.3689449433765
124,0.6050560007682101,0.5963858068939013,1694050580.1153002,185.56227681096624
125,0.6050560007682101,0.5963858068939013,1694050580.1355698,84.67023614944901
126,0.6050560007682101,0.5963858068939013,1694050580.1557987,3.51043659883347
127,0.6050560007682101,0.5963858068939013,1694050580.175996,36.12190053869232
128,0.6050560007682101,0.5963858068939013,1694050580.1963177,10884.034927294064
129,0.6050560007682101,0.5963858068939013,1694050580.2167168,9.321151773401722
130,0.6050560007682101,0.5963858068939013,1694050580.2384796,1515.2422152673323
131,0.6050560007682101,0.5963867745102469,1694050580.258902,0.15490031481678052
132,0.6050560007682101,0.5963858068939013,1694050580.2791421,0.7836264539700613
133,0.6050560007682101,0.5963858068939013,1694050580.2994022,0.20713082381885844
134,0.6050560007682101,0.5963858068939013,1694050580.3192968,0.4851403594331295
135,0.6051263416815744,0.5965661486724259,1694050580.339964,0.09344656142855452
136,0.6040985921073132,0.5947703257626483,1694050580.361635,0.07210402190192931
137,0.6050560007682101,0.5963858068939013,1694050580.3815389,134.33543551956024
138,0.6050560007682101,0.5963858068939013,1694050580.4018874,1.214389010502104
139,0.6039120795661495,0.5948213355752822,1694050580.4236143,0.034833446009028254
140,0.6050560007682101,0.5963858068939013,1694050580.4436045,406.39967354644654
141,0.6050560007682101,0.5963858068939013,1694050580.4640524,0.24889720108547783
142,0.6050558328901353,0.5963867745102469,1694050580.484334,0.12758871038292396
143,0.6051263416815744,0.5965661486724259,1694050580.5049987,0.08644450487278832
144,0.604163560922282,0.5951495583424732,1694050580.5257378,0.014873769707546551
145,0.6040985921073132,0.5948213355752822,1694050580.5472908,0.06774714261901392
146,0.6050560007682101,0.5963858068939013,1694050580.5675638,2.738163230620641
147,0.6051263416815744,0.5965661486724259,1694050580.588024,0.08761747026722348
148,0.6051263416815744,0.5965661486724259,1694050580.6079955,0.08790430336051011
149,0.6039120795661495,0.5948213355752822,1694050580.6295557,0.04676705792233704
150,0.6050558328901353,0.5965661486724259,1694050580.6499822,0.10114265553617471
151,0.6039119116880746,0.5948221753932424,1694050580.6701317,0.024973889749916312
152,0.6051263416815744,0.5947703257626483,1694050580.6918974,0.08213005646392134
153,0.6050558328901353,0.5965661486724259,1694050580.712372,0.1024428104854876
154,0.6039120795661495,0.5948213355752822,1694050580.7341096,0.06619831703508797
155,0.6050560007682101,0.5963858068939013,1694050580.754491,0.19381262877065297
156,0.6051263416815744,0.5965661486724259,1694050580.7749505,0.09809267872364315
157,0.6039120795661495,0.5948213355752822,1694050580.7967129,0.044848590640002586
158,0.6050558328901353,0.5963867745102469,1694050580.817231,0.13087537153269882
159,0.6050560007682101,0.5963858068939013,1694050580.8375905,0.3053627991956477
160,0.6051263416815744,0.5947703257626483,1694050580.859279,0.07617284376684232
161,0.6051263416815744,0.5947703257626483,1694050580.8797517,0.08497642696155637
162,0.6039120795661495,0.5948213355752822,1694050580.9015296,0.06612448466075013
163,0.6039120795661495,0.5948213355752822,1694050580.9221992,0.029839125322674322
164,0.6051263416815744,0.5947703257626483,1694050580.944097,0.07713682583130224
165,0.6051263416815744,0.5965661486724259,1694050580.9647696,0.0962166936131852
166,0.6051263416815744,0.5965661486724259,1694050580.9854286,0.09063879008528289
167,0.6051263416815744,0.5965661486724259,1694050581.0061128,0.09160144616472324
168,0.6051263416815744,0.5965661486724259,1694050581.0267034,0.09707697752727368
169,0.6051263416815744,0.5947703257626483,1694050581.0488496,0.08154951839413892
170,0.6051263416815744,0.5947703257626483,1694050581.0711055,0.07772033512030949
171,0.6051263416815744,0.5947703257626483,1694050581.09355,0.08236329354817362
172,0.6051263416815744,0.5965661486724259,1694050581.1145563,0.09921740801046869
173,0.6051263416815744,0.5965661486724259,1694050581.1354697,0.08682905891830635
174,0.6050558328901353,0.5965661486724259,1694050581.156397,0.10147949722277982
175,0.6051263416815744,0.5947703257626483,1694050581.1785164,0.08188096530630713
176,0.6039120795661495,0.5948213355752822,1694050581.2003868,0.056836632814535104
177,0.6039120795661495,0.5948213355752822,1694050581.2223377,0.043032955257234884
178,0.6039119116880746,0.5948221753932424,1694050581.243108,0.02048587062018973
179,0.6050560007682101,0.5963867745102469,1694050581.263783,0.1497845291043443
180,0.6039120795661495,0.5948213355752822,1694050581.2866929,0.04414101510459775
181,0.6051263416815744,0.5947703257626483,1694050581.30884,0.08170238339578888
182,0.6051263416815744,0.5965661486724259,1694050581.3294246,0.0919863809392412
183,0.6039120795661495,0.5948213355752822,1694050581.350005,0.029532542063289147
184,0.6051263416815744,0.5947703257626483,1694050581.372205,0.08298924472231467
185,0.6050560007682101,0.5963858068939013,1694050581.392614,0.1677173954745907
186,0.6039120795661495,0.5948213355752822,1694050581.4144118,0.053429834334159036
187,0.6050558328901353,0.5965661486724259,1694050581.4351413,0.10804215178250795
188,0.6050560007682101,0.5963858068939013,1694050581.4556172,0.18655259724142956
189,0.6039120795661495,0.5948213355752822,1694050581.4765067,0.02915600903084049
190,0.604163560922282,0.5951495583424732,1694050581.497219,0.017926680540572452
191,0.6040985921073132,0.5948213355752822,1694050581.5187814,0.06923007602529777
192,0.6051263416815744,0.5965661486724259,1694050581.5395546,0.0956272575308348
193,0.6039120795661495,0.5948213355752822,1694050581.5612721,0.05015089601414913
194,0.6050558328901353,0.5963867745102469,1694050581.5818946,0.1396557827275664
195,0.6051263416815744,0.5947703257626483,1694050581.603712,0.07857076017142785
196,0.6050560007682101,0.5963858068939013,1694050581.6239803,0.2737072085897722
197,0.6039120795661495,0.5948213355752822,1694050581.6454961,0.03838427502843271
198,0.6051263416815744,0.5947703257626483,1694050581.6675794,0.08069850440138021
199,0.6050560007682101,0.5963858068939013,1694050581.6881948,0.1868896593522638
200,0.6050558328901353,0.5963867745102469,1694050581.7091157,0.1245542104746133
201,0.6051263416815744,0.5947703257626483,1694050581.729966,0.08578076863332526
202,0.6039120795661495,0.5948213355752822,1694050581.7521358,0.05454896466389821
203,0.6050558328901353,0.5965661486724259,1694050581.7730656,0.10840665146366768
204,0.6039120795661495,0.5948213355752822,1694050581.7939856,0.03066143069730824
205,0.6050560007682101,0.5963858068939013,1694050581.8147602,0.23708166239584103
206,0.6039120795661495,0.5948213355752822,1694050581.836512,0.06115917287771124
207,0.6040082737030412,0.5957099177480463,1694050581.8560405,0.012122176673666675
208,0.6050558328901353,0.5963867745102469,1694050581.876641,0.1307690110849913
209,0.6039119116880746,0.5948221753932424,1694050581.8975184,0.024256760633305684
210,0.6039120795661495,0.5948213355752822,1694050581.9192333,0.04375870517644356
211,0.6051263416815744,0.5965661486724259,1694050581.940151,0.08673814817133484
212,0.6051263416815744,0.5947703257626483,1694050581.962145,0.07755317985365882
213,0.6050560007682101,0.5963858068939013,1694050581.9827833,0.1801856394841284
214,0.6051263416815744,0.5965661486724259,1694050582.0034416,0.08987886882806423
215,0.6039120795661495,0.5948213355752822,1694050582.0254319,0.03888403140986361
216,0.6050560007682101,0.5963858068939013,1694050582.0460873,0.35143674350576104
217,0.6039120795661495,0.5948213355752822,1694050582.068177,0.061685937138311414
218,0.6050558328901353,0.5963867745102469,1694050582.089346,0.13945893702498646
219,0.6039119116880746,0.5948221753932424,1694050582.1101959,0.02165773805417062
220,0.6050558328901353,0.5965661486724259,1694050582.131111,0.10699262388632125
221,0.6051263416815744,0.5965661486724259,1694050582.1516857,0.08771260967797918
222,0.6050560007682101,0.5963858068939013,1694050582.1726315,0.2298335171944637
223,0.6039120795661495,0.5948213355752822,1694050582.1952627,0.05695828050308903
224,0.6050558328901353,0.5965661486724259,1694050582.2158768,0.10233229016879923
225,0.6039120795661495,0.5948213355752822,1694050582.2381454,0.037036067218134974
226,0.6050560007682101,0.5963867745102469,1694050582.2590013,0.1496469823701962
227,0.6040985921073132,0.5947703257626483,1694050582.2809658,0.0732920172734511
228,0.6050560007682101,0.5963858068939013,1694050582.3016186,0.21029142104613727
229,0.6039120795661495,0.5948213355752822,1694050582.3252788,0.049227346690954465
230,0.6051263416815744,0.5965661486724259,1694050582.346018,0.09958572523069999
231,0.6040985921073132,0.5947703257626483,1694050582.3679233,0.07214777105190982
232,0.6051263416815744,0.5947703257626483,1694050582.3889716,0.08497116517056039
233,0.6050558328901353,0.5963867745102469,1694050582.4102707,0.14293940886260673
234,0.6039120795661495,0.5948213355752822,1694050582.4329076,0.04960889642631867
235,0.6039120795661495,0.5948213355752822,1694050582.4541998,0.02935417588329125
236,0.6050558328901353,0.5965661486724259,1694050582.4751308,0.11003564294198366
237,0.6040985921073132,0.5947703257626483,1694050582.4978318,0.07240524559595259
238,0.6050560007682101,0.5963858068939013,1694050582.5193884,0.31075005941105005
239,0.6050560007682101,0.5963858068939013,1694050582.540696,0.17046687420830547
240,0.6039120795661495,0.5948213355752822,1694050582.5638344,0.03954194803713964
241,0.6051263416815744,0.5947703257626483,1694050582.586856,0.08157482198771507
242,0.6040985921073132,0.5948213355752822,1694050582.6098034,0.06871074688173627
243,0.6050558328901353,0.5965661486724259,1694050582.6317284,0.11441729747415641
244,0.6039120795661495,0.5948213355752822,1694050582.654876,0.058780570775029135
245,0.6050558328901353,0.5963867745102469,1694050582.6771476,0.14445742810541515
246,0.6051263416815744,0.5965661486724259,1694050582.699429,0.08840725280995612
247,0.6050560007682101,0.5963858068939013,1694050582.7211335,0.20403080082773167
248,0.6039120795661495,0.5948213355752822,1694050582.7435336,0.039255452526551236
249,0.6051263416815744,0.5965661486724259,1694050582.7650645,0.09958823763148876
250,0.6039120795661495,0.5948213355752822,1694050582.787883,0.06036162781525454
251,0.6039120795661495,0.5948213355752822,1694050582.8095384,0.029044788784436296
252,0.6039558957436865,0.5954952164607972,1694050582.8306248,0.010405197060691608
253,0.6050558328901353,0.5963867745102469,1694050582.8521447,0.14303929333083057
254,0.6050560007682101,0.5963858068939013,1694050582.8735425,0.28331749343539286
255,0.6039119116880746,0.5948221753932424,1694050582.894968,0.02211642872019751
256,0.6039120795661495,0.5948213355752822,1694050582.9176865,0.051635274776635834
257,0.6051263416815744,0.5947703257626483,1694050582.939175,0.08433462329637248
258,0.6050560007682101,0.5963858068939013,1694050582.9606473,0.19221110899639302
259,0.6050558328901353,0.5965661486724259,1694050582.9820733,0.1149069776851256
260,0.6039120795661495,0.5948213355752822,1694050583.0045419,0.053780188008992036
261,0.6050560007682101,0.5963858068939013,1694050583.0256426,0.396847867184755
262,0.604163560922282,0.5951495583424732,1694050583.0471272,0.014889177847427512
263,0.6051263416815744,0.5947703257626483,1694050583.0697298,0.07459221211892013
264,0.6050558328901353,0.5963867745102469,1694050583.091222,0.13721599455708983
265,0.6039120795661495,0.5948213355752822,1694050583.1138787,0.0359390214314568
266,0.6051263416815744,0.5965661486724259,1694050583.1349092,0.09130849095267171
267,0.6050560007682101,0.5963858068939013,1694050583.15571,0.23148013755202596
268,0.6012844519385216,0.5927674512118253,1694050583.1763608,0.00617783399178714
269,0.6039120795661495,0.5948213355752822,1694050583.198892,0.046867354816159265
270,0.6050560007682101,0.5963867745102469,1694050583.2201056,0.14816655337397194
271,0.6039120795661495,0.5948213355752822,1694050583.2425966,0.06695992739696095
272,0.6039119116880746,0.5948221753932424,1694050583.2641063,0.024544282494952174
273,0.6050558328901353,0.5965661486724259,1694050583.2853346,0.1024892714254087
274,0.6050560007682101,0.5963858068939013,1694050583.306218,0.20861228295170187
275,0.6039120795661495,0.5948213355752822,1694050583.3288772,0.03812901861874233
276,0.6050560007682101,0.5963858068939013,1694050583.3496304,0.37137678560839815
277,0.6039120795661495,0.5948213355752822,1694050583.3731754,0.06604495525556732
278,0.6050558328901353,0.5963867745102469,1694050583.395297,0.11914800860117948
279,0.6051263416815744,0.5947703257626483,1694050583.418138,0.08110926811156564
280,0.6050560007682101,0.5963858068939013,1694050583.4399068,0.1638435486606788
281,0.6039120795661495,0.5948213355752822,1694050583.462634,0.04463222132876723
282,0.6039119116880746,0.5948221753932424,1694050583.4846795,0.021373196639401185
283,0.6050560007682101,0.5963858068939013,1694050583.5060837,0.2693848044944361
284,0.6051263416815744,0.5965661486724259,1694050583.528026,0.09273336540609219
285,0.5836649764702091,0.5730664172772463,1694050583.5485628,0.0016389292159662834
286,0.6039120795661495,0.5948213355752822,1694050583.5721598,0.06025848263060929
287,0.6050558328901353,0.5963867745102469,1694050583.5935917,0.13966497891208138
288,0.6039120795661495,0.5948213355752822,1694050583.6150408,0.03162602461265089
289,0.6050560007682101,0.5963858068939013,1694050583.6376014,0.4597027209230147
290,0.6039120795661495,0.5948213355752822,1694050583.6612465,0.05464660005316485
291,0.6050558328901353,0.5965661486724259,1694050583.6839147,0.10389811184866872
292,0.6050560007682101,0.5963858068939013,1694050583.7064755,0.20608386286753236
293,0.6051263416815744,0.5947703257626483,1694050583.7309215,0.07497303434231985
294,0.5352959455430386,0.5243728956056068,1694050583.7503724,1.195775654832564e-05
295,0.6050558328901353,0.5963867745102469,1694050583.773255,0.13201367380489992
296,0.6039120795661495,0.5948213355752822,1694050583.7987218,0.04221506690585896
297,0.6050560007682101,0.5963858068939013,1694050583.824082,0.2586088770063378
298,0.6051263416815744,0.5947703257626483,1694050583.8472774,0.08541928899816338
299,0.6050560007682101,0.5963867745102469,1694050583.8703432,0.1495151737180493
300,0.6039120795661495,0.5948213355752822,1694050583.8950043,0.05505288009387544
301,0.6039120795661495,0.5948213355752822,1694050583.918262,0.03136913520372281
302,0.6050558328901353,0.5965661486724259,1694050583.9420533,0.10154677157430758
303,0.6050560007682101,0.5963858068939013,1694050583.965547,0.17929921132401663
304,0.604163560922282,0.5951495583424732,1694050583.9892128,0.016775909197365622
305,0.6039120795661495,0.5948213355752822,1694050584.014415,0.05844392418782726
306,0.5352986315922362,0.5243756523993461,1694050584.034049,2.3478135232201977e-05
307,0.6051263416815744,0.5947703257626483,1694050584.057177,0.0841958185310724
308,0.6039120795661495,0.5948213355752822,1694050584.08256,0.03408126477092411
309,0.6050560007682101,0.5963858068939013,1694050584.1069357,0.3006630714975548
310,0.6050558328901353,0.5963867745102469,1694050584.1310334,0.12772322655833526
311,0.6039120795661495,0.5948213355752822,1694050584.1565228,0.057084770223106235
312,0.6050560007682101,0.5963858068939013,1694050584.1806524,0.4821619475036459
313,0.6051263416815744,0.5965661486724259,1694050584.2050219,0.08638384354928288
314,0.6050560007682101,0.5963858068939013,1694050584.2293377,0.1874971420822782
315,0.6050560007682101,0.5963858068939013,1694050584.2528574,0.6649333261436169
316,0.6039120795661495,0.5948213355752822,1694050584.2782707,0.03824646153680046
317,0.6050558328901353,0.5963867745102469,1694050584.3026214,0.11693314611622133
318,0.6039119116880746,0.5948221753932424,1694050584.326629,0.024462073709052862
319,0.6040985921073132,0.5948213355752822,1694050584.352523,0.06760240870298902
320,0.6050560007682101,0.5963858068939013,1694050584.3766618,0.25903849277959273
321,0.6039120795661495,0.5948213355752822,1694050584.4024806,0.044304461771871494
322,0.6050558328901353,0.5963867745102469,1694050584.4287481,0.1439299544685711
323,0.6051263416815744,0.5947703257626483,1694050584.4544806,0.07767334393872384
324,0.6050558328901353,0.5965661486724259,1694050584.478667,0.11395782821267818
325,0.6050560007682101,0.5963858068939013,1694050584.5029821,0.1885037752713183
326,0.6039120795661495,0.5948213355752822,1694050584.528495,0.05049889541503779
327,0.6039119116880746,0.5948221753932424,1694050584.552717,0.019330979607607608
328,0.6051263416815744,0.5947703257626483,1694050584.5776167,0.07434189765227765
329,0.6050560007682101,0.5963858068939013,1694050584.6014342,0.3220694540254048
330,0.6050558328901353,0.5963867745102469,1694050584.6250713,0.12359017399268166
331,0.6039120795661495,0.5948213355752822,1694050584.6489544,0.030847400686089693
332,0.6039120795661495,0.5948213355752822,1694050584.673267,0.055277789086341775
333,0.6050560007682101,0.5963858068939013,1694050584.6969972,0.201996781286458
334,0.6051263416815744,0.5965661486724259,1694050584.720451,0.09598147890054817
335,0.6039120795661495,0.5948213355752822,1694050584.7451677,0.03904003297455301
336,0.6051263416815744,0.5947703257626483,1694050584.7704275,0.0763072735021581
337,0.6050560007682101,0.5963867745102469,1694050584.7940037,0.1572515938622934
338,0.6009139450273173,0.5925617323253692,1694050584.817461,0.009057446564211816
339,0.6050558328901353,0.5965661486724259,1694050584.841561,0.11150230501007467
340,0.6039120795661495,0.5948213355752822,1694050584.8664253,0.05321265428179352
341,0.6039120795661495,0.5948221753932424,1694050584.8904865,0.026327239120288774
342,0.6050560007682101,0.5963858068939013,1694050584.9139812,0.23944779492546178
343,0.6050560007682101,0.5963858068939013,1694050584.9371452,0.4297787730349038
344,0.6051263416815744,0.5947703257626483,1694050584.9602933,0.08448698705339973
345,0.6050560007682101,0.5963867745102469,1694050584.9841602,0.15462459986885038
346,0.6039120795661495,0.5948213355752822,1694050585.008987,0.06537893184866478
347,0.6039120795661495,0.5948213355752822,1694050585.0341628,0.04443499143480972
348,0.6050560007682101,0.5963858068939013,1694050585.0574272,0.6348544562504829
349,0.6050558328901353,0.5963867745102469,1694050585.0811074,0.11777316321120468
350,0.604163560922282,0.5951495583424732,1694050585.104773,0.0172700506182167
351,0.6051263416815744,0.5947703257626483,1694050585.1299617,0.08019688836217305
352,0.6039120795661495,0.5948213355752822,1694050585.1535106,0.028905048144416256
353,0.6050560007682101,0.5963858068939013,1694050585.177565,0.21282178798740062
354,0.6050560007682101,0.5963858068939013,1694050585.2007425,20270.436318562563
355,0.6039120795661495,0.5948213355752822,1694050585.22506,0.04532906089938703
356,0.6050558328901353,0.5965661486724259,1694050585.2482014,0.11383003496423716
357,0.6050560007682101,0.5963858068939013,1694050585.271518,1116.082133057815
358,0.6050560007682101,0.5963858068939013,1694050585.2951152,0.3450747868482285
359,0.6039120795661495,0.5948213355752822,1694050585.3207526,0.06612358235204235
360,0.6050560007682101,0.5963858068939013,1694050585.3442128,0.16346246639448178
361,0.6051263416815744,0.5965661486724259,1694050585.367953,0.09496729819516493
362,0.6039120795661495,0.5948213355752822,1694050585.3932831,0.037148997698500656
363,0.6050560007682101,0.5963858068939013,1694050585.4157882,0.8866916943152828
364,0.6039120795661495,0.5948213355752822,1694050585.4408517,0.05717159517371189
365,0.6050560007682101,0.5963858068939013,1694050585.4638963,0.2241067782404913
366,0.6050558328901353,0.5963867745102469,1694050585.489207,0.12965558997112378
367,0.6039119116880746,0.5948221753932424,1694050585.5127695,0.02001566278328698
368,0.6012193152454781,0.5927984331917967,1694050585.5349627,0.004568535404451312
369,0.6051263416815744,0.5947703257626483,1694050585.5592818,0.07730812888115274
370,0.6039120795661495,0.5948213355752822,1694050585.5845022,0.04264035376890658
371,0.6039558957436865,0.5954952164607972,1694050585.6074739,0.010608803365262503
372,0.6050558328901353,0.5965661486724259,1694050585.630845,0.10732791724794506
373,0.6050560007682101,0.5963858068939013,1694050585.654703,0.2977285613178738
374,0.6007932406914964,0.5726008660166293,1694050585.6773846,0.0027750808083742678
375,0.6050560007682101,0.5963867745102469,1694050585.7006257,0.1617856668332229
376,0.6039120795661495,0.5948213355752822,1694050585.7253895,0.0654901668723754
377,0.6039120795661495,0.5948213355752822,1694050585.7483752,0.031521343468839155
378,0.6051263416815744,0.5965661486724259,1694050585.7713032,0.09800099680328837
379,0.6039120795661495,0.5948213355752822,1694050585.796173,0.05493012211510533
380,0.6050560007682101,0.5963858068939013,1694050585.8189182,0.1757222359640779
381,0.6050560007682101,0.5963858068939013,1694050585.841952,1.6617709357589459
382,0.6050560007682101,0.5963858068939013,1694050585.8651848,469.0237569991004
383,0.6050560007682101,0.5963858068939013,1694050585.8880045,0.5086193514632739
384,0.6051263416815744,0.5965661486724259,1694050585.911938,0.09532552192322345
385,0.604163560922282,0.5951495583424732,1694050585.933713,0.014090809794729904
386,0.6039120795661495,0.5948221753932424,1694050585.9573493,0.026046858844597058
387,0.6039120795661495,0.5948213355752822,1694050585.9824314,0.04383935980212111
388,0.6050558328901353,0.5963867745102469,1694050586.0061688,0.14085978707927616
389,0.6050560007682101,0.5963858068939013,1694050586.02937,0.25212660295987027
390,0.6040985921073132,0.5948213355752822,1694050586.0545557,0.07088487451126195
391,0.6050560007682101,0.5963858068939013,1694050586.0781665,4885.6591209336575
392,0.6050558328901353,0.5965661486724259,1694050586.1012716,0.10901578681167506
393,0.6039120795661495,0.5948213355752822,1694050586.126534,0.061287253081629675
394,0.6039120795661495,0.5948213355752822,1694050586.1513085,0.03215909270021023
395,0.6050560007682101,0.5963858068939013,1694050586.1752944,0.1885384947910113
396,0.6050560007682101,0.5963858068939013,1694050586.198898,0.3773426779842497
397,0.6050560007682101,0.5963858068939013,1694050586.222837,37.441394082145315
398,0.5836231748295702,0.5729359351258883,1694050586.2454953,0.0009717987435678612
399,0.6039120795661495,0.5948213355752822,1694050586.270698,0.04739269312427677
