trial,score,test_score,time,alpha
0,0,0,1694024773.3421328,0
0,0.6426244731443571,0.6328110396476824,1694024773.40574,1
1,0.6426884192522139,0.6327672064370338,1694024773.4667816,8484.016693089281
2,0.6426031577750717,0.6327643989380045,1694024773.5026417,0.02088324833736865
3,0.6426953090685485,0.632759870713764,1694024773.5607085,1630.3889775822063
4,0.6071072546321096,0.596251809931229,1694024773.576712,2.611958408976979e-05
5,0.6376416287870306,0.6264967026376725,1694024773.5964062,0.00011927977174069917
6,0.6426998305105183,0.632770466758487,1694024773.6533794,8.923200306448253
7,0.6426261955984409,0.6328354694174603,1694024773.711183,1.9868890756545559
8,0.6426716253248979,0.6328161338999531,1694024773.7568955,0.15419641815754015
9,0.6425588045824169,0.6327419615868927,1694024773.7913635,0.022598441689558862
10,0.6426989692834763,0.6327630178296112,1694024773.8562121,16.795553550553503
11,0.6426938019212253,0.632792338081569,1694024773.9022334,0.24066573471126781
12,0.6426950937617881,0.632760527306279,1694024773.9601,228.4657292819435
13,0.6426128465792923,0.6328349713127938,1694024774.0194042,1.5148307764446318
14,0.6426940172279858,0.6327656441996709,1694024774.0791948,6.145907255365465
15,0.6426976774429136,0.6327604141006729,1694024774.1407971,28.415215819850008
16,0.6426884192522139,0.632767229078155,1694024774.202402,79844.07864256123
17,0.6426905723198184,0.6327589197866735,1694024774.2642825,1579.726738965911
18,0.6426733477789816,0.6328050850328061,1694024774.311325,0.13552185830330987
19,0.6426953090685485,0.6327599159960065,1694024774.3725128,5789.973180660499
20,0.6426953090685485,0.6327598480726428,1694024774.431751,1728.2012929077496
21,0.6145166061798208,0.6035096251028812,1694024774.4486213,3.5054605035244894e-05
22,0.6426886345589743,0.6327673875660034,1694024774.5085237,153.59333331296693
23,0.6426905723198184,0.63275941789134,1694024774.5683377,1051.2490691343892
24,0.642695524375309,0.6327606178707638,1694024774.6278038,231.24185155429015
25,0.6426963856023509,0.6327603235361882,1694024774.6869283,123.40066719269676
26,0.642647295660966,0.6328404278230036,1694024774.7448893,2.566661185605072
27,0.6408451780759155,0.6300296684724017,1694024774.7651393,0.00017710945384076952
28,0.642695524375309,0.6327598480726428,1694024774.8233502,37711.425982439854
29,0.6427310499907849,0.6327894400180549,1694024774.8677762,0.10778615686437151
30,0.6439238494437336,0.6332638394306174,1694024774.894027,0.001477445954631997
31,0.6426961702955903,0.6327602782539457,1694024774.952997,148.85329909571075
32,0.6426957396820695,0.632766346074428,1694024775.0138755,87513.36517786376
33,0.6437128488184827,0.6331987462071593,1694024775.0413742,0.0035986578405393984
34,0.642687127411651,0.6327616367212179,1694024775.1039345,51.652853594691635
35,0.6426933713077043,0.6327648064781862,1694024775.1657085,9.773702858066141
36,0.6426886345589743,0.6327674102071246,1694024775.2275856,149.04638792452553
37,0.642695524375309,0.6327599612782489,1694024775.2897768,23631.720771638655
38,0.642568708693398,0.632719003489993,1694024775.325672,0.03296838592788979
39,0.6437027294007409,0.633218127006909,1694024775.3521018,0.003438277891628906
40,0.6427230836406479,0.6327929267507203,1694024775.39483,0.10585834267536794
41,0.6426957396820694,0.6327605952296426,1694024775.4531024,291.8147043024692
42,0.6426959549888299,0.6327603688184306,1694024775.5124705,174.06268326825844
43,0.6427071509403738,0.6327942852179923,1694024775.5600915,0.1151006988675914
44,0.642695524375309,0.63275998391937,1694024775.6191099,78306.62075108591
45,0.6426744243127839,0.6327982247730816,1694024775.6650145,0.3198842131774002
46,0.6428227706707409,0.6328247148848889,1694024775.7001803,0.05471222049884879
47,0.6426963856023509,0.6327603235361882,1694024775.7592068,124.8205413202185
48,0.6286224285913597,0.6176404695913441,1694024775.7768395,6.677063909733603e-05
49,0.6427392316476823,0.6327761949621512,1694024775.8212507,0.09632281985987107
50,0.6426957396820694,0.6327609348464606,1694024775.8799162,511.45763143330004
51,0.6426953090685484,0.6327608216408546,1694024775.9390976,444.12971898451826
52,0.6432079544652038,0.6330655484911232,1694024775.9697008,0.006895945739139862
53,0.6443787926285854,0.6333513926463088,1694024775.9908624,0.0007859988374814072
54,0.6426438507527985,0.632828065770827,1694024776.0367215,0.5158336235965755
55,0.6425566515148122,0.6327479614840114,1694024776.0718744,0.02228745324049671
56,0.6426903570130579,0.6327591235567644,1694024776.1301966,222.5104628584422
57,0.6443796538556273,0.633358117059306,1694024776.1515155,0.000778164035960398
58,0.642682390662921,0.6327618404913087,1694024776.186471,0.020466366229155666
59,0.6426959549888299,0.6327661423043373,1694024776.2439973,2768.7529623310556
60,0.6426942325347462,0.6327605499474002,1694024776.302325,14.13319474392534
61,0.6426953090685485,0.632759870713764,1694024776.3620229,7122.63676984697
62,0.6426879886386929,0.6327671611547914,1694024776.4226513,58281.43066398056
63,0.642695524375309,0.632760097124976,1694024776.4845617,2339.3000444398217
64,0.6441197785957521,0.6334199952435533,1694024776.5069132,0.0006430522481060931
65,0.6426927253874231,0.6327667762557309,1694024776.5683784,15.279357221744714
66,0.6426264109052013,0.6328265714568275,1694024776.6173735,0.576884317280702
67,0.6427338489786709,0.6327866325190258,1694024776.6630042,0.11004404523203563
68,0.6426884192522138,0.632767342283761,1694024776.7230186,262.3233050826762
69,0.642695524375309,0.632760097124976,1694024776.7816775,1816.9078097913825
70,0.6426963856023509,0.6327600065604913,1694024776.842062,67.96703190789977
71,0.6422033331208973,0.6315456047425361,1694024776.8634582,0.00024701086408306154
72,0.6426961702955903,0.6327601650483397,1694024776.922632,106.72116905411416
73,0.6174572659141839,0.606246121575938,1694024776.9398766,3.875903017540471e-05
74,0.6442909474703178,0.6333745092310569,1694024776.9627452,0.0008446071381348896
75,0.642695524375309,0.6327599386371277,1694024777.022138,17698.54846950465
76,0.6427123183026249,0.6327927682628718,1694024777.0672395,0.11246686091745953
77,0.6430581009599237,0.6322678338677846,1694024777.0884628,0.0003040292204948299
78,0.6426944478415066,0.6327649196837923,1694024777.1464205,66.507604689688
79,0.6438172725973058,0.633073563448029,1694024777.1669188,0.00043140731784301127
80,0.6426976774429136,0.6327603235361882,1694024777.2244494,30.356549852627104
81,0.643764522440993,0.6332211835582713,1694024777.2498162,0.0032820215754536136
82,0.6070504136473481,0.5962008447674014,1694024777.2659383,2.5927163894102453e-05
83,0.6426905723198184,0.6327594631735824,1694024777.3258393,38656.80914719307
84,0.6210029376454398,0.6097506728035577,1694024777.3437493,4.594146162512277e-05
85,0.642617798634783,0.6328334317165519,1694024777.405061,1.3471062803177143
86,0.6426227506902735,0.6327308221552608,1694024777.4424417,0.02588009774133412
87,0.6426970315226322,0.6327600518427338,1694024777.5038693,39.81971858587431
88,0.642695524375309,0.6327600744838549,1694024777.564822,2781.4635380512686
89,0.6426946631482671,0.6327650102482771,1694024777.625622,10.931142782007846
90,0.6426933713077044,0.6327632442408234,1694024777.6845512,7.449667849644015
91,0.6392351141211952,0.6287208984612732,1694024777.703477,0.00014802339314928177
92,0.6426907876265788,0.6327606178707638,1694024777.7593024,127.20475751592495
93,0.6442775984511693,0.6333080801814477,1694024777.7826104,0.001109768972589898
94,0.6426175833280224,0.6328243752680709,1694024777.8279095,0.8010837692167618
95,0.6053314044718353,0.5944397957191255,1694024777.8444126,2.3231930744011192e-05
96,0.6426242578375967,0.6328635217666305,1694024777.8794672,0.014257249700957438
97,0.642695524375309,0.6327599159960065,1694024777.9374416,4268.782927496991
98,0.6426410517649126,0.6328452050995775,1694024777.9948728,3.8429628154069957
99,0.6426483721947682,0.6328420353426091,1694024778.053995,2.931421459371288
100,0.6428098522651132,0.6327958021731129,1694024778.0896354,0.04767015777691274
101,0.6426966009091112,0.6327664592800342,1694024778.1462436,1912.3476698020402
102,0.6433640518665374,0.6331377736677601,1694024778.173014,0.005801023092924822
103,0.6406505407644596,0.6300633584607516,1694024778.1930323,0.0001805441482147192
104,0.642681529435879,0.6328458390509712,1694024778.2500196,4.244346141460017
105,0.6434809634374672,0.6331623392842652,1694024778.2758734,0.004714005161818453
106,0.6426884192522139,0.6327673196426399,1694024778.3317037,562.793772353516
107,0.64402052217918,0.6334183424417054,1694024778.3520768,0.0006223912170075324
108,0.6426946631482671,0.6327604367417942,1694024778.4086883,680.0905078743031
109,0.6426985386699554,0.6327654177884587,1694024778.4656365,12.021625879924759
110,0.6072467734128878,0.5962738850244018,1694024778.4826188,2.6151027748860702e-05
111,0.6426806682088372,0.6328460201799408,1694024778.5413754,4.099692863472954
112,0.6426875580251719,0.6327664819211553,1694024778.5981998,48.015045889546215
113,0.6426957396820695,0.632766346074428,1694024778.65604,24206.169311740447
114,0.6426879886386929,0.6327671837959126,1694024778.7154489,724.533696070917
115,0.642695524375309,0.6327607310763698,1694024778.77456,319.37779281740904
116,0.6426199517023875,0.6328218847447385,1694024778.8342714,0.9343503623330621
117,0.6077505912323642,0.5969012931340527,1694024778.851228,2.6750075771478545e-05
118,0.6426905723198184,0.6327604820240366,1694024778.9120343,1474.6024952429239
119,0.5940039004972726,0.5854475348166105,1694024778.9291627,1.3684768087338064e-05
120,0.6426488028082892,0.6328435522977296,1694024778.987828,3.1652779847802712
121,0.6426810988223581,0.6328455673575166,1694024779.0474575,4.65551481748149
122,0.6386753165439991,0.6279092142661524,1694024779.0677292,0.0001346428661360761
123,0.6195715783019015,0.6081054557313553,1694024779.0847855,4.243873189244185e-05
124,0.6426879886386929,0.6328500050172725,1694024779.1401336,5.5878179657697595
125,0.6426240425308363,0.6328270922026152,1694024779.1853256,0.7159004870904455
126,0.6427723888887933,0.6329302677919364,1694024779.2165313,0.010332870139840885
127,0.6063175094347423,0.5956271640383646,1694024779.2322903,2.5000896400602917e-05
128,0.6426910029333393,0.6327712818388503,1694024779.287868,21.8243523553614
129,0.6408171881970556,0.6299761675029995,1694024779.3071742,0.0001751285016567373
130,0.5929719351943876,0.5847179926092135,1694024779.322899,1.3063466748210343e-05
131,0.643366204934142,0.6331391547761535,1694024779.348928,0.005843403640473526
132,0.6427732501158351,0.632930222509694,1694024779.379692,0.01036228185454232
133,0.6440319334374843,0.6334408477161809,1694024779.3997436,0.0006355889161017788
134,0.6213620693218871,0.6101930123884971,1694024779.4160101,4.674978638871749e-05
135,0.6426882039454533,0.6327673196426398,1694024779.471763,619.9255489365172
136,0.6427379398071195,0.6327815835489976,1694024779.5142078,0.10173836226366316
137,0.6437457907528329,0.6332550093933484,1694024779.5386286,0.002871762453437795
138,0.6426177986347829,0.6328432353220328,1694024779.5949116,1.7287089424226516
139,0.6437526805691677,0.6332065800350956,1694024779.6211228,0.0035469652930338086
140,0.642695524375309,0.6327600518427337,1694024779.6797473,3304.339165911754
141,0.6426221047699922,0.6328236281110712,1694024779.7255442,0.6839679961083502
142,0.6426942325347462,0.6327603461773094,1694024779.7808912,17.041174019549647
143,0.6426862661846092,0.6327634253697929,1694024779.836374,53792.91125469693
144,0.642579904644942,0.632704603736908,1694024779.871118,0.03527567196934729
145,0.6439399974507679,0.6332060366481866,1694024779.8970025,0.001763828445328043
146,0.642695524375309,0.63275998391937,1694024779.9531276,61254.508046613555
147,0.6426933713077044,0.6327666404090038,1694024780.0089273,7.425816446554285
148,0.6426897110927765,0.6327672970015186,1694024780.0648673,65586.41419490128
149,0.6426966009091113,0.632766119663216,1694024780.1225207,48602.745558341965
150,0.6426963856023509,0.6327601424072185,1694024780.1788783,112.47068940371793
151,0.5973204858353988,0.5878790780281865,1694024780.19479,1.5626369515082513e-05
152,0.6426933713077043,0.6327655083529435,1694024780.2426395,13.437048803244203
153,0.6437546183300118,0.633236647444053,1694024780.267224,0.003130341294934081
154,0.6411291676929622,0.6304783928535203,1694024780.286554,0.00019695049312791816
155,0.642803177755539,0.632740308785045,1694024780.3211524,0.04598448733288486
156,0.6442433646762562,0.6334373609835159,1694024780.3443015,0.0010021553542650054
157,0.642695093761788,0.6327600744838549,1694024780.3997192,462.1831804114949
158,0.6426903570130579,0.63275941789134,1694024780.455873,21969.068896114815
159,0.6007259928655952,0.5905018934316839,1694024780.4720838,1.8366397549243352e-05
160,0.6437139253522849,0.6331765352672595,1694024780.4971428,0.003636101878761001
161,0.6434760113819765,0.633173931538321,1694024780.522751,0.0045917734430910165
162,0.6426561232381449,0.6317968306234024,1694024780.5425544,0.0002650190751103979
163,0.642695524375309,0.6327598933548853,1694024780.5994468,32733.550043784948
164,0.6437606469193047,0.6332788052117325,1694024780.6246781,0.002993088276692143
165,0.6426122006590108,0.6327183242563568,1694024780.6582167,0.03646377671212897
166,0.6113731274771044,0.6002626619111858,1694024780.6749325,3.085964179488509e-05
167,0.6436417975875308,0.633180067282167,1694024780.6998484,0.002406061434618385
168,0.642695524375309,0.6327599386371277,1694024780.7586384,6733.6037437504965
169,0.642695524375309,0.6327598933548853,1694024780.8182874,44088.99112082192
170,0.6426972468293928,0.6327602329717033,1694024780.878104,36.33107439391396
171,0.6428841330974719,0.632976999066099,1694024780.91084,0.00930274396644702
172,0.6177201554687055,0.6064584952928204,1694024780.9286208,3.9206649210198936e-05
173,0.6426953090685485,0.6327599159960065,1694024780.9871745,4409.251276620955
174,0.6433500569271073,0.632653593290838,1694024781.0086327,0.0003559663735752553
175,0.6433903192913135,0.6332042932818541,1694024781.0363262,0.004959991133731372
176,0.6426464344339241,0.63284280514073,1694024781.0933616,3.0342160906117286
177,0.643662036423014,0.6332570470942566,1694024781.1183367,0.003332532553331189
178,0.6426961702955903,0.6327660970220949,1694024781.1773598,2797.5693185838886
179,0.6426251190646385,0.6328246696026465,1694024781.2337804,1.0523224253606542
180,0.6426214588497107,0.6328270469203728,1694024781.278325,0.702900629693148
181,0.6426966009091113,0.6327658253286405,1694024781.333746,11287.20230479787
182,0.6426877733319325,0.6327671611547914,1694024781.3903685,14212.937864959775
183,0.6436105781072641,0.633287567325638,1694024781.4148786,0.002607816555317275
184,0.5970317594696221,0.5876791569279657,1694024781.4306805,1.540525609296492e-05
185,0.6426966009091112,0.6327593726090975,1694024781.4863665,50.454157868105725
186,0.6433857978493438,0.6331972292520388,1694024781.5128148,0.005077314715981665
187,0.594214255202242,0.585665727301642,1694024781.5281024,1.3901591270792221e-05
188,0.6341579654027873,0.6235103613921428,1694024781.5446205,9.360604881185897e-05
189,0.6426714100181373,0.6328160433354683,1694024781.5881455,0.15430395375027983
190,0.6401596413506107,0.6292966621734607,1694024781.607276,0.00016050267324584322
191,0.6442681249537091,0.6333622377433648,1694024781.6309943,0.0011773076756466775
192,0.6426957396820694,0.6327606178707637,1694024781.690758,282.1984719918666
193,0.6426494487285705,0.6328029794085342,1694024781.73728,0.36047898838908765
194,0.6386512021868278,0.628143844205177,1694024781.757301,0.00013648858955503973
195,0.6439492556414678,0.6332753637613096,1694024781.782908,0.001423104033974181
196,0.6426953090685485,0.6327599386371277,1694024781.8424432,20064.694038528025
197,0.591418281610908,0.5834521728050067,1694024781.8595152,1.1993542527169025e-05
198,0.6426953090685485,0.6327598933548854,1694024781.9190776,26.225174958837737
199,0.642692725387423,0.632771598814547,1694024781.977254,27.965673079787273
200,0.6426877733319324,0.632767342283761,1694024782.032677,63.4618610382431
201,0.6426938019212253,0.6327655536351859,1694024782.087674,6.046925865738873
202,0.6426888498657347,0.6327672517192762,1694024782.1436405,700.296807852126
203,0.6426963856023509,0.6327661649454585,1694024782.2032661,1653.75748368815
204,0.6426944478415066,0.6327664366389129,1694024782.25827,29.39634619998328
205,0.6440508804324049,0.6334048936157111,1694024782.2784948,0.0006257434443761301
206,0.6426959549888299,0.6327603461773094,1694024782.334283,183.11757822309497
207,0.6431625247387467,0.6330750351209072,1694024782.364353,0.007032680339593427
208,0.6426884192522138,0.632767115872549,1694024782.4206536,2598.756062117309
209,0.6426815294358791,0.6328480805219703,1694024782.476979,5.03119859650252
210,0.6297357798496986,0.6188369622824279,1694024782.493935,7.123217719710248e-05
211,0.642695524375309,0.6327599612782489,1694024782.5498464,12868.323302573574
212,0.6426490181150496,0.6328195300681335,1694024782.5939453,0.42126862193713116
213,0.642695524375309,0.6327599612782489,1694024782.6496658,26855.733127434465
214,0.6066251827954396,0.595882759655623,1694024782.6651926,2.540521186589831e-05
215,0.637521487614694,0.6264622428512019,1694024782.6841445,0.00011872705517636276
216,0.6426957396820695,0.6327607763586122,1694024782.7404754,360.74130918753684
217,0.6072588305914735,0.5964580252631442,1694024782.75631,2.616832002125893e-05
218,0.6426772233006699,0.6328006473730503,1694024782.7999873,0.3278170580425977
219,0.6426953090685485,0.6327598480726428,1694024782.8556128,1448.2992960943607
220,0.6426690416437725,0.632814684868196,1694024782.8992708,0.15558846333016008
221,0.6443876202057643,0.6333627358480314,1694024782.9195821,0.0007935809327686992
222,0.6426966009091112,0.6327665045622766,1694024782.9750042,2717.101453237536
223,0.637454527212191,0.6264297302011547,1694024782.9944887,0.00011815801500011293
224,0.6430792010224488,0.6330592995416712,1694024783.025362,0.007589023267509402
225,0.6439255718978171,0.6332630243502542,1694024783.0507004,0.0014780457739266254
226,0.64264449667308,0.6328212281522237,1694024783.0972328,0.43921001402549
227,0.642633731335057,0.6328508200976358,1694024783.1311407,0.015700152453089162
228,0.642695524375309,0.6327598933548853,1694024783.1906407,12329.394719784059
229,0.6426864814913696,0.6327634706520353,1694024783.2509909,718.2469288109053
230,0.6426963856023509,0.632760210330582,1694024783.3093479,114.15812986525198
231,0.6422606047191797,0.6315971359343937,1694024783.3304794,0.0002506308363882599
232,0.6426935866144647,0.6327646932725802,1694024783.3875563,13.128446890515697
233,0.642695524375309,0.6327599159960065,1694024783.444255,3273.0321390802083
234,0.6426966009091113,0.6327663687155494,1694024783.502097,17285.607662219925
235,0.6426968162158718,0.6327605499474002,1694024783.5580456,41.88956697125544
236,0.6436603139689304,0.6331340831650042,1694024783.5839345,0.003888613125013487
237,0.6433621141056932,0.6331355548378823,1694024783.6097267,0.005861337722536893
238,0.6426940172279858,0.6327627461361569,1694024783.6645825,22.63496975851751
239,0.6426961702955903,0.6327660970220949,1694024783.719327,175.41272229108688
240,0.6427463367707776,0.6328866157102574,1694024783.7497625,0.011372934547017662
241,0.6426942325347462,0.63276600645761,1694024783.804685,60.204073868241935
242,0.6426244731443573,0.6328289487745538,1694024783.8603847,1.1612732405218151
243,0.642695524375309,0.6327599386371277,1694024783.9165215,1967.2408378692098
244,0.6426944478415066,0.6327655989174285,1694024783.9757621,68.07389383084515
245,0.642695524375309,0.6327598933548853,1694024784.0346816,12618.628787512893
246,0.64004229916616,0.6292171691969177,1694024784.0545752,0.00015826912702623317
247,0.6426961702955903,0.632766119663216,1694024784.1107855,2496.498616718672
248,0.6426961702955905,0.6327663687155494,1694024784.1684263,30387.750856781437
249,0.6426821753561605,0.6328481258042126,1694024784.22753,5.4476515281925915
250,0.5897466399226962,0.5815527865061816,1694024784.2433362,1.1001458726314973e-05
251,0.6043773802162369,0.593466612406465,1694024784.2602859,2.16333034024969e-05
252,0.6426724865519398,0.6328083906365017,1694024784.3032827,0.13324782903046414
253,0.6426511711826542,0.6328165414401347,1694024784.347548,0.38262423177750826
254,0.6426292098930872,0.6328279525652208,1694024784.3912299,0.5977480525371383
255,0.6426963856023509,0.6327599159960065,1694024784.4471016,65.19413758961147
256,0.642695093761788,0.632760753717491,1694024784.5027485,353.9275302746392
257,0.642695524375309,0.632760097124976,1694024784.5589066,1613.7906587893153
258,0.6426057414561972,0.632717554458236,1694024784.5916007,0.02904634790998133
259,0.6426938019212252,0.6327605273062789,1694024784.6474283,14.109159711962329
260,0.6427484898383821,0.6328092283579861,1694024784.6884913,0.08485422354448209
261,0.6426961702955903,0.6327662555099433,1694024784.7432063,179.24891512399608
262,0.6426817447426394,0.6328456579220015,1694024784.7990813,4.312473089948574
263,0.6426946631482671,0.6327649423249136,1694024784.8543963,8.86717659850551
264,0.6427713123549909,0.6328260507110398,1694024784.8966026,0.07539910194196474
265,0.6426944478415066,0.6327627008539144,1694024784.9520931,22.110744163504563
266,0.6426953090685485,0.6327599386371275,1694024785.0077543,4763.484587323991
267,0.642687558025172,0.6327674781304883,1694024785.064487,32.88045043865772
268,0.6410792165245356,0.630410695901124,1694024785.085481,0.00019317023031683236
269,0.6318313605492561,0.6206446067581394,1694024785.1032147,7.715832585292549e-05
270,0.6426942325347462,0.6327655989174283,1694024785.1607575,59.52011768286277
271,0.642587440381558,0.6327162639143274,1694024785.1954405,0.03597004340461777
272,0.6426156455671782,0.6328612123722678,1694024785.2298481,0.014036649787471838
273,0.642695524375309,0.6327599159960065,1694024785.2914364,7953.099195239476
274,0.6426879886386929,0.6327670932314277,1694024785.3490815,4356.661080071131
275,0.6426961702955903,0.6327606857941273,1694024785.3972583,1139.2609646943902
276,0.642609401671125,0.6327283769141709,1694024785.4306781,0.03743110228981492
277,0.6426953090685485,0.6327602782539458,1694024785.4879363,25.574818205113736
278,0.6426987539767159,0.6327708969397898,1694024785.544205,9.734765036115098
279,0.6436413669740099,0.6331787540971372,1694024785.5681245,0.0022668540459394506
280,0.6426940172279858,0.6327625876483083,1694024785.6245115,7.887922329686971
281,0.6426877733319325,0.6327671158725489,1694024785.680316,93339.68365702544
282,0.6133042138116703,0.6025435737433996,1694024785.6967015,3.3476987486251396e-05
283,0.6436562231404817,0.6331682259757779,1694024785.720485,0.002372489717607794
284,0.6426830365832022,0.6327618404913087,1694024785.7540996,0.020411159161373902
285,0.6426963856023509,0.6327660743809737,1694024785.808983,1021.7435442970038
286,0.6426922947739021,0.6327914097955996,1694024785.8527539,0.2733974165775833
287,0.6195259332686838,0.6080946106342991,1694024785.8692515,4.2387239187736396e-05
288,0.6426317935742129,0.6328502767107269,1694024785.9016163,0.015225369375912007
289,0.642695524375309,0.6327599159960065,1694024785.9584732,2019.2633633867908
290,0.642695524375309,0.6327606857941274,1694024786.0168757,242.36645954913024
291,0.6433125935507874,0.6331447697742119,1694024786.048132,0.00614255495388374
292,0.6426886345589743,0.6327672517192762,1694024786.1075146,193.19751235298685
293,0.6426292098930872,0.6328501408639996,1694024786.1420634,0.015737451345165597
294,0.6431239848286244,0.6325612854396943,1694024786.163372,0.0003352847729577155
295,0.642695524375309,0.63275998391937,1694024786.223104,70596.62325276094
296,0.6436125158681082,0.6332529037690765,1694024786.2504237,0.004133333747908091
297,0.6426940172279859,0.6327636064987625,1694024786.3097675,12.197535573699515
298,0.642695524375309,0.63275998391937,1694024786.3674233,14991.638924934998
299,0.6426955243753089,0.632760414100673,1694024786.4226327,26.90937302881821
300,0.6427101652350202,0.6327921795937205,1694024786.4655876,0.185265819904438
301,0.6427396622612033,0.6327655083529435,1694024786.5080209,0.09379070484410511
302,0.6113567641633093,0.6002453414534658,1694024786.525152,3.083656210871665e-05
303,0.6281347587789178,0.6172046053670687,1694024786.5429246,6.493308349295025e-05
304,0.6426767926871491,0.6328000587038991,1694024786.586127,0.3212217044517397
305,0.642695093761788,0.6327599159960065,1694024786.6415687,16718.353335321888
306,0.643680768111174,0.633221251481635,1694024786.6653175,0.0021562272504581214
307,0.6426903570130579,0.6327593952502188,1694024786.7210727,4881.939256845454
308,0.642695524375309,0.6327601197660973,1694024786.7774744,1154.1707531425081
309,0.6438403104206749,0.6334315648564879,1694024786.7981682,0.0005514933180124826
310,0.6425359820658081,0.6328027982795645,1694024786.8290868,0.013297642054390652
311,0.642738585727401,0.6327842552012996,1694024786.8725555,0.1922969969999868
312,0.6426959549888299,0.6327660290987314,1694024786.9281278,3915.0462969650152
313,0.6426912182400998,0.6327711912743655,1694024786.983459,21.95631020082392
314,0.6426966009091113,0.6327662781510645,1694024787.0389295,1769.8691090710618
315,0.6426169374077411,0.632821250793345,1694024787.0943265,0.9343743395168601
316,0.6426957396820695,0.6327654857118225,1694024787.1505282,6.6774001479430165
317,0.6426662426558865,0.6327979983618696,1694024787.194648,0.3460368408969465
318,0.6436960548911667,0.633169788213141,1694024787.2204592,0.0038257512736333986
319,0.6426946631482671,0.6327605725885214,1694024787.2768896,15.253386772644124
320,0.6426935866144649,0.6327655762763071,1694024787.3332725,5.6777361865951645
321,0.642695524375309,0.6327599612782489,1694024787.3933125,4722.07500739144
322,0.642695524375309,0.6327600744838549,1694024787.4527283,17610.267554468537
323,0.6426985386699554,0.632846722054698,1694024787.5115597,5.514707941190208
324,0.6426879886386929,0.6327673875660034,1694024787.5715256,87.26209752131219
325,0.6427508582127472,0.6328086849710773,1694024787.6157656,0.08355411617073288
326,0.6426877733319324,0.6327664819211551,1694024787.6743982,58.13083140260861
327,0.6426953090685485,0.6327598480726428,1694024787.7321546,95966.71008499751
328,0.6426905723198184,0.6327594405324612,1694024787.7887187,25340.90661814775
329,0.6425187575249713,0.6317492616277554,1694024787.8097167,0.0002584464870971007
330,0.642695524375309,0.6327599386371277,1694024787.8686507,24081.481137914994
331,0.6060350269650188,0.5951357837849,1694024787.884965,2.435430691145154e-05
332,0.6001360523419347,0.5900414862320247,1694024787.9009428,1.7858569466459378e-05
333,0.6439983455828526,0.6333838373729923,1694024787.9214427,0.0005997742570957689
334,0.6427704511279491,0.6329350677096314,1694024787.9525857,0.01123257221225629
335,0.642695524375309,0.6327599612782489,1694024788.0091844,70383.83791564706
336,0.6426961702955905,0.6327664139977918,1694024788.0644891,27202.854480451577
337,0.6426961702955902,0.6327614329511271,1694024788.1209557,436.0694671131327
338,0.6426942325347462,0.6327603688184306,1694024788.1769345,17.017698453344007
339,0.6426966009091113,0.6327659385342465,1694024788.2317843,48846.76428415999
340,0.6426890651724951,0.6328479220341219,1694024788.2877805,5.372330084052156
341,0.6440450671498725,0.6332550999578331,1694024788.3131309,0.0013557994654830033
342,0.6416661427535496,0.6312451797052959,1694024788.333668,0.0002160417166183533
343,0.6426955243753089,0.632760889564218,1694024788.3930025,434.1044568262452
344,0.6426236119173153,0.6328408580043065,1694024788.4543114,1.8757849443539039
345,0.6426955243753089,0.6327604141006729,1694024788.5049014,1492.6088495715285
346,0.642695093761788,0.6327599159960065,1694024788.5638914,867.9816785863786
347,0.6426944478415068,0.6327652140183679,1694024788.6223257,50.32340717349003
348,0.642695093761788,0.6327607084352485,1694024788.6796513,585.5740311211656
349,0.6426963856023509,0.6327601876894609,1694024788.734968,76.1111740319895
350,0.642736217353036,0.632787107982571,1694024788.7780178,0.1939311730492182
351,0.642695524375309,0.6327599159960065,1694024788.8367655,2001.934570979536
352,0.6426953090685485,0.6327598933548853,1694024788.894284,14417.854498627566
353,0.642695093761788,0.6327599386371275,1694024788.950102,594.8643478427853
354,0.6299026425890553,0.6190630791598803,1694024788.9670682,7.219324695944396e-05
355,0.6426953090685485,0.6327598480726428,1694024789.0225224,31390.252399855817
356,0.6426279180525245,0.6328274318194332,1694024789.066669,0.5905504572417013
357,0.6426884192522139,0.6327673649248822,1694024789.1231954,7159.824336619476
358,0.6295508313424636,0.6187236434708078,1694024789.140315,7.072185416616516e-05
359,0.6426953090685485,0.6327598254315216,1694024789.1959596,24116.85994996747
360,0.642614138419855,0.6328604199330258,1694024789.2277572,0.0140789169923465
361,0.6427002611240391,0.6328090245878955,1694024789.2714329,0.16241263710874848
362,0.6426879886386929,0.6327667309734886,1694024789.3269906,71.3485058801615
363,0.6324891227024616,0.6215251426028378,1694024789.3442554,8.09361365298959e-05
364,0.6441621940275627,0.6332522018943192,1694024789.3685749,0.0012026809940045857
365,0.6426953090685485,0.6327656441996707,1694024789.42486,6.762560177432406
366,0.64275215005331,0.6328447296360322,1694024789.4674442,0.07120592269635109
367,0.6372611817412978,0.6262476729455629,1694024789.4867928,0.00011587643141434323
368,0.5921346072029585,0.5840232498051052,1694024789.5025685,1.2613910973363612e-05
369,0.642695524375309,0.63275998391937,1694024789.5590522,9149.559881768133
370,0.6426966009091112,0.6327592820446128,1694024789.6152568,47.8909907778331
371,0.6426393293108289,0.6328566841480272,1694024789.648106,0.01735071380917038
372,0.642695524375309,0.6327599159960065,1694024789.7054617,7255.5169331493735
373,0.6426966009091112,0.632766459280034,1694024789.764165,47013.54994040186
374,0.6282389672509805,0.6173117431526004,1694024789.7830148,6.537494451659669e-05
375,0.6436086403464198,0.6332072592687317,1694024789.8098443,0.0040253442053053146
376,0.6426317935742127,0.6328345864137334,1694024789.866699,1.9802294075364597
377,0.642695524375309,0.6327598480726428,1694024789.9261413,16087.258496706472
378,0.6436648354109001,0.6331874256465579,1694024789.950148,0.002140739090901659
379,0.642695524375309,0.6327599159960065,1694024790.0084045,22568.77628325466
380,0.6426963856023509,0.632766232868822,1694024790.0645502,10263.130904728368
381,0.6425878709950789,0.6327192751834474,1694024790.0990613,0.024102448859101774
382,0.6439094238907825,0.6332135082181837,1694024790.123316,0.001787948362813282
383,0.6441990114836014,0.6334639416598079,1694024790.1439786,0.0006816501578352652
384,0.6147105975709952,0.6037888580506756,1694024790.1607692,3.5462954338437106e-05
385,0.642695524375309,0.63275998391937,1694024790.2165706,36374.706191797275
386,0.6429696098813746,0.6321385983479588,1694024790.2363107,0.0002938454272727776
387,0.6426963856023509,0.6327662102277009,1694024790.291207,37820.99219645835
388,0.642606602683239,0.632721697783416,1694024790.324574,0.02461929872237152
389,0.6177182177078615,0.6064471747322189,1694024790.3411245,3.918504823826516e-05
390,0.642695524375309,0.632760097124976,1694024790.3972661,1557.0888400887131
391,0.6426905723198184,0.6327593726090975,1694024790.45242,1081.4966036254737
392,0.6426481568880078,0.6328208885354056,1694024790.4985642,0.42977807598981455
393,0.642695093761788,0.6327609574875818,1694024790.5538895,529.1103703956527
394,0.6426961702955903,0.6327663687155493,1694024790.6104825,307.74581782248856
395,0.6426767926871491,0.6328000587038991,1694024790.654412,0.3213080090859036
396,0.6432053707840784,0.6330888688459622,1694024790.6851954,0.006818901152180963
397,0.642676362073628,0.6318098719092153,1694024790.7054923,0.00026600820099016926
398,0.6426966009091112,0.6327659611753677,1694024790.7618406,12613.571607394146
399,0.62727460827088,0.6162059507930551,1694024790.778799,6.180981962507039e-05
