trial,score,test_score,time,alpha
0,0,0,1694024821.0004797,0
0,-0.000478499649794184,-0.0015521874677331127,1694024821.1413662,epsilon_insensitive,l1,1
1,-4.242216356392591e+22,-6.362999754818844e+22,1694024822.8500538,squared_error,elasticnet,0.00022171723475077212
2,-3.718362818716443,-1.2332898071609808,1694024823.239742,epsilon_insensitive,l2,6.258276832557416e-05
3,-6.776709188612503,-2.8422674000292507,1694024823.5952597,epsilon_insensitive,None,0.001820203755334102
4,-2.6716197628069687e+22,-3.4342877305287234e+22,1694024824.4939415,squared_error,None,0.677171006924609
5,-0.00579657449541271,-0.008890223856096391,1694024824.541312,epsilon_insensitive,l1,44209.01115085734
6,-221.42039725584377,-7.7248561537816425,1694024856.3438468,squared_error,l2,582.8970400398887
7,-1.755083230248563e+23,-1.5454964970284746e+23,1694024857.0019064,squared_error,None,0.11554480672990344
8,-46003820870.08904,-2124578563147.351,1694024857.375431,squared_error,l2,10.427284283418704
9,-2.4194742817272603,-3.2805987469787325,1694024858.2586792,epsilon_insensitive,l2,67847.59434078731
10,-1.6844545768873505e+23,-8.392743152302487e+22,1694024858.937737,squared_error,None,233.06151373524796
11,-0.005778633773803943,-0.008867744588044735,1694024858.9852502,epsilon_insensitive,l1,41.88130375329774
12,-2.915527802336078e+23,-3.8055239532810873e+23,1694024859.615284,squared_error,None,0.00013420297779296887
13,-0.005779227630093864,-0.008868488777134864,1694024859.6608722,epsilon_insensitive,l1,27.442226306097016
14,-0.005798071326794441,-0.008892099059425007,1694024859.7072418,epsilon_insensitive,l1,307.4530337686952
15,-0.523166132086661,-0.6887368171951369,1694024860.0504518,epsilon_insensitive,l2,0.004342954634040217
16,-8.070251386204681,-18.46218969698142,1694024860.2623336,epsilon_insensitive,elasticnet,0.0005849538663281182
17,-0.49104726160714485,-0.5006850005195429,1694024860.6749668,epsilon_insensitive,l2,0.00012759436002617857
18,-0.026368352715992804,-0.052240865377148005,1694024860.744565,epsilon_insensitive,l1,0.006879519003448053
19,-1.6229375717829675e+23,-1.7045428894691814e+23,1694024861.362757,squared_error,None,3.080923127340842e-05
20,-5427575626622.661,-86858855747172.58,1694024861.7588673,squared_error,l2,33.900424176265126
21,-0.649652859588324,-1.5821095002441443,1694024862.139532,epsilon_insensitive,l2,0.037269137051502796
22,-2.174207225435242,-1.607645221164507,1694024862.5202987,epsilon_insensitive,None,0.0009555889478887931
23,-0.9585202282860172,-0.7069067180716833,1694024862.8006353,epsilon_insensitive,None,0.3020975236126177
24,-1.419068846037432e+23,-1.0792960671734628e+23,1694024864.2231808,squared_error,elasticnet,0.00044074851904118306
25,-1.54263499139576e+23,-1.709194519960036e+23,1694024864.7061102,squared_error,None,0.020832295410163074
26,-0.00013743197089710613,-2.927039644817775e-05,1694024864.736895,squared_error,l1,143.70465714270156
27,-8.098870592119587e+22,-8.42667932658658e+22,1694024865.9582138,squared_error,l1,0.0010195850004539105
28,-4.829838209683476e+22,-6.4758436436420994e+22,1694024866.3836408,squared_error,l2,1.1504515541600422
29,-0.005752677154157171,-0.008835210267062799,1694024866.47018,epsilon_insensitive,elasticnet,2650.5161880924306
30,-0.00014308575469268447,-2.6715822163181357e-05,1694024866.5004401,squared_error,l1,4718.623992093533
31,-0.00573820707823014,-0.008817067460410222,1694024866.5487757,epsilon_insensitive,elasticnet,202.67585101979043
32,-1.049162518706511,-0.7161289178607706,1694024866.7988405,epsilon_insensitive,None,157.35312677973604
33,-0.00013093563547594833,-3.242041979945043e-05,1694024866.8533216,squared_error,elasticnet,23324.412977044358
34,-9.017749761586202e-06,-0.0004123811492193763,1694024866.9611912,epsilon_insensitive,l1,0.5273341222385216
35,-3.748729156215485e+22,-4.064885551715478e+22,1694024868.876036,squared_error,l1,0.00015863460143316312
36,-0.831438413327269,-0.6974447626308462,1694024869.198349,epsilon_insensitive,l2,6.199857491331624e-05
37,-6.319726382740028e+22,-1.684707480529766e+23,1694024870.5678713,squared_error,elasticnet,0.0005701520748213914
38,-7.511314711835504e+23,-6.167760457547541e+23,1694024871.651167,squared_error,l1,3.8860460880225625
39,-9.7769452585856e+22,-1.2847860617670311e+23,1694024872.125767,squared_error,None,89023.07668975192
40,-0.015688381476791857,-0.020729064627812654,1694024872.2703416,epsilon_insensitive,elasticnet,25.66766708636205
41,-643784732997.8431,-25086951769107.883,1694024873.3017166,squared_error,elasticnet,1.8466485039635416
42,-0.0001332533513296319,-3.126926478502767e-05,1694024873.3554006,squared_error,elasticnet,8492.955152722487
43,-1087369401931.3373,-11315425498266.834,1694024874.1017313,squared_error,elasticnet,194.98805993337828
44,-4.901213687799509e+22,-9.553336590121702e+22,1694024874.957282,squared_error,None,47.97261098287204
45,-1.5127472625932339,-1.0797710658484152,1694024875.1510017,epsilon_insensitive,l2,2.7220555223968164e-05
46,-7.260561909500631e+23,-9.729069074481415e+23,1694024876.8800516,squared_error,l1,0.0034855145620521213
47,-9.64227883680956e+22,-1.6217026745167922e+23,1694024877.5788155,squared_error,None,4.972856236606596e-05
48,-0.6966539087067043,-0.7608011372393411,1694024877.6749597,epsilon_insensitive,l1,0.0013060982097119922
49,-1.4776779057437666,-0.7059269269336901,1694024878.0107386,epsilon_insensitive,None,0.07307305272258646
50,-3.0823506833808043,-3.924119882758651,1694024878.86781,epsilon_insensitive,l2,34904.89738319959
51,-0.0001470908525991188,-2.5005500923214186e-05,1694024878.899638,squared_error,l1,60.843627417070635
52,-0.007388340306053065,-0.010862254858167386,1694024879.0339947,epsilon_insensitive,elasticnet,19.502692428908265
53,-1.8397757154301129,-0.8560805497820474,1694024879.221858,epsilon_insensitive,l1,4.246727363804504e-05
54,-0.00012725005320790572,-3.431580766743991e-05,1694024879.2529514,squared_error,l1,44021.85744124272
55,-3.583029886595593e+23,-4.1442785086404666e+23,1694024879.9229684,squared_error,None,0.010141865310522843
56,-2.3146976869258067,-5.284843315169871,1694024880.2415557,epsilon_insensitive,None,1.5402154223193877e-05
57,-5.937179955809224e+22,-7.4648105379235726e+22,1694024880.8384743,squared_error,l2,0.010174912895275064
58,-4.275280542495687e+22,-5.295617097196739e+22,1694024882.3057597,squared_error,l1,0.00034726515589929437
59,-2.903435626483724,-1.7754619576999104,1694024882.5949335,epsilon_insensitive,None,0.07408192352915849
60,-0.7075641343203909,-0.6449553724449661,1694024883.156002,epsilon_insensitive,elasticnet,1.8942747916405382e-05
61,-2.2567217552983265e+23,-2.8115151930420998e+23,1694024883.6964598,squared_error,l2,0.001737853568961778
62,-0.5890330177609227,-1.2261926697533019,1694024883.9426095,epsilon_insensitive,l2,2.8033002808335433e-05
63,-56765914397.088646,-3916764396535.8213,1694024884.3028042,squared_error,l2,2.9385915891022805
64,-0.005078513444899402,-0.00798519383802998,1694024884.3458633,epsilon_insensitive,l1,54786.83529311487
65,-0.929428262139246,-0.9092356121797176,1694024884.5809257,epsilon_insensitive,None,0.33742426598798847
66,-1.7162305676967038,-0.6393787016926225,1694024884.8823993,epsilon_insensitive,None,0.00035428695925667224
67,-9.942588839263849e+22,-1.7315872518138284e+23,1694024885.628781,squared_error,None,5.009178639058728
68,-0.005798007215693124,-0.008892018743103636,1694024885.6776636,epsilon_insensitive,elasticnet,421.0227688249172
69,-5.651414095593111,-7.390437357308295,1694024885.845761,epsilon_insensitive,l2,8.294509050437004
70,-7.2106208530786425e+22,-7.61911299469207e+22,1694024886.4813044,squared_error,l2,0.07522990123635441
71,-1.7288630666463883e+23,-2.7157233658966912e+23,1694024887.1048799,squared_error,l2,0.009163250054590167
72,-0.00014621191974772962,-2.5373996342503702e-05,1694024887.1356556,squared_error,l1,277.05048295763197
73,-1.4723346288033829e+23,-1.5625804441428314e+23,1694024887.8428,squared_error,None,0.1723809875417532
74,-0.00013792542978285915,-2.9040682455683253e-05,1694024887.8729632,squared_error,l1,85.45402630544912
75,-0.00015344300623687523,-0.0008880583096184669,1694024887.9454255,epsilon_insensitive,l1,1.154910562735892
76,-4.252135575693597e+22,-4.960817690009768e+22,1694024889.5577755,squared_error,elasticnet,0.012415745603403309
77,-4.336673808563255e+22,-5.584354406472328e+22,1694024890.245942,squared_error,None,1421.356966155295
78,0.07345516951919451,0.06356767625573978,1694024890.3262959,epsilon_insensitive,elasticnet,0.18783421067355074
79,-0.005747038833098905,-0.00882814135158938,1694024890.3734539,epsilon_insensitive,l1,24529.508127748923
80,-7.411731742346106e-06,-0.00021069489986613732,1694024890.5044715,epsilon_insensitive,l1,0.27978100278036866
81,-7.434666476590786e+22,-8.91638788716575e+22,1694024891.2919068,squared_error,None,0.010199260637081781
82,-4.00782244655003e+22,-4.025812312374345e+22,1694024892.1917973,squared_error,l2,0.00016429183960655494
83,-0.000137650428607472,-2.9168538019375134e-05,1694024892.2461836,squared_error,elasticnet,16339.828659525601
84,-0.005062679995009978,-0.007965106357086249,1694024892.3249502,epsilon_insensitive,elasticnet,83033.31446146767
85,-4.829784666004113e+22,-6.460531832511864e+22,1694024893.8612232,squared_error,l1,0.013762015448481636
86,-1.138472778558751,-1.0601539140570964,1694024914.6867557,squared_error,l2,9089.46889662684
87,-1.0859753668994752,-4.15960528184605,1694024914.9216745,epsilon_insensitive,elasticnet,0.00012476097051476533
88,-0.0001378355504895179,-2.9082424874760093e-05,1694024914.9512045,squared_error,l1,3782.364125202581
89,-1635216370786.644,-45602911414322.32,1694024915.6151695,squared_error,elasticnet,15.715561211836706
90,-1034039949090.9728,-67341210891364.41,1694024916.2988143,squared_error,elasticnet,25.809113903777337
91,-0.00013957070514747372,-2.8284225456420842e-05,1694024916.3289568,squared_error,l1,21372.37116562748
92,-4.651198422425105,-10.27691226611745,1694024916.6749527,epsilon_insensitive,None,0.0019033907284131057
93,-4.659662474949197e+22,-5.608988931875519e+22,1694024917.3219113,squared_error,None,0.0001247747373280365
94,-0.030516047395604984,-0.04720728799297058,1694024917.5714111,epsilon_insensitive,l2,13.414956487214399
95,-0.00014030014580224126,-2.7953449994733148e-05,1694024917.6012442,squared_error,l1,11527.46418398506
96,-8.79986327457728e+22,-2.4549643661082382e+23,1694024918.3274171,squared_error,None,5753.463341799217
97,-0.0058252624970212,-0.008926155966919813,1694024918.3755462,epsilon_insensitive,elasticnet,111.87899901121733
98,-2.398264115624417,-2.831249712715807,1694024918.6095183,epsilon_insensitive,None,2078.9106766080463
99,-0.33423119676155677,-0.7992781796325585,1694024918.9042637,epsilon_insensitive,l1,0.0001334610947907074
100,-0.23537847520923094,-0.19366710233637296,1694024919.2592247,epsilon_insensitive,l2,0.8416176647293733
101,-2.541533963233381,-3.441280708450922,1694024920.0661101,epsilon_insensitive,l2,12390.667000593938
102,-0.00013068671271510013,-3.254590171986038e-05,1694024920.1038442,squared_error,elasticnet,1325.9917756554364
103,-3.333971353992405e+22,-4.254620588785589e+22,1694024920.8844059,squared_error,None,1.0720477000843103
104,-5.5859053150529326e+22,-6.946679537206704e+22,1694024921.610884,squared_error,None,22.099348302604817
105,-4.311714055765441e+22,-9.550783987390387e+22,1694024922.2960067,squared_error,None,0.0015371548299766148
106,-0.0058213833896860745,-0.00892129828040944,1694024922.343198,epsilon_insensitive,l1,78226.13005169186
107,-9.83661859291567e+22,-1.0549579972990314e+23,1694024922.8154068,squared_error,None,0.9308505853539403
108,-0.00013022370751625267,-3.27802669626287e-05,1694024922.8697653,squared_error,elasticnet,29939.85391307937
109,-1.7635421255671635,-4.208039375693536,1694024923.2054832,epsilon_insensitive,None,0.022498881331037165
110,-0.9469762100468613,-2.345759640097576,1694024923.487613,epsilon_insensitive,None,90.62947766305294
111,-0.00012830893717974412,-3.376294670265345e-05,1694024923.5180502,squared_error,l1,69.95412061970998
112,-5.222002325599995e-05,-9.918532988262285e-05,1694024923.5744328,epsilon_insensitive,l1,0.2899828086929772
113,-1681951377527.599,-9792345499936.295,1694024924.0833547,squared_error,l2,147.21566279881614
114,-0.5226459428479899,-0.4146973915021632,1694024944.047095,squared_error,l2,8468.022317982011
115,-0.111644197639168,-0.17738824491010385,1694024944.189806,epsilon_insensitive,l1,0.0016657689869628547
116,-0.00013782526678918217,-2.9087203687661045e-05,1694024944.2193775,squared_error,l1,28122.758503178487
117,0.01518082781845842,0.009213256602736308,1694024944.5406528,epsilon_insensitive,l2,154.8517942236609
118,-2.936470125798346,-6.4038694022935205,1694024944.8690977,epsilon_insensitive,l2,0.048725737096202974
119,-6.311684610436375,-8.097560553588826,1694024945.1568787,epsilon_insensitive,l2,160.86932347195784
120,-7.3651583393842025e+22,-8.375110848150318e+22,1694024945.7220254,squared_error,None,1.273860505198712e-05
121,-6.004015740033456,-7.010804811242885,1694024945.9350538,epsilon_insensitive,None,3495.8022167167233
122,0.05230713056466496,0.015576624254165838,1694024946.1299543,epsilon_insensitive,l2,16.66680915282527
123,-4.427044043742517e+22,-7.836059498886431e+22,1694024947.662742,squared_error,elasticnet,0.00038141253173497964
124,-0.21740276466994968,-0.30579219682484626,1694024947.788863,epsilon_insensitive,elasticnet,0.006482382074877181
125,-4.165830364346689e+22,-5.950223186915725e+22,1694024948.5143366,squared_error,None,36.263746272500896
126,-1.3891049184204058e+23,-2.2583742071236086e+23,1694024949.9146855,squared_error,l1,0.04440324838246813
127,-2.537703845506556e-06,-0.00035648729575088467,1694024950.0194972,epsilon_insensitive,elasticnet,3.22722040518888
128,-0.00013986876825722305,-2.8148725092824733e-05,1694024950.0503666,squared_error,l1,17756.631784430654
129,0.10284881459271578,0.06838144304621563,1694024950.1469927,epsilon_insensitive,l1,0.011548940127411337
130,-2.7142423099712025,-3.6459803272988314,1694024950.4165132,epsilon_insensitive,l2,43.24029181267005
131,-3.0423928275942043,-3.854575840714652,1694024951.341437,epsilon_insensitive,l2,52521.216569184755
132,-2.2349827051382807,-2.259309779207033,1694024951.651031,epsilon_insensitive,None,1.8236381612143948
133,-3.1104894906998054e+23,-4.370642148054368e+23,1694024953.3118742,squared_error,l1,0.00034644468577951565
134,-0.005770582819611736,-0.008857654868391629,1694024953.3577805,epsilon_insensitive,l1,9625.862352905762
135,-1559627919197.8347,-51718471906846.08,1694024953.7901762,squared_error,l2,48.79747538337964
136,-0.0029203040646981204,-0.014544898124935868,1694024974.2634306,squared_error,l2,10778.286290471055
137,-1.599132659982394,-1.5794697333577572,1694024974.6128285,epsilon_insensitive,l2,0.10291716094362424
138,-0.0001347948122727427,-3.052059806085694e-05,1694024974.6448889,squared_error,l1,78.70365983594081
139,-3.1909121986989277e+22,-4.8463837032006275e+22,1694024976.3261683,squared_error,l1,1.7762487244049319
140,-0.614776867563797,-1.4829684887042318,1694024976.4994507,epsilon_insensitive,elasticnet,0.0005500007702778385
141,-1.4181217840326998e+23,-1.1181840935143776e+23,1694024977.167356,squared_error,None,0.002134160343142159
142,-0.8833983157175624,-0.6181940234774108,1694024977.4865398,epsilon_insensitive,None,848.0574643469669
143,-0.0005118213171113606,-0.0016124507177728287,1694024977.626772,epsilon_insensitive,elasticnet,6.521917350651109
144,-2.5397516618041103e+23,-4.793449591176697e+23,1694024978.8197074,squared_error,elasticnet,0.05257190191160633
145,-1888703425784.3606,-106259516155561.45,1694024979.1910615,squared_error,l2,13.912084526108199
146,-4.117775860188731e+21,-4.3452351857538194e+21,1694024979.6555061,squared_error,l2,0.8825309034876652
147,-0.005774042520046763,-0.00886199083646444,1694024979.702619,epsilon_insensitive,l1,84.98582039434258
148,-1.7854900240719034,-3.140586296691092,1694024979.9840753,epsilon_insensitive,l2,0.0007302562814979453
149,-0.005799422567503543,-0.008893791831317444,1694024980.0330238,epsilon_insensitive,elasticnet,50.92977287821052
150,-0.0050364325529064224,-0.007931793513132224,1694024980.1121213,epsilon_insensitive,elasticnet,2526.313942758864
151,-0.000144420821330149,-2.6136771132057035e-05,1694024980.1437347,squared_error,l1,631.9750235848209
152,-1.654924290294682e+23,-2.555810136077455e+23,1694024981.6101835,squared_error,elasticnet,0.0028971040290736104
153,-2.6076516668614856e+23,-4.741974141313748e+23,1694024982.2697809,squared_error,l2,0.0004938688962707942
154,-1.3039049156608029e+23,-1.9965425797567418e+23,1694024983.5562248,squared_error,elasticnet,0.02702041276295758
155,-2.008333262188096e+23,-3.657089402337596e+23,1694024984.0552223,squared_error,l2,0.004222491289615933
156,-49506.97452093618,-38236.275960483894,1694025015.365792,squared_error,l2,377.6937332283744
157,-4.946031591052723e+22,-6.28928070068631e+22,1694025016.8422573,squared_error,l1,23.319681029689495
158,-3.985153550943447e+22,-5.6497511899999335e+22,1694025017.5217957,squared_error,None,0.00017020544961365814
159,-1.0440147036869232,-2.1556926076508365,1694025017.8078005,epsilon_insensitive,l2,1.6080910627660439
160,-4.518505647789722e+22,-7.086483833351743e+22,1694025019.2516735,squared_error,l1,0.009369317127904467
161,-1.7625800622011858,-0.7523309564805905,1694025019.6406372,epsilon_insensitive,l2,0.027011914382217284
162,-5.7391778089991735e+22,-7.127120689264184e+22,1694025020.359578,squared_error,None,2328.6029309826104
163,-4.017167371982069e+22,-5.935285783684028e+22,1694025021.05561,squared_error,None,0.0017873277922125666
164,-8.175466898743561e+22,-1.1295568949912103e+23,1694025021.8374498,squared_error,None,0.011018900285235719
165,-1.0725475501024624e+23,-8.83491937411929e+22,1694025022.4624546,squared_error,None,1.6450706919622737e-05
166,-0.004221830062031806,-0.006888813225134793,1694025022.6055956,epsilon_insensitive,elasticnet,14.195176050018256
167,-3.6175076090737763e+21,-3.215324914234792e+21,1694025023.8182354,squared_error,elasticnet,0.8002732365469744
168,0.12572113581557454,0.09576508099469494,1694025023.894843,epsilon_insensitive,elasticnet,0.21135878125922944
169,-0.6282001208848498,-3.048385167696197,1694025024.1391547,epsilon_insensitive,None,58577.75016745013
170,-2.7668531494360664,-1.352326716992394,1694025024.3788729,epsilon_insensitive,l1,5.5543305780779705e-05
171,-0.00013294004513952906,-3.142307575454417e-05,1694025024.4125617,squared_error,elasticnet,834.8330060154309
172,-0.4555595736936613,-1.0506280337311726,1694025044.201083,squared_error,l2,16780.75027193202
173,-0.00573129412260398,-0.008808398404677398,1694025044.2870274,epsilon_insensitive,elasticnet,5922.031446375508
174,-2.757989184779883,-1.0001608295202442,1694025044.406298,epsilon_insensitive,elasticnet,0.001558768652232329
175,-0.0001410776602570607,-2.760395354273193e-05,1694025044.4361112,squared_error,l1,6660.771784614995
176,-2.2971473828820255,-1.754124295195195,1694025057.407499,squared_error,l2,2088.999037536467
177,-6.774505049654247e+22,-1.4238434610978658e+23,1694025058.0266352,squared_error,None,0.01845851202952202
178,-3.2696327735808803e+22,-4.094297269324522e+22,1694025058.837303,squared_error,l2,0.00013534675715695945
179,-0.005839021078256401,-0.008943383032203878,1694025058.9228923,epsilon_insensitive,elasticnet,3815.3498768443205
180,-0.015654718650178978,-0.020689918454218192,1694025059.0855515,epsilon_insensitive,elasticnet,22.913477822830888
181,0.10021955090241086,0.08425295454360915,1694025059.1799703,epsilon_insensitive,l1,0.11694846005142462
182,-87414930756.9706,-4698967781194.094,1694025059.562495,squared_error,l2,5.7244968198588255
183,-1.324091121206918,-0.8018106085675414,1694025059.9167967,epsilon_insensitive,elasticnet,4.633612770257733e-05
184,-0.005037403923121575,-0.007933026660254194,1694025059.9598007,epsilon_insensitive,elasticnet,120.335058151662
185,-0.005778664060376526,-0.008867782541734925,1694025060.0062106,epsilon_insensitive,l1,6833.552765481218
186,-3.4338860926722203,-1.7117544541825729,1694025060.3769968,epsilon_insensitive,l2,0.01439727307204613
187,-0.008602043769937007,-0.01234158638218541,1694025060.4791107,epsilon_insensitive,l1,3.892739602889167
188,-1219952934915.4998,-27719445750365.715,1694025061.3209238,squared_error,elasticnet,3.534657656131614
189,-6.117195821356865,-7.758170171678794,1694025061.7314806,epsilon_insensitive,l2,0.00033435371070031854
190,-0.4850622993490086,-0.3096534297117559,1694025081.660029,squared_error,l2,92479.97676939987
191,-1.931317109882841e+24,-2.2378526776356739e+24,1694025082.4941292,squared_error,None,20613.427432518347
192,-0.00013572373839632057,-3.0075850133259863e-05,1694025082.5252204,squared_error,l1,16939.501168803097
193,-3.696839747449565,-1.6490763376606705,1694025082.8640566,epsilon_insensitive,None,6.096111486428261
194,-1.6458156074578905e+23,-1.308025670306928e+23,1694025083.2934651,squared_error,None,0.5478878855598429
195,-8.129169844507088e+23,-8.395437562181789e+23,1694025084.3474138,squared_error,l1,0.09983975504408146
196,-2.794074873419114,-0.5386166197552129,1694025084.7357452,epsilon_insensitive,None,0.0008053807505096116
197,-0.0422341546751821,-0.21084230958795658,1694025104.554276,squared_error,l2,53396.18076641795
198,-7.086304145658992e+22,-8.570716625853487e+22,1694025105.6621795,squared_error,l1,0.000836232797602366
199,-1.1309692718747638e+23,-1.4916248581564183e+23,1694025106.4402916,squared_error,l2,8.821950255139043e-05
200,-0.38135484871849346,-0.6301644058431923,1694025106.5978627,epsilon_insensitive,l2,1.9743301467410144
201,-1.9289740235871035e+23,-1.3381635017526768e+23,1694025107.324792,squared_error,None,6.580712208799353
202,-0.6905401702099623,-0.5973891190031575,1694025107.615019,epsilon_insensitive,None,2.356086007725235e-05
203,-0.3659671796687747,-0.41399662148428185,1694025107.8026676,epsilon_insensitive,l2,43.562188341921306
204,-2.5991805227197423e+23,-4.605962524851917e+23,1694025108.3029337,squared_error,None,100.87304407804956
205,-0.8637124732385495,-0.6119345647406973,1694025108.482656,epsilon_insensitive,l1,0.00015155210234233537
206,-0.6241566372336425,-1.9923107967758473,1694025108.820403,epsilon_insensitive,None,2680.731850601524
207,-9.530286221819951,-7.98156571566642,1694025109.1362517,epsilon_insensitive,l1,1.8694303015227203e-05
208,-3.913654783794544e+22,-4.951533129123985e+22,1694025109.7618332,squared_error,l2,0.00035498336422448083
209,0.046389287396681356,0.04163560935895372,1694025109.8735065,epsilon_insensitive,l1,0.1819895258012572
210,-6.48795772437399e+22,-6.452618495054728e+22,1694025111.3278785,squared_error,elasticnet,0.0741017150701253
211,-1.9571348344649464,-1.2259004433834395,1694025111.509935,epsilon_insensitive,l2,0.0170732286639945
212,-0.005147249912168084,-0.00807232819664705,1694025111.5537639,epsilon_insensitive,elasticnet,1059.9374206753985
213,-1.0061643678220982,-0.8127434522965697,1694025111.6257527,epsilon_insensitive,l1,0.13263815944711735
214,-6.845286783468344e+22,-1.1549557577172375e+23,1694025112.1384091,squared_error,None,0.0002495864941443494
215,-0.8639737854518907,-1.5209431454346887,1694025112.3514578,epsilon_insensitive,l2,0.18427255692079356
216,-2.3795299567344088e+23,-3.394110250172172e+23,1694025113.2758143,squared_error,l1,3.809466179896396
217,-3.075545206893902,-7.406811625775601,1694025113.701845,epsilon_insensitive,elasticnet,2.616452781616844e-05
218,-6.268549927433771,-5.107825906724672,1694025113.9042423,epsilon_insensitive,None,0.0008895979737926739
219,-0.005033799298602926,-0.00792845050075952,1694025113.971673,epsilon_insensitive,elasticnet,2594.0642694161074
220,-5.673412842553376e+22,-7.961069120255088e+22,1694025114.3726113,squared_error,None,0.00011019774018101925
221,-1.21272420590882e+23,-1.0468278672605292e+23,1694025114.7908168,squared_error,l2,0.0288317612537564
222,-744957826122.1224,-14773867653669.822,1694025115.0845058,squared_error,l2,150.8131627229662
223,-1.1860445441581144e+23,-2.0442673366342074e+23,1694025116.2124279,squared_error,l1,0.12976189483025552
224,-7.2278406332641125e+22,-1.276841035022495e+23,1694025117.5866108,squared_error,l1,0.18993598990443536
225,-4.116112568101018e+23,-6.708563242602251e+23,1694025117.9876628,squared_error,l2,0.005919348266182108
226,-0.0001398691929286322,-2.8148532370542156e-05,1694025118.010772,squared_error,l1,155.04355169586134
227,-2.3591384019129295e+23,-1.6775154539763516e+23,1694025118.487068,squared_error,None,13.436244341917359
228,-2.024402158536548,-0.7358868504906242,1694025118.8497686,epsilon_insensitive,elasticnet,4.8538346562967345e-05
229,-7.3593662824755874e+22,-7.9294417740409e+22,1694025119.2496874,squared_error,None,0.0005186951126601318
230,-3.8727292254940053,-8.323358639848106,1694025119.5208306,epsilon_insensitive,None,0.20942469621786175
231,-3319292479863.3804,-32981538921767.98,1694025120.0602858,squared_error,elasticnet,116.09283083822086
232,-0.0001338946878497449,-3.095615055981327e-05,1694025120.08313,squared_error,l1,773.3939381967144
233,-0.005788927090055296,-0.008880642632336455,1694025120.1570008,epsilon_insensitive,elasticnet,3736.2736787283993
234,-1035818729333.2333,-8581852869661.767,1694025120.4131026,squared_error,l2,142.20420279853747
235,-4.656746400902054e+22,-9.94046757807474e+22,1694025120.8458693,squared_error,None,0.0654932476656486
236,-0.005738889933642355,-0.008817923729635746,1694025120.9198976,epsilon_insensitive,elasticnet,32114.100391958353
237,-8.01452309462055e+22,-9.73200599038569e+22,1694025122.0587487,squared_error,l1,0.0278081612972377
238,-1.8684547025913774,-7.160480079928417,1694025122.2792213,epsilon_insensitive,None,0.007455260522050901
239,-10.16218446178979,-7.852869529999563,1694025122.6223693,epsilon_insensitive,elasticnet,0.00011725316215963842
240,-5.7376570082375175e+22,-1.150637003529728e+23,1694025124.2850494,squared_error,elasticnet,0.00015970945221174698
241,-4.1117794322337455e+22,-1.1371491609691998e+23,1694025124.727298,squared_error,None,0.6210733309834052
242,-2.6074445821759915e+22,-4.511581989513376e+22,1694025126.4124646,squared_error,elasticnet,0.018479547987273307
243,-0.005607398038916633,-0.008652864142043803,1694025126.448377,epsilon_insensitive,elasticnet,43.08349837520367
244,-0.005741085836580062,-0.008820677227251217,1694025126.5231018,epsilon_insensitive,elasticnet,2391.0536455500137
245,-0.005791664684028586,-0.008884072621662797,1694025126.5587687,epsilon_insensitive,l1,198.53789242203123
246,-8.251196547340217e+22,-7.664268134194517e+22,1694025127.633389,squared_error,elasticnet,1.8656060560018106e-05
247,-1.8744326988140023,-1.8786995569718088,1694025144.4413154,squared_error,l2,21977.81522256891
248,-1620910025704.515,-101405682777066.8,1694025145.0325923,squared_error,elasticnet,5.855911645342864
249,-4.12554588291171e+22,-5.641418702420451e+22,1694025146.387442,squared_error,l1,0.052322209903645694
250,-3.602257541926766e+22,-1.063948138317408e+23,1694025146.8539295,squared_error,l2,0.05362896357841809
251,-0.00015206186538718747,-2.2991612971923203e-05,1694025146.8771098,squared_error,l1,31792.774649309715
252,-0.9603613475015567,-0.6672534267670898,1694025147.059106,epsilon_insensitive,None,70193.0080823414
253,-303412502953.4012,-17082198700284.701,1694025147.8826072,squared_error,elasticnet,1.8725189877418127
254,-3.363648561293811e+22,-4.808400154851606e+22,1694025148.2784123,squared_error,l2,0.21000614419417007
255,-0.005083729387446834,-0.00799180984067105,1694025148.3107471,epsilon_insensitive,elasticnet,116.24549516512992
256,-3.5994737500714823e+22,-6.586538922150447e+22,1694025148.7794642,squared_error,None,1363.6235545172992
257,-280632536086.69006,-13846134268684.709,1694025149.0193946,squared_error,l2,31.95848843932922
258,-0.005747955683639949,-0.0088292908752583,1694025149.055295,epsilon_insensitive,l1,119.19608541280343
259,-3.856358059829807,-10.54828252122066,1694025149.2499542,epsilon_insensitive,None,0.5787807415912222
260,-0.00014488632840703453,-2.5936984934915586e-05,1694025149.2733395,squared_error,l1,38721.3398236898
261,-4.154297571702906e+22,-5.315662692169253e+22,1694025149.7274983,squared_error,None,56.436546390508255
262,-0.005794595043165707,-0.00888774396596137,1694025149.762608,epsilon_insensitive,l1,303.50635633925293
263,-0.013035881474635858,-0.01762757864703035,1694025149.8824894,epsilon_insensitive,elasticnet,20.995525618556552
264,-6.9146854182806494e+22,-8.048839235528663e+22,1694025150.8612545,squared_error,elasticnet,0.5375676501451206
265,-2.844387565034649e+23,-2.6409298296563088e+23,1694025151.964272,squared_error,l1,2.4349086251725265e-05
266,-1.4030783501296833,-1.1115749252152742,1694025152.0376465,epsilon_insensitive,l1,0.10604948976884843
267,-2.1289698953590155,-4.573670443418752,1694025152.2291217,epsilon_insensitive,None,0.05387151925631515
268,-1.827783737251565e-05,-0.00016756026962316817,1694025152.2816193,epsilon_insensitive,elasticnet,2.4392952451122745
269,-7.579116708072084e+23,-7.59015671207783e+23,1694025152.7085726,squared_error,None,726.689577747946
270,-4.988536158140948,-4.797079528028972,1694025152.8745487,epsilon_insensitive,l2,0.02117778823981094
271,-14.754186480579229,-18.351569602288954,1694025153.1179874,epsilon_insensitive,l2,0.0030156092170116073
272,-0.00013530333260591831,-3.0276537064777287e-05,1694025153.1636045,squared_error,elasticnet,3997.4707176960546
273,-1.3321905246707488,-7.527383128373483,1694025153.3828046,epsilon_insensitive,None,0.019574830195794837
274,-0.6521001756587386,-1.3761873836483978,1694025153.5921993,epsilon_insensitive,l2,0.03241941338655284
275,-6.612214549955791e+22,-4.741018167131306e+22,1694025154.054097,squared_error,None,0.005319661331417094
276,-0.00012934892110871843,-3.322651361559181e-05,1694025154.0994973,squared_error,elasticnet,14129.98419029932
277,-5.156935232725222e+22,-1.3171371691438925e+23,1694025154.4900377,squared_error,None,11132.680447233848
278,-0.005708615773050374,-0.008779952303181515,1694025154.5627475,epsilon_insensitive,elasticnet,19221.260145821412
279,-3.600876675877684,-4.603702154182184,1694025155.04685,epsilon_insensitive,l2,20338.48592708115
280,-1.8206431271311344e+23,-1.2835313871926264e+23,1694025155.4426422,squared_error,None,0.12860580104948502
281,-3.0137404935578954e+22,-6.047916708362414e+22,1694025156.9841971,squared_error,elasticnet,0.007820365751600106
282,-0.44065626370224775,-1.4421080897083134,1694025157.1976564,epsilon_insensitive,None,0.006648399486186293
283,-2.391637919221036,-3.248194768492769,1694025157.915972,epsilon_insensitive,l2,5464.094097817827
284,-0.00013878766009356447,-2.864244623301815e-05,1694025157.938404,squared_error,l1,5516.864085470162
285,-0.020621550968410007,-0.025320630293023116,1694025158.159518,epsilon_insensitive,l2,76.47716375797962
286,-2.778672071781383,-1.5907481222584852,1694025169.3873148,squared_error,l2,1379.1310076815516
287,-1.6966609018012915,-0.6554882616679907,1694025169.5845835,epsilon_insensitive,None,0.003393718188447941
288,-2.848365261427351e+22,-4.329719929116367e+22,1694025170.127803,squared_error,None,0.11615703319086082
289,-7.147573120849089e+22,-8.32606590717251e+22,1694025171.3747573,squared_error,l1,31.06496944916808
290,-4.508593237604186e+22,-4.625698104433025e+22,1694025172.765221,squared_error,l1,6.821772028114598e-05
291,-2.1922829574713636,-6.4979087154852255,1694025172.9774623,epsilon_insensitive,None,0.00021759650381557
292,-3.3141101802829544e+23,-3.549075798181107e+23,1694025173.3879848,squared_error,None,0.0004587671675650349
293,-1.0472462012594962e+23,-1.6692518224052543e+23,1694025173.852783,squared_error,None,45845.77128461231
294,-6.421792993614226,-8.078404252065514,1694025173.9929876,epsilon_insensitive,l2,9.674122586727524
295,-2.0778323639748364,-2.6164558198460934,1694025174.296445,epsilon_insensitive,l2,2112.350324012018
296,-2.7987296099603873,-10.252150048588971,1694025174.822072,epsilon_insensitive,elasticnet,4.5197291433420176e-05
297,-3.01729993212151e+22,-4.415028749526193e+22,1694025175.3281906,squared_error,None,0.0015669459111664864
298,-3.209563249775253e+23,-7.470538447651073e+23,1694025175.6397822,squared_error,None,362.44864365506976
299,-3.9870935369364577,-2.7251422860888725,1694025175.8251326,epsilon_insensitive,None,1.0826844223643884e-05
300,-1.162724966842546e+23,-1.216440121654584e+23,1694025176.2861917,squared_error,l2,2.668788684015494e-05
301,-18022205055.85295,-784864439059.5563,1694025176.4919465,squared_error,l2,28.545769674215876
302,-0.00015358401383913645,-2.2398238078036314e-05,1694025176.5371606,squared_error,elasticnet,3074.2810611150135
303,-1.582601713723264e-05,-0.0001754305584236171,1694025176.6109755,epsilon_insensitive,l1,0.29537230312899104
304,-3.2743937103595246e+23,-5.572903870369587e+23,1694025178.069901,squared_error,elasticnet,0.00025454134903815884
305,-2118076706579.448,-40259604291411.47,1694025179.0068061,squared_error,elasticnet,1.6646908235975326
306,-3.827265944073391e+22,-6.184922453413577e+22,1694025180.472674,squared_error,l1,2.793437161024021e-05
307,-1.082673039946584,-1.0362591537842638,1694025180.6507561,epsilon_insensitive,None,0.00429735412878092
308,-2.7363273388311344,-3.692020310724873,1694025181.2546802,epsilon_insensitive,l2,26828.9106121978
309,-1.6320814085761857e+23,-2.802689731054114e+23,1694025182.3397903,squared_error,elasticnet,0.00022323027829505284
310,-0.00013545971227579834,-3.020177258106216e-05,1694025182.3622353,squared_error,l1,117.33340663586792
311,-1.7951129694001922,-0.9503521928601977,1694025182.6731355,epsilon_insensitive,l1,1.2031103586127345e-05
312,-1.2028072598425392e+24,-1.5127817805243603e+24,1694025183.8066552,squared_error,elasticnet,4.080952315441931e-05
313,-2.8857956531825853e+23,-3.612849325585778e+23,1694025184.9570873,squared_error,l1,0.0013201881283229353
314,-3.874667356521221,-3.357517398169275,1694025185.1513965,epsilon_insensitive,None,344.33287874776346
315,-0.6428891365836755,-0.6937492871834365,1694025185.3221664,epsilon_insensitive,elasticnet,0.0017963392342166679
316,-2.863837733123991,-3.828264501860338,1694025185.458217,epsilon_insensitive,l2,149.65191393594532
317,-9.89125743593456e+22,-8.107214504759318e+22,1694025185.9159117,squared_error,None,0.003578848878265511
318,-4.684542884941696,-2.101538933612268,1694025186.1701891,epsilon_insensitive,None,1.969572221375607e-05
319,-3.706564189812697e+22,-4.972251577266659e+22,1694025186.6189559,squared_error,None,0.006936826705895605
320,-0.0001371782877361838,-2.938900387317034e-05,1694025186.66437,squared_error,elasticnet,13892.36661116975
321,-0.00013228207983884133,-3.174791301097102e-05,1694025186.7097652,squared_error,elasticnet,54714.8180041629
322,-5.2640587361547024e+23,-6.570363516905033e+23,1694025187.1302109,squared_error,l2,0.000755670653466226
323,-0.0057624402720604095,-0.008847449047222344,1694025187.1643183,epsilon_insensitive,l1,25676.066894911848
324,-215226724089.57034,-9918097291507.36,1694025187.4136236,squared_error,l2,8.897849424486802
325,-3.66750558440802e+23,-4.827992918924482e+23,1694025187.734779,squared_error,None,8879.176699729052
326,-0.005101632245166909,-0.008014513191653583,1694025187.8004348,epsilon_insensitive,elasticnet,23786.726864584012
327,-2.7476832512087688,-3.7099742425403113,1694025188.392019,epsilon_insensitive,l2,5036.947026230472
328,-1.0133734089077901e+23,-1.5178240381852946e+23,1694025188.8771021,squared_error,l2,0.01539066225625238
329,-0.0001402471720428622,-2.7977377274890358e-05,1694025188.9222586,squared_error,elasticnet,27721.263748595306
330,-2.2735563313759464,-0.7838751176357754,1694025189.2461815,epsilon_insensitive,elasticnet,8.28945170605362e-05
331,-0.053345677441281714,-0.049213186042949664,1694025189.4080868,epsilon_insensitive,l2,44.97690066772254
332,-2.5545800937432426,-3.0921186575910964,1694025189.567774,epsilon_insensitive,None,0.0024644554156328796
333,-1.5218869626137543,-3.6731753700441363,1694025189.7370107,epsilon_insensitive,None,0.005107942452009496
334,-11.41334270394656,-8.764900654444196,1694025190.0801787,epsilon_insensitive,elasticnet,0.0001755379447703083
335,-2.076354106278815,-5.214858462162469,1694025190.2583177,epsilon_insensitive,l2,0.0006727267519848109
336,-0.00013338779286664604,-3.120343461771036e-05,1694025190.2812324,squared_error,l1,2193.175285558082
337,-0.005706446026648715,-0.008777230183359741,1694025190.3164837,epsilon_insensitive,l1,1235.000621548786
338,-1326544393024.7236,-51161711208652.97,1694025190.5920382,squared_error,l2,53.23730378532192
339,-3.652711318296179e+23,-4.946351982848596e+23,1694025190.9333868,squared_error,None,108.66815368206618
340,-0.005767899157410605,-0.008854291328081354,1694025190.966825,epsilon_insensitive,l1,26.53177617323159
341,-0.8183966360423178,-0.6707128273135687,1694025205.518451,squared_error,l2,78573.1628061798
342,-0.8197912032705892,-0.6427378428831083,1694025205.9800017,epsilon_insensitive,elasticnet,1.1749735225138685e-05
343,-0.16475913503229278,-0.06848467295808747,1694025220.0091603,squared_error,l2,34678.24934985093
344,-0.0050906613250312205,-0.008000601430222298,1694025220.0383887,epsilon_insensitive,l1,4485.92578459252
345,-0.00013525286845594842,-3.0300692724249956e-05,1694025220.0591986,squared_error,l1,2753.0806381410334
346,0.10943918266868147,0.08613198427564261,1694025220.1173487,epsilon_insensitive,l1,0.026596140876323126
347,-9.566692481761425e+22,-1.735964572749757e+23,1694025220.834598,squared_error,elasticnet,0.5708852351614986
348,-1.0055581675441265e+23,-1.5863537344870223e+23,1694025222.0559623,squared_error,elasticnet,1.885317584130237e-05
349,0.0946416654442197,0.07412765250761533,1694025222.144306,epsilon_insensitive,elasticnet,0.6519953949944154
350,-1.3484737386223206e+22,-2.2132711199990255e+22,1694025223.0287933,squared_error,elasticnet,0.8100472242049844
351,-5.9966838929601094e+22,-6.649606534201971e+22,1694025223.530395,squared_error,None,35.38959927357076
352,-1.164794763711139e+23,-1.3288696472352927e+23,1694025223.9972265,squared_error,None,38070.27335683818
353,-0.00013995712928083215,-2.8108646130897696e-05,1694025224.018094,squared_error,l1,33404.43701102782
354,-0.00013504659343088754,-3.0399577455986204e-05,1694025224.0388944,squared_error,l1,3705.43337060189
355,-3.4796002919209815e+22,-4.970957684447544e+22,1694025224.4840336,squared_error,None,0.005386690066479106
356,-0.0051132141812870735,-0.008029196626155866,1694025224.513297,epsilon_insensitive,l1,251.67699610768548
357,-0.11819316179978157,-0.19789756120597324,1694025224.6618855,epsilon_insensitive,l2,0.687477500259022
358,-1.263040116124028,-2.6412138715354936,1694025224.857804,epsilon_insensitive,None,13797.349946554179
359,-9.175591082550167e+22,-2.215142603329863e+23,1694025225.2243314,squared_error,l2,1.9352232532471543e-05
360,-0.0001303357489064183,-3.2723438232240554e-05,1694025225.245202,squared_error,l1,870.5030174704204
361,-6.745501346086249e+23,-8.033373078799858e+23,1694025225.5956779,squared_error,None,0.00010763834595615024
362,-0.0050425811996095415,-0.007939598784794999,1694025225.625077,epsilon_insensitive,l1,6183.8989631146105
363,-87811047224.99101,-1730093578838.069,1694025226.1328707,squared_error,elasticnet,63.78547888082154
364,-1.0242321804834563e+24,-1.3416242468837222e+24,1694025231.0409257,squared_error,l2,8123.350044217126
365,-6.001436716899203e+22,-9.92445918338321e+22,1694025232.2931452,squared_error,elasticnet,0.009864391833186657
366,-0.005768700810009575,-0.008855296086126563,1694025232.3252025,epsilon_insensitive,elasticnet,152.5950690223186
367,-0.00014338043249773058,-2.6587235322006464e-05,1694025232.345486,squared_error,l1,15737.121200306863
368,-0.07296154152500733,-0.01424848261321321,1694025247.5392833,squared_error,l2,13497.280167170715
369,-0.2961996980426662,-0.3561265794892787,1694025247.6055944,epsilon_insensitive,elasticnet,0.009791222624909996
370,-0.00013839999361042743,-2.8821003168255643e-05,1694025247.647128,squared_error,elasticnet,5948.142597354289
371,-6.331214183962017e+22,-6.549404329981741e+22,1694025248.7151542,squared_error,elasticnet,1.3441567003377335e-05
372,-5.947004581590465e+22,-7.682058585224196e+22,1694025249.071813,squared_error,l2,0.00017745204368797274
373,-0.6730526880649761,-2.2887143196803015,1694025249.248249,epsilon_insensitive,None,2.8846115066434697e-05
374,-0.00013199821221210328,-3.188882476168331e-05,1694025249.2680082,squared_error,l1,100.76368759187694
375,-6.842136631364644e+22,-8.005596118258053e+22,1694025250.1959379,squared_error,l1,0.0002765272485183711
376,-0.007818653322344993,-0.011388831346664796,1694025250.2386403,epsilon_insensitive,elasticnet,36.15419694518777
377,-1.1532180017438845e+23,-1.340675382170245e+23,1694025251.5080948,squared_error,l1,8.326974461787064e-05
378,-2.366508266351115,-3.182780352781455,1694025251.6779566,epsilon_insensitive,l2,15.368653329519448
379,-4.132995124359855e+22,-5.484666546975784e+22,1694025252.1516666,squared_error,None,0.00014535077746703548
380,-0.050089071090668735,-0.05197599033769151,1694025252.230182,epsilon_insensitive,elasticnet,0.46736216440062395
381,-4.032184679748561e+22,-6.539761361933649e+22,1694025253.69134,squared_error,elasticnet,0.047618081720718554
382,-2.5952091777636996e+22,-3.498311928485777e+22,1694025254.2124774,squared_error,None,625.0785586083304
383,-4.0046203652499335,-6.5705100536101035,1694025254.4600708,epsilon_insensitive,l2,0.09506297149597663
384,-4.7804222939520365e+23,-4.609018331987804e+23,1694025255.3017704,squared_error,l1,1.6329589431135463
385,-1.4307858294742004e+23,-3.570930639778356e+23,1694025255.659093,squared_error,None,5.777578839846973
386,-4.766728119979156e+22,-1.7032977050135206e+23,1694025256.8727453,squared_error,l1,2.13821652433766e-05
387,-0.00013593330483185895,-2.9976175432988583e-05,1694025256.9143162,squared_error,elasticnet,1977.963983031254
388,-4.614435102491578e+23,-9.43355646520365e+23,1694025257.2666934,squared_error,None,3.665596773031196
389,-5.697759963005403e+22,-7.762477215115546e+22,1694025257.6657987,squared_error,l2,2.4336407199777243e-05
390,-1.2640854850161802,-4.296927393339752,1694025257.7299166,epsilon_insensitive,l1,0.0015405122556529879
391,-1.667315656789215,-2.131830175417953,1694025257.934267,epsilon_insensitive,l2,0.03604721493451164
392,-4077604758403.3374,-87841120970223.36,1694025258.4366522,squared_error,elasticnet,101.10671843856885
393,-2.966074007552791e+22,-3.788629418329535e+22,1694025258.9125745,squared_error,l2,0.022728466383591394
394,-6.478433919604896e+22,-1.1823072196322885e+23,1694025260.0586016,squared_error,l1,10.097440688997606
395,-5.795308293160903e+22,-7.254135349212907e+22,1694025260.4125838,squared_error,None,0.0923398430737163
396,-2.4541595641146667,-3.3251087934465,1694025261.0786092,epsilon_insensitive,l2,6918.3290853906
397,-3.6481716843949944e+23,-6.940518514153922e+23,1694025262.2289472,squared_error,l1,0.00021719106236786563
398,-0.6415682875227482,-0.5434840417902005,1694025262.4006324,epsilon_insensitive,None,0.06153072339540797
399,-9.854197781747907,-6.392002491808103,1694025262.5208073,epsilon_insensitive,elasticnet,0.0011602040757018942
