trial,score,test_score,time,alpha
0,0,0,1694050601.8854387,0
0,0.5929138879869095,0.575245077034366,1694050601.9029052,1
1,0.42612366034410876,0.43333688143347093,1694050601.912593,1.2698181749580063e-05
2,0.5929138879869095,0.575245077034366,1694050601.9290276,1.0441091975773076
3,0.5929138879869095,0.575245077034366,1694050601.9455013,0.9072624390917645
4,0.5527126916339881,0.540439449954203,1694050601.9554467,0.00021791909647795351
5,0.5527126916339881,0.540439449954203,1694050601.965444,0.0002637004400637284
6,0.5548602080800009,0.5429629439202923,1694050601.977993,0.0015331574449364295
7,0.5896014298604514,0.5737971538487839,1694050601.9931571,0.15313758894012813
8,0.5568627828498952,0.544170129249589,1694050602.0069368,0.003026994864417319
9,0.4980988844033887,0.49248164417546414,1694050602.0177438,6.927818666795117e-05
10,0.5929138879869095,0.575245077034366,1694050602.0388343,909.1518253133246
11,0.5929138879869095,0.575245077034366,1694050602.0591023,29.03463557118835
12,0.5929138879869095,0.575245077034366,1694050602.0795407,23.762081718129128
13,0.5896014298604514,0.5737971538487839,1694050602.0985575,0.1574918423070139
14,0.5929138879869095,0.575245077034366,1694050602.11918,2286.1561794839836
15,0.5929138879869095,0.575245077034366,1694050602.140106,19800.66452775865
16,0.5875657564689958,0.5720656545670236,1694050602.1589375,0.016142354593485557
17,0.5929138879869095,0.575245077034366,1694050602.1795158,6.722207850765397
18,0.5884451414144014,0.5719947547162326,1694050602.1981602,0.04714669669023185
19,0.5929138879869095,0.575245077034366,1694050602.21846,1.4385691352622436
20,0.5929138879869095,0.575245077034366,1694050602.2390018,120.74547402669599
21,0.5929138879869095,0.575245077034366,1694050602.2595186,1.551481089397059
22,0.5929138879869095,0.575245077034366,1694050602.2800546,0.585381315755379
23,0.5929138879869095,0.575245077034366,1694050602.3006494,3.198439017309852
24,0.5929138879869095,0.575245077034366,1694050602.3195271,0.41084502471029033
25,0.5879802463965228,0.572255256896473,1694050602.3382418,0.025908193861789493
26,0.5929138879869095,0.575245077034366,1694050602.358831,4.4796152218382685
27,0.5929138879869095,0.575245077034366,1694050602.377836,0.2657117236041214
28,0.5929138879869095,0.575245077034366,1694050602.3987947,21.901202142921132
29,0.5898331202113812,0.5733773717276147,1694050602.4180112,0.06518615871175941
30,0.5929138879869095,0.575245077034366,1694050602.4387608,0.6834299750191309
31,0.5929138879869095,0.575245077034366,1694050602.4598033,158.6804632524498
32,0.5929138879869095,0.575245077034366,1694050602.480782,982.903154827582
33,0.5929138879869095,0.575245077034366,1694050602.501643,62938.34261925823
34,0.5929138879869095,0.575245077034366,1694050602.52253,8.969988761269178
35,0.5929138879869095,0.575245077034366,1694050602.5435996,1.6705555545763062
36,0.5686101975338715,0.5548115629033056,1694050602.56187,0.005280394895499891
37,0.5898292262559034,0.5733772551926858,1694050602.5824668,0.0709317179491473
38,0.5533454593991324,0.5409548373311068,1694050602.5981407,0.0007101790952427353
39,0.5895975359049735,0.5737998574591362,1694050602.6174545,0.2044126495571959
40,0.42612366034410876,0.43333688143347093,1694050602.6311624,1.2593227980257347e-05
41,0.5929138879869095,0.575245077034366,1694050602.6519325,25.80139426018446
42,0.5929138879869095,0.575245077034366,1694050602.672859,78.25648140811539
43,0.5929138879869095,0.575245077034366,1694050602.6940465,0.7671472328943446
44,0.5929138879869095,0.575245077034366,1694050602.7155256,9.804045183578316
45,0.5929138879869095,0.575245077034366,1694050602.736801,2.5652428576911515
46,0.5929138879869095,0.575245077034366,1694050602.7579062,404.5551101955979
47,0.5929138879869095,0.575245077034366,1694050602.778743,39.34518191237665
48,0.5929138879869095,0.575245077034366,1694050602.7996402,12.97833292329635
49,0.5929138879869095,0.575245077034366,1694050602.8204954,3094.742714301376
50,0.5929138879869095,0.575245077034366,1694050602.8414683,50.282357417284544
51,0.5929138879869095,0.575245077034366,1694050602.8624504,3.618098650001548
52,0.5929138879869095,0.575245077034366,1694050602.8834558,19.469499282557184
53,0.5929138879869095,0.575245077034366,1694050602.9044325,1.0263526357302366
54,0.5929138879869095,0.575245077034366,1694050602.9253728,4.905346502949775
55,0.5929138879869095,0.575245077034366,1694050602.946499,79.66764459480092
56,0.5929138879869095,0.575245077034366,1694050602.9677367,255.42441957283955
57,0.5929138879869095,0.575245077034366,1694050602.9871652,0.39850625550586244
58,0.5929138879869095,0.575245077034366,1694050603.0083194,2.166030312710057
59,0.5896014298604514,0.5737971538487839,1694050603.0278814,0.13950546987077211
60,0.5929138879869095,0.575245077034366,1694050603.049013,8.842426074080915
61,0.5929138879869095,0.575245077034366,1694050603.0705214,5086.444138636302
62,0.5929138879869095,0.575245077034366,1694050603.0919998,447.60972890736144
63,0.5929138879869095,0.575245077034366,1694050603.1134624,157.18965809149296
64,0.5929138879869095,0.575245077034366,1694050603.1349525,965.9864201002263
65,0.5929138879869095,0.575245077034366,1694050603.1563828,1.3872793514403585
66,0.5929138879869095,0.575245077034366,1694050603.1777499,35.859759036150976
67,0.5929138879869095,0.575245077034366,1694050603.199189,5.561824290343103
68,0.5929138879869095,0.575245077034366,1694050603.2210045,0.7692611987074413
69,0.5929138879869095,0.575245077034366,1694050603.2411332,0.45364027626322795
70,0.5929138879869095,0.575245077034366,1694050603.262697,20.872939275603713
71,0.5929138879869095,0.575245077034366,1694050603.284281,6932.711588553402
72,0.5929138879869095,0.575245077034366,1694050603.305819,44252.33126934139
73,0.5929138879869095,0.575245077034366,1694050603.3274636,3.2604745985842865
74,0.5929138879869095,0.573842812233958,1694050603.3473582,0.23481277726525815
75,0.5929138879869095,0.575245077034366,1694050603.368839,74.54745823138802
76,0.5929138879869095,0.575245077034366,1694050603.3904233,14.15350426744991
77,0.5929138879869095,0.575245077034366,1694050603.4122143,1.8295705810326446
78,0.5929138879869095,0.575245077034366,1694050603.4341602,15324.176649356623
79,0.5929138879869095,0.575245077034366,1694050603.4561164,2446.4126811954593
80,0.5929138879869095,0.575245077034366,1694050603.477877,6.453788468680427
81,0.5929138879869095,0.575245077034366,1694050603.4994059,1.0569939930546426
82,0.5929138879869095,0.575245077034366,1694050603.520938,3.419677987750678
83,0.5929138879869095,0.575245077034366,1694050603.5423656,9.266039631182922
84,0.5929138879869095,0.575245077034366,1694050603.5638115,38.69183214525067
85,0.5929138879869095,0.575245077034366,1694050603.5866964,18.95331266534827
86,0.5929138879869095,0.575245077034366,1694050603.6084137,1.8215321178504595
87,0.5929138879869095,0.575245077034366,1694050603.6306198,0.7824091248003395
88,0.5929138879869095,0.575245077034366,1694050603.6512043,0.40197718097277907
89,0.5929138879869095,0.575245077034366,1694050603.67331,6.838365623034909
90,0.5896014298604514,0.5737971538487839,1694050603.6935823,0.13420194500012872
91,0.5929138879869095,0.575245077034366,1694050603.7155087,3.2429073562896233
92,0.5929138879869095,0.575245077034366,1694050603.7371185,1.083931508267461
93,0.5929138879869095,0.575245077034366,1694050603.7587662,2.1318439253527792
94,0.5929138879869095,0.575245077034366,1694050603.7803507,13.221004620282208
95,0.5929138879869095,0.575245077034366,1694050603.801732,0.5499020246296308
96,0.5929138879869095,0.575245077034366,1694050603.823401,4.646802828114354
97,0.5929138879869095,0.575245077034366,1694050603.8454418,113.3207682853903
98,0.5929138879869095,0.575245077034366,1694050603.867508,798.3622587946672
99,0.5929138879869095,0.575245077034366,1694050603.8896685,215.2120689501457
100,0.5929138879869095,0.575245077034366,1694050603.9116292,1681.0627155561717
101,0.5929138879869095,0.575245077034366,1694050603.933405,27.772744145530666
102,0.5929138879869095,0.575245077034366,1694050603.9551454,61.10922140683613
103,0.5929138879869095,0.575245077034366,1694050603.9767582,112.57345529636929
104,0.5929138879869095,0.575245077034366,1694050603.998454,522.7184195459055
105,0.5929138879869095,0.575245077034366,1694050604.0200775,343.37545069135064
106,0.5929138879869095,0.575245077034366,1694050604.041606,32.6787101272502
107,0.5929138879869095,0.575245077034366,1694050604.0633307,1.5735887729734992
108,0.5929138879869095,0.575245077034366,1694050604.085114,7.210111690674584
109,0.5929138879869095,0.575245077034366,1694050604.1066585,58.17420585691664
110,0.5929138879869095,0.575245077034366,1694050604.1266077,0.33591017940521345
111,0.5929138879869095,0.575245077034366,1694050604.1480892,0.6237760620898034
112,0.5929138879869095,0.575245077034366,1694050604.1695938,2.5645391566411524
113,0.5929138879869095,0.575245077034366,1694050604.1912336,1.3488856995600373
114,0.5929138879869095,0.575245077034366,1694050604.2128997,4.891820229386279
115,0.5929138879869095,0.575245077034366,1694050604.2346113,15.290869082261185
116,0.5929138879869095,0.575245077034366,1694050604.2561533,9.368114602156103
117,0.5929138879869095,0.575245077034366,1694050604.2777803,0.7958874360300255
118,0.5929138879869095,0.575245077034366,1694050604.2994375,3.898281937785732
119,0.5929138879869095,0.575245077034366,1694050604.3210843,1369.941853165334
120,0.5929138879869095,0.573842812233958,1694050604.341105,0.24176638910531673
121,0.5929138879869095,0.575245077034366,1694050604.362746,1.1670649369581716
122,0.5929138879869095,0.575245077034366,1694050604.384536,0.5013028835478751
123,0.5929138879869095,0.575245077034366,1694050604.4061198,10589.147279487008
124,0.5929138879869095,0.575245077034366,1694050604.4259856,0.306854153781455
125,0.5929138879869095,0.575245077034366,1694050604.4476595,2.8845879533911822
126,0.5929138879869095,0.575245077034366,1694050604.4694898,3979.56961382234
127,0.5929138879869095,0.575245077034366,1694050604.4919896,22.685154024250096
128,0.5929138879869095,0.575245077034366,1694050604.514431,1.8551587055621628
129,0.5929138879869095,0.575245077034366,1694050604.5371127,0.9784621144558655
130,0.5929138879869095,0.575245077034366,1694050604.5600395,229.7670988945812
131,0.5929138879869095,0.575245077034366,1694050604.5828657,2.344425357090049
132,0.5929138879869095,0.575245077034366,1694050604.6056418,0.6651086861427662
133,0.5929138879869095,0.575245077034366,1694050604.6295576,10.12430946358953
134,0.5896014298604514,0.5737971538487839,1694050604.650731,0.16179506777929534
135,0.5929138879869095,0.575245077034366,1694050604.673781,33340.500670119
136,0.5929138879869095,0.575245077034366,1694050604.6966462,2043.163590413134
137,0.5929138879869095,0.575245077034366,1694050604.7195911,3812.7011505781384
138,0.5929138879869095,0.575245077034366,1694050604.742386,94977.88872706365
139,0.5929138879869095,0.575245077034366,1694050604.765324,6360.113786556297
140,0.5929138879869095,0.575245077034366,1694050604.7881036,5.463979909498166
141,0.5929138879869095,0.575245077034366,1694050604.8093643,0.41974649283202414
142,0.5929138879869095,0.575245077034366,1694050604.8320794,1.4385207224711214
143,0.5929138879869095,0.575245077034366,1694050604.8548841,0.7146411956775206
144,0.5929138879869095,0.575245077034366,1694050604.8775778,1200.4288495485257
145,0.5929138879869095,0.575245077034366,1694050604.9004314,664.798458251383
146,0.5929138879869095,0.575245077034366,1694050604.923341,370.7139422207123
147,0.5929138879869095,0.575245077034366,1694050604.945933,51.68220974396497
148,0.5896014298604514,0.5737971538487839,1694050604.9667852,0.11067516308490422
149,0.5929138879869095,0.575245077034366,1694050604.9894764,2626.808196172669
150,0.5929138879869095,0.573842812233958,1694050605.0106473,0.24069863192664512
151,0.5929138879869095,0.575245077034366,1694050605.0334344,2.9945387285484837
152,0.5929138879869095,0.575245077034366,1694050605.0562844,4.7831658875274154
153,0.5929138879869095,0.575245077034366,1694050605.0789914,1.1212558287265957
154,0.5929138879869095,0.575245077034366,1694050605.1019135,1.6848029352075866
155,0.5929138879869095,0.575245077034366,1694050605.1247878,129.11501696247066
156,0.5929138879869095,0.575245077034366,1694050605.147707,7.2667714897159685
157,0.5929138879869095,0.575245077034366,1694050605.170327,20.33165142105386
158,0.5929138879869095,0.575245077034366,1694050605.1932633,0.5522537432908499
159,0.5929138879869095,0.575245077034366,1694050605.2158833,2.361300485122213
160,0.5929138879869095,0.575245077034366,1694050605.238901,11.885051730123106
161,0.5929138879869095,0.575245077034366,1694050605.2599254,0.3349610943991996
162,0.5929138879869095,0.575245077034366,1694050605.2829697,0.9201735395357655
163,0.5929138879869095,0.575245077034366,1694050605.3060284,3.8135877095240667
164,0.5929138879869095,0.575245077034366,1694050605.3291097,86.20076434102616
165,0.5929138879869095,0.575245077034366,1694050605.3522408,0.48765231038190776
166,0.5929138879869095,0.575245077034366,1694050605.3755102,1.4601864742738062
167,0.5929138879869095,0.575245077034366,1694050605.3986669,31.77373015679001
168,0.5896382061066306,0.5737913737163065,1694050605.4198878,0.09492655838753557
169,0.5929138879869095,0.575245077034366,1694050605.4428089,163.16450535613183
170,0.5929138879869095,0.575245077034366,1694050605.4661176,15588.765585589083
171,0.5929138879869095,0.575245077034366,1694050605.4893444,13.958500592429008
172,0.5929138879869095,0.575245077034366,1694050605.5124557,51.08639370924758
173,0.5929138879869095,0.575245077034366,1694050605.5355482,26.372205987103985
174,0.5929138879869095,0.575245077034366,1694050605.5587392,655.4437986960558
175,0.5928937692169408,0.5737998574591362,1694050605.580199,0.2272629806671294
176,0.5929138879869095,0.575245077034366,1694050605.6031268,0.9011463450929237
177,0.5929138879869095,0.575245077034366,1694050605.6260424,7.0866986271898265
178,0.5929138879869095,0.575245077034366,1694050605.6500976,271.8092536544213
179,0.5929138879869095,0.575245077034366,1694050605.6732275,2.1181652900981938
180,0.5929138879869095,0.575245077034366,1694050605.6962695,16.743851245221002
181,0.5929138879869095,0.575245077034366,1694050605.7193422,0.5470654710410501
182,0.5929138879869095,0.575245077034366,1694050605.7424848,1096.4874200561483
183,0.5929138879869095,0.575245077034366,1694050605.7638705,0.3412144178075542
184,0.5929138879869095,0.575245077034366,1694050605.7870483,1.3003660018200551
185,0.5929138879869095,0.575245077034366,1694050605.810229,0.7512260353067656
186,0.5929138879869095,0.575245077034366,1694050605.8332047,3.483720637918525
187,0.5929138879869095,0.575245077034366,1694050605.856377,2198.295386589623
188,0.5929138879869095,0.575245077034366,1694050605.8795102,40.27549059410276
189,0.5929138879869095,0.575245077034366,1694050605.9027555,10.46684017809815
190,0.5895975359049735,0.5737971538487839,1694050605.9241893,0.19032359970931484
191,0.5929138879869095,0.575245077034366,1694050605.9474626,97.10393422862622
192,0.5929138879869095,0.575245077034366,1694050605.9705029,381.2045845112648
193,0.5929138879869095,0.575245077034366,1694050605.993724,175.77535620055218
194,0.5929138879869095,0.575245077034366,1694050606.0168803,571.0993600560462
195,0.5929138879869095,0.575245077034366,1694050606.0399237,80.58460093944795
196,0.5929138879869095,0.575245077034366,1694050606.062994,1445.6309419853721
197,0.5929138879869095,0.575245077034366,1694050606.0859942,5.092837710213217
198,0.5929138879869095,0.575245077034366,1694050606.109085,1.4819744181778656
199,0.5929138879869095,0.575245077034366,1694050606.1320543,8883.187199540267
200,0.5929138879869095,0.575245077034366,1694050606.1552222,4100.923136562227
201,0.5929138879869095,0.575245077034366,1694050606.1781898,523.6340384885593
202,0.5929138879869095,0.575245077034366,1694050606.201187,889.45136118426
203,0.5929138879869095,0.575245077034366,1694050606.2241464,277.6942658076703
204,0.5929138879869095,0.575245077034366,1694050606.246951,2412.6221288327442
205,0.5929138879869095,0.575245077034366,1694050606.2699437,138.66949550311696
206,0.5929138879869095,0.575245077034366,1694050606.2927876,58.934255791829756
207,0.5929138879869095,0.575245077034366,1694050606.3157291,868.753322948697
208,0.5929138879869095,0.575245077034366,1694050606.3388019,2.4799359320589582
209,0.5929138879869095,0.575245077034366,1694050606.3617055,0.7982166387564694
210,0.5929138879869095,0.575245077034366,1694050606.3846254,32.417820092810814
211,0.5929138879869095,0.575245077034366,1694050606.407668,44373.04430428433
212,0.5929138879869095,0.575245077034366,1694050606.4306438,1690.6200026650586
213,0.5929138879869095,0.575245077034366,1694050606.4538205,21271.56599584753
214,0.5929138879869095,0.575245077034366,1694050606.4749913,0.349218656604043
215,0.5929138879869095,0.575245077034366,1694050606.497973,3330.0684453875006
216,0.5929138879869095,0.575245077034366,1694050606.5209336,17.461882735542098
217,0.5929138879869095,0.575245077034366,1694050606.5441923,80243.23290004257
218,0.5929138879869095,0.575245077034366,1694050606.56732,5642.990179124728
219,0.5929138879869095,0.575245077034366,1694050606.5905123,8741.062445665864
220,0.5929138879869095,0.575245077034366,1694050606.613523,0.5371426416441695
221,0.5929138879869095,0.575245077034366,1694050606.6365705,6.739291431516862
222,0.5929138879869095,0.575245077034366,1694050606.6609309,12.721077412270084
223,0.5929138879869095,0.575245077034366,1694050606.6840227,13123.541670667762
224,0.5929138879869095,0.575245077034366,1694050606.7071762,3.6564086623641323
225,0.5929138879869095,0.575245077034366,1694050606.7304275,1.1020143421604243
226,0.5929138879869095,0.575245077034366,1694050606.7536223,23.021722878654337
227,0.5929138879869095,0.575245077034366,1694050606.7766018,200.5782659772929
228,0.5929138879869095,0.575245077034366,1694050606.7996745,22047.798076366777
229,0.5929138879869095,0.575245077034366,1694050606.822934,2.009129653667885
230,0.5929138879869095,0.575245077034366,1694050606.8463173,0.7199237515794737
231,0.5929138879869095,0.575245077034366,1694050606.86959,1.4636414778209543
232,0.5929138879869095,0.575245077034366,1694050606.892769,7.621720999682946
233,0.5929138879869095,0.575245077034366,1694050606.9161623,4.023915026147922
234,0.5929138879869095,0.575245077034366,1694050606.939479,490.5074419872805
235,0.5929138879869095,0.575245077034366,1694050606.9627743,2.3799631022340235
236,0.5929138879869095,0.575245077034366,1694050606.9860954,52513.72095859213
237,0.5929138879869095,0.575245077034366,1694050607.0093517,1085.771205943081
238,0.5929138879869095,0.575245077034366,1694050607.032433,43.76613963753076
239,0.5929138879869095,0.575245077034366,1694050607.0556312,32982.000941497776
240,0.5929138879869095,0.575245077034366,1694050607.0789945,0.9662626188111659
241,0.5929138879869095,0.575245077034366,1694050607.1023521,20.701200000159147
242,0.5929138879869095,0.575245077034366,1694050607.1256778,36.45299752260677
243,0.5929138879869095,0.575245077034366,1694050607.148939,80.0819540108361
244,0.5929138879869095,0.575245077034366,1694050607.1722915,11.088931129599397
245,0.5929138879869095,0.575245077034366,1694050607.1955452,23.679461950170282
246,0.5929138879869095,0.575245077034366,1694050607.218803,5916.876779352116
247,0.5929138879869095,0.575245077034366,1694050607.2422516,353.48101678726744
248,0.5929138879869095,0.575245077034366,1694050607.2636158,0.40772362677878976
249,0.5929138879869095,0.575245077034366,1694050607.2869449,76815.8211545134
250,0.5929138879869095,0.575245077034366,1694050607.3103113,5.463142453831294
251,0.5929138879869095,0.575245077034366,1694050607.3337796,1.602796598660453
252,0.5929138879869095,0.575245077034366,1694050607.3573174,1805.987209130986
253,0.5929138879869095,0.575245077034366,1694050607.3807182,62.727895419343646
254,0.5929138879869095,0.575245077034366,1694050607.404093,0.5680160168324218
255,0.5929138879869095,0.575245077034366,1694050607.4274929,9.798842961297543
256,0.5884455740761212,0.5719103368136801,1694050607.449237,0.04547962795761551
257,0.5929138879869095,0.575245077034366,1694050607.4710255,0.2774397974104218
258,0.5929138879869095,0.575245077034366,1694050607.4944391,114.00214655340159
259,0.5929138879869095,0.575245077034366,1694050607.5178952,791.597437403808
260,0.5929138879869095,0.575245077034366,1694050607.54128,15.101165532058387
261,0.5929138879869095,0.575245077034366,1694050607.5648835,2.64893991123787
262,0.5929138879869095,0.575245077034366,1694050607.5884907,233.83431113933483
263,0.5929138879869095,0.575245077034366,1694050607.612175,1.2232761826295406
264,0.5929138879869095,0.575245077034366,1694050607.6355715,12053.11794003679
265,0.5896014298604514,0.5737971538487839,1694050607.657308,0.16078873014775907
266,0.5929138879869095,0.575245077034366,1694050607.6807787,3088.8522179694464
267,0.5929138879869095,0.575245077034366,1694050607.7052066,24841.889143078657
268,0.5929138879869095,0.575245077034366,1694050607.7287292,32.80621452964521
269,0.5929138879869095,0.575245077034366,1694050607.7521803,0.7863174609213439
270,0.5929138879869095,0.575245077034366,1694050607.775664,4.751923528546521
271,0.5929138879869095,0.575245077034366,1694050607.7989678,1395.693583690859
272,0.5929138879869095,0.575245077034366,1694050607.8225899,2.396486632438415
273,0.5929138879869095,0.575245077034366,1694050607.846205,57920.46111385905
274,0.5929138879869095,0.575245077034366,1694050607.8697042,135.19168210068395
275,0.5271936544101533,0.5176216078692402,1694050607.8870533,0.00011818401728723218
276,0.5929138879869095,0.575245077034366,1694050607.9105895,34179.61009665649
277,0.5702447935111126,0.5565102226420793,1694050607.932677,0.010492731464700018
278,0.5929138879869095,0.575245077034366,1694050607.9563313,51.86558960672816
279,0.5929138879869095,0.575245077034366,1694050607.980015,563.541180651028
280,0.5929138879869095,0.575245077034366,1694050608.0036263,7.016348209995897
281,0.5929138879869095,0.575245077034366,1694050608.0254421,0.44769644628073657
282,0.5929138879869095,0.575245077034366,1694050608.0492542,97814.37796486319
283,0.5929138879869095,0.575245077034366,1694050608.072806,8173.459936896592
284,0.5929138879869095,0.575245077034366,1694050608.0966396,1.298962802213384
285,0.5929138879869095,0.575245077034366,1694050608.12039,17.195603632761397
286,0.5929138879869095,0.575245077034366,1694050608.1439896,4312.894721812823
287,0.5929138879869095,0.575245077034366,1694050608.1675024,3.1831896176537415
288,0.5929138879869095,0.575245077034366,1694050608.191145,0.8113236997300637
289,0.5929138879869095,0.575245077034366,1694050608.2148254,25.5065558851792
290,0.5929138879869095,0.575245077034366,1694050608.238507,351.89976644550325
291,0.5929138879869095,0.575245077034366,1694050608.262238,9.214793652218635
292,0.5929138879869095,0.575245077034366,1694050608.285732,1.7396893131705324
293,0.5929138879869095,0.575245077034366,1694050608.3076088,0.42508657689079693
294,0.5929138879869095,0.575245077034366,1694050608.3313174,2328.191649862828
295,0.5929138879869095,0.575245077034366,1694050608.3550985,14730.231455314126
296,0.5533454593991324,0.5409543012704334,1694050608.3731384,0.0007627688339725898
297,0.5929138879869095,0.575245077034366,1694050608.3969,93.92121916216334
298,0.5895975359049735,0.5737998574591362,1694050608.4188263,0.2243339087235369
299,0.5929138879869095,0.575245077034366,1694050608.4425566,1057.8155393263776
300,0.5929138879869095,0.575245077034366,1694050608.4663374,0.9194505919331236
301,0.42612366034410876,0.43333392144627486,1694050608.482456,1.0749349717434107e-05
302,0.5929138879869095,0.575245077034366,1694050608.5061016,216.2947093171434
303,0.5929138879869095,0.575245077034366,1694050608.529532,38.71114628133324
304,0.5929138879869095,0.575245077034366,1694050608.5532157,3.8374154189038476
305,0.5929138879869095,0.575245077034366,1694050608.5768535,21856.851716812835
306,0.5929138879869095,0.575245077034366,1694050608.600342,1.8051237984143633
307,0.5929138879869095,0.575245077034366,1694050608.623747,14.581472733505821
308,0.5929138879869095,0.575245077034366,1694050608.6473632,70.14117098407903
309,0.5929138879869095,0.575245077034366,1694050608.6710095,0.6164171775400004
310,0.5929138879869095,0.575245077034366,1694050608.6957147,635.0543417266043
311,0.5929138879869095,0.575245077034366,1694050608.7195313,36885.0116439833
312,0.5929138879869095,0.575245077034366,1694050608.7414894,0.2889371197095239
313,0.5929138879869095,0.575245077034366,1694050608.7651384,21.681208344023503
314,0.5929138879869095,0.575245077034366,1694050608.7888372,1.338219464069859
315,0.5929138879869095,0.575245077034366,1694050608.8124852,7.189154630422229
316,0.5929138879869095,0.575245077034366,1694050608.836097,330.07768352000073
317,0.5929138879869095,0.575245077034366,1694050608.8596532,142.12775064021724
318,0.5929138879869095,0.575245077034366,1694050608.883467,5.066960114907869
319,0.4261217133663699,0.43333688143347093,1694050608.8998196,1.691821134957672e-05
320,0.5929138879869095,0.575245077034366,1694050608.9235232,5476.504109799345
321,0.5929138879869095,0.575245077034366,1694050608.9471154,2.881077326206981
322,0.5929138879869095,0.575245077034366,1694050608.9708667,12.360835365186785
323,0.5929138879869095,0.575245077034366,1694050608.994506,1917.958105456474
324,0.5929138879869095,0.575245077034366,1694050609.0182667,47.72918669673403
325,0.5929138879869095,0.575245077034366,1694050609.0419185,51977.92364989193
326,0.5896014298604514,0.5737971538487839,1694050609.0640562,0.11268411631221435
327,0.5929138879869095,0.575245077034366,1694050609.0879455,0.5611835663515211
328,0.5929138879869095,0.575245077034366,1694050609.1117353,1.1243246546901111
329,0.5929138879869095,0.575245077034366,1694050609.1353023,3527.055479134935
330,0.5929138879869095,0.575245077034366,1694050609.159207,802.4655399482166
331,0.5929138879869095,0.575245077034366,1694050609.1830308,1269.53113364306
332,0.5929138879869095,0.575245077034366,1694050609.206826,26.55675812359872
333,0.5929138879869095,0.575245077034366,1694050609.2305887,18469.773532551746
334,0.5929138879869095,0.575245077034366,1694050609.254398,8921.205841552866
335,0.5929138879869095,0.575245077034366,1694050609.2780516,2.030249745449266
336,0.5929138879869095,0.575245077034366,1694050609.3018963,8.411002777209932
337,0.5929138879869095,0.575245077034366,1694050609.3256202,185.86412111315425
338,0.5929138879869095,0.575245077034366,1694050609.3493083,397.19325500943063
339,0.5929138879869095,0.575245077034366,1694050609.373208,0.7224498019087043
340,0.5929138879869095,0.575245077034366,1694050609.3952022,0.33495227779651304
341,0.5929138879869095,0.575245077034366,1694050609.4190023,3.8111378801664078
342,0.5929138879869095,0.575245077034366,1694050609.4429295,33.27227658217537
343,0.5929138879869095,0.575245077034366,1694050609.4668608,86.86222632266062
344,0.5929138879869095,0.575245077034366,1694050609.4911132,12.786987371013002
345,0.5929138879869095,0.575245077034366,1694050609.5152414,1.0549094375948715
346,0.5929138879869095,0.575245077034366,1694050609.539348,13628.423195930363
347,0.5896014298604514,0.5737971538487839,1694050609.5617085,0.1776154974087393
348,0.5929138879869095,0.575245077034366,1694050609.586028,28689.632688146852
349,0.5929138879869095,0.575245077034366,1694050609.610299,65704.4294413316
350,0.5929138879869095,0.575245077034366,1694050609.6345735,54.5969029090885
351,0.5929138879869095,0.575245077034366,1694050609.658997,1.8863110962217797
352,0.5929138879869095,0.575245077034366,1694050609.6833172,0.47583384802351436
353,0.5929138879869095,0.575245077034366,1694050609.7088308,17.373833379992035
354,0.5929138879869095,0.575245077034366,1694050609.733352,2404.625866981348
355,0.5929138879869095,0.575245077034366,1694050609.7575445,5.529002847518209
356,0.5929138879869095,0.575245077034366,1694050609.7817225,2.807121243626492
357,0.5929138879869095,0.575245077034366,1694050609.8057842,91355.33521832505
358,0.5929138879869095,0.575245077034366,1694050609.829766,246.7337132177399
359,0.5929138879869095,0.575245077034366,1694050609.8539386,878.0155795522732
360,0.5929138879869095,0.575245077034366,1694050609.8780015,0.923726139749632
361,0.5898292262559034,0.5733772551926858,1694050609.9002993,0.07031625441030989
362,0.5929138879869095,0.575245077034366,1694050609.9240944,554.7292452104083
363,0.5686101975338715,0.5548115629033056,1694050609.9448986,0.00569388655878833
364,0.5929138879869095,0.575245077034366,1694050609.9685655,45883.20416333891
365,0.5929138879869095,0.575245077034366,1694050609.9922204,1.2544675821144682
366,0.5929138879869095,0.573842812233958,1694050610.0143142,0.24662314602019547
367,0.5929138879869095,0.575245077034366,1694050610.0381246,7327.360901319851
368,0.5929138879869095,0.575245077034366,1694050610.0619707,9.24375172217066
369,0.5929138879869095,0.575245077034366,1694050610.0857441,24.20120916934182
370,0.5929138879869095,0.575245077034366,1694050610.1095288,97.04425759473817
371,0.5929138879869095,0.575245077034366,1694050610.1331542,1395.9829308785902
372,0.5929138879869095,0.575245077034366,1694050610.1567078,4810.549123983783
373,0.5929138879869095,0.575245077034366,1694050610.1809707,0.5864595722213668
374,0.5929138879869095,0.575245077034366,1694050610.2046566,4.5170957280031505
375,0.5929138879869095,0.575245077034366,1694050610.2283683,1.9674290805767893
376,0.5929138879869095,0.575245077034366,1694050610.251939,44.435544965639
377,0.5929138879869095,0.575245077034366,1694050610.27383,0.37403852863393294
378,0.5929138879869095,0.575245077034366,1694050610.2976663,135.98718239081313
379,0.5929138879869095,0.575245077034366,1694050610.321704,3.161482220508441
380,0.5929138879869095,0.575245077034366,1694050610.3456202,423.7480357468969
381,0.5929138879869095,0.575245077034366,1694050610.369407,2917.7661131007912
382,0.5884455740761212,0.5719103368136801,1694050610.3917007,0.0454799053314481
383,0.5929138879869095,0.575245077034366,1694050610.415379,17760.71992248346
384,0.5929138879869095,0.575245077034366,1694050610.4391384,6.691277555596054
385,0.5929138879869095,0.575245077034366,1694050610.463066,0.8986272446832306
386,0.5929138879869095,0.575245077034366,1694050610.4869494,16.802212121638036
387,0.5896014298604514,0.5737971538487839,1694050610.5090091,0.14149480826779023
388,0.5929138879869095,0.575245077034366,1694050610.532828,11301.406039924952
389,0.5929138879869095,0.575245077034366,1694050610.5567489,1.616430629036141
390,0.5929138879869095,0.575245077034366,1694050610.5805137,33.4812426289942
391,0.5929138879869095,0.575245077034366,1694050610.6044734,33180.2488997352
392,0.5929138879869095,0.575245077034366,1694050610.6284728,65.3308966939324
393,0.5929138879869095,0.575245077034366,1694050610.6524544,0.6294025125791143
394,0.5548602080800009,0.5429615921151162,1694050610.6720052,0.0014312816773871062
395,0.5929138879869095,0.575245077034366,1694050610.6954637,10.9327956203513
396,0.5929138879869095,0.575245077034366,1694050610.7191255,2.804996051646765
397,0.5929138879869095,0.575245077034366,1694050610.7437956,1688.8633068000584
398,0.5929138879869095,0.575245077034366,1694050610.7677104,850.6850898322847
399,0.5929138879869095,0.575245077034366,1694050610.791598,232.18485583856213
