trial,score,test_score,time,num_layers, layer_size, hidden_factor, hidden_dropout, residual_dropout, learning_rate, weight_decay, category_embedding_size
0,0,0,1694725374.06762080,0,0,0,0,0,0,0
0,-0.02155997584436209,-0.007711484828628823,1694725488.0342007,5,8,3,0.4,0.4,0.0001,0.0001,64
1,0.006460258412160802,0.003979399719416299,1694725568.6470745,8,14,1.8727142167388329,0.2554138025988315,0.5,0.004885165336171604,2.380981008777947e-06,157
2,-0.0014896859232722548,-0.0041671640921032704,1694725665.6714828,5,11,1.089628632635701,0.22841661219735554,0.30000000000000004,6.846393360094252e-05,0.00010684758386306284,329
3,-0.0018912466370821779,0.001190985084117302,1694725756.8581476,5,13,1.7777573407223963,0.20755059850503482,0.1,0.0012006426178129766,2.0958546137692438e-05,134
4,0.02362066125472162,0.01252367689459144,1694725795.1680896,8,15,1.9190905971285392,0.1109789419660907,0.2,0.006443932010830324,0.0008472006248632765,365
5,-0.008114434517557445,-0.00792545889911489,1694725873.2068894,10,15,2.1339821239866676,0.04610850443586212,0.30000000000000004,0.00047154406945875663,1.215330197968237e-05,165
6,-0.0023565753915191223,0.0010213157054654864,1694725965.6085904,7,12,1.8077067347531837,0.1458963871127163,0.2,0.0038159417695365293,5.7379758149718936e-05,191
7,-0.01954261671269153,-0.01291964919278743,1694726273.2418733,6,12,1.6162310338149626,0.10068935552153657,0.30000000000000004,1.8267878159225086e-05,2.823297197583363e-05,226
8,-0.011940715001493185,-0.0038562393642918025,1694726357.6047902,9,14,3.073278765567293,0.34459020687745706,0.2,0.0010101931381810488,1.0460344598514096e-05,321
9,0.002913760595982806,0.0012530091836300272,1694726577.8202653,6,12,1.1845867924898177,0.12133771109216906,0.5,4.917593352751772e-05,0.00011869502953305068,356
10,-0.027079527440251994,-0.01519754437172316,1694726703.7093472,9,12,2.7899913238055882,0.03348471196641317,0.0,3.953011510085378e-05,2.854848005699732e-06,108
11,0.0014763183788164547,0.001706998865735554,1694726751.1607614,5,12,1.5634444747716347,0.4760506215156041,0.4,0.00041981603259058355,0.00013229450401542684,182
12,0.000512159646317345,0.00193878917338286,1694726825.43861,10,15,3.1789584952841117,0.24011997804270502,0.5,0.001714971749145451,9.571449652053148e-05,474
13,-0.003111536492646394,0.00029019662435336713,1694726885.0948448,8,11,2.6585337194513365,0.09819028835006843,0.1,0.0015031726726942977,0.000226365433728117,500
14,-0.006903610220297285,-0.002375798207163715,1694726928.043781,10,12,1.2693726085691943,0.2444366223080564,0.5,0.0023059750206383873,2.852874572333906e-05,268
15,-0.014176397434358057,-0.009479808099904563,1694727243.679159,6,9,1.2208710076580727,0.44619659379354626,0.30000000000000004,2.6915159166155542e-05,1.7473534393341244e-05,86
16,-0.00878938757302361,-0.005527547822850254,1694727287.7147865,6,14,2.953368311324798,0.23948914868848886,0.1,0.0009050433365501446,0.0007401990680373163,259
17,-0.00574141387937277,-0.0014983457965676017,1694727379.7129707,5,8,1.2486130563926723,0.47985359362661056,0.30000000000000004,0.0032537733519507014,3.236686472450496e-06,180
18,-0.012675380839140882,-0.006623330542385286,1694727523.9644094,9,16,2.0220654533804785,0.03233659899514163,0.5,7.457913423805202e-05,0.00016720421421487076,134
19,-0.013304593246442842,-0.0009179727650983072,1694727610.5096364,9,15,3.1814562362401277,0.1795537624317457,0.4,2.6206038368953362e-05,8.738911590189812e-06,252
20,0.0028759544215394284,-6.752687955624559e-05,1694727651.6919267,10,9,3.6403743707479466,0.39948215961040195,0.5,0.00012679699170605103,4.119260967891291e-06,172
21,-0.005753529027233251,-0.0006139686947039813,1694727734.9695246,9,16,3.0964299951412704,0.24124852088691495,0.1,0.0031700320495519027,0.00041355999861361766,105
22,-0.01161868528345189,-0.002272022766612425,1694727873.5570827,6,15,3.544911691238488,0.15732649938199866,0.1,0.00019608531313154804,4.1527855125952765e-05,106
23,0.0006630724932108478,0.000715408270573481,1694727966.7520223,10,12,3.3249034451227706,0.11541813278816343,0.5,0.0017909436519458247,1.0697482708907862e-05,489
24,0.0044969278358211184,0.00025568750520332806,1694728065.3639297,9,15,1.1364919175676067,0.027820770525844085,0.4,8.204635632995882e-05,3.551019829883781e-05,134
25,0.00040359620206920077,-0.006549795992994989,1694728284.1157877,10,12,3.4870032354241762,0.0370188981399982,0.2,1.5375825488177987e-05,0.0004494944080657061,264
26,-0.009718209026763125,-0.0021145189790763297,1694728420.7930212,5,8,2.61637797400951,0.03778320225261539,0.1,0.00020373763123160044,3.114214289026227e-05,325
27,0.004345906854487214,0.0030056929624038276,1694728472.0024812,8,11,2.8562097489417395,0.07862232919256812,0.1,0.002489744672721097,2.879173936063787e-06,164
28,-0.021811607041553494,-0.009346872235247883,1694728592.6514874,6,12,1.0022365661256938,0.015155680261233262,0.2,3.072996422053306e-05,0.00010927112423128635,421
29,-0.02083487926234273,-0.007940656106899313,1694728723.0135598,8,14,2.172874047201636,0.02314810149647417,0.2,0.00013059932630084037,6.1803024159046e-05,124
30,-0.012984161318597032,-0.004175646903978425,1694728873.7152374,6,15,1.7929765799206394,0.20516010245358163,0.5,6.708993777325458e-05,2.7281602481700836e-06,379
31,-0.021271142160049328,-0.010325735533066593,1694729076.2300918,8,13,1.1260925529807209,0.2086334473786134,0.0,5.4904306028493746e-05,0.00013127092658504698,91
32,-0.0022950564031967158,-0.00038871853697264314,1694729160.9730253,6,16,3.9136666906809268,0.2409231943398525,0.4,0.0007906191375302389,2.4950497768776423e-05,448
33,-0.004653803289758063,-0.005988574616170306,1694729210.898271,6,15,1.126208570374954,0.43347684590639923,0.4,0.0002176418103557107,0.00010344529510907331,270
34,-0.02683344125466669,-0.013034771757920671,1694729514.0984643,9,9,2.5244722865458162,0.43574476997193645,0.5,4.5815137535978945e-05,5.698898311110619e-06,469
35,-0.007495820741902026,-0.0029236822716807165,1694729624.8477511,7,8,3.1446600163360987,0.20720942957667893,0.4,0.00026994475918930944,3.174655930547344e-05,251
36,-0.005198657318611577,-0.0014059631066598577,1694729678.760987,6,16,3.0063627339553216,0.3944161716714836,0.5,5.6307575414583374e-05,0.0005747273198016907,451
37,0.00011396269918062529,-0.0029670068115654757,1694729725.333873,8,13,1.3447967141103356,0.3810579202788843,0.1,0.0003994920333132419,2.3950352828995323e-06,96
38,-0.014571891575837936,-0.013924023734225521,1694730149.4299273,8,12,3.024429804217818,0.39542709152714217,0.5,1.787483506781119e-05,7.827739013293682e-05,323
39,-0.01654393050057701,-0.008691588727925303,1694730200.3152542,8,12,2.6721021625906047,0.4342773168202443,0.2,0.0004026491029623885,0.00011827449742130177,104
40,-0.0254155034880319,-0.013477957355858772,1694730404.237374,7,8,1.4134296787330998,0.0010627792329545027,0.1,4.465928722378063e-05,3.537801353107229e-05,320
41,-0.01334906300919636,-0.011417839526060014,1694730442.845406,9,12,3.674363796765375,0.1975303948875829,0.4,0.0004552728868330392,7.438326839657043e-05,185
42,-0.011272324664693079,-0.0061635166988929235,1694730772.183784,10,14,1.4367850872097199,0.26871718497228675,0.5,1.4033596893086091e-05,8.099524319415838e-06,396
43,0.001226176026952186,0.0037709256682342263,1694730850.637196,5,14,2.720263839951283,0.3658528377810333,0.30000000000000004,0.006579765789092699,1.0944731422658882e-05,321
44,-0.004627011156453031,-0.0024803675472895303,1694731005.3590276,5,12,2.2581788309438116,0.49158089389510073,0.5,2.5991912994209e-05,1.3330514898218793e-06,118
45,-0.003116095908687111,-0.008019255005893289,1694731205.1577263,6,14,2.631933860616171,0.26746266726764073,0.2,1.0473278570492938e-05,1.5045815800487294e-05,512
46,-0.011807164817729587,-0.0031971420154131014,1694731249.888159,9,13,1.589388882085837,0.46023471225467694,0.2,0.0007210772922722526,4.06745699839152e-06,211
47,-0.010031332756643918,-0.004546078036681944,1694731359.2426326,7,11,1.0666956596715647,0.3301735260975992,0.1,0.0006455067526150265,7.223389600828476e-05,377
48,0.011001013340732335,0.009209854548577812,1694731426.0262287,6,10,3.2665884307085085,0.19411209763421716,0.0,0.0051975024633948005,1.0945823221156845e-06,462
49,-0.009018340901223443,-0.007959201779799807,1694731497.4114494,6,11,3.9352154571881672,0.2183378707200811,0.4,0.00017264273234682726,0.0005503100403074244,387
50,-0.010825852426629368,-0.0032578454363818565,1694731557.6423104,7,8,2.09090160348613,0.24530335117363,0.1,0.0004017182186851469,4.2555255715517165e-06,285
51,0.0070352525935237775,0.0035307215438190598,1694731615.1746125,8,14,3.2360975352459844,0.3649868710127862,0.2,0.0002332689815923943,0.0004173700721419523,226
52,0.003523355063919431,0.0015367273277575588,1694731655.7101514,9,16,3.7744251506108863,0.274618433896214,0.1,0.0007361018471756209,0.00011295488160416345,300
53,-0.010269458488183725,-0.0036904818114451565,1694731724.3618062,7,12,1.2453722290455413,0.14564110249946355,0.0,0.0009987164251716635,0.000754575021237565,134
54,-0.02088901356723749,-0.012347019002978188,1694731864.8965936,5,14,2.0624934693030994,0.2529831383171606,0.0,3.41424624320649e-05,0.00012204468641023362,335
55,-0.006788024979702101,-0.0017897714540817677,1694731999.8060021,10,16,2.0788452973157185,0.3101242533304147,0.2,0.00032869332760543255,1.494532197694863e-05,502
56,0.0010282718070806496,0.0036938917481929012,1694732044.2496498,8,9,3.093185324310007,0.4828781286672967,0.5,0.0004720763568890225,1.1069916658622926e-06,425
57,-0.014729428060437533,-0.00787190910281188,1694732475.927968,10,14,2.286859381875128,0.19042055419309217,0.4,2.1064603628765096e-05,0.00022598912562598537,287
58,-0.005887055407816977,-0.005781863511633123,1694732529.5573509,5,15,2.1751224319602507,0.05338246784008038,0.1,0.0037870221681837713,3.2978082375422893e-06,416
59,0.008194819135970866,0.005018200133876882,1694732624.5231118,9,8,2.3061597339270583,0.3935794867049968,0.2,0.003963213386788725,1.3777288415476664e-05,346
60,-0.011114710085473156,-0.005073889855723213,1694732714.6107938,6,15,3.5180718592002442,0.28291716727879657,0.1,0.00011033278297826878,6.0820253521507536e-05,121
61,0.0028075491537873365,-0.002116038611306159,1694732884.3513966,8,10,2.024735062826061,0.16091952511100754,0.5,3.3612579090810944e-05,5.120857664075256e-06,137
62,-0.0014465284260605227,-0.000934828520280595,1694732961.024502,5,11,3.5318424763198024,0.4513746287018505,0.2,0.0001837084259165231,0.0004022552240999249,301
63,-0.016503314604853214,-0.007134639928172426,1694733018.5583305,8,13,1.2388381920833629,0.4192527884074967,0.0,0.00039533443051094125,0.0005998306137951154,310
64,-0.0017342563053088789,0.0006174556196130165,1694733096.4502418,7,14,3.7030436509613254,0.3081176830059287,0.0,0.004329380884373883,1.1322239937689065e-06,368
65,0.0003373606786818417,-0.00196792134842827,1694733208.5887728,10,9,2.584495389400211,0.3525272948737995,0.1,5.439923014815922e-05,1.5838351129273762e-06,135
66,-0.0019510248193854718,0.0002801725936605326,1694733278.6806972,5,10,3.25172025663694,0.34684223554900123,0.4,0.0009527782408651187,0.00024138072785740382,130
67,-0.0053962415748958215,-0.001271596797586927,1694733398.508023,8,8,2.4749916917097714,0.42170842355484334,0.2,7.704738975800501e-05,6.667530384794296e-06,240
68,-0.012686215048858474,-0.0050495133499304234,1694733828.5693958,10,16,3.2451491333475087,0.49375503661752745,0.4,7.123944776295393e-05,2.0195105438511047e-05,388
69,-0.006642950801432734,-0.007172125300115795,1694733875.4125755,9,14,2.463664308570591,0.07156606429757995,0.5,4.574774857342794e-05,0.000867267425326583,121
70,-0.001388817331147596,-0.002541613328415293,1694733935.8928592,10,11,3.432809832692135,0.0036460613161790056,0.2,5.582456120958687e-05,0.00012122037032514645,361
71,-0.0010291223797405102,-0.0026422567549981846,1694733977.80728,7,14,3.9347848421315597,0.046623789538971394,0.30000000000000004,0.0010663091843501542,7.936988308890887e-05,181
72,-0.009222909382144984,-0.003046414051776747,1694734044.0001612,10,10,3.534884637371317,0.23536430780095702,0.0,0.0029674869276341506,1.7161170387205647e-06,420
73,-0.01070583848472717,-0.003080570409233152,1694734453.6160235,8,15,3.4096135512055277,0.20098537566035268,0.0,6.28889712319314e-05,1.0091776012578686e-06,357
74,-0.010718027116794593,-0.0048724141824021405,1694734535.8275952,5,9,1.7349295827476858,0.20305124119855705,0.4,0.0002154778796787835,3.245724827569417e-05,105
75,-0.011781079021880192,-0.0030786879172519654,1694734647.005766,7,9,3.2174126457505694,0.008826307336549877,0.30000000000000004,0.0012406828443049915,3.265344834209245e-05,83
76,-0.002575052872123562,0.00025860715800252176,1694734790.4990351,6,10,1.8033015475302712,0.13159496322475833,0.5,0.0023631090083255355,0.00047068699051996173,384
77,-0.007727077909518654,-0.006596981800789603,1694734903.2554498,7,16,2.453365448640466,0.09271746992244734,0.4,5.9967408993269885e-05,0.00029400602948571517,396
78,-0.010872248717299193,-0.005118614214029815,1694735065.1762643,6,12,3.1452919651228703,0.33400773225687963,0.30000000000000004,4.3896386100553575e-05,9.401106950891972e-06,375
79,-0.011023197657945794,-0.0016186673562241793,1694735174.398536,7,14,3.052348060007595,0.17782583517175388,0.0,0.0011024505164553813,1.1661382508689127e-05,317
80,-0.01066963038154678,-0.006078954218054378,1694735211.289603,5,9,2.2715171065768915,0.3346894176131755,0.0,0.002105433614449096,0.0003581724986290347,366
81,-0.012522236467488623,-0.007871720817270278,1694735313.2944212,9,10,1.3008010289367156,0.16456482924051702,0.0,0.00017761092946876964,0.00019203175536650538,190
82,-0.016471858567726816,-0.00612757847309342,1694735608.842183,10,12,1.4857156567752163,0.3211400084164445,0.2,9.787878210955946e-05,3.5412434906512685e-05,508
83,-0.011234565549464781,-0.004176698823994629,1694735799.557761,9,10,3.7823194356230436,0.09208286908411989,0.2,0.00013115455392766537,0.0009059204932765675,66
84,-0.007648133638221477,-0.002577451046653856,1694735848.0564365,8,12,1.467803276731734,0.3208390691866338,0.4,0.001999608421129212,1.709528103499462e-06,420
85,-0.009483132616326495,-0.0036388437682954855,1694735932.4897287,7,15,2.6862858814991784,0.03996620246387189,0.4,0.0004906628166943536,2.260904169471081e-05,350
86,0.016852310810340776,0.008818885933035592,1694736306.9379928,7,8,3.7381134472314477,0.1439026838983063,0.1,1.409848637022005e-05,0.00014196650899658928,472
87,-0.009389150517051803,-0.002570158441643544,1694736479.1700087,7,15,1.9864456276226004,0.1923676163691022,0.1,7.670356832257256e-05,4.829113550605722e-05,210
88,-0.02768081321987781,-0.014779533824120117,1694736744.4528122,5,14,1.9259130707304903,0.19614260144314238,0.1,1.4063525346877693e-05,9.180135263794734e-05,254
89,-0.02157848470900836,-0.01292443336167004,1694737171.6700153,10,8,3.4746877869160047,0.009269591884139394,0.1,1.100292739413843e-05,3.3740553731930946e-05,222
90,0.006622831814398156,0.0007196997254709236,1694737244.0832422,6,16,2.734142705277086,0.4631716254075238,0.5,0.00010440020913745601,9.133500162450173e-05,151
91,-0.011175120898583524,-0.004964562762061808,1694737309.0624878,7,14,2.7064632228519248,0.04247587161753791,0.0,0.0020559182483098426,0.00012681908101614206,355
92,-0.002708852312991894,-0.0013374763433355863,1694737356.7287626,6,15,2.73082290788605,0.07355647222327694,0.0,0.0007284614727085286,0.0008606366366019498,327
93,-0.017995196336521246,-0.017264399827276344,1694737637.0126352,6,14,1.609641622833606,0.32068449757708206,0.2,1.2371058197915914e-05,3.541582953932792e-05,291
94,-0.00793218468454504,-0.0009621681184632802,1694737740.3999114,10,14,1.9114950928515033,0.32257622180186124,0.1,0.0009171715556322509,6.37271095014392e-05,339
95,-0.012746652002141756,-0.0055678177512421545,1694737789.7178867,5,14,2.6131705390455475,0.3711524641564877,0.0,0.001581397603437053,0.0007092267600661198,326
96,0.007051350444007176,0.00414785192246836,1694737826.7760942,5,16,2.6670987768914847,0.13870812786523018,0.30000000000000004,0.003772933164616253,2.1129847006234123e-06,315
97,-0.0032228702640377804,-0.007977191997409872,1694737864.484686,8,16,1.1145636479566052,0.2537160244431332,0.4,0.0009529669517553736,0.00038393916303184494,358
98,-0.023369996007188032,-0.014586354305756943,1694738286.617687,8,13,1.494062966479457,0.42734023088961787,0.30000000000000004,1.1589195574244823e-05,0.00028933200377142203,373
99,-0.025486902879930273,-0.01574098513666633,1694738599.4272838,8,8,3.116340860866733,0.16900705739853578,0.4,2.9387733320434844e-05,1.0146147112290126e-05,110
100,0.001084818386808628,0.0035295336826797197,1694738644.8849688,5,10,3.0981385069389384,0.20988966434040995,0.1,0.006438100478916985,0.0001513915285783247,500
101,-0.005366698641541046,-0.0006794499054765257,1694738692.8101108,6,9,3.905069883581352,0.039725148646724495,0.4,0.006947823430419974,0.0001426282456123217,321
102,-0.007714750419687499,-0.0003699079998571442,1694738883.1046224,7,10,1.2012881540408045,0.1894370968493861,0.30000000000000004,5.577219679042254e-05,0.0008106793563883003,512
103,-0.0017974937315077266,0.0005004359016387294,1694738924.8880231,6,13,3.6483581014150057,0.29185483778473376,0.2,0.0034483396951158467,3.856402328188645e-05,342
104,-0.004206329537259634,-0.00033999473373680367,1694739197.9429755,9,10,3.0585778032096522,0.13326555037846277,0.30000000000000004,5.886081532041377e-05,0.0002447495734233794,219
105,-0.00825316910888585,-0.0028799281294378254,1694739255.7810013,10,9,3.1429814385764354,0.42748710347483776,0.5,0.00036314124735165824,4.4471660217108965e-05,196
106,-0.01053845283344157,-0.004447024533255073,1694739410.2907524,10,14,2.5400932614563048,0.25149118081645594,0.5,0.0004815802052007026,1.912232279048595e-06,112
107,-0.005469191414091856,-0.0006845175260499214,1694739450.191642,9,12,2.6690838055894788,0.21646084750591116,0.0,0.002568688785699813,1.3951635470551169e-05,272
108,-0.015230477149551946,-0.007072641307427796,1694739619.2318544,7,9,3.889650658018991,0.47970682648171653,0.0,1.4578083121344233e-05,1.440556058783086e-05,504
109,-0.007139060519703255,-0.0014669569624174983,1694739676.2041125,7,16,2.0250912122043507,0.24766636507342626,0.4,0.0009459221279025457,8.311115423080374e-06,269
110,0.016606065520677338,0.005450856344954458,1694739859.7773666,8,11,1.5947452302661902,0.11237704178511215,0.4,4.278888520587541e-05,3.6012733567583753e-06,192
111,0.0019477639667193625,0.0025176137252815867,1694739899.4081497,10,16,2.439460629658705,0.10900569542939031,0.2,0.0044544906213360635,5.482391353942288e-05,468
112,0.004016508808288299,0.0023843754398314987,1694739939.7508652,10,15,3.6518063923554487,0.25644280648001727,0.1,0.002179940006727785,0.0009486236346831838,361
113,0.005906986121675395,0.0052159341128658054,1694740011.574428,6,16,3.7711491574208225,0.46204427673750526,0.30000000000000004,0.006530472818997915,4.992340299418586e-06,322
114,-0.010265189415104015,-0.0043760459691195575,1694740168.4179974,10,16,3.402983766850327,0.2934888236467876,0.30000000000000004,0.0001503025340116325,4.657481956945881e-06,466
115,-0.009421494394954877,-0.005168050277395642,1694740223.2013497,8,11,1.9819081106323622,0.08622691067844696,0.1,0.001006785334498556,7.228290053454502e-06,206
116,-0.006153316760726835,-0.006769609084347428,1694740259.9234958,10,8,3.8474080959454624,0.20750826181162307,0.4,0.0029630964489981483,0.0001115720553477141,87
117,-0.01208879662882656,-0.00890833203341046,1694740312.5259156,8,12,1.9313230050843675,0.25944055259803755,0.30000000000000004,0.00014801751081240032,1.6847269747374692e-05,160
118,-0.017869779273859132,-0.011953897066026675,1694740354.134291,5,13,3.9241740410926247,0.04904976480024942,0.30000000000000004,0.0006296260925422505,0.0001749603625410814,207
119,2.0728509327105904e-05,-0.004651294366991854,1694740419.9799871,6,10,3.513446735717625,0.42441218326909225,0.4,6.851990012428105e-05,1.3599474018712538e-05,194
120,-0.017088444816616866,-0.007976005551528997,1694740798.3773153,9,10,3.2291067285623773,0.39647247495938265,0.30000000000000004,3.3383276275238806e-05,6.131632149740117e-06,318
121,-0.002151894929054654,0.0008172648584108266,1694740855.6520963,9,9,2.9446312052748556,0.4542998595472718,0.4,0.004626480902952118,0.0007521893819928643,187
122,-0.01055909367115171,-0.004399499976542209,1694740946.7452347,6,16,2.1685581042503634,0.053956339083348404,0.30000000000000004,0.0002726474128052047,3.767960990441933e-06,475
123,-0.020049356229138615,-0.007785565948351891,1694741056.4874291,7,16,1.8439092600870612,0.029815406829952373,0.5,7.739772028618411e-05,0.0005907598059978236,281
124,-0.0017805137940318794,0.001517246035993347,1694741123.6137555,9,9,1.7938183627762379,0.3394414528816146,0.5,0.002884078079186235,0.0005171028874007112,411
125,-0.006782430511876214,-0.0038230480278620416,1694741204.4459372,10,10,1.3671298183915221,0.1202601327614059,0.30000000000000004,0.00012944775064104746,1.2749588626304137e-06,119
126,-0.004225713990699154,-0.0004945361502322054,1694741313.7163506,6,11,1.9526629669112954,0.2827553149973479,0.30000000000000004,0.0034232913857332754,1.3794152906674144e-05,485
127,-0.00738579159238717,-0.002250030430027916,1694741508.2458053,7,11,2.2427849271693105,0.38233082555570835,0.4,0.0001849423844994708,1.066399072221654e-05,101
128,-0.0016485573305793366,-0.0003678531287822917,1694741553.6335678,6,8,1.9977866152957524,0.09469569035073527,0.30000000000000004,0.0017330183907411814,2.9210406880886164e-05,280
129,-0.005937010043009838,-0.006258147710060946,1694741611.7719347,7,16,3.9801002773540084,0.3211540859862228,0.5,0.000133952159344379,5.8010287106338265e-05,229
130,-0.01385573775804283,-0.0052858422597332755,1694741731.4260743,10,13,3.6823360431673953,0.30900680754274895,0.0,8.412601117294388e-05,6.016412617484488e-05,475
131,0.0033213567128818067,-0.0012654177676703071,1694741769.9816115,8,11,2.973595342307225,0.31630097597723283,0.5,0.0006637135548491176,1.057357318433269e-06,507
132,-0.013381138039445961,-0.006199054920076108,1694741934.3925846,5,11,3.893961242590489,0.3361766903167949,0.4,0.00020035008583498213,1.5925538406803015e-05,200
133,-0.0052241290378014504,-0.003750371193349311,1694741991.231785,9,11,1.372166985093957,0.10156605978447764,0.0,0.0049315906345184565,6.364697516802124e-06,167
134,-0.008955037002406963,-0.004282464109323758,1694742078.3502114,8,10,3.4114935824383457,0.3434311082320889,0.30000000000000004,0.0002686735896847314,1.3470965486403501e-05,261
135,0.008812467315256756,0.006216416527100921,1694742120.6467853,9,8,1.694514701861489,0.34979734063335316,0.4,0.0005209106432445756,6.088149256462164e-06,165
136,-0.010928165416973279,-0.005618138466799705,1694742304.8026414,8,10,3.2183449285493757,0.38384756387249747,0.4,0.0007716062355976606,0.0004787340459192424,312
137,-0.006702812495340993,-0.0006991023829074905,1694742433.6954699,6,10,1.300268182815639,0.30887676368909683,0.4,0.0006773053657302365,2.495863268621617e-06,378
138,-0.00858074671401532,-0.003169855211579531,1694742811.1349008,9,11,2.641976933623706,0.03854999759988803,0.30000000000000004,1.1374564602241638e-05,1.1077209947562498e-05,427
139,-0.004686849399782034,-0.0017802732404994526,1694742982.2159986,8,11,3.741404221632381,0.3135798994466314,0.5,0.0002936824242854265,9.17801494595829e-05,352
140,-0.00687849374875138,-0.0011582202705104905,1694743109.7089887,5,9,1.372690586835498,0.10410321370648862,0.5,0.001035898802174812,0.00014557968324373994,477
141,-0.010448351605606199,-0.005348948773494788,1694743149.582865,6,14,2.5701816066006558,0.18957633516219546,0.4,0.002492424109405892,6.124735251182667e-05,372
142,-0.0032097750278030635,-0.0020000662630497157,1694743186.9868605,10,11,3.5074704600550555,0.23863880111963687,0.5,0.0014215673650882486,6.988847117655614e-05,503
143,-0.005212553379954299,-0.0038256428468155246,1694743352.7122216,8,9,2.5829520819002205,0.18688513662066164,0.5,3.422760215995015e-05,7.393624191510136e-05,315
144,-0.002905601184985951,-0.005585853165838595,1694743538.3151972,5,14,2.7393342063640507,0.21744653108266926,0.5,2.1233964995121667e-05,7.807640821157269e-05,194
145,-0.012640679413591815,-0.0046149904160988076,1694743686.5913875,7,11,3.0587377284318698,0.4456235815372124,0.0,0.000273128864056337,0.00016007952290316037,193
146,-0.002216344791015068,-0.0006747236782222998,1694743787.8855338,7,16,1.331441496350088,0.29346761665644117,0.4,0.0009746088487023413,1.5765259781363717e-06,494
147,0.009182894651187379,0.006336131935396949,1694743836.8085008,5,8,2.666695176369239,0.037629502581621954,0.1,0.0023815156378361717,4.7815241265437643e-05,324
148,-0.04183065154201282,-0.025641246901676684,1694744244.8971646,10,8,3.965346499583693,0.3207974572862684,0.4,1.1165184352313167e-05,0.00041066386098381915,241
149,-0.00739321585578967,-0.004031825937432565,1694744447.432211,7,13,2.1921946392474423,0.47006729569317274,0.5,0.00013150000098718044,4.766083629848143e-06,246
150,-0.0028736624301557434,9.515408849514184e-05,1694744488.5346916,10,10,2.4874481602500365,0.09924879576767226,0.2,0.007204543415470914,1.6034265335461142e-05,69
151,-0.01651533572503472,-0.007824381270102432,1694744524.993387,8,15,2.0384838829996923,0.05132256413057673,0.2,0.002313474455973381,2.5620809641925835e-05,73
152,-0.004755056248691769,-0.002003985473186365,1694744718.695341,9,10,2.647655196705138,0.21287568227199988,0.1,0.00015294367606057767,6.342881026880289e-06,305
153,0.0018651207703320738,0.005109413541388164,1694744791.4249682,5,16,3.486892754380472,0.36424739481629864,0.1,0.007237898814627895,0.0008323423493750405,116
154,-0.008758935426820047,-0.0035917447609772335,1694744892.725848,6,9,1.8821213845804734,0.3956612579817624,0.5,0.00039264643937528764,1.8399264073515928e-05,397
155,-0.026957158661859548,-0.016797464097787262,1694744933.7659042,10,12,2.4699311370673,0.20236055641577894,0.2,0.00020597693267989772,2.224506768888839e-06,483
156,-0.005889880791843938,-0.0022986135568350274,1694744976.3660922,8,14,2.363032299224068,0.3902798426484387,0.1,0.0034666835440934265,0.0007513700310113851,122
157,0.0054125968143659,0.003934110129542034,1694745021.9508388,7,8,3.3270654214608224,0.2615373486938157,0.0,0.005232158548965935,0.0005918996902906025,189
158,-0.014832741801297233,-0.008149973425607193,1694745392.0033247,9,8,2.9635722810254057,0.15718148295878104,0.0,8.19528483450746e-05,4.086591977634155e-05,79
159,-0.017662068354712623,-0.0067134525893906005,1694745435.2938333,10,11,2.534891270653236,0.48347504612267567,0.5,0.0014327930566828413,0.0001508851233770286,440
160,0.00680860030274999,0.0010314998991091118,1694745606.1574733,8,13,3.6075588663456606,0.06341891622648765,0.5,5.6966615141532855e-05,5.019211283584467e-06,344
161,-0.01758399187352233,-0.014401461834254503,1694745735.4324336,8,12,3.6140029353008774,0.002875808898518184,0.0,3.818406664779797e-05,4.550742852409161e-05,225
162,-0.003935626019192506,-0.002988105955843201,1694745840.3663352,8,11,1.0767543712684058,0.39509012041850683,0.30000000000000004,0.00015035979803965715,6.941055558859528e-06,453
163,-0.03956714296306685,-0.02647953981108131,1694745994.4947913,8,8,2.1898456318542046,0.49500803400769416,0.1,2.297509918322236e-05,1.6061142367851855e-06,94
164,-0.007675401481888056,-0.003116864728062829,1694746304.1534085,5,12,3.717712471404319,0.4737717488749204,0.5,0.0001402812189937541,0.00011484206834556746,90
165,-0.006731502416557511,-0.0019095209718589246,1694746453.3069155,9,10,2.97046005484793,0.14448966117122874,0.2,0.00024093466753821312,6.785485933198222e-05,210
166,0.0026438974239910706,0.0015623288643706879,1694746511.1355035,6,13,3.311682045845008,0.19183638612544895,0.5,0.00021441495395992723,1.4660606803790067e-05,238
167,0.0013905015576132218,0.001706588160900635,1694746737.5915287,10,10,2.86436566877481,0.26473598519778196,0.5,1.3655191182693212e-05,0.0008731526734054607,221
168,-0.006880298640623561,-0.002288324281954024,1694746911.115395,9,9,3.1399389397469415,0.16603974168137275,0.1,3.401297546460854e-05,3.315946279531774e-06,472
169,-0.00725540770721711,-0.0009569093139969453,1694747047.9419897,7,10,3.4393229909930776,0.26832534806164754,0.4,7.018868790257876e-05,3.820719562401349e-06,128
170,-0.004681586264331461,-0.007352940986841361,1694747174.4414434,7,11,2.9245128363835864,0.19422406548093962,0.2,3.946886343046744e-05,1.5257647336754999e-05,311
171,-0.0035970692039450913,0.001440842382644636,1694747239.7632306,5,14,3.748836285327555,0.284475269616603,0.1,0.008195895768035978,2.3477442917295413e-06,149
172,-0.018640758695174897,-0.008350539515817212,1694747348.1352308,9,15,2.120792773083596,0.047421332586065346,0.30000000000000004,0.00010725030174754861,0.0003608124377497867,92
173,-0.010287843152336995,-0.0043415444218557475,1694747396.7655952,8,9,3.8403918740232244,0.4865435202923075,0.30000000000000004,0.001203973125704181,0.00043618563564520077,469
174,0.006591369449914231,0.00527013403213783,1694747436.1844282,5,10,3.3753557148281805,0.13721311245900147,0.2,0.00889385514753453,2.649586272004271e-05,322
175,0.006560435250215879,0.005243166181030934,1694747493.7395473,6,9,3.7160278188726825,0.3844672263795717,0.0,0.006226225587085696,0.00048731288569083523,211
176,-0.007022296676169937,-0.002335401427117745,1694747663.6294014,10,9,1.7451959833440385,0.44004076788187757,0.30000000000000004,0.0001718688180310413,7.983268411659736e-06,161
177,-0.004943682755846446,-0.0030718239405789216,1694748060.6255934,6,12,2.500727879852322,0.042826685578609636,0.4,1.8659752896727285e-05,2.6424852334040947e-06,463
178,-0.0007336186777082698,0.0013523199567377908,1694748128.4522493,7,9,2.177210645903108,0.08500014756772922,0.0,0.008879865158793769,1.799559975008846e-06,398
179,0.0004539105857854775,-0.00028327595691601815,1694748225.4909966,7,10,3.639913459499621,0.26059652893677254,0.0,0.00014051688741507543,6.924853269910736e-05,254
180,-0.0011167970340877353,0.0015265577749757897,1694748309.0766187,6,10,1.9083659831035429,0.23782787706765568,0.5,0.005770959776386904,4.1457546957128446e-05,462
181,-0.004857714925626588,-0.0023887340389561196,1694748429.7976527,5,13,3.443468505072174,0.13128644458661187,0.30000000000000004,0.000358114725573504,2.098109178236094e-06,500
182,0.007962605664218358,0.007609089890249776,1694748475.8752947,7,13,1.0694057862326565,0.25992026755801634,0.2,0.004288161547022037,1.5953812078681284e-06,460
183,-0.0063663199212131705,-0.005193568762954515,1694748521.9100618,6,15,3.2925275046080507,0.3016604984348728,0.2,0.00023095883410430835,0.00010273036081742757,232
184,-0.0035738267615890162,-0.00026340369156896415,1694748575.4306526,5,14,3.1315374363574513,0.14227983061061467,0.1,0.004978537565446961,1.1228212623477938e-05,96
185,-0.00864998267525574,-0.004575697706929116,1694748826.4374177,10,10,2.178775103447063,0.2824933559838093,0.2,4.542470769215897e-05,5.153316078823604e-06,290
186,-0.009791464394371507,-0.004678107755758276,1694749039.9737654,5,16,1.7883556299986179,0.07446113677388572,0.1,3.861990809129143e-05,0.00054815109379967,257
187,0.00030422959154596807,-9.725577566177535e-05,1694749172.6628146,9,15,1.2722086897238287,0.3087747084925746,0.4,4.8822269897784936e-05,0.0006307605887360826,304
188,0.008929527420347472,0.00492853597066556,1694749216.8140373,8,16,1.5436322477274145,0.4650557048933391,0.1,0.000479927074920905,1.697525331920392e-06,225
189,-0.0129695180267837,-0.004960443727244135,1694749294.649954,6,14,3.9680463226373432,0.07566567828715176,0.0,0.0009640024057131778,0.0008619219948241139,496
190,0.0001979357086804301,-0.0019821121182528323,1694749340.064723,10,14,2.737875838151498,0.007811761134689621,0.5,0.0005115488755779148,2.556437125351245e-05,72
191,0.009120852301375826,0.007441010156444938,1694749443.963548,6,11,3.8881637113843,0.3193240630096053,0.4,0.0001396453756248134,0.00016499392435704094,157
192,-0.0005005383060543434,-0.004810301209137835,1694749489.511115,6,12,1.5169042472847818,0.439973142630694,0.1,0.00028417446452321763,0.0006312555557124259,228
193,-0.0028982643732939906,-0.0009536802065983618,1694749572.4594562,8,14,2.305528556611918,0.12886743245244114,0.30000000000000004,0.002502732236941189,1.7037003515994987e-05,372
194,-0.030163455397568706,-0.018894775189470803,1694749971.630221,6,11,3.8252578268542052,0.03368213625109062,0.5,1.4357526474764739e-05,0.0002721359371078198,233
195,-0.0030586977218995948,-0.0027371318882349893,1694750030.4850788,9,10,1.5318265151564945,0.04483174782862853,0.0,0.00013219702087186573,1.3341153738887561e-06,190
196,0.007424902327479055,0.006157063066553059,1694750075.6813533,10,14,2.256783801225992,0.01073569578961614,0.0,0.009506189629266654,2.0832630211665703e-05,330
197,-0.01008228780017384,-0.003669392735882182,1694750272.1243575,9,13,3.2557248286738836,0.28037456690803214,0.2,0.0002292274821499563,0.0004617969940991576,506
198,-0.016322718489999,-0.007117820352734894,1694750533.2629642,7,9,3.778977792876419,0.14367172971162512,0.4,5.106060498384478e-05,6.111239188396176e-05,206
199,-0.03209615353382933,-0.016722310919805583,1694750574.3052485,5,8,1.9047500282319514,0.2316390638671143,0.2,0.00021021449709359227,3.231510899556768e-05,122
200,-0.011721083020473255,-0.0084443200071882,1694750954.8990552,8,14,2.3230477399454674,0.23235337980970944,0.0,1.2529771399165866e-05,5.468489382278566e-06,257
201,-0.007006953031331475,-0.0016821772686885783,1694751029.8231025,5,11,2.4141884057452683,0.26891326433826934,0.4,0.0003763477628852358,3.372990900319157e-06,202
202,-0.006961885173222049,-0.0017751390322922056,1694751130.0309691,7,12,2.2645891735850143,0.19683446845818786,0.5,0.001009872763568599,0.0006041300762057654,141
203,-0.021382396214593147,-0.013354515852998405,1694751364.8166873,9,12,1.9605242009574642,0.02573449039501191,0.5,1.0465695170635294e-05,0.0003009366005496257,230
204,0.005559156849698543,0.002337257160060058,1694751401.2568734,10,8,1.1353045741466605,0.19964301677111795,0.30000000000000004,0.000901437139975831,7.3018604912821935e-06,350
205,0.009009326868242407,0.0028038504135774467,1694751527.1271663,7,9,1.3800880103091635,0.12296121806268584,0.5,6.872297000221666e-05,4.5764710835201625e-05,125
206,-0.025039828185322355,-0.012282550240064527,1694751653.2686205,10,16,1.5046792025883793,0.10879858497769368,0.5,7.641487430145794e-05,2.0020021550734877e-06,332
207,-0.003099184200176852,0.00031593476361246875,1694751714.2389553,5,8,2.90221841398672,0.4858275250780475,0.1,0.0036714612135027224,7.761450654698018e-05,451
208,-0.019153009405141974,-0.010403631953272985,1694752085.193986,6,11,2.7125591132106326,0.11157710462574144,0.1,2.366097667429113e-05,0.000340849326329197,276
209,-0.02792644521362142,-0.015079957041936431,1694752120.5187042,5,16,1.6527268029965536,0.022135388424967595,0.2,0.0009029080647187666,4.323603495195529e-05,363
210,-0.001802833275124982,0.004525363882502131,1694752423.1795402,7,15,2.841086999428664,0.10125038247457957,0.5,1.726042169461591e-05,1.2268648700880942e-05,338
211,-0.0018367496162712271,-0.0034510221651458117,1694752540.1774085,10,11,1.6063337776176123,0.330823965728186,0.4,8.307703334805962e-05,3.435735095601875e-05,387
212,-0.011458434229422165,-0.003055056013079094,1694752601.1131265,8,15,1.5720089638956567,0.41981550121590305,0.0,9.841515183302829e-05,0.00039709503499452256,302
213,-0.001900323952115368,-0.0008994104020252358,1694752661.0515356,10,13,3.3819401930725124,0.1172148259971032,0.2,0.0002717644295949449,7.655201008956337e-06,271
214,-0.025199469153065035,-0.013551869251199333,1694752733.4351048,8,16,2.6137854548455848,0.04964905256200086,0.2,8.292753769789101e-05,5.947142258610027e-06,262
215,0.0018742330628498394,0.0033953389866342443,1694752819.0738328,6,15,2.3279944288782186,0.43942896255521885,0.1,0.008789407746199655,2.375413958293012e-06,344
216,-0.020546480813795176,-0.009331152509097329,1694753209.444898,5,10,3.4099892868846777,0.275380170218193,0.2,1.525186001876369e-05,0.00041282586468840586,357
217,-0.017146148118206916,-0.007791184235725002,1694753258.658326,5,11,2.5111282965912167,0.02078386912934671,0.0,0.0008559997671150584,0.0004717982511234891,216
218,-0.013383069338541498,-0.0034528991521738384,1694753298.0009167,5,12,3.3264905480849745,0.3868803641977558,0.4,0.00211780624081632,0.0001420812783980708,98
219,-0.0014941901698795057,0.0014961076019597286,1694753354.7506945,9,16,2.4926097125924342,0.13466014905839446,0.5,0.001958999499139489,4.564303794014644e-05,70
220,-0.01009004422391202,-0.004120607238063068,1694753429.243171,7,11,3.210149118803698,0.47779898542763133,0.2,0.00021754096224546016,5.799062749995416e-05,325
221,-0.013645705816618836,-0.0065399973540691825,1694753675.1289117,8,9,2.2692207189648657,0.40959937599198454,0.30000000000000004,0.00016677491198055665,2.9314364570741632e-06,147
222,0.01585162240774529,0.0028290329841867967,1694753712.3224626,5,16,2.6807930196999985,0.35930178279531244,0.4,0.0006399149157192445,2.1510442372110845e-06,262
223,-0.02996663081433515,-0.016520451706445005,1694753875.7132838,6,8,2.5238147667525688,0.46304178885463987,0.5,2.321570559326833e-05,0.00022519486873593468,74
224,-0.012147362648666782,-0.014492628733165258,1694753958.261738,5,9,1.8496637914754746,0.01278310862844595,0.1,1.6723011767632762e-05,0.00012657469161179687,450
225,-0.009179905756164564,-0.0048397490970899515,1694754313.8271787,8,8,1.6966353795915454,0.048727344502483394,0.5,0.00029762665015169593,3.247315432186528e-06,317
226,-0.004675267946189665,-0.0008314138894820466,1694754512.632827,6,13,2.388385088835057,0.3082496682931199,0.4,0.0003080725942008973,3.0500555735258846e-06,269
227,-0.010894147407956467,-0.008439195797529164,1694754549.0336246,8,9,3.541783916998584,0.3407545533723948,0.0,0.002088710262058239,0.00018270905305158244,328
228,-0.011575515035371353,-0.004016964548995583,1694754742.4400713,8,12,1.2892755911146896,0.02224726124177029,0.4,0.0001729552224666501,5.1006151389015994e-05,351
229,-0.005521173789355682,-0.0010625715728356244,1694754816.4516044,10,14,2.3484440365660704,0.26342710499078065,0.1,0.004030252722484149,6.55455597040872e-05,93
230,0.007495631049974749,0.006807868938050299,1694754893.8508782,9,16,3.7768164442235372,0.3374351913517831,0.30000000000000004,0.009443171291958952,0.00024904536849352637,225
231,-0.017111318342001525,-0.005844558228278451,1694755055.3865569,10,16,2.327825922670315,0.18716114043515464,0.30000000000000004,2.8860812422962507e-05,0.00030276351216414166,157
232,0.009230702000514346,0.0052551154191284866,1694755143.0136542,9,11,1.8141853243938393,0.4183734296696533,0.5,0.00011037308819015957,0.0006047642359709358,148
233,-0.010722010025773221,-0.005933025357896637,1694755187.3408968,7,11,2.8489989066893333,0.17734334645880778,0.1,0.0008790182595055755,2.550789022422926e-05,377
234,-0.013489448595805476,-0.010042005814348443,1694755256.2633147,8,11,2.505299524818267,0.4131666376008988,0.4,0.0001020843893187822,2.83462467123311e-05,78
235,-0.008610728819736124,-0.0020060709160196755,1694755383.33599,10,16,3.256034109994554,0.4435786436131591,0.1,0.00011563147607202083,2.628113246347824e-06,87
236,-0.0006248624324032281,0.002041929152108657,1694755427.3736525,7,12,3.4061905597134476,0.4348852977436586,0.1,0.004085527427638058,0.0005214672903484052,339
237,-0.0062898535693876045,-0.0018418665642891963,1694755465.9156399,9,16,2.561879139013418,0.06001301664751235,0.1,0.0006077222661728756,0.0001119792054157966,239
238,0.0010286078215535621,0.0022994221868501974,1694755555.6367214,6,14,3.1223904177708492,0.43251909386468546,0.30000000000000004,0.0010205874532836917,2.880261669466849e-05,238
239,-0.008600546216691818,-0.0010315584047024817,1694755618.0595639,8,13,1.6627461313642011,0.18039623352173245,0.0,0.0010105465237307749,2.710357316699066e-06,286
240,0.005626271366535152,0.0044259723729126454,1694755704.3330657,10,16,3.2118887377476777,0.40883512795183,0.4,0.008031998942298587,3.3951255774916372e-06,350
241,-0.014135847734508156,-0.00918516543476855,1694755742.702569,7,11,3.884896018422915,0.4109352806402675,0.1,0.0004662492508108983,0.00011773045191973294,320
242,-0.022388137087586024,-0.012312656302231106,1694756140.7131977,7,8,3.147126078938981,0.3659967634919697,0.2,1.5637946496807243e-05,1.5163770699251073e-06,385
243,-0.011526087003438823,-0.005124266392450227,1694756179.7153275,9,15,2.1265368182055813,0.298131842516314,0.4,0.0016911926674905012,0.0007430272720836345,228
244,-0.005822211545839062,-0.0017387314779055973,1694756322.5948553,8,15,3.6228210198360515,0.09771280295814305,0.1,0.00012378250619590574,6.154024151556923e-06,167
245,-0.00845480933086007,-0.00469752545801172,1694756372.1107028,10,13,3.347546328221165,0.27466329065996903,0.0,0.0002175453472129721,4.512563259976425e-06,186
246,-0.020553261450817484,-0.009394942649878724,1694756553.4945004,9,11,2.7966138748332012,0.12363194117497311,0.0,4.804289665064716e-05,2.0359006864304905e-06,482
247,-0.015457788202814626,-0.006529265419843444,1694756835.873134,10,12,3.5666196076117136,0.14501227168144476,0.5,5.847440452055296e-05,4.438801621399387e-05,208
248,0.008431833925628407,0.006799606936181424,1694756871.6253836,6,13,1.7926202618518627,0.3462262088989695,0.5,0.004785855166820664,2.447602926156016e-06,71
249,-0.013340566510970264,-0.005122080653666261,1694756971.5099854,8,15,3.1253875989705575,0.43064998375096664,0.30000000000000004,0.00014801013260092591,1.0540205878977334e-05,383
250,-0.04071435918464816,-0.023057567412284152,1694757075.104374,9,15,1.5881032736180252,0.15434250788670895,0.0,4.245023185351115e-05,1.914004765772034e-05,423
251,-0.00656796585970576,-0.001944523651642882,1694757145.631927,10,15,2.8985420136666478,0.28287963876275346,0.1,0.0014742321068199305,8.400964025626144e-06,358
252,-0.01505831421510928,-0.01051845737448942,1694757277.2556307,8,12,3.145791331898853,0.06975254822532584,0.2,2.09906844147403e-05,1.659000611138087e-05,293
253,-0.015332848750194028,-0.005542257748777812,1694757686.205338,9,10,2.9611380742757865,0.4256122503660416,0.1,1.6673790190429763e-05,0.0001137582917839129,133
254,-0.09719267158421863,-0.052016493522288654,1694757812.0537434,5,10,2.877112915572795,0.2518890721062836,0.1,1.350149130895685e-05,0.00017442673077989736,205
255,-0.0058595435836532594,-0.0018095546614991243,1694757855.714172,6,13,2.3482071075071955,0.042940223460474325,0.1,0.005729980813937501,0.0002394448928266824,125
256,-0.0015906407273185152,-0.008196227013752777,1694758028.4816213,6,10,2.5336084941024763,0.4376846384503679,0.30000000000000004,1.6625322285646525e-05,0.0006518502525697474,120
257,-0.020469410350522965,-0.013512911122333326,1694758068.7213407,7,14,2.9023911619333047,0.1539584199422046,0.30000000000000004,0.0006193227008819311,1.5681874175188444e-06,456
258,-0.0003393303330478936,0.0019256061155413784,1694758106.9589846,7,11,2.4055362893666716,0.4107641828691391,0.2,0.006926663126270293,3.528327372076236e-05,394
259,-0.000486571981788142,2.8442814342111156e-05,1694758230.196419,9,8,2.678845807294525,0.07601426535060757,0.1,0.00030643684920282974,8.10111202488446e-06,510
260,-0.0024825026639678782,0.0005087969042250062,1694758285.7113662,6,10,2.688323374772504,0.12127191255140923,0.5,0.008477266384039986,6.27070706467866e-05,439
261,-0.0010419731653776854,-0.005629399996246898,1694758418.1397736,7,11,2.0534162218981544,0.44526416694539883,0.4,1.1600215716344514e-05,3.298301771054255e-06,277
262,0.008083213072056505,0.002140949351833732,1694758454.452079,8,12,2.0826396854965052,0.035414662085804405,0.1,0.006343355498861143,9.579566733524028e-05,233
263,-0.010492861612280358,-0.006982112670737228,1694758489.890534,6,8,1.4643503204648187,0.4306966802515238,0.2,0.0005479648453900616,4.01257792895275e-06,415
264,-0.013479716912486506,-0.0056954203550720894,1694758609.7144525,5,10,1.0566319637281723,0.01809726269055295,0.1,0.0005936314436853462,0.00024003498049771782,147
265,0.006651313751882326,0.0022919788774857786,1694758980.5757422,6,9,2.731226125871064,0.48945569173270975,0.30000000000000004,1.1279273674268955e-05,0.00015214872018502762,173
266,-0.0007576946395515538,0.002268533275293194,1694759041.503455,5,14,1.2482226873157174,0.06989823694415687,0.5,0.0032732554262138924,1.1026223785094806e-05,241
267,-0.00881328534897552,-0.0016120072470673374,1694759079.263378,6,13,2.209937349019108,0.06465562213839549,0.1,0.003034687554381489,3.721245362856637e-06,145
268,-0.0032575851637297593,0.001781663811117662,1694759211.3111775,5,14,3.4653501717852304,0.2726908633075454,0.0,5.369861121598851e-05,7.392885483126751e-06,174
269,-0.013490970876578245,-0.005419676725833211,1694759247.271958,7,10,3.0075753814786457,0.04566539595228497,0.0,0.0023065286572883778,3.892705339527553e-06,313
270,-0.011808327892818493,-0.0032372738192367745,1694759647.4790518,8,12,3.79985727995295,0.1553839836937586,0.0,1.954653827958244e-05,0.0006647287580740392,296
271,0.00794859184230079,0.0026096958716170793,1694759691.0402076,6,11,1.709811022856138,0.33360654940888734,0.0,0.0006511317736322978,0.0001784448495278619,184
272,0.0018776831743473332,0.0023415409766659456,1694759769.9583805,10,11,3.962929694795208,0.17750867650633245,0.2,0.002042662073268991,0.00012299770484448002,99
273,-0.01719202413181531,-0.011271651737395194,1694759805.710817,6,11,2.1031945945998274,0.2474168441716969,0.0,0.0016220397893963582,4.740390345486686e-06,298
274,-0.007562696977035488,-0.0022901769844434483,1694759999.8177857,9,9,2.9359903107463685,0.3724151767567804,0.1,0.0005811778520945968,4.67983106877493e-05,497
275,0.022583100551596846,0.010916699711551958,1694760174.2048225,9,11,3.053732534067366,0.20400420139840486,0.1,5.074425620059202e-05,3.873798563065381e-06,271
276,-0.015555786742545763,-0.008178059569899254,1694760382.1380248,8,8,1.055583191688136,0.16281751896422902,0.2,0.00010011930638602534,1.390969376064977e-06,72
277,-0.008242666587042757,-0.003310961588913308,1694760449.981379,7,10,2.0435380450211955,0.4093440686484926,0.0,0.0012560570779004473,0.0001692241517561636,98
278,-0.021557282050111315,-0.02264763762955857,1694760852.5705779,8,9,1.569173646227,0.12218716381334399,0.30000000000000004,1.0064451472913462e-05,1.906203632381317e-05,205
279,-0.03260634480245028,-0.014019246598689472,1694760928.4810472,9,14,3.351963439789197,0.4643460330870684,0.2,1.1238003787143642e-05,0.0005760515867995878,98
280,-0.00548166533234995,-0.0007590833317736578,1694761023.199644,10,15,1.5790135706156656,0.185090788884747,0.30000000000000004,0.00018098825636339187,0.00021062044327845278,81
281,-0.02804948653412942,-0.01655638631860823,1694761382.5839608,8,9,2.2618008651038832,0.381459256324193,0.4,2.6031000407331577e-05,0.00012979758636106324,96
282,0.0015878957157107187,0.0018624690748700878,1694761427.602836,10,11,1.5768610244431238,0.3056340948573971,0.0,0.0033547292761546502,0.000615153577218034,503
283,-0.0034876509821550883,0.00019660908602436855,1694761463.8314886,7,10,3.8013836364146902,0.4592395676664194,0.5,0.005693285413464959,8.302486858156297e-05,65
284,-0.006161661972342358,-0.001179149225336129,1694761524.4384718,9,16,1.6058873669406761,0.1254014276009347,0.1,0.002083329392991384,6.801001673665299e-05,83
285,-0.014661129557000052,-0.009314943702111833,1694761848.3718605,8,10,3.2997986955930965,0.30404867293292975,0.2,3.19671852930431e-05,1.6723503935572696e-06,385
286,-0.004917942798172703,-0.0013051704938702446,1694762118.565207,8,10,3.572978146305132,0.04203715428504212,0.5,3.725637880214116e-05,0.00012346607925515745,187
287,-0.0022699984679743768,-0.004813448274685328,1694762256.596973,5,10,3.274087212573838,0.341828733165233,0.4,7.129143515268738e-05,0.00028220764190130916,99
288,-0.018685870514320246,-0.009498716665123252,1694762401.1197228,6,16,2.6223386323152162,0.37635331618718104,0.30000000000000004,5.227620926341542e-05,7.900258720119136e-06,382
289,-0.0034526498218185875,-0.006227456495777606,1694762443.5049338,7,14,3.599361121636089,0.23078264598659604,0.4,0.000466159746912799,0.0008760124508670395,285
290,0.0007558356019852219,-0.0018208595319622045,1694762486.9545155,10,13,3.327702928486564,0.41600478190283796,0.5,0.00014106831833887105,2.307508123285681e-06,72
291,-0.008639818119549947,-0.002718340978082212,1694762532.500547,10,9,3.5372430310272125,0.2386005790105744,0.2,0.007033431258866132,3.8882667073006335e-05,92
292,0.008383437634055246,0.00719456416357922,1694762599.213026,9,8,2.6291960936414664,0.4007810580212712,0.2,0.004726046932267532,2.041918753970744e-06,209
293,0.008718070090852903,0.005943092216006307,1694762644.6894066,10,15,2.593760117593566,0.15549632567581512,0.0,0.0034065318694182314,5.130748388913506e-06,383
294,0.0002557287559543653,-0.0043947378944972915,1694762694.6851742,7,13,1.4853063477356536,0.28603182375054753,0.5,0.00018166221169868324,3.993591097118706e-05,161
295,0.004074939134716904,0.003723272212618589,1694762789.1526937,10,14,1.4730315599895436,0.48618626579651486,0.5,0.000755691987071728,0.000558093046513369,459
296,-0.004401487026849393,0.001598967450420874,1694762829.8302734,9,15,1.1554005242638339,0.1067163221979805,0.4,0.002441919209096077,3.0492605505554165e-06,272
297,-0.012006723281473342,-0.005967286200240007,1694762989.3942664,6,15,2.268652041385478,0.36152719037521636,0.4,8.808752046353823e-05,0.0009432567217357861,436
298,0.02076397725368606,0.010540412711093405,1694763024.9933474,6,11,1.5010160863218214,0.46353290893657545,0.1,0.008837315098426111,1.0276637737322044e-05,346
299,-0.009916994401236723,-0.006107247985881248,1694763153.843993,7,14,3.1716131663693674,0.4596493870377897,0.2,7.050762060082818e-05,0.00011462027695190597,75
300,-0.00656627424151468,-0.005042260050935221,1694763204.1180599,8,8,3.6246047531959045,0.4346452075793832,0.4,0.0005486543096115642,1.093045378322637e-06,144
301,0.0001338719391129617,-0.0034394968952624616,1694763242.684881,10,8,1.8959012960181472,0.02628362850050775,0.30000000000000004,0.0007929876233841215,1.9451111514302353e-06,99
302,-0.00852382039711097,-0.0031088207944960367,1694763343.663612,6,13,2.186219561004155,0.11977313144502788,0.0,0.002333336092198818,0.0006196534656769249,206
303,-0.018201441586040534,-0.007836233025686035,1694763569.8451452,10,9,2.433404987129914,0.2738505814166032,0.5,6.0778622254133026e-05,0.0003742554435925547,177
304,-0.16753707949641616,-0.10740077813166682,1694763644.7439125,6,8,1.715520917808914,0.02966562342347917,0.5,1.0035432458829243e-05,0.00036189724148090886,325
305,-0.011601204902803364,-0.006796815319261906,1694763881.296601,5,11,2.5979636258393115,0.3299357956439839,0.2,3.44934084331568e-05,4.526106246616521e-06,281
306,-0.004132750787174455,0.0010291053728989086,1694763953.5042417,8,16,1.3857602314116986,0.14306906729475538,0.2,0.0018886116060701065,1.2530985296595515e-05,265
307,-0.01336276967454375,-0.0024966731604707526,1694764119.9167733,10,8,1.2536750510404977,0.1080016690831691,0.4,4.4122179021027496e-05,1.2785363637650657e-05,359
308,0.002741683868548672,0.002351123378891984,1694764167.9557333,7,10,3.75845425775396,0.2269274686199887,0.0,0.0024967507691193735,0.0005566074545371845,155
309,0.003895032984659763,0.001622052043981137,1694764232.0354927,8,8,1.917488855780114,0.497862469763557,0.2,0.00014655748857701686,4.72660606966062e-06,139
310,0.012756740573730663,0.0008204351611809102,1694764582.3441825,5,8,3.42436163082182,0.3135946510718815,0.0,1.8884794584749195e-05,0.000856734820649941,422
311,-0.01870396908408134,-0.01502812401264153,1694764683.1183455,6,16,2.8334867310880982,0.20025976414283836,0.0,1.5524518779029015e-05,7.685611746390527e-06,131
312,-0.006441638406264438,-0.0013057775514473402,1694764775.0687847,7,12,2.1425682294254322,0.14763181039596585,0.5,0.00035045288598670936,0.0008225263106394671,200
313,-0.0031797179516077634,-0.00036702158978552113,1694764838.536306,6,14,1.4149129816662893,0.48948947479020033,0.1,0.0036081674993408944,2.0871532100255845e-05,414
314,-0.021484704945210265,-0.011250683236319725,1694765100.6673949,6,14,1.7932156227189462,0.3127929613315898,0.1,1.1220895549442013e-05,0.0006831656220855366,108
315,-0.007026918962864226,-0.00622421001864204,1694765141.8870227,5,16,3.5489679045378204,0.04036189046102917,0.1,0.0003436576615347231,1.8478452264878193e-06,249
316,0.0053346966183900335,0.003984310523591383,1694765187.367338,10,14,2.7414092443754194,0.06210546470997963,0.30000000000000004,0.006093561223932539,0.0005043114293474469,362
317,0.0027414118244935004,0.005068366551396641,1694765262.6298912,9,14,1.042141816177288,0.023987238707822767,0.4,0.00040142621929769196,0.0003131233426261552,188
318,-0.005076673147880406,-0.0008296424676486058,1694765319.3532379,8,12,3.1743772232223115,0.03296096391164799,0.2,0.0026386915151857863,1.004860603199558e-06,215
319,-0.010011327603759002,-0.005458774246672959,1694765377.7922707,7,11,3.022089960450926,0.23735504494827764,0.4,0.0003635555202809272,7.697792197612998e-06,443
320,-0.01712838834343966,-0.01192868310123596,1694765417.8051872,7,9,1.9725645760335926,0.4577653955313927,0.5,0.0007013248567613213,5.0204696433612584e-06,256
321,-0.02615433824576674,-0.017028834352294853,1694765610.8078508,10,10,1.7810595667629925,0.1557543149246175,0.2,2.6626241470909442e-05,5.147174031670986e-06,100
322,-0.006960908738967486,-0.001865979308826482,1694765748.544338,7,9,1.647896333603319,0.15269795352921672,0.2,0.00013786018787001204,4.4140671625123966e-05,90
323,0.00532344518243999,0.0039995188313047825,1694765866.3293679,5,10,2.337786263506211,0.49128825572552287,0.0,0.0034033696967747133,2.9541479602834457e-06,309
324,-0.012437194120538786,-0.0065061381945208385,1694765921.2291815,9,14,1.6487749327799777,0.40484610685310735,0.0,0.00013219054904815906,0.0007728841682837275,404
325,0.006679582349603863,0.0037555691780125633,1694766163.5379903,7,9,2.2464329421775933,0.2128263236850143,0.5,4.122495499340257e-05,0.0002707138710021979,430
326,-0.01376424443094515,-0.00753103251538545,1694766213.6701977,6,15,3.9140917335554737,0.23438862853576514,0.2,0.0002533659075515757,4.4849110581264317e-05,330
327,-0.002958502573326749,-0.003875167652252598,1694766386.1776814,8,15,1.990259519753057,0.49655477086424205,0.30000000000000004,1.7605329125265234e-05,4.092945267200601e-06,312
328,-0.0075670306769966,-0.003337339604627454,1694766527.4570005,9,9,3.899002489298291,0.053613143414590836,0.5,3.7378024811111424e-05,6.19703132152568e-05,399
329,-0.0017891561985847737,0.0019875806155219555,1694766769.2926598,6,11,1.3199782769555501,0.42924786651483293,0.30000000000000004,0.0010976574589162157,3.474105856138498e-05,482
330,-0.04598137744883424,-0.028706167575079045,1694767038.826318,8,12,3.3148770112672685,0.3239768821722981,0.2,1.6585734380247838e-05,0.0009210985005367651,104
331,-0.01772554205826271,-0.007872898997740796,1694767438.634649,7,15,1.6967588473927733,0.16420387796127867,0.0,2.3411504695169107e-05,8.148582867226851e-05,186
332,-0.009407070955446128,-0.0032558340676656083,1694767538.7051005,5,16,1.8389541323337668,0.2460066444847117,0.30000000000000004,0.0008528087113153875,1.2965119697262529e-05,324
333,-0.018328837904408646,-0.007109960907564661,1694767622.0337842,9,12,1.9051570556432154,0.121992557306345,0.1,0.0002731965693239562,0.00043348212312788463,324
334,-0.0010867169937744947,0.001669545517012927,1694767676.8454115,9,13,1.9659198997132337,0.482996037837529,0.0,0.0001425189099523709,8.809525784753492e-06,168
335,0.003899907261380009,0.003561549573001588,1694767728.0549479,5,11,3.9673698064429472,0.36170995937326444,0.0,0.003962637226126681,0.0002381829709639439,469
336,-0.009741521688180432,-0.0020031358172165614,1694767797.4818046,6,15,1.0693422333735492,0.15367162836394682,0.2,0.00013649440209362562,4.91200586270487e-05,361
337,-0.009377306567190269,-0.0036943477696602667,1694767860.3905463,6,8,1.1104249069425496,0.2056374508978408,0.5,0.0007212412097259659,1.6295475613751124e-05,432
338,0.004053554847429752,0.00492748177872826,1694767901.1772866,10,16,1.4274717581041014,0.09298931978751068,0.1,0.006960819935588612,0.0004275828920741739,292
339,-0.018310195905592463,-0.010131753017639689,1694768203.2206557,8,12,3.4126319368231597,0.32594923790350233,0.2,2.567753896170858e-05,4.2183302744257105e-05,79
340,-0.0024349153127793954,-6.0120217657999575e-05,1694768241.8204224,8,11,2.6579284794111517,0.13411607459585356,0.2,0.004466535862718687,2.072581741781723e-06,105
341,-0.002707374260039641,-0.002175362248029611,1694768277.2860074,5,9,3.679803823106613,0.10808534255380359,0.4,0.002353250226239603,3.721389629984844e-05,412
342,0.0006695408482055853,-0.0003682607589228226,1694768505.1751583,6,9,2.2236513397189723,0.08529064310815176,0.4,0.00021661884560540256,0.0001117527693456393,314
343,-0.0022905752531692247,1.4080818728778866e-05,1694768558.0219414,8,10,3.791575588737533,0.014686844183143699,0.30000000000000004,0.0031387107295024062,0.00019521053235818273,111
344,-0.011690805192456466,-0.00268258178584313,1694768674.656878,10,15,3.5527273489269984,0.30980236715724335,0.5,0.0025178813076622356,0.0007172676236228563,330
345,-0.0431344337090982,-0.02318483173175756,1694769084.3200421,9,10,3.6489427878626617,0.20795641570693496,0.30000000000000004,1.2431270717966155e-05,1.8796266167711762e-06,276
346,-0.024793265291276567,-0.010903854508258704,1694769214.9803705,8,15,3.4397454315363643,0.2684419972011233,0.4,1.4958399417833172e-05,4.805902534699107e-05,301
347,-0.00864931583361117,-0.0019104282409938556,1694769336.6441898,9,12,1.3024840423326445,0.33906694006218374,0.4,0.0007248301902191261,0.00047554588895440137,384
348,-0.0005602912803057691,0.002451696890370836,1694769478.0063093,7,12,1.5949826815946206,0.28992205310819347,0.0,0.00033494943795492403,0.0004824189738376103,328
349,-0.005471773732647511,-0.000988987720264456,1694769643.956118,7,10,1.2158162953404457,0.11575782829406617,0.4,0.0002516785816477788,1.7236290581704407e-06,303
350,-0.010427153693765012,-0.0032399898953414663,1694769743.7804372,9,11,2.5572544304405844,0.04507336993409716,0.0,0.0005400841855654761,1.1420433437263493e-05,260
351,-0.005418550928195653,-0.0030422441125261823,1694770144.5419948,10,9,1.0505383831632926,0.12245228195307006,0.4,4.026204846422258e-05,7.857052315057247e-06,298
352,0.0019041692015838718,0.002588025598529442,1694770204.8758297,7,13,3.0443275121134237,0.1958590392261158,0.2,0.00796948484486917,2.8645447472426928e-05,417
353,-0.009698735148563564,-0.004160564178427917,1694770290.3736582,10,9,1.334080672790694,0.09147485309411185,0.0,0.0015919735745257432,5.5732785292415975e-06,95
354,0.004163530947521865,0.0048165759321300294,1694770326.6203768,7,15,2.041093664902819,0.242959980497085,0.1,0.009940324460644764,5.497660178876871e-05,199
355,-0.0032707114940822013,0.0005168525287461145,1694770381.9437342,6,9,1.8376706872434343,0.44298469323226297,0.0,0.004110552842568517,0.0006860241739674515,172
356,-0.01212011214474451,-0.006460236292000543,1694770519.385716,5,10,1.0926793262273922,0.31824235008606583,0.30000000000000004,0.00010584446497439706,0.0007791404727650559,489
357,-0.0041472416051058225,-0.0009496936122421751,1694770635.56642,8,13,3.958819636236745,0.2899818017911192,0.4,0.0005007698572497921,1.5199091991356215e-05,436
358,-0.03330779648031412,-0.015721847655961296,1694770845.0081758,9,8,1.2983638162785338,0.1092437764099582,0.1,4.603363438874859e-05,2.057355186880826e-06,482
359,-0.012310084041344371,-0.0033735129189531587,1694770901.0795152,7,12,3.3059812325292848,0.013719775584726757,0.0,0.0015987009638413477,2.014294391815317e-05,144
360,-0.026866183116138753,-0.01529957086973166,1694770949.941731,9,10,1.3293405968883443,0.046658437915164996,0.2,2.7440873287898516e-05,2.224881241488885e-06,337
361,-0.013768388854050517,-0.005040762487965145,1694771196.9539883,8,9,1.5096427669865524,0.17189099527463753,0.0,2.684543336750422e-05,5.749015882649427e-05,176
362,0.00048388438539681555,0.0020052160010584075,1694771259.298338,7,14,3.422766377322226,0.016127745818108497,0.4,0.007936542387438635,2.4378224241187373e-06,109
363,-0.0037994966467935765,-0.00022848401195063595,1694771342.9471188,10,13,1.2658696486617735,0.4412593333185249,0.1,0.002487512884784335,0.0008603758525718572,80
364,0.002732123542998899,0.0024048937206330168,1694771445.8267486,10,14,2.5219179757772245,0.3054666829610819,0.4,0.0019928445123567474,3.891941613205568e-06,371
365,0.009989976263248823,0.0026484806009248185,1694771694.5190237,5,14,3.350537013794452,0.27593854297902204,0.4,1.9259905739372504e-05,8.344074359989871e-05,108
366,-0.010543371414737823,-0.009125428393299329,1694771735.0969234,9,16,3.061255263087228,0.013419085222794225,0.5,0.001208792805858802,3.0243948758421946e-06,147
367,-0.015377660566448181,-0.006852132974458414,1694771806.0278707,5,14,3.1217994112549627,0.04686979970578209,0.30000000000000004,0.0003442832060889187,0.00025974677552889196,167
368,-0.01115571705043017,-0.01931280201776686,1694771841.6754987,6,9,2.9006972488465284,0.4176953272975394,0.1,0.0007093355099725236,3.693382955001175e-05,301
369,-0.003449572165347581,-0.0015898606013178274,1694771988.5734177,6,11,2.9462606801683044,0.04385010942312195,0.30000000000000004,2.238852144183182e-05,1.3733051239966847e-06,143
370,-0.005566786648743882,-0.003329381678644827,1694772168.8221128,8,12,1.1257887532621704,0.45850425602012934,0.0,7.524492326153804e-05,3.9278739454287934e-05,370
371,0.0010231073177388028,0.0007795363044968973,1694772229.7742057,10,16,1.3662396663705991,0.4135847607694924,0.1,0.0038037004231400015,1.382634972494524e-06,337
372,-0.03089947970054796,-0.018887781805733583,1694772328.097278,10,9,3.9698645372382773,0.49223174432906985,0.2,3.624347018168346e-05,0.0002032090990457927,302
373,-0.00976586358244469,-0.004220592452043759,1694772474.816156,5,15,3.8364654596296157,0.3004901532044788,0.2,0.00011548885376793912,0.0001343424398468736,495
374,-0.04086524980973749,-0.015911738951883914,1694772667.97973,7,11,3.8646257584396673,0.4979427049793443,0.2,1.5735889839189513e-05,0.0007626362100304056,372
375,-0.0028006588769105,0.0006592947382486614,1694772815.3550093,8,15,1.6517119005616556,0.43853733425455443,0.30000000000000004,0.0006884071305087549,3.873772231789103e-06,150
376,-0.012348034704838362,-0.005154017037324099,1694773126.4987426,5,16,3.2964444773008057,0.3536875705080344,0.5,2.3534031555972613e-05,0.00035014335224347145,248
377,0.0031890513628098915,0.0032608409474036426,1694773192.4065094,7,9,2.0021469012928215,0.41037628915651847,0.30000000000000004,0.009545267372994805,6.815007601680635e-06,276
378,-0.0037740670589900827,3.8731871350283775e-05,1694773232.876948,9,8,3.7189706866633454,0.310796139988712,0.2,0.004143768815489264,0.0006612844017397991,461
379,-0.01568243825833049,-0.011333077107612555,1694773277.6267006,9,12,2.5990384385065006,0.4525039048319867,0.5,0.00022107400857091314,2.9814161056642296e-05,455
380,-0.008806140653398575,-0.0027277918202543994,1694773455.757461,8,16,1.2518000461933487,0.3927650388766189,0.4,0.0003226788599236915,0.00010189314480746524,176
381,-0.014370627838990346,-0.006332431548507822,1694773526.3766618,5,10,1.9163078252452324,0.09781668618283257,0.1,0.0010036898058988694,5.825841426439153e-06,198
382,-0.009722567215376676,-0.004867214009997012,1694773567.5407102,10,9,3.2563465087386163,0.061974989796241,0.2,0.002341006670335623,6.7616098574168286e-06,371
383,-0.013536517990812014,-0.004495656790794111,1694773609.533967,7,13,3.264594055290527,0.05433102411238322,0.0,0.0024411114679307446,6.195643002083856e-05,202
384,-0.008594068647242104,-0.01046610249126112,1694773645.3962798,6,15,2.7269875439357607,0.07655726436766008,0.2,0.0006142575033302038,3.7314791170219706e-05,123
385,0.001420626810582415,-2.1024285642878837e-05,1694773681.4231348,7,9,3.7867920057319857,0.21568369038688606,0.4,0.0014054543515819187,6.865928684472401e-06,424
386,0.01140948565890687,0.0033235831701179386,1694773748.3465753,8,11,3.4689084419412834,0.4124378011317263,0.4,0.00020214818710801008,5.97331542067136e-05,200
387,-0.0025359951390095947,-0.0009902680833024924,1694773825.4553697,9,14,1.7367913271203888,0.004161569894213846,0.30000000000000004,0.0022476472144770413,3.290486953444214e-06,444
388,0.007135179198998642,-0.0010161560757806498,1694773975.4387636,9,15,1.5648701224607078,0.4512650515006089,0.0,2.0321197955099365e-05,5.274077043451239e-06,367
389,-0.00916875624329605,-0.004935130001187282,1694774292.5715833,8,9,1.7435567192609636,0.29184870781387684,0.2,2.7140865420373992e-05,0.0003693282542709439,432
390,-0.008064478593448277,-0.0021365850582202306,1694774350.824311,7,15,3.0579069196402684,0.01753949773331559,0.4,0.0006362351805323431,8.550649263588488e-05,280
391,-0.02459907467509259,-0.015018443684619687,1694774540.4821825,8,16,1.6240779209975118,0.009948326047157396,0.30000000000000004,1.3540411314384313e-05,2.9640184684165145e-05,192
392,-0.015558891639120276,-0.0063667075873130585,1694774613.5369518,6,10,1.433612577838169,0.29800064984317937,0.1,0.000368159382457135,0.00022782550775939068,242
393,-0.016915505898572603,-0.008367220129147146,1694774739.6763322,10,14,3.835245784110287,0.2992058888261065,0.1,0.00010716006526216192,8.673715753011973e-05,377
394,0.004739595522301521,0.005628710973430984,1694774879.5536504,8,16,2.153714809340958,0.41285426785496,0.4,0.0023670477190751134,1.476362105355474e-06,503
395,0.004073886874225496,0.004175047583297897,1694774940.8901799,9,11,3.756859725627941,0.28413084950683903,0.5,0.008937930876510514,1.276554678239589e-05,214
396,0.007002710218368846,0.006449598251278443,1694774985.8210955,10,16,3.550802210623724,0.10851676121230747,0.30000000000000004,0.0031427477820274736,0.000711010788578702,247
397,-0.00565125433848368,-0.0013471926633452647,1694775135.5142484,9,9,1.3909318937560937,0.3607454083761274,0.1,0.0005528601966157872,0.00017095880706590697,155
398,-0.012208887514822075,-0.00461613532170202,1694775173.8837044,9,9,1.5623327051639377,0.43826969813336064,0.0,0.004933421787859378,5.5990578775765986e-05,405
399,-0.000983054282845286,0.0012254029636580288,1694775282.3665087,6,9,1.6190216337751728,0.2624783931756915,0.2,0.003896233943465434,1.600997380949856e-05,211
