trial,score,test_score,time,num_layers, layer_size, hidden_factor, hidden_dropout, residual_dropout, learning_rate, weight_decay, category_embedding_size
0,0,0,1694725450.11600230,0,0,0,0,0,0,0
0,0.014751149497561289,0.0109201929359094,1694725475.0235808,5,8,3,0.4,0.4,0.0001,0.0001,64
1,-0.02009140061234227,-0.017333161477299575,1694725498.2708414,6,8,2.3896555794950336,0.3624669645960739,0.2,0.00028594420172544803,1.0923012830060756e-06,282
2,-0.013956880476037492,-0.011750277629602346,1694725519.2325017,10,15,3.1898934106624557,0.05436803593448747,0.5,0.003727887014635882,3.1279503637247993e-06,347
3,-0.023626638970118297,-0.020678964107760933,1694725545.7494223,5,9,1.9491019348376213,0.07895615333746847,0.4,0.002849876719299812,1.081118932799183e-05,207
4,0.027859570554843227,0.02559924021211235,1694725567.3448048,5,8,3.138177807066529,0.29977169812882776,0.0,0.00027503745770253506,1.603354082325706e-05,444
5,0.023453093223081867,0.02148425275873722,1694725608.354782,9,13,2.6571514645164918,0.47455119887331876,0.5,0.00010331470713610107,5.2435333814151534e-06,421
6,-0.023285094728801692,-0.019904487631765555,1694725644.3682282,5,11,1.2100684078735073,0.159683853525455,0.0,7.42661655584571e-05,0.0002345866915453269,470
7,-0.02701575948825119,-0.02439708230564208,1694725671.2773774,9,13,2.848055155217954,0.1807417711016009,0.1,0.0002035742300959646,0.0001579341360590834,92
8,-0.021315072056435236,-0.01881695951158524,1694725706.930956,5,14,1.899856028291663,0.35058213752175843,0.4,0.006290915931816627,1.5884929758604036e-05,224
9,-0.025199994698218653,-0.021640523742105122,1694725734.428818,9,14,2.957844219746752,0.40548328697753366,0.30000000000000004,0.007453017800400486,1.0037446982295981e-05,395
10,0.02033601547358066,0.019155140245391666,1694725968.5388157,10,11,2.8348959902044433,0.18283508378857655,0.2,1.678827131899691e-05,1.1429575134408604e-06,405
11,0.02111689832991759,0.018491486602206564,1694726007.0264502,7,13,3.219854553393684,0.2093317150909204,0.2,3.214300173793064e-05,0.00024077823129993223,438
12,-0.02246642623519346,-0.020073631445541418,1694726065.5099602,9,15,2.94416932592744,0.3480330873853286,0.1,0.0020086150148506386,1.005191211628364e-05,260
13,-0.023792482215052146,-0.020910718658038396,1694726093.6798608,6,13,2.9760770542992656,0.28777927052761726,0.1,4.508272157001442e-05,0.0003426222735466225,199
14,-0.03487973056790472,-0.031767287383473564,1694726132.9216495,7,8,1.9029375095228016,0.042847403006693374,0.2,0.0013424652518631212,0.0008354198061155371,344
15,-0.026135603406257646,-0.02357930418652665,1694726158.966266,6,13,2.880993457573932,0.4128261145361251,0.30000000000000004,0.005412089804905535,1.7640504757223524e-05,192
16,-0.026650870665839488,-0.024893969764629764,1694726183.6286864,8,16,3.171733787858842,0.24695650056675295,0.2,0.0008834187138131173,2.2045171466286607e-05,311
17,0.018645653555331543,0.01567606684616396,1694726207.4753077,10,16,3.5220562911659345,0.06352413055569966,0.30000000000000004,0.00012568447434812053,0.0005437339527912917,204
18,-0.006903988870377908,-0.00491727315015833,1694726227.7554333,10,10,2.261172324536955,0.4799813236702409,0.30000000000000004,0.0062581485097137285,4.1357175959101474e-05,166
19,-0.006657628076091049,-0.012273907711207732,1694726247.4900239,9,12,2.516419505858713,0.06824225662777189,0.0,0.00614915362276888,0.0007382012770119224,497
20,-0.055695081781733435,-0.04799755980021647,1694726310.872198,7,8,2.6617818184647577,0.36815473589103564,0.30000000000000004,1.4414465643080551e-05,4.996299889983138e-06,380
21,-0.012592057464872575,-0.010366677056358409,1694726329.2824516,5,15,3.9672434847380678,0.1238998212416011,0.0,0.008691203622787223,0.00020028519787478201,267
22,-0.035399916986969426,-0.030638386744757273,1694726395.344302,7,16,2.067490239587806,0.026589914389497815,0.30000000000000004,8.662321089404485e-05,0.00011083505190407683,489
23,-0.019531587214464796,-0.015842894876922253,1694726415.2464786,7,10,1.158855604325342,0.4158299697652392,0.0,0.0071866491108050325,0.00013135387327125578,473
24,-0.0312191218780844,-0.027004659668326436,1694726445.7519524,9,9,1.5277104451778725,0.48069388587853706,0.1,0.002354184944210269,3.2536470787849615e-06,198
25,-0.022481426869490617,-0.0179754167380739,1694726495.9355028,9,10,3.255601507488563,0.4396280315261994,0.1,7.872698671712239e-05,1.2111501359862881e-06,253
26,0.00029795020549150397,0.005453019129913139,1694726515.2005315,5,13,3.0638087406143124,0.2841529154639537,0.30000000000000004,0.0006294341657112455,0.0005104371640032628,302
27,0.02451904199532451,0.020659857408797166,1694726558.1729739,10,11,1.4218776557604418,0.1109385455177812,0.4,4.887099390439124e-05,0.00020778454529947788,469
28,-0.02687374574928536,-0.025057983024308728,1694726694.4728844,8,9,2.870489810371855,0.18974859419326767,0.5,4.6872211143647774e-05,5.045050709257538e-06,280
29,0.009136165776708172,0.006695358073985247,1694726748.209187,7,9,2.123006705109567,0.33408551113385615,0.2,1.5106337495756723e-05,1.7616618392265467e-05,250
30,-0.02156796361242508,-0.019000624714016423,1694726818.5430138,7,8,1.8219771754232474,0.47520563279124745,0.5,0.006639371610548615,0.0001890907615188002,258
31,-0.000659146703874125,0.002985056354770088,1694726849.2720315,10,10,2.7796475787673685,0.2937171118986061,0.2,5.6377347995321794e-05,9.804971295721193e-06,352
32,0.0026207847241868087,0.0036462110078253618,1694726870.0085623,6,11,2.0623078971433912,0.16240293519560084,0.4,0.00043386638693263864,1.1352975046518823e-06,396
33,-0.020707945015874474,-0.013274802459960933,1694726914.8121505,8,15,2.4836909064611783,0.15541887649306274,0.5,3.31157860442957e-05,6.8364353206880445e-06,281
34,-0.04434909509541973,-0.041449174012778256,1694726996.0014358,10,9,2.0160654111280594,0.2661200895533734,0.4,2.0681508256871083e-05,0.00018443820978593397,314
35,0.0184964276291123,0.017534764695081972,1694727070.8816516,8,11,1.9439413603910651,0.4452523103944422,0.5,3.3546297510368894e-05,4.310260657998212e-06,363
36,-0.024612941992097737,-0.020934735930134396,1694727113.714521,9,15,1.9073366146723751,0.10455015281892555,0.0,0.0001345850439870037,4.869161813090417e-05,455
37,-0.040290320096728394,-0.037365687876555365,1694727312.734431,5,8,2.959435374592345,0.3356605294135568,0.0,1.9457951241159274e-05,1.2131903271740562e-06,355
38,-0.01055311763300093,-0.008844500250031917,1694727340.854857,6,10,2.993646978338158,0.0605002333829438,0.30000000000000004,1.8740213097193344e-05,1.57488275078218e-06,364
39,-0.028469854586843146,-0.026387945104026977,1694727426.8510144,9,12,2.206438174717771,0.3507743992643668,0.0,6.836733096681463e-05,0.0005197592489632499,490
40,-0.005735429936462477,-0.006807025993423865,1694727444.6785746,5,8,3.3036523668264404,0.2259391380988856,0.4,0.0008490811095905436,2.2074921642867922e-05,382
41,0.014396885634503587,0.015217116075320503,1694727464.61788,8,8,2.3983615512899332,0.44100232473394574,0.4,0.0009221134608895209,7.323794844445027e-05,430
42,-0.004729170129807114,-0.003680685140667439,1694727501.2259784,6,11,2.8919687972714936,0.410477891059579,0.1,3.202095944430042e-05,6.557961126065573e-06,261
43,0.014963195376900496,0.015076822720353933,1694727519.5774772,5,13,3.689440082282928,0.17109890609792683,0.5,0.000181503214671837,4.047914973472587e-05,502
44,-0.005258393776501835,-0.005173468101060452,1694727551.9393897,9,12,3.263674049870391,0.23665366378407449,0.4,4.6456579804611465e-05,1.7009308117243334e-06,333
45,-0.013002984005200613,-0.01134557793354185,1694727582.7531946,8,12,1.352432287167628,0.46727198152890115,0.0,0.007987205640152935,9.00237960719213e-06,190
46,-0.01799055379669201,-0.017560050489741297,1694727603.119341,10,16,3.10198421132351,0.47761752046718636,0.1,0.003714710573006743,7.154779273808672e-05,196
47,0.003704258581038178,0.003023561945462272,1694727648.5548089,8,8,3.3759694024228333,0.320938662128459,0.0,4.560120850926883e-05,7.50281153351035e-06,276
48,0.019307221511689066,0.020042118243336793,1694727670.110495,6,10,2.654448420191456,0.07349281442297378,0.4,0.00022475278298081088,1.664580210163944e-05,321
49,0.00788375209264569,0.004450130516739481,1694727700.1317544,5,16,1.3454780386157328,0.2735592984794667,0.5,2.615614508039108e-05,0.0001248621858971177,501
50,-0.022532845172387406,-0.019414293669277827,1694727726.4919448,10,11,2.877290016495386,0.4711879811512971,0.30000000000000004,0.004153930605100235,0.00012380169127986898,80
51,0.024586474692244065,0.020354843746463014,1694727766.4710584,7,16,2.406401681924832,0.21698496425856711,0.1,3.014459555918951e-05,0.00010153594392554472,241
52,0.012134633477487222,0.011167723988175005,1694727791.967084,10,8,3.6230479912741664,0.04618466173802921,0.4,0.00023663293792446094,0.00016615936323293145,266
53,0.02158393757127841,0.020926548289934344,1694727832.4193785,5,16,2.9274340304190587,0.10740848190882468,0.30000000000000004,4.2548920711084806e-05,1.6062413175717252e-05,331
54,-0.003500090247712473,-0.002942253866070166,1694727851.2656107,8,8,1.577700731557123,0.22912397942300128,0.30000000000000004,0.0037302061243958064,5.3727412431182355e-05,428
55,-0.02980827718404422,-0.023070584104387226,1694727870.292103,7,9,1.839074490663024,0.012487270972741105,0.2,0.0008063083097407592,0.0003356731129669606,169
56,-0.0075224003063498746,-0.006480314019766675,1694727895.07093,9,14,3.0736569331332517,0.4816893129690323,0.30000000000000004,0.00021412538317864605,4.077522043366572e-05,66
57,0.012232209367142532,0.010680198347709169,1694727913.1302047,5,12,2.12977900338965,0.06749055250857666,0.2,0.0008401638210689586,3.701313081465829e-05,241
58,0.00302285101185773,0.0052463268535408725,1694727932.7672112,9,8,3.6584211267719544,0.3395661822343499,0.2,0.0011890359054192415,0.0006572472067180737,358
59,0.015438455108500282,0.016274768477544055,1694728024.0954044,9,14,3.747045749491901,0.44466288065512777,0.1,1.1675764841484738e-05,6.814680344940185e-06,227
60,-0.020520763561455935,-0.01866074194703371,1694728068.8285067,6,12,3.8139630928149146,0.094676952038449,0.2,0.0031559136442002983,2.4727918779231096e-06,222
61,-0.03068230107880643,-0.02796974865486823,1694728114.1481595,8,14,3.5855272615321674,0.12799005879564657,0.5,0.00020163076586754381,2.4712236370402796e-06,135
62,-0.018813194339561523,-0.017016065029597183,1694728150.0331168,7,15,1.2069528236203684,0.10875266804778061,0.4,0.0029518611198095864,3.981764015516434e-06,89
63,-0.007762507522519169,-0.006243870167592425,1694728169.3297532,8,15,1.1493052080712578,0.26130477181757095,0.0,0.0006347307495932815,2.174326303259066e-06,123
64,-0.01892098075514692,-0.016958389122712747,1694728219.9184723,8,16,1.085816225163967,0.04970018470803278,0.1,0.0027802203028904934,5.258436571114357e-06,186
65,-0.013005335719220357,-0.01102238011873835,1694728239.1119626,7,15,1.840803764599733,0.23586011149327407,0.2,0.00031532629970373063,2.175558287765983e-05,425
66,-0.01191901535472284,-0.00865382335481324,1694728259.52811,6,12,1.3930772759277974,0.43567099337671805,0.2,0.009865300743536502,9.768764963613861e-05,155
67,-0.03176434102243286,-0.026055817282744975,1694728302.157883,10,10,2.9152012607897353,0.38259452045848585,0.0,3.5676810435830535e-05,1.9056185253706586e-05,224
68,-0.006224634248181982,-0.00481365733668393,1694728321.8344617,6,10,2.081692209393629,0.49078774427395994,0.2,0.0002363874181550099,5.6431001513330115e-06,149
69,-0.02680398615607027,-0.023319778590115137,1694728348.3080027,6,15,3.6587242319220525,0.0853741301082197,0.2,0.000551197132005402,4.575784374192137e-05,154
70,-0.011293346481270783,-0.013514831324729304,1694728366.1989334,5,15,1.3894975412163033,0.19875299218524167,0.4,0.0011373770189027652,1.6789783609996876e-05,422
71,-0.026046655417401032,-0.022822759396184944,1694728403.0135708,10,12,3.6549006921234044,0.26044548142767665,0.2,0.009302022878340914,0.0002070045957099115,124
72,0.005955874804122074,0.005791560030283027,1694728422.6651125,8,11,2.4865192753583343,0.37784230526577084,0.2,0.0006357357681751788,5.184375047475743e-06,262
73,-0.03262434678534332,-0.027680766263640244,1694728454.4763503,10,14,2.088693004142108,0.13911294910895605,0.30000000000000004,0.00026610246623540054,0.0009175649611094924,196
74,-0.008352474591006187,-0.004776278580338911,1694728480.5916958,10,10,3.404074323354791,0.4326920635038786,0.1,0.0002145391644003947,0.00013582911981463517,248
75,-0.032052766381373,-0.027269804015104704,1694728511.9706976,5,14,2.4598856511651133,0.09224801926551629,0.0,0.000364789755722993,7.532200107829418e-06,429
76,0.011178653606479072,0.010494569981788437,1694728537.0096097,5,8,3.7230201239839955,0.20886251677542134,0.5,0.000513906482873118,0.0004392068905189023,485
77,-0.02473315933242204,-0.021233432883967396,1694728575.469826,5,10,1.5494614383339869,0.4783102967388744,0.4,0.0059844632765918065,0.0009031809702156507,419
78,-0.007848266568307505,-0.005219426480280287,1694728615.9354572,10,16,2.828079961665014,0.4098384671145294,0.5,0.0002596674061863792,4.4686453481236054e-06,362
79,0.03365859997964615,0.027901608182524518,1694728637.0701878,5,10,2.1302544759431434,0.4024517953640716,0.0,9.229793688763025e-05,8.317365341582123e-06,361
80,-0.02033973856644189,-0.01575089158298426,1694728672.0405507,10,12,3.531888945619945,0.21108177020539315,0.30000000000000004,9.189514808014321e-05,3.875904424102642e-06,463
81,-0.0006191977884733024,-0.0003965020566201183,1694728691.4919565,8,10,2.6161868071097603,0.20242510697546062,0.0,0.0012310384631366669,0.0004015577220897111,337
82,-0.0258693420319267,-0.023700593345973964,1694728711.7803428,5,11,1.6108273341283108,0.08516391845797144,0.1,0.004873989621162226,0.00033809207269537057,420
83,0.004475257899280383,0.0015297026312082185,1694728731.138119,10,8,1.6569629078006085,0.02169316679651223,0.0,0.0008387276863866954,1.6810059945015724e-05,317
84,-0.01404390144965606,-0.013715033241761487,1694728751.2180583,10,10,1.733806467669698,0.4106546525566092,0.0,0.005997036023835466,1.0990202816398297e-05,79
85,-0.03533758374571838,-0.029964766907468077,1694728771.3270314,6,8,3.534339623655529,0.027769001033632668,0.0,0.0006997084014793124,4.264981811826146e-06,214
86,0.019102739918423817,0.012357444645250348,1694728794.783367,9,11,3.1881416360618147,0.14091413188101204,0.0,1.5998620240208533e-05,0.0003275434983141695,118
87,0.012491533191736126,0.011811073609169664,1694728814.9100919,5,9,2.5645758947287627,0.34418572566043487,0.2,0.0007285742881130732,3.101684519541174e-05,398
88,0.00457045898669195,0.0049889379375616105,1694728834.449047,8,9,2.00794605365235,0.49664602896142224,0.2,0.0010774938610411337,3.2907139926213428e-06,367
89,0.023373466962469336,0.015308025472486442,1694728854.4649386,9,9,3.824103288849274,0.19715110031742783,0.2,0.0010809500980081639,0.0005763213703803606,440
90,0.02706610921893271,0.019332829412949226,1694728921.0324988,8,8,2.45760416934172,0.31038562811829573,0.5,4.041092864292664e-05,2.4953797651252462e-05,351
91,-0.005365401140094539,-0.005161839548801117,1694728941.794154,9,8,3.627745122531623,0.05682368908625707,0.5,0.0039018970710220165,6.885490790426677e-05,306
92,-0.023441646430372165,-0.020877674253927836,1694729074.3568833,7,11,3.764689550155394,0.32889129549132273,0.2,0.00011918013566755345,0.000966896519742191,484
93,-0.02474658137110408,-0.02166162796861082,1694729119.7435517,10,16,2.0702548822839995,0.41694616686366365,0.4,0.005480263266792904,0.00016095243118499023,438
94,-0.02592829540493069,-0.022840923414275904,1694729143.9006872,9,13,3.0896416915261895,0.03780618573694944,0.2,0.0025948565433379658,1.9002650548779493e-06,212
95,0.0033744058916715947,0.004993792326481561,1694729163.1964087,8,12,1.2170234837420197,0.08552732186829887,0.30000000000000004,0.0004407039931151565,5.827143463271068e-05,471
96,0.026590324984744895,0.020150003921051485,1694729284.0079234,10,10,3.6548161797869065,0.261671350740409,0.30000000000000004,2.0101592117066915e-05,1.601627001299038e-05,489
97,-0.021946838181151396,-0.018625773940165846,1694729310.98469,10,11,1.7385552475870676,0.4799705405687042,0.30000000000000004,0.006964704477536696,1.2758814349974604e-06,330
98,-0.025913816197201456,-0.021633735997588666,1694729369.1009858,6,8,2.465043552971654,0.4741420906310998,0.2,4.371442577128116e-05,0.00012506501809073266,457
99,0.018587687486196436,0.01137004531639485,1694729389.1782112,9,10,3.3347167261931876,0.3888537427783878,0.2,0.001839903109014979,1.287360603084808e-06,156
100,-0.02770128358695323,-0.02502217339405588,1694729425.237548,7,16,3.0875166151878686,0.33429629990190857,0.4,0.00146838929916702,1.5418788095480944e-06,464
101,-0.012571996175519962,-0.009709015911806507,1694729445.1052573,9,9,2.784415597177514,0.2259384669951825,0.0,0.0025490040795663675,1.0778537861205487e-05,345
102,-0.030460527516181335,-0.027666738839108085,1694729466.8074954,9,16,2.5796619310398947,0.22421860024163942,0.0,2.183464812840731e-05,0.0001509345310819367,146
103,-0.024712816220641587,-0.022789145681280543,1694729498.5976884,8,9,3.380772162612624,0.10514220510258976,0.4,0.0002155823115146545,0.000176848679801986,225
104,-0.01594146720665801,-0.01223951005079349,1694729518.7457252,10,12,2.2184479479461987,0.20742985443961104,0.1,0.0010377235516086554,3.3219455412057293e-06,133
105,-0.036508979014854503,-0.03383849913648995,1694729699.126764,10,9,3.4315858483258452,0.0414866148157052,0.30000000000000004,2.072168441280435e-05,1.2060633782496614e-05,214
106,0.003496579422366697,0.006581148217140065,1694729718.2643447,8,8,1.8305247962226967,0.38069719923384104,0.4,0.002339026759630853,5.3777286926881475e-05,402
107,-0.0249633493943342,-0.02151530351909603,1694729750.9671478,7,10,3.4351842219429387,0.1984709486407526,0.0,0.007339228148084538,2.430596283930269e-06,408
108,-0.02396815923204998,-0.021243889326091336,1694729777.2731946,6,15,2.8724071721451674,0.47193542635753194,0.30000000000000004,0.003360920567831443,3.071762191962162e-05,463
109,0.024433534397908296,0.019882560249975922,1694729802.2735565,7,16,2.9390233201319753,0.46021655231573305,0.0,0.00012440060422309055,0.0005070866282839997,184
110,-0.013852349545200315,-0.01494953539238364,1694729829.3756096,8,11,1.02999331654381,0.020661044924822736,0.2,0.0001364626339220851,0.00046032337395158406,210
111,-0.00797194099864007,-0.011367571804455245,1694729849.6794624,5,9,2.2335891849854645,0.4924017226963596,0.5,0.00040339220327771614,3.618150216941084e-05,342
112,-0.028145984580015826,-0.021669499020122274,1694729886.7415006,9,8,3.8144363488745645,0.4375393665091808,0.2,0.0001029803401489995,3.902353990623855e-05,290
113,-0.034283148794502116,-0.02797982092218354,1694730007.868222,6,9,3.176364697656351,0.4449980010487203,0.30000000000000004,7.429903995002644e-05,2.0430671212203988e-05,148
114,0.02409608031672028,0.023474126869130973,1694730037.1269655,10,10,2.058212415507702,0.323963867042822,0.4,0.00022571947426272478,2.587026991272577e-06,248
115,-0.025170158470796622,-0.021693168328170476,1694730095.7442708,9,10,2.2255344995350472,0.1366923351487196,0.2,0.00010155379953219285,2.7240913844296053e-05,436
116,-0.027404402525768923,-0.024103403030082404,1694730121.1265397,9,9,1.7110659952241285,0.17195249959809988,0.4,0.0016104433894255181,0.00016106405784035413,161
117,0.00597965285378288,0.00822819239993089,1694730139.612931,6,16,2.7641255955851127,0.3809254304650184,0.1,0.0007191297901210376,7.61693109040473e-06,281
118,-0.007605312824497945,-0.006531799575229202,1694730159.9906542,7,15,2.0794687246612265,0.36941884292164723,0.1,0.0006548541636488303,0.0003704515957240513,168
119,-0.0327834834505496,-0.033565605111272045,1694730182.1413703,7,16,3.4811847388749637,0.44169983779544914,0.30000000000000004,0.00013217272350015286,2.6692947946942184e-06,452
120,-0.021772796434946562,-0.020056393451395982,1694730205.6206572,5,16,3.787642643384214,0.47473143734162726,0.4,0.0009661934187223033,1.4631277314093178e-05,437
121,-0.01650239699208078,-0.015708568950229873,1694730326.6321588,8,12,1.405308146624737,0.05952648226558943,0.4,2.6091779302489847e-05,0.00012780147827698044,259
122,-0.007915253281419732,-0.003924075467327315,1694730345.162835,5,13,3.371855428151558,0.4949256310712532,0.1,0.00014951011007298718,2.8411527083496823e-05,282
123,-0.039093679985412244,-0.03419577212621494,1694730471.0543883,6,10,1.2678557592490498,0.2861178617541277,0.5,2.3594563050123332e-05,0.00014485061782484556,300
124,-0.03245878960638393,-0.028724743692282617,1694730503.4880955,6,10,3.958775156054705,0.05424778066913144,0.30000000000000004,0.0004085317307775933,0.0006776461252217357,155
125,-0.025019292539562477,-0.018502488618014512,1694730523.7920668,5,15,1.9750820772175395,0.20467682743157672,0.0,4.7703236207223107e-05,4.763254442641081e-06,370
126,-0.019463638309170195,-0.016421663065702363,1694730569.9580517,5,9,2.2051823709702427,0.200660147289208,0.0,0.009887451769348445,0.00033556397319118946,413
127,-0.020417582503993614,-0.016140956326786915,1694730590.199512,9,11,3.0036984286495745,0.41999450845872693,0.4,0.0044681787949010605,0.0002157698740742838,392
128,0.0061413955393323505,0.0034920654710463017,1694730610.3911738,10,15,1.9967017179864017,0.252608892395701,0.0,0.0001808086226384776,8.318413343298986e-05,161
129,-0.025061187624776604,-0.021437693637109012,1694730645.9280756,8,10,1.6964770864348435,0.17989955931012153,0.30000000000000004,0.0002473219991875605,2.1647559061959803e-05,412
130,-0.018523511174176388,-0.01773340484439556,1694730711.6772387,8,13,1.3437814615896797,0.009915792753237673,0.2,2.3092891857319714e-05,9.11826362120017e-05,448
131,-0.022042349402296324,-0.01865049229768645,1694730739.818549,9,11,3.5100365262804836,0.35749079511174725,0.30000000000000004,0.0006541696404933433,3.5079350632154904e-06,72
132,0.0013864256625873983,-9.46534540087196e-05,1694730822.4369695,10,16,2.5268551567380513,0.2896067811606957,0.4,1.985709146031059e-05,0.00014553100210304814,420
133,0.009891918684822976,0.00940572790466454,1694730877.118748,6,13,3.4130036240912633,0.4738111168746045,0.2,2.8664219911889438e-05,0.00015271733941959437,339
134,-0.009844741151663117,-0.004831976395425874,1694730940.5560708,7,11,1.0840823728306934,0.460232510159524,0.2,1.3649851839360425e-05,2.042985936115601e-06,328
135,-0.03198842165099114,-0.02830573693505123,1694731014.2328882,5,14,3.227570207488492,0.0024300698226460415,0.30000000000000004,8.301574767395544e-05,7.4533673308593915e-06,448
136,0.019114876053287655,0.014970489792862862,1694731058.1935966,5,11,3.8643358069879796,0.043310714045269705,0.30000000000000004,5.9367233990943953e-05,4.887478510828612e-06,215
137,-0.03255068012377871,-0.02917136073707538,1694731192.6353283,9,11,3.144420662659427,0.4595817790762012,0.5,0.0004050427839610575,5.87334310429189e-06,347
138,-0.021699717443729893,-0.014960484178161648,1694731217.5507262,5,11,1.9089737046069115,0.47661459413508545,0.30000000000000004,0.00015000895436322176,7.040431407378134e-06,301
139,0.01158921836076332,0.011372675247151354,1694731236.9777296,8,15,2.4966625372280173,0.48751139376262975,0.0,0.0006638218175973587,1.8747988644271662e-05,200
140,0.019190842144098386,0.015947545502379423,1694731257.6577468,7,16,2.1935770597843494,0.47007315534853744,0.30000000000000004,0.00014997522486691797,1.6481158526560025e-06,103
141,-0.010515075410713504,-0.00686221513021068,1694731285.121278,10,9,1.8663272215056095,0.18490463123381468,0.0,4.112403871733732e-05,4.730018133696046e-06,255
142,-0.02622900080638546,-0.02440262975148766,1694731320.3019433,5,13,2.4027601002663412,0.34627923909112024,0.1,5.326183677347218e-05,2.357818281909652e-05,243
143,-0.014211109110431774,-0.013501717461940288,1694731338.7281294,6,9,2.494733748031024,0.18609578829959467,0.2,0.0024349700215252046,1.441036788358541e-06,149
144,-0.017976159786005974,-0.016226214170804276,1694731367.121278,10,11,1.1874763799981731,0.11504409290998208,0.0,0.008474498287460995,8.309967253718814e-06,138
145,0.00883830964403165,0.0061018310785385665,1694731385.3935788,5,15,2.677669332131976,0.45021014249859675,0.2,0.0001846283279413204,3.706279363919692e-05,346
146,-0.03358967155118897,-0.030410501643192145,1694731445.0013618,8,10,2.6715284838744515,0.47273864658735776,0.30000000000000004,0.00020538196016246262,1.6499785389537114e-06,506
147,-0.020172112614683213,-0.01760174945263726,1694731474.4145415,5,8,2.003286762655878,0.46123172345234487,0.2,0.005437015635604386,0.00040138201239334437,221
148,0.013520858902922317,0.015184121122505001,1694731496.2930331,8,11,3.6101528028565357,0.3451597867656178,0.4,0.000673011224742556,7.498259287120285e-05,379
149,-0.016395391793299963,-0.014772059075608857,1694731517.4849365,10,10,1.4953759064551975,0.16651581219147116,0.4,0.003709839286375249,1.6670161457983415e-05,312
150,-0.025746634847550354,-0.02265066450723552,1694731612.0697384,9,14,3.3247827201056985,0.26250976991605984,0.30000000000000004,2.488987352308255e-05,3.7590958187224624e-05,70
151,-0.01509749045380926,-0.012733686103083341,1694731645.9001548,7,8,3.645050110174128,0.41897983100642106,0.30000000000000004,0.006006495360805442,2.4251583100749695e-06,375
152,0.012357149487084773,0.010169278465108511,1694731664.9357755,7,14,3.3105536586863904,0.4665610799252847,0.5,0.0004214144055444648,0.0005578014637434205,255
153,-0.028302544492494475,-0.024787788437003577,1694731697.014074,9,12,3.587667267283233,0.07739073496017523,0.4,0.003528419319014792,0.0001453752898242096,137
154,0.03680124707803567,0.02980470168069682,1694731753.0401313,8,15,1.5238431078806376,0.48780267302700886,0.1,3.210750821874728e-05,8.086601850880759e-05,74
155,0.0198232800211956,0.013201568650904605,1694731812.0596585,8,11,3.853788823549457,0.1462062579875668,0.2,1.1594961815587757e-05,2.017581191746035e-05,350
156,-0.028251804486627785,-0.023872070877418716,1694731872.1452367,6,11,3.2142375222349275,0.20958923379434452,0.1,2.776262559240663e-05,1.1307859957937725e-06,411
157,0.010577627977003123,0.009760710341588763,1694731961.1469893,7,10,1.263399805988947,0.35801290757000104,0.5,9.706799577828182e-05,1.9478900809410896e-05,493
158,-0.020535024425385906,-0.01944343245568847,1694731983.7231238,6,11,2.2346508845571718,0.2992668633106054,0.2,0.006093527730513309,0.0002193178030788133,189
159,-0.0031073834185855187,-0.0033511029847765883,1694732013.8042438,5,16,3.2557036970102082,0.17928958357283747,0.30000000000000004,3.427418654492309e-05,1.099553263163364e-05,382
160,-0.029955752268060243,-0.026493601376375908,1694732051.5003233,8,13,2.6461535342287936,0.2122982006367526,0.2,0.0011747124262569007,0.0009158134908853807,165
161,0.017079010501010905,0.016413542716155916,1694732071.4837418,10,10,2.5578958927434665,0.14867461223682293,0.5,0.0011755533512775142,9.229841092269377e-06,433
162,-0.012814345820769235,-0.009539906261448738,1694732103.6809635,8,12,2.324700549391869,0.21831194451113872,0.4,4.322575350576828e-05,2.685910841401831e-06,360
163,0.01357209034838136,0.015526105491068254,1694732123.323679,6,10,1.6197777621350964,0.04224942613602545,0.2,0.0010022738203203775,0.0002782085694213136,207
164,-0.005898159563553218,-0.005935979375893963,1694732141.1575649,5,9,1.375231221217544,0.20185765557310564,0.0,0.0017701780343158393,5.0423643466813275e-05,412
165,-0.016211810689993778,-0.014125837122226814,1694732175.926854,10,15,1.8812277226521614,0.05991594158969371,0.2,0.003888665473468163,0.0004291839278533971,341
166,0.015505172886460472,0.012543950420122685,1694732221.2709575,7,13,1.7346840346355232,0.05626944775546683,0.0,1.2495772256734295e-05,0.0005581416169308941,320
167,0.028907928674085426,0.02285300922622624,1694732245.66268,7,15,2.7424261377145576,0.06929693625646083,0.4,0.00020644624226550062,7.272247944229225e-05,496
168,-0.021404709615911566,-0.021297381794085357,1694732264.4741578,5,16,1.546210424925847,0.051568273565702316,0.1,0.0025000012552986077,8.554288406200688e-06,86
169,0.01278963655630827,0.007071255139152077,1694732293.262384,9,13,3.2355256004801376,0.3772860383336883,0.5,9.636449613094864e-05,0.00032804247354700615,266
170,-0.039205635228287905,-0.037206694515063754,1694732389.4743583,7,8,3.656500747173015,0.318146364173359,0.2,1.631407781759568e-05,5.8474943946661754e-06,223
171,-0.021413420269976502,-0.01923036099891018,1694732429.6792452,8,15,2.1153505477086574,0.14943593559450552,0.0,0.003967641495100495,4.4668125695364144e-06,428
172,-0.02384223240750294,-0.0210215396615141,1694732473.3307362,9,11,1.6715023884523252,0.06321454661963777,0.1,0.0021275667612902574,0.000809703923301451,357
173,-0.013324918013465803,-0.006123115132058654,1694732492.0162745,6,15,2.838464827299583,0.41571802635996147,0.30000000000000004,0.0013337665625836586,3.6298297381499736e-06,148
174,-0.03024970530359461,-0.02844915022071337,1694732559.0452707,5,15,2.5301356436733524,0.06511774876035697,0.5,0.0002875910768414874,3.269519527764394e-06,92
175,0.009868479531728092,0.00712693254814134,1694732580.170188,5,13,2.109129650319026,0.4193451192264535,0.4,0.00046055142105642444,1.2135941399636488e-05,402
176,-0.002116398573296374,-0.00024197782875545748,1694732602.2058969,9,12,3.0240989397910454,0.4065432820790114,0.2,0.0004450772220929476,4.356560562353911e-06,262
177,-0.02467558660828728,-0.020235613885427828,1694732620.746552,6,9,3.4306306956375234,0.3126879973061668,0.30000000000000004,0.005000072372674689,0.00026928857159628014,247
178,0.00454501131567453,0.004483935241576198,1694732651.9083195,6,12,3.6283045648951964,0.4791430642826302,0.5,0.0001670651092219815,5.1154348753374295e-05,118
179,-0.01602615712929789,-0.016899732984642535,1694732687.4925299,7,14,1.4945218998454983,0.06602414461580836,0.2,3.535942254122399e-05,3.2699173693068204e-06,104
180,0.028890232679589567,0.023615918800129587,1694732739.9299178,7,9,3.7593082381937117,0.010656738408500954,0.0,6.032494850820707e-05,0.00041153874932465455,448
181,-0.016111527760537703,-0.013141408468847926,1694732787.5942397,6,8,3.2259197247830027,0.13267244631047553,0.5,0.0001619650503491638,2.7176114882644303e-05,146
182,-0.0007444669457887798,0.0016412449820405461,1694732881.3946528,9,16,3.4910079797734306,0.38370377127027405,0.2,1.6787915882204473e-05,1.176420626247827e-06,305
183,1.5852710946506754e-05,0.00571963196996772,1694732990.1897883,9,9,2.1639163970609543,0.21258190670088445,0.30000000000000004,1.6600719371618718e-05,1.4282324998126305e-06,142
184,-0.004986833403912927,-0.002460262062398355,1694733049.168601,8,11,3.9015524222876046,0.2616502336945439,0.5,3.622646452416525e-05,1.1557933450130285e-06,445
185,-0.02702262514361875,-0.023451249527521867,1694733069.8174376,7,8,2.7150620032815898,0.2850089673996605,0.1,0.004485263163301013,0.0003055208962374879,268
186,-0.023096082408508245,-0.019569509385441775,1694733166.055612,6,10,3.7049228533457494,0.2022980717696577,0.30000000000000004,2.9953311564950613e-05,6.108679943499247e-05,503
187,-0.00043508325641905543,-0.0023098269799604054,1694733186.0820541,10,11,1.7681635201820376,0.28950205324923056,0.30000000000000004,0.0018984833607068696,1.759532232405586e-06,383
188,-0.026001829591018488,-0.020569983191838226,1694733333.0743775,10,9,2.2521967968025653,0.2438856886725021,0.5,2.6403933406540226e-05,1.1453873330300891e-06,213
189,-0.02493333245130036,-0.022151557448788273,1694733353.8968956,10,10,1.4923245067889988,0.3581637496638433,0.0,0.0012215701960791357,2.539985378024112e-05,260
190,-0.025511984531127352,-0.022907141051355717,1694733377.1415877,9,11,2.4605788046063433,0.13450271096865635,0.4,0.002550862989999125,0.00018817444534572128,85
191,-0.020176363919326645,-0.01714234105127943,1694733396.1242697,7,12,2.5420579762063755,0.4850087218108896,0.1,0.0007994285881208624,0.00018508797524478696,240
192,0.030792228764523366,0.0254497867465876,1694733418.147443,6,8,3.2343246447064917,0.16428844491475458,0.2,8.050217658378919e-05,1.0156304581420092e-05,492
193,0.023289513250632998,0.02250390959040882,1694733463.3336968,8,15,2.30618435215783,0.3982048530519372,0.5,3.097274529263994e-05,0.000732174348235037,112
194,0.01623726580380569,0.014382062946546315,1694733482.6268682,8,11,3.1516381706340924,0.1527027186583812,0.30000000000000004,0.0012348484730534397,1.6094314266274406e-06,332
195,0.012114584909809989,0.013517408286847776,1694733506.0926971,8,11,1.4444919659361775,0.056397564034547654,0.4,0.00024258668321165,0.00046243627618855633,191
196,0.0056444799451554895,0.003024806044031658,1694733525.6057272,9,9,1.8299941166766116,0.03937077497325331,0.5,0.004260635490592084,2.0681231980598143e-05,217
197,-0.028791424362563545,-0.025174489060062255,1694733584.0077891,9,12,1.531323112786295,0.28109704114689965,0.30000000000000004,0.0018472879306995961,0.00016845042601003853,512
198,0.012213861185865205,0.011822846941636822,1694733602.1712794,6,16,1.9235000732536387,0.36164412966435366,0.2,0.00026710103432984333,1.339726901436332e-06,193
199,-0.01774059716358467,-0.01229412070164182,1694733646.3881743,8,9,2.1772451996075475,0.1582234634846043,0.30000000000000004,3.9640333325803475e-05,0.0001274896372034887,224
200,-0.028570409961174548,-0.022154899203108203,1694733699.8193452,5,16,3.2921550153206756,0.37318316446485433,0.5,2.7434916522670555e-05,2.6716700138614153e-06,84
201,-0.027357651851457776,-0.02463892912843213,1694733735.6887794,6,14,1.4367253615724573,0.4771428128954537,0.2,0.003234806614580097,5.478802032802263e-05,308
202,0.00982380274490724,0.009670901220722672,1694733755.580353,7,13,2.2421116531675738,0.41126728106218735,0.1,1.87464004038817e-05,5.023712096877933e-05,137
203,0.024842900481857444,0.020278089570124225,1694733774.0909574,6,16,3.3011433076314,0.16329348532159121,0.2,0.00033971529046280445,7.069004052074943e-06,195
204,-0.032261148804948014,-0.028475148662145067,1694733811.0147903,6,9,1.517346612805353,0.433186176942611,0.4,0.008903430633923695,7.472281464600913e-05,142
205,-0.039678509340992596,-0.03472955132340094,1694733951.4736784,7,16,2.8407529958087654,0.4086676478095083,0.1,2.65546018387527e-05,0.000793074514810086,285
206,0.013861465150693975,0.01033602938326783,1694733977.4696746,10,13,1.95223734094891,0.35211515442554375,0.2,2.8407547061875364e-05,0.00021927321091588935,511
207,-0.01805680716879765,-0.014725934905079896,1694734006.2121983,10,14,3.3499701458680673,0.3985559846244,0.0,0.005309152213904951,1.2326690864602777e-06,94
208,-0.03484280079978208,-0.028392473581748012,1694734066.5682998,8,9,3.2771228361675258,0.4932606484551729,0.4,2.5326089082937832e-05,6.882324413268051e-06,417
209,0.02369834997852205,0.01922237102246016,1694734091.646883,8,12,1.8257953469758064,0.08294579277145803,0.1,0.00012854102218573264,8.05484060307906e-06,416
210,0.005087565365032298,0.008040191815265274,1694734111.1524763,6,10,2.5434674604377316,0.22232641328904024,0.2,1.3405536649706276e-05,2.470841384522814e-05,427
211,-0.0012750033527655358,0.002306077271432394,1694734131.3812835,10,15,2.0445872122982065,0.3206614002488485,0.2,0.00024910933015079485,0.000714230296843127,293
212,0.02631391712659048,0.02275759658639709,1694734171.7075024,9,12,2.8934867792902175,0.2828156911369836,0.0,5.350629316977118e-05,0.00013668856190667626,297
213,0.0029386111337589282,0.0009033016090324031,1694734191.3209116,9,9,1.1599950487683945,0.33460168413848096,0.30000000000000004,0.0007136460667580561,0.00024157733704036053,172
214,-0.022231204764322055,-0.018789809985158223,1694734229.403494,10,15,3.7114428379994893,0.3900693514337596,0.1,0.0036705415752642254,0.0007009200170868672,493
215,-0.02202363895268533,-0.0188871940281945,1694734295.181175,10,14,1.6600348010124764,0.078907407961266,0.30000000000000004,0.004913625393680718,3.670840564362118e-05,299
216,0.0002956537428164818,-3.0652681871190524e-05,1694734332.3658175,9,9,2.3492275153922915,0.16976869973889158,0.1,4.8771119610736454e-05,0.00027276087955742227,499
217,0.01192040370370051,0.012179437119959613,1694734357.1956522,9,16,2.5597000423195135,0.17355073226866125,0.5,6.639919976387185e-05,1.8111654719894456e-06,323
218,0.02296998880255874,0.02015333509174677,1694734377.2440863,10,12,2.1844345208415423,0.3135179859370298,0.2,0.0005639481165602325,9.474021471226943e-06,125
219,0.027590810913165176,0.021177826223118812,1694734396.4530597,8,14,3.196236833173401,0.29330800979599525,0.0,0.0012964887534905338,5.070644530007238e-06,79
220,-0.026239351090779017,-0.025657674349701454,1694734425.0677602,7,15,2.1303648955471637,0.20476860353649984,0.4,0.0003551271825534986,3.75840951141643e-05,483
221,0.0020273491026774337,0.0030288939822911143,1694734443.821349,7,13,1.454936827101652,0.386679157657804,0.2,0.0014419849341355537,6.312057902893842e-05,472
222,-0.032632535716250244,-0.028370606640528484,1694734507.2717893,5,8,3.8284258960489623,0.25384714613439496,0.4,0.00026119648878630987,1.4130345511621792e-06,407
223,0.025907052445770296,0.02446881958494307,1694734529.4114475,7,12,2.881779832407311,0.31902522789944193,0.4,0.0006207966084374782,4.368843695656352e-06,394
224,-0.001009971989664571,0.002020387991857886,1694734550.8400068,5,15,3.9395494029298344,0.4009458746395118,0.2,0.0001430775292657511,0.00046654977285922954,73
225,-0.009979540967489653,-0.010946411818857138,1694734571.0475984,10,10,2.1114781600034696,0.14855593608568907,0.2,0.0014761966722480323,0.0009746292186173508,246
226,0.0032292814474078613,0.0035017630873989125,1694734591.733368,6,10,2.7873947521443703,0.3490071233096064,0.4,0.000619388719464657,0.00013009000453272537,354
227,0.015424084501462043,0.009463924232351428,1694734658.2348928,10,13,3.9490877524688255,0.32184655778156923,0.4,1.4928043866370843e-05,0.0002482494693859737,408
228,-0.028074597019816183,-0.027002690145627506,1694734693.725461,7,9,1.3708855928120323,0.14360353497097078,0.4,0.00030295000291253,4.071945343710226e-05,467
229,0.015509375275948423,0.012649626258925517,1694734852.423349,9,13,1.0312353201273807,0.03207284008697253,0.30000000000000004,3.59297963272915e-05,5.587725957870585e-05,322
230,0.0034752193461442538,0.004934411034112296,1694734873.5715501,9,15,2.291289667281291,0.16288989459137448,0.5,0.0001797070491294121,1.3575877867896528e-05,297
231,-0.02185365074017076,-0.01869461719348009,1694734912.9234965,9,8,2.1210690342613,0.04967557388727589,0.4,0.0049959247923209394,0.0006086884247015368,329
232,-0.030094995885709075,-0.025761211775630954,1694734944.6047642,7,15,1.9538783473775478,0.11416569838030283,0.1,1.604156512414419e-05,2.6496200116593333e-06,466
233,-0.03057202413166271,-0.031065494842984043,1694735054.5797763,7,8,2.1756594509061524,0.14464650992572514,0.0,1.8445876620324528e-05,0.0002627543816642654,260
234,-0.02351908260036284,-0.0201782710021845,1694735077.799642,10,9,2.0509222879426448,0.47057411234824353,0.30000000000000004,0.005163162310079172,0.0003976743951866048,322
235,-0.0268032781205787,-0.02830844738755478,1694735134.9703667,9,16,1.7431044245011091,0.40999545132521803,0.5,1.5669646889571615e-05,1.0252041024981361e-05,289
236,0.0065987886357066206,0.010234222319193242,1694735154.508533,9,11,2.4720119110729795,0.008341453364843376,0.0,0.00012023169671798985,2.6471931736550267e-05,499
237,0.025965357006741963,0.02211345194335046,1694735183.099047,6,14,1.0516596154067108,0.27495805507167653,0.4,0.00010177377670440789,4.933676432439515e-06,165
238,0.0005132906829217188,0.00451883807878839,1694735218.218784,7,13,3.7864865514754538,0.1553151116841175,0.30000000000000004,2.7234508048145654e-05,1.3389917492774519e-05,149
239,-0.03544222351454529,-0.03231213728374294,1694735240.4876642,9,11,3.043884180978614,0.28117736873144955,0.2,0.0012891866384001035,4.601354377378374e-06,444
240,-0.024870522992717303,-0.021412610394949017,1694735266.7956219,9,11,2.581983764712777,0.3972857958988648,0.4,0.00375766110086234,0.0003473400804329306,431
241,0.022940279250376006,0.020710041713429606,1694735289.0046842,9,9,3.990642730649134,0.05322522644243649,0.1,0.00010755070788433779,1.0519800376928466e-06,181
242,0.015795467358390103,0.0132707636267968,1694735309.0889628,10,10,2.9994533045641116,0.4334049573312006,0.0,0.0010936771735623437,0.00014822178678561298,476
243,-0.013373578070059233,-0.011059224353424435,1694735348.4134939,5,13,2.7555700266608185,0.34572593147528574,0.30000000000000004,0.0066016001420582575,0.0004284989868331452,236
244,-0.01643784194588349,-0.027115863452080724,1694735409.5306518,7,9,3.702532095866914,0.14644766208433596,0.5,1.061885171231085e-05,0.0009459718329241427,198
245,-0.02203288741984588,-0.01785358204561982,1694735429.7644281,6,8,3.364000534780601,0.2182151794121024,0.30000000000000004,0.00016611795814099983,0.00041210736693906224,344
246,0.026718871968593794,0.022814104883915443,1694735480.6980648,9,11,3.362453833457103,0.0585852645856938,0.5,1.6181330202157602e-05,5.911366741303839e-05,175
247,-0.004541123643529099,0.0018244341830462307,1694735499.1955993,6,12,1.1191602521802348,0.1729927671929759,0.1,0.0023069484716016623,0.0002987108035480535,309
248,0.006006497345978801,0.006476681357905245,1694735520.368286,8,11,1.466193709995264,0.4214401845934728,0.2,0.00017594179724102451,0.000841115069703659,505
249,-0.022910290450148363,-0.020111307379976573,1694735556.7072537,6,15,3.3787833138141226,0.16196648623130722,0.30000000000000004,0.006582240368975237,1.731708385709103e-05,259
250,-0.023603732039038094,-0.02027162092271828,1694735584.456497,7,16,1.3621711624653938,0.07474357304169876,0.30000000000000004,0.00963318072965078,0.00012117184808681225,276
251,0.004767578999585909,0.003119058234585581,1694735611.9012983,9,9,2.6164742748075325,0.31857003552358404,0.1,7.333923834955267e-05,9.949499480383719e-06,362
252,-0.0008491457116415191,-0.0018582234650774687,1694735660.9567769,10,8,3.0778676995554184,0.2995696668225631,0.5,0.0002269505492942345,0.0002493306372351211,295
253,0.02186337632814095,0.01774792349026333,1694735724.6953986,5,13,3.067194295195322,0.4707192816265041,0.1,1.953452469467948e-05,0.0007707485457766439,196
254,-0.04144219567261587,-0.03568570901030643,1694735744.1902456,7,8,1.9989995613549816,0.12970389694308582,0.1,0.000492475094549766,2.7055042015659523e-06,118
255,-0.01982515447529898,-0.01712427868709554,1694735815.9046574,8,16,3.268756018858305,0.19750609513631628,0.1,0.0027153922586819917,0.00046134855215465873,328
256,0.0020721266238636904,0.0036493432566232498,1694735835.4724605,8,10,3.7232174872214916,0.13009880444647753,0.2,0.0008262042770728828,0.0005756245825452656,158
257,0.0033219774185668793,0.003715885661304097,1694735856.6275425,10,15,1.5171322933713678,0.20428840543752858,0.5,0.0009025250992448663,6.020121938845684e-06,510
258,0.025913839087458257,0.02148628960249499,1694735881.1671016,8,12,1.2456364542735154,0.0626968792250478,0.2,0.00036942699592149963,0.0003105349399041302,102
259,-0.03569996103912776,-0.03085762059862729,1694735915.7955625,8,10,3.542514067268056,0.26555228874794357,0.4,0.00020438463730383915,6.029123553595427e-05,159
260,-0.02134207983799241,-0.016560442169808676,1694735934.912413,5,9,2.3576105781306462,0.14057327929641122,0.2,0.0018104697760132097,1.1419076068870054e-06,507
261,-0.006181745133249761,-0.002377147764132781,1694735960.723039,10,10,3.4478870698271744,0.06169154281293049,0.30000000000000004,2.4029023667219412e-05,1.172119803597673e-05,480
262,0.005028281345257235,0.0036234565882126146,1694736041.9379997,8,11,1.2769044104872442,0.09175176913767397,0.5,1.6026965348156296e-05,6.908116539783816e-05,506
263,-0.018237068591481664,-0.015497518710232416,1694736060.1285686,5,11,2.4981990744895053,0.12113880639394897,0.5,0.007548709255943663,0.0006533085076995227,162
264,0.0207272849308483,0.01929064546581194,1694736080.1885538,10,13,2.2548544355394275,0.35093354337914123,0.30000000000000004,0.0017520981736426397,1.159362217922952e-06,397
265,-0.023763204970997265,-0.023688052365503864,1694736100.9054801,6,14,3.411831776312596,0.4650663616091003,0.0,0.0009526115333850688,5.233170126706821e-06,359
266,-0.023418699541241317,-0.02741362739481845,1694736139.1254127,5,13,3.3434825031299464,0.4371112692249934,0.0,1.5701977257477426e-05,1.697196409521379e-06,379
267,0.023450077918424905,0.020952998831337943,1694736235.2303088,9,15,3.3324780896826245,0.12646756386058716,0.30000000000000004,1.4987679489704043e-05,3.4614497940977476e-06,116
268,-0.01866158711688448,-0.014796314613064965,1694736260.2623806,10,8,1.9796316674442154,0.2932687249960454,0.2,0.0006091485811966464,7.620607634134553e-05,405
269,-0.03259929419340479,-0.027311942101571285,1694736279.5218222,8,10,1.4299559548985403,0.21248678573919078,0.30000000000000004,0.0009809976411804863,0.00012921436548620066,313
270,0.023856982789152714,0.02407715678496747,1694736297.7180278,6,16,2.1718836026300075,0.3735568288995385,0.4,0.0009821135604805389,0.0001975633000375055,467
271,0.017816399341666567,0.015590729762825939,1694736317.8792162,10,16,3.1855117471819927,0.43798488598487567,0.5,0.000110926844017666,2.7221505788168837e-05,286
272,-0.005104108632469462,-0.003732985598193128,1694736337.3203518,6,11,2.193204827344571,0.42088426000056006,0.5,0.0009052083297778761,9.616049935029841e-06,399
273,-0.004730839054766234,-0.001455891979825541,1694736357.677596,8,13,1.7176057713094743,0.37912948327840934,0.30000000000000004,0.0007374757222612882,2.3346133211437557e-05,436
274,0.022414409371732447,0.020312550653806993,1694736385.8324444,8,13,2.9705374934914266,0.2511014742977358,0.4,7.365405031991239e-05,0.00019353356411308488,400
275,0.022045554547295954,0.01780332433414944,1694736403.7924874,6,8,3.083110668788334,0.3388568249839739,0.0,0.0007021762608636044,0.00020750769182700633,250
276,-0.028321003211881024,-0.026691571778451495,1694736451.014778,5,11,2.2996353174069206,0.21447520669651732,0.2,0.0002043175001846976,4.541798505736818e-06,118
277,0.026092448612163643,0.022135700818884163,1694736470.6173196,10,8,2.0671037959160694,0.07775443153109979,0.1,0.00029370700894834644,2.0836384085510397e-05,295
278,-0.02534752407618046,-0.022955018391952242,1694736508.787591,7,13,1.0541356795688097,0.26855383163724983,0.0,0.0011265612381354552,1.4183579186922162e-06,120
279,0.017705783124332464,0.014868217860156352,1694736527.1585267,6,13,2.0472330334295643,0.4473378492296883,0.5,0.0007605980839954897,0.0006581993749062701,133
280,0.0260815415806942,0.02307801264234488,1694736560.8459249,7,9,3.7358447005415103,0.06190230604514818,0.2,1.6651149493181913e-05,0.0005946390807750285,330
281,-0.017981626072835377,-0.014220373677252152,1694736579.8574696,6,15,3.4415405437215814,0.3324728017744371,0.30000000000000004,0.0004578711706420848,9.003210204974892e-05,100
282,0.02749181481922025,0.021911970041269546,1694736660.2163649,7,10,3.3149724192460663,0.3167946972983677,0.4,3.404623578672304e-05,0.0007651888383515547,321
283,-0.0197515079267645,-0.016006309422141207,1694736687.5156999,5,14,2.3703598661164627,0.21761643878631276,0.2,0.00808491775605415,3.2494419724724124e-05,362
284,-0.04186739731066713,-0.03763735541943558,1694736790.6916168,10,16,1.8299532364547344,0.33693315807297264,0.30000000000000004,4.021206995281933e-05,0.0002737117568329109,485
285,0.020679275815199127,0.01801316102946182,1694736830.6961472,8,14,3.612358364641771,0.10782901632069453,0.0,6.068143502281113e-05,0.0001822145684176491,444
286,-0.029693637500374903,-0.026796957440194724,1694736871.664328,5,12,2.0849537976520454,0.09641918336972294,0.1,0.00025522418541555777,5.6443489189766984e-05,388
287,-0.030460370457136676,-0.027943294233846228,1694736917.5106149,9,10,2.533329154729832,0.30430980366558547,0.5,0.0032858571488453914,0.00039992011239567405,324
288,0.0008099503420624377,0.004346125610135809,1694737010.050047,7,10,2.2699589866619982,0.49918846092345676,0.4,5.2483816529532186e-05,4.345011145555226e-05,183
289,-0.0025249667464586345,-0.0033570658853627755,1694737036.4227395,6,8,3.250317080603977,0.20323082507463736,0.1,9.776639487101894e-05,2.085992903292674e-06,385
290,0.020750789822808646,0.0169966497033176,1694737057.5459056,7,16,3.7350500573822063,0.3913410999572907,0.2,0.00021503705067554084,0.0007389066508025557,149
291,-0.0012073355221107196,0.003236382907040092,1694737076.8589287,9,16,2.3078433791050066,0.3048931059840352,0.1,0.0008445672340111975,2.4701340284373177e-06,472
292,-0.02196757753402845,-0.027587411066895884,1694737095.0718274,5,11,2.375092394380327,0.3942105578771561,0.2,0.0001372577304516948,0.00044470225877961525,347
293,0.018025351433255343,0.014945575326296479,1694737120.7099543,8,12,2.4237101773603533,0.10110125876695925,0.30000000000000004,3.2805741848870774e-05,9.959683480566342e-06,321
294,-0.025984354033101953,-0.023735004640479618,1694737164.5305698,9,15,1.2623926224713624,0.1619670050735571,0.2,0.0017514741202560215,0.0008437044257394393,192
295,-0.020868385481837448,-0.018798734993066057,1694737210.2279754,10,14,2.6089727190971423,0.06641491532920618,0.0,0.0018170487310401285,0.00011551043524139323,415
296,0.03677788618588396,0.030158039146266247,1694737229.116575,7,11,2.9665253926680313,0.02493832189981854,0.1,0.00040908722714749025,0.0001058365118741596,441
297,-0.03255500256861232,-0.029217276756665855,1694737271.7516744,7,10,1.6716514855660891,0.23931886422345666,0.5,0.0005089646221652146,0.00034808089249894477,168
298,-0.029329845874825677,-0.025684755382660462,1694737308.4561505,7,14,1.5705465634345326,0.41238455214629566,0.30000000000000004,0.0008561143103017651,2.592133813912868e-06,497
299,-0.029096076260007875,-0.0258090283751089,1694737349.8968775,5,8,1.1362328729760032,0.24984005258895897,0.2,0.006024777810943563,9.885616251256753e-06,196
300,0.021804773934762767,0.020014690425562587,1694737370.1751263,8,12,3.0369278447089294,0.3205970456349258,0.4,0.0008263870379164965,1.0401384576523698e-06,235
301,-0.02515197397264135,-0.020437055335191356,1694737389.4560683,7,14,3.3860846462762177,0.3930767904668605,0.4,0.0033721509146004166,1.1921794993505771e-05,510
302,-0.02160082092714677,-0.01948860237385408,1694737432.9215817,5,14,2.522244722840541,0.1998458168344649,0.30000000000000004,7.719573001554851e-05,0.00026688984437947874,506
303,0.023903458149415857,0.021854402691474317,1694737459.1913126,6,8,1.9764263209529869,0.24762461560005483,0.1,0.00023171801028397103,9.069337314137197e-06,433
304,-0.002051828015027013,-0.0021278903935113558,1694737510.510721,9,11,1.3979526514511404,0.19325972153425236,0.5,1.4635159777116969e-05,1.5943351711286894e-06,181
305,-0.017868217459292346,-0.015428349872399494,1694737565.81209,5,13,2.8151859247861077,0.42576721898791287,0.0,0.003018972712909163,5.412277352199826e-05,389
306,-0.02958215044451218,-0.02832731407375788,1694737618.815421,9,10,3.039088006739924,0.021888311488640455,0.2,0.0002007282132990654,8.548951520695397e-05,368
307,-0.017096321939022108,-0.015107461954201984,1694737640.1314123,8,10,1.4422383582861245,0.4752470817130007,0.4,0.0005791434658952635,1.1376560210783066e-05,246
308,-0.019812237358399987,-0.020110678932994785,1694737658.1986723,5,14,1.5563352015439538,0.14690881317586646,0.2,0.001572045379280082,5.012722841444129e-06,496
309,-0.015103967797356121,-0.014160650958407794,1694737686.3221178,9,15,3.3845289509157066,0.1536468960298114,0.30000000000000004,0.002644692820899603,0.0005349490651099157,236
310,-0.004438527197846653,-0.0021150929851561084,1694737719.1413825,9,9,2.1573577868898997,0.31667709229326196,0.30000000000000004,9.133123420880079e-05,9.209557812119265e-06,130
311,-0.026396018889150108,-0.0232101473477071,1694737740.0472288,5,13,1.332735060933783,0.27789530198031887,0.5,0.004928888078762385,2.0117698544729165e-05,80
312,-0.011492441592104274,-0.01208555889467755,1694737758.9614,6,15,3.646217758625958,0.35911681212073865,0.2,0.007477410072618134,1.5269530760665425e-06,409
313,-0.017144892189933092,-0.014199787160565025,1694737794.997014,7,14,3.101720597062214,0.35557005588947327,0.1,0.003215950946231662,0.00010033245966580093,436
314,0.005328970273758338,0.007917798581296709,1694737813.8161514,7,9,2.781125223517545,0.09904111204584165,0.30000000000000004,0.0012635665205161276,6.919062969304111e-06,190
315,0.024772771852227815,0.02038389634314497,1694737831.996032,6,8,2.0436471724902936,0.4469021565704269,0.5,0.0017657067229596907,1.2465176761213155e-05,427
316,-0.017067535036245474,-0.014824568359851131,1694737853.5460458,6,13,2.6857375179007015,0.018817845039869663,0.4,0.00293559391578927,2.210497263750504e-06,455
317,-0.027897097956844474,-0.025339596395314024,1694737875.9289935,6,11,1.0994302651381074,0.055180374010967204,0.0,0.0006360671064532121,3.557732060698001e-05,71
318,-0.013384323210873239,-0.007517749492640835,1694737901.536869,8,9,1.8861603467375119,0.37317711121080055,0.4,0.00010898982742175494,9.09284788087488e-06,406
319,-0.018686325322448072,-0.01709741799292752,1694737919.3582404,5,16,1.8916034983767234,0.21178443448332335,0.4,0.005766199627972386,8.02808527249641e-05,290
320,-0.039855216305585195,-0.03006689102186222,1694737937.561148,6,8,1.822186311278505,0.46553155750183567,0.5,0.000586513772655469,2.397353014400603e-05,448
321,0.015001434163674054,0.014956016985658849,1694737956.4735644,8,12,1.592317043310499,0.17967513578044164,0.0,0.0008959919587952038,0.00011182740612738388,103
322,-0.026998226066586417,-0.02339164390861992,1694737993.3280602,6,13,1.9806820185122858,0.24326974907378468,0.1,0.0013844864722611188,0.00011190130046683084,318
323,-0.025018038223720618,-0.02377947132019731,1694738081.6440632,8,15,2.659618316585171,0.2224934973342177,0.0,1.7312159931925592e-05,0.000394117757841311,207
324,-0.02104330095273843,-0.022953817709820745,1694738112.6811402,6,8,1.0230745069028422,0.060427859356615266,0.2,0.0005966004743561533,1.8661113507209555e-05,141
325,0.02410017056121616,0.020599889091493573,1694738135.8127854,7,12,2.2034796775146566,0.4030034465884476,0.30000000000000004,0.0003632308858814311,0.0002730958843614785,354
326,-0.010518444426996565,-0.009767254814022186,1694738157.319489,9,16,2.313090447094735,0.39824506032500084,0.0,0.00331494217454401,2.2544961943727086e-06,421
327,-0.012273681857702945,-0.009496036100479,1694738183.923222,6,9,1.7805309109642273,0.3198477324932303,0.4,0.0003757273651486765,1.4513380001155074e-05,248
328,-0.020318661856555176,-0.017395667751600508,1694738208.948774,6,14,3.2844786929570233,0.10201467028107031,0.5,0.0036483949186127507,2.0654652375992885e-06,370
329,-0.01997873290243013,-0.01846307341942932,1694738341.6924753,6,8,1.8319202956029175,0.015882237451419923,0.4,1.2088514110511995e-05,4.729355939120613e-06,261
330,-0.023714690468006783,-0.02378628557405027,1694738361.2240496,7,8,3.430636545291562,0.3947576024149257,0.2,0.0015854643819753161,1.1552604770046492e-06,439
331,-0.011004776023952445,-0.009344550443171062,1694738380.9158888,8,15,2.859669351015061,0.06813356056065106,0.5,0.0012574435019865663,0.0005796004367062413,487
332,0.001380680216579555,0.004266770121304608,1694738408.2812452,8,16,1.6887240902574545,0.035470330515758264,0.2,2.2920115840862633e-05,0.0005818601199046965,127
333,-0.004792154369023471,-0.004300776686355423,1694738428.747479,10,14,3.0006335052890822,0.43666353406192276,0.4,0.0006744775633943863,1.6383859733423859e-06,364
334,-0.03510528097403043,-0.030420127777875727,1694738454.3395119,8,9,1.8235439362145704,0.4378713266867401,0.2,0.001317211616358823,2.1292536476088693e-05,73
335,-0.0009945070360384278,-0.004418868058420067,1694738474.1727521,5,16,2.995767928224569,0.14705737004598018,0.0,3.673719439031814e-05,5.429373903557904e-06,215
336,-0.020093949749774076,-0.016856092039851722,1694738494.3386078,10,9,2.7291047744121766,0.17184374010810388,0.2,0.0012446524556638154,1.157160340967254e-06,217
337,-0.01659579910775677,-0.014345168684661402,1694738521.2997844,7,10,1.1217968460414596,0.23229697168317787,0.0,0.009278980975279008,3.3285116551958522e-06,348
338,-0.015665878628937646,-0.012290077027586888,1694738542.7117367,8,14,2.049963300466004,0.42153660698150175,0.4,0.0006375384095687555,5.031114185642461e-05,95
339,0.01587658104659606,0.015026618447400941,1694738571.3287148,8,15,3.2044745834651973,0.012135568715927858,0.1,2.947274425775694e-05,0.0001442308019602896,463
340,0.0368910864400358,0.02892916209199914,1694738590.4464574,9,8,2.5129815262411657,0.17802361044486986,0.4,0.001552091716833915,0.00015367532352409733,104
341,-0.005448530714987632,-0.003480069564601118,1694738621.4237704,9,8,1.7534358309235825,0.46219934963015347,0.1,0.0001362885646064885,0.0002791132546498049,83
342,0.018302869562159763,0.017083090191748584,1694738664.826134,6,11,2.6484758756286433,0.20055450600144464,0.2,7.91360087390206e-05,0.0006315538858833817,468
343,-0.011740908489931812,-0.012443554634437914,1694738684.8609774,7,11,1.9239031670171587,0.2553309738058915,0.2,0.0006082149759350134,0.00044415834217053995,453
344,-0.029451325829239927,-0.02685635043931245,1694738742.0765169,7,9,1.709743035034731,0.05589223387982484,0.4,0.0011238148676808754,2.2375494307726995e-05,328
345,-0.018384032087278124,-0.01680827560167142,1694738759.8613255,5,8,1.659177354216662,0.040689801779292545,0.4,0.0021172926467006785,3.404865524310213e-06,259
346,0.02297547272283862,0.01941794714286149,1694738782.0531554,10,16,2.5968827799071246,0.2812219538548209,0.30000000000000004,0.00016846221844901292,0.00015153790395635512,463
347,0.003230669720716617,0.003576495222075704,1694738800.8602023,6,15,3.641780919810431,0.23935731544585043,0.5,0.0030377079032601582,8.835821627892554e-06,219
348,0.026423613978364124,0.019934183206570033,1694738820.2131748,8,10,2.1736065281921935,0.06874805446917165,0.5,5.646526466162347e-05,1.105820933218331e-06,365
349,-0.008114456519363822,-0.004698582388148909,1694738838.1893802,6,16,1.191990126097516,0.4365542096385258,0.0,0.0011624445667627946,0.000429628918337443,444
350,0.012130653396908997,0.011956358664988675,1694738905.9410813,8,14,1.495601259033017,0.4095033532433687,0.1,2.1549205411536305e-05,1.066968276259065e-06,396
351,-0.000937367644170628,0.0003528516378473734,1694738929.160933,10,12,1.870984405037016,0.4589925898596257,0.5,0.00021012683229551724,2.077950994435874e-06,115
352,0.004873848983582452,0.004908489511245895,1694738948.4216256,8,13,1.4880037469118368,0.2498620785451533,0.5,0.00336110792180508,0.0007306669442940165,328
353,0.0160971251641161,0.013600750647603577,1694738974.88744,8,8,3.851310204389425,0.4445247575551315,0.30000000000000004,0.00023101994159003823,0.0004491839392998587,495
354,-0.027137900939678605,-0.024273604372307522,1694739006.344872,5,13,3.5648429410972584,0.4669344001104224,0.1,0.005796699476403648,0.00021908237548245936,182
355,-0.02663547276553957,-0.02390519394882551,1694739036.4315236,5,12,3.1834028494293194,0.4254640053005895,0.1,0.004307957820528755,8.387655740189852e-06,393
356,-0.040136952386949476,-0.035825599729677915,1694739255.6214871,9,13,1.8092404558232493,0.4809601371420576,0.30000000000000004,2.1742700801420695e-05,3.264859427709512e-05,188
357,0.03003506260733091,0.024144689275311437,1694739276.5952618,7,11,1.2799489948900895,0.002722002970383608,0.5,0.0005019948833208162,8.697175522363081e-06,478
358,0.0347499215634246,0.029521900526734424,1694739295.9531872,9,16,2.522501864931142,0.03640691673941682,0.30000000000000004,0.0004766983128114448,1.2748639067135974e-05,178
359,0.03136884383544625,0.020214889393643354,1694739314.4274013,6,16,2.79353472384918,0.12258592394277251,0.1,0.0002234060516513208,1.5508672534441984e-06,215
360,-0.0047612666235017365,-0.0011706578874697282,1694739333.9179218,10,8,2.1507515670053423,0.0791555272673734,0.1,0.0014771800160072541,4.67048736893151e-06,256
361,6.324447456929061e-05,0.004803767956728322,1694739363.4177148,9,11,1.5227952338954867,0.3722248926033032,0.4,0.00012589466748251258,1.09362846245798e-06,205
362,-0.007587341682971038,-0.003978349043332274,1694739381.3336115,5,11,1.4617851974472211,0.4665337794260612,0.5,0.004697779025868957,1.47618231619198e-05,434
363,-0.030879870201862447,-0.027152356986644977,1694739511.2970576,9,9,2.2148804670776965,0.09758431082473334,0.30000000000000004,1.7659000293199074e-05,2.5195888046424152e-06,471
364,-0.014326815486360722,-0.012036510749743545,1694739530.9883227,9,12,2.658333891358285,0.46456800835007817,0.2,0.006465224432259839,0.0004593834132174867,376
365,-0.018600174001055292,-0.019180138519183654,1694739550.5086234,9,13,1.6509242976729688,0.39701766373133496,0.0,0.0007160919551554144,2.2906045042422704e-05,313
366,0.01966818770993728,0.01725268146054937,1694739584.2345068,10,12,3.1536652532350025,0.00802557439654028,0.2,2.412858745797605e-05,8.486712673230564e-06,370
367,-0.02693283233743271,-0.022946524534989132,1694739610.7627554,7,15,3.005159513696783,0.2378188746681782,0.4,0.0035244841622550137,0.00045593397815710333,154
368,0.0341840824708316,0.02705663328956276,1694739653.143238,9,12,1.2774976967723295,0.33152290710355853,0.4,3.8693548987470443e-05,8.651801750807152e-06,162
369,0.01676694040489235,0.016596395309962486,1694739681.226304,7,12,2.4776564366845895,0.31194690198197267,0.0,6.133349309368069e-05,0.0008466954226566129,455
370,-0.007186514648008124,-0.0030596303733601005,1694739701.5509293,8,14,1.4554367706618059,0.3138018619007,0.5,0.0005695022370342586,0.00018010089708567583,173
371,-0.016381550661991096,-0.01570784670090908,1694739725.0018554,8,14,1.7579264960474152,0.27355985150499496,0.30000000000000004,0.0004442636236325473,8.188941073079307e-06,198
372,-0.02805963792021382,-0.02533232542793895,1694739748.308573,6,10,1.2333367193344271,0.2863607270393329,0.0,0.0017494783065281833,0.0007612037856543713,92
373,0.020405271700362437,0.01742917131351074,1694739771.7170808,5,11,3.6378192766486954,0.39355473770198524,0.1,0.00016032361442888164,0.0009939378759695281,135
374,0.013139925306493883,0.010837441820339633,1694739797.481204,9,8,3.9940142874740574,0.283540457180436,0.1,0.00036128930375344085,0.00017058403350822513,141
375,-0.017939099411698578,-0.0145441609573973,1694739818.5702069,7,15,1.529917864064481,0.042129449161562305,0.5,0.009118961560306914,0.00023266028862015697,326
376,-0.018206811691453773,-0.011764167222443334,1694739848.895494,7,9,3.822152779920291,0.41280892133895036,0.0,3.1616619507856917e-05,0.00023331930523601917,321
377,-0.0024731444802497116,-0.005080966137029241,1694739867.4099724,6,10,3.6056418541232156,0.4273781869947974,0.4,0.0009688252451011157,5.623703740589114e-05,86
378,-0.021293260123610214,-0.019044094767985742,1694739905.6469088,7,15,2.579079797167657,0.14967905312516122,0.4,0.0058583407992005955,7.548383099672854e-06,362
379,-0.025372639216890258,-0.022573962287558702,1694739938.5835621,7,15,2.586040004046599,0.14065389866675942,0.1,0.0051823684668251945,7.052978286511762e-05,231
380,0.023589897050453,0.018964145390898413,1694739958.3287523,9,12,2.5641731444632927,0.12754911184222917,0.30000000000000004,0.0009044320367330672,1.6151824237698309e-06,88
381,0.007789622721289469,0.007862059849135128,1694739979.5976353,9,15,3.3586086877720818,0.3421299708914498,0.2,0.0005159905511992358,1.1545482270200974e-06,128
382,-0.027817736380457037,-0.02506763130156675,1694740012.9126256,5,15,1.973562924329894,0.09483242142286807,0.5,0.001505600808557354,7.6149184230115495e-06,504
383,-0.031091241891763932,-0.023723124551166208,1694740039.5052564,7,8,1.0026404107775035,0.2749150958073949,0.4,0.0009455889751170609,1.3000622719110178e-05,108
384,0.01857765434878711,0.015941926693929576,1694740173.866552,8,12,1.3270897150521455,0.07712894481687904,0.4,2.0966776941984817e-05,1.2026812037847735e-06,318
385,-0.004983016114850747,-0.00718601748320058,1694740192.449814,7,16,2.698945993401895,0.017396754349502996,0.0,0.0010288347553937544,0.0001939253369781721,209
386,0.02765176721026441,0.01971260109289863,1694740219.7396574,9,10,1.2993800457182272,0.2083425002118856,0.2,0.00016848651664055775,0.00021815473146820613,423
387,-0.02076355133314811,-0.01824858579556632,1694740238.3500373,6,11,2.664521155468742,0.024910140064714037,0.2,0.001896262702646661,3.5499807048409296e-05,188
388,-0.029154966794522785,-0.022363166987697136,1694740256.5362635,5,11,2.621630788647666,0.1646704300405144,0.2,0.0010627325376666398,1.721272061881149e-05,193
389,-0.025059522673034795,-0.022940578069721163,1694740366.0623102,5,8,1.6262552913612929,0.0457988434345008,0.4,3.0261270291298455e-05,7.4870306962324555e-06,286
390,-0.025640880595539928,-0.022396401451757253,1694740388.763281,10,15,2.7620224793555113,0.033964756505275806,0.2,5.822742217290583e-05,2.5554744990430545e-05,166
391,0.007214296250567354,0.008777875940527813,1694740422.4052722,7,12,3.837529583959321,0.19700198589885998,0.0,2.0542359113126074e-05,0.00023468989243030023,296
392,0.030585194698536378,0.02630035859135782,1694740449.0603697,9,12,3.8611044988615664,0.393257824273118,0.1,0.00029305981003886094,2.114070374714959e-06,227
393,-0.027022168636533728,-0.024328304190383676,1694740475.9153543,9,13,3.637540425613911,0.033623015919790555,0.30000000000000004,0.0014045524955878783,6.98866011138647e-06,84
394,-0.006242460634328539,-0.003601458837025673,1694740498.1350734,5,11,2.9013702677963664,0.10893939357343996,0.2,4.14322600623982e-05,0.0007107968238308311,365
395,0.007274568087893507,0.0067148161110653914,1694740521.4849174,7,11,2.9424223118070114,0.12773309383240533,0.2,7.737195007574089e-05,0.0003151916283614073,379
396,0.01094376547792908,0.011251384345182691,1694740544.0240035,9,8,2.4693567796228026,0.3581347828932296,0.2,0.000526715280437846,0.0002844589475804803,388
397,0.008137580351660456,0.009945886679389115,1694740562.868729,6,15,3.8353160116313973,0.0005133182136780601,0.30000000000000004,0.0006472667701671828,0.0004439724468425936,74
398,0.02866816388424609,0.026741656297608496,1694740598.3940282,9,8,3.9860375848759384,0.21686896949416506,0.1,2.7616120485912064e-05,3.3303131353527698e-06,286
399,-0.000606114997437901,-0.0004663573779861707,1694740622.3169122,9,16,2.312514895409561,0.10344497138798847,0.4,8.678599086604754e-05,2.4065319680736136e-06,247
