trial,score,test_score,time,num_layers, layer_size, hidden_factor, hidden_dropout, residual_dropout, learning_rate, weight_decay, category_embedding_size
0,0,0,1694725537.43135330,0,0,0,0,0,0,0
0,0.01740723982293224,0.0031064092976716973,1694725674.5207882,5,8,3,0.4,0.4,0.0001,0.0001,64
1,0.04234089863523416,0.03043120154750878,1694725701.6777594,8,14,3.611283057174438,0.004023474264908955,0.1,0.00746124357802247,3.46218393455652e-05,206
2,0.04471360480197151,0.03883705251910041,1694725779.6397018,8,9,3.41944407377281,0.17112731280734217,0.30000000000000004,1.0414090720927975e-05,0.00010458211838885727,158
3,0.005861058937060792,-0.0010426472959661481,1694725855.8667104,10,11,3.2572567662578393,0.381569500922761,0.5,2.1396046583465234e-05,7.948330938209046e-06,277
4,0.021340773169040705,0.01609144451900757,1694725877.569331,9,10,3.1034539591734625,0.3285000296871312,0.1,9.251006337777405e-05,0.00045984595517283266,101
5,0.028245487777084466,0.01419002511248002,1694725920.8302717,9,8,3.1944433797181855,0.3712556774967719,0.2,0.009422127931542557,2.2720186724406908e-05,149
6,0.03302319767323025,0.020877747543682545,1694725938.8529935,7,14,2.0723060897552967,0.02580927699753799,0.1,0.009917765483278666,7.306587168601358e-06,271
7,0.019260206323084672,0.0036669744827824147,1694725991.4624512,9,16,1.5262079279966312,0.10621068795153338,0.0,4.2271102660605097e-05,0.0009706526255807923,174
8,0.03314619895633686,0.02246656398009128,1694726007.6583707,5,12,2.368365445670088,0.3672451144729409,0.30000000000000004,0.0007298114623433989,2.8217458993588554e-06,305
9,0.04791826295104307,0.04397240470683217,1694726135.0315983,5,9,2.3505356704420763,0.21453617360335442,0.4,1.662320076983349e-05,6.860527180471776e-06,138
10,0.052682590213777636,0.04315624401774243,1694726154.48004,8,13,2.9158237846824875,0.10701285216976092,0.2,0.00025144473235736277,1.7750379672537975e-06,320
11,0.015949359044151068,0.004420128032905146,1694726171.7607422,6,8,3.8935878346600212,0.037329973278890705,0.4,0.00032202513489873333,1.8959745540519902e-06,299
12,0.027329224656406415,0.01859703384300293,1694726197.4383392,7,12,3.80502090490252,0.49752515147846743,0.30000000000000004,0.00011544917033015613,2.077165219658188e-05,412
13,0.04201310705657724,0.029605395701643777,1694726220.1082292,8,8,2.9547581802183465,0.4843080041756764,0.1,0.00015072012341348228,1.7700912041677964e-06,433
14,0.023433640206961703,0.007212955034533786,1694726237.2664654,6,9,1.4894051509034276,0.13898184638557703,0.0,0.0017630587846519511,0.00036428784618093584,479
15,0.04469381574532594,0.0392894444021763,1694726255.7501948,6,12,3.220946403608982,0.32531861139114526,0.1,0.0001471681540024772,0.000519664006099212,392
16,0.049066855243320995,0.04581812639252336,1694726286.4202926,5,9,3.6649551567448553,0.20635254747260184,0.1,0.00010984849271139009,1.7242362258198863e-05,403
17,0.054737718385188816,0.048795834787803694,1694726313.952798,5,15,2.1394245284712112,0.23843900200418694,0.0,6.555293322859314e-05,0.0006878819523603184,276
18,0.0461561846249543,0.03562162215607234,1694726330.1368237,5,12,2.8620076155975758,0.4245132950440264,0.2,0.00748619015992044,3.8643032488442415e-06,295
19,0.02957394842525729,0.016251239173852405,1694726348.0637937,7,10,2.8122684865137213,0.03983620846966435,0.2,0.0002643723043690541,0.00016121903280518312,195
20,0.027180519858389318,0.014295675160428734,1694726365.486724,6,9,3.9461510726743247,0.22646185026432702,0.5,0.004878874863328833,2.1024278958353874e-05,248
21,0.05302696045881128,0.04998446840589177,1694726390.6244223,8,16,3.413610925325811,0.2372376512518239,0.2,5.836937421942e-05,6.644808581458761e-05,92
22,0.03661247879372054,0.02668802436440787,1694726419.955037,8,8,2.561602448074141,0.2988262032430138,0.4,0.00037612836354723197,8.27609396013536e-05,306
23,0.015918780768554797,0.0022296126589606002,1694726468.8276052,6,10,2.3292133838754876,0.18842342284093877,0.30000000000000004,0.00017323095950661085,0.0007247792913878763,331
24,0.034516973039640964,0.018922738816164575,1694726485.5410388,7,16,1.676181330326331,0.2271609237901207,0.2,0.001912814431526258,5.183326233762108e-05,372
25,0.03504252762406079,0.026439265047321747,1694726555.6904247,7,9,1.4406002382704062,0.12735243741897612,0.2,1.6044714887369456e-05,0.0002512470186525629,94
26,0.016269165873167846,0.003656120715789246,1694726623.7476697,5,9,1.6668407057751005,0.1323279757680365,0.0,0.00014312995933946145,0.00011172385418688595,108
27,0.015813791177539338,0.008863037027188603,1694726644.1306007,9,8,3.639545074341363,0.22401796517828765,0.30000000000000004,0.0001841424538663245,0.0002565647788728511,215
28,0.020961804725804223,0.007021498016749561,1694726668.142922,6,9,3.453269869544666,0.05022465050323294,0.0,0.0012332027456394832,0.0006538163667566348,108
29,0.04811414526386393,0.04205261653949999,1694726731.013585,6,9,2.1930225599736124,0.28402945444506017,0.4,0.00019288646542964886,0.00021374839516551187,242
30,0.0384485366526669,0.03023650232472852,1694726809.624293,7,12,1.7028183150678828,0.1594253384403609,0.5,1.817733307556702e-05,7.875164465289482e-05,128
31,0.04259570978978233,0.03940574126862839,1694726827.5831244,8,9,1.0754708930367176,0.2561307022098161,0.2,0.001036183166781909,5.490460999339769e-06,497
32,0.025759020360510365,0.014677559250914629,1694726850.4135904,7,13,3.071219949513636,0.47452359173009967,0.4,3.538365014962994e-05,8.927245195017109e-05,428
33,0.029614062565540555,0.024031934650170617,1694726869.5709937,10,12,3.00809336848309,0.4605547458979831,0.2,0.00024048323977506408,0.0007543610491076697,507
34,0.025673593379218818,0.009741329332321635,1694726893.162457,10,16,1.7664487001158151,0.30740043385806115,0.2,0.00027495587095752513,1.0114847012329658e-05,270
35,0.025391096217514342,0.0100610668710428,1694726914.7954118,8,8,2.0423182879696915,0.14298889747562954,0.2,0.003129800303843619,3.9024690351755793e-05,157
36,0.043799882030088,0.04090615026215383,1694726932.0753386,6,16,1.4292120491503748,0.18893459208002655,0.2,0.0004778996993045841,0.0008377585706478559,253
37,0.023611766609018314,0.0076439834704866705,1694726968.7527504,6,15,3.887666660524532,0.03062854724422226,0.5,0.0015777368719916678,3.568050627614047e-06,114
38,0.031572901040377355,0.01829475250422319,1694726989.454041,5,13,1.9516778897613607,0.2636408178480133,0.1,0.007973222782567943,5.290128833838732e-05,439
39,0.04222700038259253,0.03733354709494352,1694727013.143661,7,16,2.3488188522890088,0.20029007814271865,0.4,0.00016381254153017714,0.0004479097125296651,248
40,0.026765537528816608,0.015723498988952977,1694727029.3547468,5,12,3.3121035743524416,0.07182868083653488,0.1,0.0011711883262235266,0.0008962333475523097,136
41,0.028659103473529735,0.013722176589951451,1694727051.4646692,10,12,3.3240099781823895,0.3239494697705216,0.5,0.0035368424406041635,1.2676268818195895e-05,197
42,0.053437648590961895,0.0488418564948746,1694727069.8120513,8,11,1.7480752354664977,0.2514051794146311,0.2,0.0009954888776561783,0.000959768150464443,301
43,0.03317976019150759,0.021907946615061458,1694727093.1874988,10,15,2.059162906592567,0.2742962709945771,0.5,0.00012063029779450199,4.574468492729514e-06,497
44,0.03459665800316658,0.02025428445795796,1694727115.7046027,6,16,1.237719257782874,0.08831099371584744,0.4,0.007579421581773803,7.328402166813093e-06,249
45,0.03168573572653455,0.01834137483498033,1694727149.636692,7,12,2.924821619273101,0.49670459581568926,0.30000000000000004,0.007235052518517522,4.953149705194159e-05,90
46,0.020285870299559305,0.006249690011190356,1694727169.8069098,8,14,2.638908006737185,0.24663788160551275,0.0,0.000951611757684538,1.5264626180095638e-05,397
47,0.0448869575808436,0.040679386493633674,1694727187.8772283,10,13,2.2627414715380842,0.3623264535453162,0.1,0.0008854162993126722,0.0009002243553366412,322
48,0.020762926319224717,0.009059776451708301,1694727325.4027584,8,12,2.4055443084670785,0.4994792051102572,0.1,2.4569831501148857e-05,0.00013687456879926874,458
49,0.02497505590011262,0.014800044354550956,1694727342.6757898,7,15,3.167971256392497,0.3937972828743898,0.5,0.0013182717140904198,2.109350101478568e-05,502
50,0.04971182661438278,0.043012582634954,1694727499.1706784,6,12,2.373176829071831,0.062640164451575,0.5,1.560537830321075e-05,0.00027174789242388774,429
51,0.03620685306461613,0.024343617001452822,1694727580.9357486,5,11,1.6703936699426887,0.45410494328493656,0.30000000000000004,4.454366013394176e-05,2.3992781124116463e-05,462
52,0.020717295432535865,0.0124780053770287,1694727599.089717,10,11,2.4375394220714526,0.11481783529322881,0.1,0.000325211052919979,2.7362656261838017e-05,502
53,-0.0009724119481360205,-0.011826462096562906,1694727672.4544764,5,9,1.8430376241645183,0.4040132730412819,0.4,1.0682266728697421e-05,1.4704059658687077e-05,70
54,0.04436096400435818,0.04192096710452753,1694727689.6186795,5,15,1.8252622707783326,0.35618955060211327,0.4,0.0003195199592787152,2.7532338252564227e-06,262
55,0.03591518481210776,0.029381915939339365,1694727808.1600544,8,14,1.1270869665749537,0.45980655536934095,0.5,2.1574080997405337e-05,3.08968007350066e-05,188
56,0.04353308801240918,0.037206946382980055,1694727846.1277776,7,10,3.2237611372378123,0.40166556346856486,0.2,8.781904035638614e-05,5.361161244435402e-06,90
57,0.030634418576113487,0.029035617789577528,1694728039.476257,8,15,1.7837896190629337,0.006436878872664642,0.30000000000000004,1.1641958114291062e-05,1.3772961297769423e-05,254
58,0.031516631024901876,0.016920671033439416,1694728058.829419,8,10,2.960566638689531,0.0922385384081908,0.30000000000000004,0.005719760290342633,7.2224278397056856e-06,157
59,0.029026324902041045,0.0243842465730143,1694728075.7356298,8,8,2.651281634674672,0.4290403412965823,0.30000000000000004,0.0011884637047554865,6.156842584922633e-06,247
60,0.04173282193096295,0.030245188968761605,1694728092.5677693,6,11,3.749593644363859,0.4428489665358785,0.2,0.0069655091346799555,4.9432350981872855e-05,368
61,0.01891130635737015,0.0035839453601439475,1694728116.5553718,6,14,3.2719302157608334,0.08547150548480387,0.0,0.0004950298935656715,0.00010671418097765677,96
62,0.03353887997224947,0.020638575597730968,1694728137.1662872,10,8,3.7764500495223374,0.025224780503345534,0.4,0.004091133398871079,3.7990093841433062e-06,122
63,0.04731461556894545,0.03946971854144843,1694728197.7415898,8,16,1.3624588042030177,0.44934579465762314,0.2,6.787905737365134e-05,0.00015703134822154683,328
64,0.01982263614973423,0.0052646938401343935,1694728224.6222866,6,15,2.7967045938056687,0.2266079873877343,0.1,0.003237371054650103,0.000648948763753529,351
65,-0.0023054001545954605,-0.011354457670946116,1694728266.7757785,10,10,2.2496364338462045,0.3728182498179954,0.4,3.216915695509484e-05,1.5258115187679871e-06,392
66,0.021999284229870186,0.007304785959737492,1694728330.310672,5,13,1.1252880873374487,0.27779418412393064,0.2,0.0017262564729472712,0.0004960842228482902,287
67,0.04325453442862959,0.03919658609755028,1694728504.6425798,9,8,1.8013481442691803,0.11158531743458683,0.5,1.1879179379257466e-05,5.054218024095082e-06,155
68,0.01716599475980063,0.0009092547400630924,1694728560.3657744,10,14,2.1979515228657114,0.24583758019874402,0.0,0.0005256127830395277,5.844710394469468e-06,207
69,0.019774217663660165,0.005767719375159963,1694728611.9132934,5,11,2.657492004417046,0.3030076063181347,0.0,0.00021172613801930773,5.058603411653589e-06,303
70,0.036019878124109006,0.034113789520862414,1694728631.5473385,10,10,2.7737942767149044,0.10728740993758551,0.2,0.00011425427389524155,1.9717026528149023e-05,123
71,0.037965458759045556,0.026863721557119136,1694728647.4596455,5,13,2.2246932974446363,0.45877602595431693,0.30000000000000004,0.004330529769600206,0.0009908294511485716,198
72,0.015138108650734505,0.002189904720790281,1694728779.3792727,8,13,2.2357870679165237,0.25132718628883527,0.2,2.1467012782825216e-05,0.0009306756770682715,339
73,0.046818854365643925,0.042710786506622744,1694728973.206041,7,10,1.8821996128593899,0.37598384671656987,0.0,1.0594981144731624e-05,0.0003133574700586061,253
74,0.018700233350263717,0.0044850140298089425,1694729027.6235998,7,11,1.5559348741216372,0.25240206069206444,0.5,0.00038774626686308687,4.051660435754702e-06,439
75,0.018196075438363768,0.003554658905397856,1694729095.1145687,8,8,3.1663470512820147,0.029368542754398708,0.2,0.0005544610337406376,7.628860158239336e-06,412
76,0.02862914726417287,0.027186153034587268,1694729163.5942593,5,9,2.2305903987420175,0.46147630441615484,0.1,2.6722895537843893e-05,3.40073784941585e-06,482
77,0.03407507621016692,0.025375010163718792,1694729180.6911182,8,15,1.9862985235441273,0.3258099614716241,0.5,0.0026477911793108292,4.1842620082418086e-06,185
78,0.041404953244803644,0.03799279679253387,1694729236.3843524,10,10,1.930560625894561,0.41059494436745725,0.2,0.00010282273917269163,1.2614925897511717e-05,190
79,0.0440796285388424,0.0440135756867297,1694729255.153409,10,15,2.2815688885374814,0.31378491856075624,0.2,0.00021923861568482088,1.2950282072967834e-05,342
80,0.0523160757872152,0.046786834585053394,1694729351.6489198,6,8,3.5045923176362646,0.24641246548417972,0.30000000000000004,3.424871618603709e-05,8.445941179416208e-05,180
81,0.032791701497375425,0.020699046168959456,1694729382.3030355,5,8,2.241819273373377,0.15602717311358527,0.1,0.006968207418125334,7.622270026285095e-06,127
82,0.039824625246203116,0.029867483215440638,1694729399.9133956,9,14,3.024442934143192,0.33560722788862446,0.5,0.004506131209074966,3.124448006454942e-05,182
83,0.03563210712904241,0.02632898308758569,1694729524.5629735,8,13,2.2451143363032258,0.4310080923725321,0.5,1.0974553055054617e-05,1.834323682524119e-05,463
84,0.021741630815131252,0.016847690375181967,1694729541.8720567,9,10,1.021494316860387,0.2913106526330353,0.4,0.0018259585807727592,0.0004394638209219991,78
85,0.04782590197253156,0.040231256901538726,1694729559.028835,6,11,1.450876320368957,0.13827695453889677,0.5,0.0015292413206164646,0.0007554110759082523,277
86,0.03752160685450012,0.029925763280246986,1694729578.5726056,5,9,2.731500282518664,0.0967020641851023,0.5,0.0001290243726501836,0.0007407406588945733,381
87,0.04054837226568564,0.02982084831376397,1694729611.3377793,5,16,2.9299867918508053,0.3996365182763422,0.5,0.00011855981258549419,1.8983854928079252e-05,338
88,0.03106138171519912,0.02077028437405437,1694729628.460396,5,15,3.828744996625144,0.49962901359255707,0.4,0.002478885105650523,7.808082184584485e-05,492
89,0.02780332900375526,0.01464551489671595,1694729644.7605567,6,9,3.88443370615087,0.13810580309301462,0.1,0.0012428478756916566,3.875831772419441e-06,203
90,0.026498370999900822,0.01131759973117663,1694729665.9846797,9,13,1.9897821002908063,0.11552715046682971,0.5,0.002507330019435622,3.5556651890680905e-05,265
91,0.02272116073664976,0.007899251706943389,1694729711.6732275,8,14,2.958951277595149,0.09526360883076634,0.2,0.0006468128677361026,0.0001934220077756551,228
92,0.016384040646617692,0.002180789162667396,1694729814.3664021,9,10,2.0538728504548547,0.040922428029983304,0.2,7.206558690316991e-05,0.00023007265614867337,460
93,0.029894975271095525,0.01732665477866857,1694729832.5869973,8,14,3.4326150745226682,0.23390796004084918,0.30000000000000004,0.0023754590165628413,1.3949946113138808e-06,116
94,0.02008120047585127,0.0071389891506653536,1694729858.3897507,9,14,1.4609092522004588,0.4044972956464765,0.4,0.0030799029108856033,0.00018608514179986553,88
95,0.03867728336135845,0.029248984245196064,1694729875.1939402,8,9,2.3192693317904975,0.46488315370143146,0.30000000000000004,0.00025209733262232347,1.1682572820123306e-06,497
96,0.028784251905022096,0.016494756562987822,1694729900.749679,8,13,2.415476513031725,0.44468411782320233,0.30000000000000004,0.0002375374643955191,2.0548771540700107e-05,344
97,0.02836191189487358,0.015566484277250492,1694729921.0783682,8,16,2.205759409761976,0.3132626467147193,0.0,0.004891131894769694,0.00010240883223859688,67
98,0.023041291616566983,0.009325693116156275,1694729964.283026,8,14,2.139610918262534,0.19632174635594907,0.0,2.8401350147490675e-05,0.0001702363430820455,331
99,0.044294034109405245,0.04114133009245102,1694729983.0819814,6,9,3.5484213953447643,0.15774738681280032,0.0,0.0001796079409426152,6.534162290666104e-06,197
100,0.05387248150754931,0.047090445136463766,1694730019.5660112,10,14,2.0887786160793826,0.029244544772823455,0.30000000000000004,6.740821619586202e-05,0.0003631418441228842,240
101,0.04162459348038994,0.03547876982158449,1694730036.5049865,8,11,2.421898524500824,0.002217828530537702,0.0,0.0006721125252681517,0.0002533611541069174,447
102,0.044968996470027056,0.04233818234246145,1694730087.4632306,10,10,1.2499550545297955,0.28916195733187916,0.0,3.843196925477951e-05,6.374764380308228e-05,297
103,0.03308498909902802,0.02401571841978345,1694730118.1843114,9,12,2.2866141595345897,0.2035518069828272,0.2,2.960368682792489e-05,0.00030597910735674205,233
104,0.03952690664126801,0.03223478166264493,1694730135.4336522,6,9,3.7158927810490794,0.4382664452997031,0.1,0.0009227161179407809,0.00047699740425434387,260
105,0.025298722189054268,0.01331876398159404,1694730153.0589015,5,16,3.5008243459465813,0.4614502332962824,0.4,0.00023457382300009518,4.1170072096707694e-05,485
106,0.04705391620901078,0.04314729488531743,1694730174.9530315,10,13,3.889149923667628,0.4225279619536516,0.30000000000000004,0.00016875829638573995,0.00010347598221563793,243
107,0.04757845959243234,0.04450839199361567,1694730192.0489893,8,10,2.68207431858413,0.26739500620346024,0.5,0.001791423944174244,3.180516371606473e-06,418
108,0.045750429033512785,0.041467647638125604,1694730247.6408272,6,10,3.72621185021148,0.3023607311969934,0.4,2.1333735250331888e-05,0.0008361312119894036,116
109,0.0403300857076655,0.033312037269451866,1694730265.1282265,8,8,1.8154620715360665,0.24905352179513424,0.1,0.0007960831031257582,0.0002127457930213277,439
110,0.02256518034417776,0.0070895714153556,1694730283.7237284,10,12,1.7785876487374184,0.20045636057312516,0.1,0.0018274894952432573,1.1839408910310925e-06,468
111,0.02261058296257734,0.008130007980640563,1694730321.0509808,8,14,2.3233696849722834,0.21898128159715496,0.0,0.0007777613541110121,9.171458261258732e-06,219
112,0.03020545877857206,0.022951715767172365,1694730337.205911,6,9,2.1936446360408257,0.13656016309228258,0.5,0.0031854431635282175,1.34047632555523e-05,143
113,0.04585105476660234,0.04131606878483507,1694730357.1512678,5,8,2.9638752200950496,0.1307811250380515,0.1,0.00022797147447177975,6.468354356664865e-05,171
114,0.05084024405493082,0.044711569211493996,1694730410.4102242,8,15,3.9950433689136857,0.37379132894764955,0.2,7.522910446679893e-05,2.5436303512197205e-06,259
115,0.03655746611283606,0.03150420826845135,1694730430.4461355,10,11,3.785614778410948,0.3613814195515827,0.5,0.00045304284558852223,1.8298577427937938e-06,215
116,0.025436098010409358,0.01634417322719517,1694730447.4327898,8,10,2.6535478093928377,0.21883874205461135,0.4,0.0032317685992504014,1.701712802596073e-05,120
117,0.04306133942355783,0.03976018730597353,1694730509.941186,7,10,1.2899891786478062,0.24156618514475903,0.5,6.716936740443779e-05,0.0009990822708502293,398
118,0.04963436051006842,0.04574575209033327,1694730538.7786028,5,16,2.2379556380850065,0.09079387875699707,0.1,3.12691785722152e-05,2.155477846207197e-06,279
119,0.03583368118038066,0.02220352590494945,1694730579.1796894,10,12,2.433627431533176,0.3794735841245002,0.1,0.003655623276317006,8.868797424675588e-06,304
120,0.04824893797356011,0.042061042323824016,1694730622.6297548,9,12,3.09203959663243,0.08380063433710044,0.4,0.00014078332078537717,0.0009355550312095074,456
121,0.014057545787694692,-0.00065762694711613,1694730672.8821807,9,11,1.629464653935481,0.27052061071361083,0.0,0.0002938048831655861,1.5704691930412306e-06,146
122,0.03237847658866777,0.01857691390115057,1694730689.9900548,6,9,2.751080713511482,0.4009219309068192,0.30000000000000004,0.0016803508846327869,2.357872225520257e-05,290
123,0.05018065440950614,0.04356994624576482,1694730762.2064378,7,9,3.0318050301650583,0.08270944686049253,0.5,2.3945885139623186e-05,2.4720377065095324e-05,205
124,0.03508918162517116,0.02687434472852357,1694730802.1057942,5,15,1.6710844681766641,0.19539097972459218,0.5,2.624046126022229e-05,6.108031174309382e-06,153
125,0.050138002357737466,0.04714134700996453,1694730825.5458977,9,15,2.9970666083970654,0.43096911491199263,0.2,7.97263835640949e-05,3.4794409109879355e-05,200
126,0.039988428392353725,0.03465136858632256,1694730852.9848044,7,15,3.8907657743033184,0.3395272857624983,0.4,4.813115941573388e-05,3.7235925718854714e-06,89
127,0.018025826373398002,0.00526576114069599,1694730947.0347407,8,8,1.645147178564109,0.00878903595777425,0.30000000000000004,0.0001535197163993085,5.367685289388359e-06,454
128,0.04422916690430023,0.03836373564790807,1694731102.0374718,10,11,2.717242967942455,0.10233822907786388,0.5,1.101033785009502e-05,2.3112040682338396e-05,471
129,0.020098472828248837,0.008911984936831763,1694731126.5134244,8,16,3.2637571884657306,0.22217186605626027,0.5,0.00040493744957643377,1.5146526371063258e-06,380
130,0.023054422072696035,0.008062044437484928,1694731151.2690618,5,14,2.2936055052974367,0.03991313442647021,0.4,0.0021581184565568606,1.6890688340296247e-05,342
131,0.023984761975749502,0.009305744600087706,1694731200.5469897,9,11,3.285166419960819,0.18197499510108306,0.0,0.0013172342096966156,1.085865985080335e-06,348
132,0.04904313545085448,0.044896403839427834,1694731217.725381,6,13,2.55386430923988,0.28906526092078844,0.0,0.00024204253524824824,0.00047739796128418296,291
133,0.050333535449598954,0.04520926391498148,1694731241.6150692,9,12,1.7039319888952593,0.06138830477661056,0.2,0.00016159141954256927,2.1643700642701008e-05,391
134,0.020239284467606478,0.006945289990523129,1694731261.4745696,8,11,2.858331043267368,0.11646223386532062,0.4,0.0007090283880625215,2.483732754859162e-05,455
135,0.020333291740315174,0.005482832643827984,1694731346.856122,10,9,2.3295777618025824,0.32374796561444585,0.2,0.00020610619314247682,0.00016558371636514338,412
136,0.0325766593866077,0.014365737799468592,1694731363.544008,7,14,2.2513606210609316,0.15605113539540744,0.30000000000000004,0.0006449763937258947,4.1546484718788e-05,259
137,0.02120805782871016,0.006384436362071422,1694731433.0298395,8,15,1.0885380029218144,0.20708763414697945,0.1,2.8411266517637884e-05,0.00020110180068232296,211
138,0.02759919555281165,0.012901354120528286,1694731462.587325,7,16,3.865666760689435,0.06666004256837715,0.4,0.0023311805034979234,8.316898959225552e-06,433
139,0.033665834212190715,0.023985563147052247,1694731487.4037883,9,16,3.047608150964855,0.47633643921676566,0.4,7.103145047932369e-05,9.921680083435191e-05,186
140,0.04685428148440862,0.03968598144098168,1694731505.2383769,8,10,1.3031602625962817,0.43612715079074754,0.30000000000000004,0.0008699772262277525,8.099681786751055e-06,491
141,0.04847463369845406,0.037748966125904615,1694731550.029032,5,16,1.9638667589532772,0.2994005765556942,0.0,1.3137127229073939e-05,4.193068186872846e-06,131
142,0.049662727463736234,0.043008621772334776,1694731633.696575,6,9,3.935728858868117,0.2703615415921626,0.4,3.890132245802411e-05,0.0004368627633684993,262
143,0.045483415132456906,0.03747946906572441,1694731652.315456,5,13,2.6431519947042093,0.24173401981721593,0.1,0.0003481121336126172,3.787147752808679e-05,207
144,0.033427410341832275,0.027515861442981793,1694731669.267357,8,9,2.753823197886273,0.07352260618211254,0.1,0.00041057261389912874,4.133240365079084e-06,124
145,0.050466490286844135,0.043237713779256226,1694731693.1024795,7,13,1.7032449700077374,0.15815748906504745,0.4,0.0002445426631888932,2.1457793267778825e-05,289
146,0.029625234910505505,0.020874674854665987,1694731713.704799,10,12,1.932440919441908,0.002790859625994846,0.2,0.00012729702389565302,3.5623130998575505e-06,377
147,0.03366071830135442,0.02921077400199279,1694731780.2901218,7,8,2.864990087503029,0.14140254862981072,0.4,2.3093910425530647e-05,0.00019708454522188266,186
148,0.027007052603858495,0.013535516533540126,1694731804.5488336,9,15,1.7298421020130825,0.31809468548211983,0.5,0.00493375637549853,3.386838803500993e-06,194
149,0.031086890217355112,0.017503823595645285,1694731829.3763337,8,15,1.975479364053831,0.022152309660026126,0.2,0.007116362003338009,0.0005813453170310709,387
150,0.0483283120447644,0.04157592424820089,1694731855.1109967,7,10,1.4523210164872529,0.26863751943561853,0.0,7.059922512185998e-05,0.0006031134346651927,123
151,0.04660308496169807,0.04463112688708304,1694731899.6193216,8,13,3.001013663255847,0.020694379427235732,0.4,2.746961450836889e-05,0.00019397349812345764,429
152,0.042500007117245,0.0325438514009857,1694731915.5979652,5,9,1.771604786793632,0.43988318357083395,0.4,0.0022582711465094284,1.0966130732063774e-06,393
153,0.035249883505053425,0.02197340744727383,1694731932.951664,9,14,2.106552862909508,0.046728661580301034,0.4,0.00045123191978842144,9.501465135694867e-05,508
154,0.02139408675626986,0.0070312834373508215,1694731969.901325,9,12,3.3500826406785524,0.3782168080164473,0.30000000000000004,0.0011016297517045016,0.0007088523290232107,315
155,0.02957555627316999,0.014376745579681716,1694731999.7969108,6,16,1.584058972075334,0.48118529353466005,0.0,0.0016746937265335036,1.1796534767422248e-06,386
156,0.017697918809090774,0.0012820556639412395,1694732018.6653254,6,12,3.434084196164112,0.022053595918359925,0.2,0.0006458505213944134,2.01070623182489e-05,124
157,0.041069149758311996,0.03193442863155238,1694732037.3612661,5,12,1.0249199892580148,0.07712002540756563,0.1,0.0001743949901662629,0.00021787775817258532,307
158,0.043964195279658114,0.0398605348193426,1694732057.6019194,9,14,3.6491095486626177,0.10658257847562974,0.30000000000000004,0.0005218219744761026,0.000531660029385084,209
159,0.022636869377889224,0.007257038076433853,1694732099.5835161,8,14,2.7791648570965575,0.012306735650547684,0.1,0.00026961603948178603,2.041015772959646e-06,268
160,0.05372394656338686,0.04678606048208911,1694732131.114775,6,11,1.9762240247105098,0.12335209229706667,0.0,0.00011064048394047775,6.981539279423747e-05,371
161,0.04383639362011715,0.040250234248468075,1694732164.7085867,8,13,2.748688286833917,0.37962111430246687,0.1,4.5303603353603566e-05,2.610307379147951e-06,351
162,0.04013093445009963,0.03151922193295087,1694732180.7080367,6,12,1.995413532566071,0.3282255914372312,0.4,0.0012807994157721851,0.0005660410492158267,330
163,0.032385662785326064,0.018835241273795877,1694732202.3184083,7,13,2.957771080949838,0.16989394031220167,0.30000000000000004,0.004512224455883101,0.0007252143162468905,489
164,0.025068873776212697,0.011435892984880014,1694732238.483208,8,15,3.9555841855574645,0.32368146371779627,0.2,0.0028755665771913828,7.240213750345125e-06,214
165,0.05165237380182064,0.04610799127565912,1694732312.7525406,9,15,1.0197259813469584,0.08600584778806813,0.0,2.0117694856559722e-05,1.417236787701187e-06,474
166,0.027014301648794037,0.010505612401072395,1694732329.6950333,5,15,1.9678211128097218,0.38770935733985473,0.0,0.0009057401923869216,7.244767790644317e-06,356
167,0.04492054943583723,0.040282992156434494,1694732359.514355,9,14,1.0691271803169013,0.40412161004145253,0.4,0.00014604831460003515,0.0001461809203032187,461
168,0.03590912689351988,0.020636437671927466,1694732375.471243,5,11,2.5031084113017013,0.3050857909978779,0.0,0.008322450921515519,0.0006741148993400331,462
169,0.014514856707876111,0.015417896423665867,1694732570.4542594,8,9,2.196566757604189,0.22329366603252987,0.4,1.778149857580654e-05,0.0006099227481084483,120
170,0.048221568706375506,0.04483585532501955,1694732590.2492156,10,16,3.80101496772571,0.35044975006852785,0.5,0.0005172059967454935,5.646412947512896e-06,354
171,0.035388565067117406,0.02539914701843693,1694732614.2643943,6,15,2.3334268826277773,0.12764525087160383,0.4,0.00021606877901083523,2.6229174557406852e-06,397
172,0.03240286590132069,0.021266496048709893,1694732647.4188426,6,15,3.510484935868635,0.10921960633728972,0.4,0.009094886402006617,0.0005027513656435561,303
173,0.02803980871459133,0.01285642771982587,1694732671.420861,10,10,3.9812353285643547,0.3102210713165868,0.30000000000000004,0.0035037757192129316,6.658223985305119e-05,305
174,0.02548398157840226,0.009841297342743638,1694732687.3010893,5,14,3.2912813213324457,0.19697334206584416,0.4,0.00399766582398276,0.00014841322655878195,227
175,0.029911429030369474,0.016775870183100894,1694732724.4943507,9,12,1.341446259716387,0.24847596425789537,0.2,0.003052952127919073,4.585008538644993e-06,153
176,0.013223998738650544,-0.0022040259955438124,1694732907.3919773,7,11,2.7229988283190503,0.16732681053371912,0.4,2.9493128546863984e-05,0.0007554358919813852,90
177,0.04950823621573486,0.04298332736502786,1694732927.3815026,9,13,1.0570375318606917,0.18168936145086373,0.4,0.0002820000438095851,0.00018861804856912264,504
178,0.033800665980157296,0.027743047765819484,1694732943.9872324,7,10,1.4475901727672027,0.3044493008446263,0.30000000000000004,0.001607706737139139,1.2120391575961549e-05,208
179,0.023677434756136928,0.01022865283781782,1694732982.6748884,10,16,3.0507006149580347,0.45316838700865975,0.0,0.005471676430175823,2.156263275798197e-05,388
180,0.029046753542074644,0.014989245322367672,1694733019.7222257,10,16,2.6839088124069206,0.18979599123823776,0.4,0.00742107582019253,0.00021325900672851535,482
181,0.02131462861562372,0.006485025750838758,1694733048.310434,9,10,2.4609208592818472,0.15612018568921,0.0,0.0005441192700965514,0.00027627958414125006,389
182,0.04054721919372395,0.03761042711741547,1694733080.9987497,10,10,3.0447442328957086,0.46406749338271785,0.5,0.0002854638358507344,1.543649718647821e-06,414
183,0.029985488574513663,0.017712217790766926,1694733114.8427405,9,14,3.5303835449618575,0.19499552562152095,0.0,0.003409799550038497,0.0003595868796871133,186
184,0.03346515907958403,0.02011651636325218,1694733144.1004052,8,16,1.5883918597959168,0.06656353077552757,0.0,0.0066449648981102465,1.8175983248969807e-05,239
185,0.035509542068560274,0.022014125908863202,1694733160.5090125,8,8,2.3192464517413907,0.2202852429815913,0.0,0.008197259327751606,4.743110690192723e-05,263
186,0.014944438062549303,0.0025910883068095414,1694733344.740764,8,8,3.3889595339374314,0.3489332344672866,0.0,1.9440250491323335e-05,0.0004600346514967966,261
187,0.028805350802993956,0.014832950125376332,1694733361.7064643,5,11,2.1236449315839288,0.026624029647903502,0.1,0.00891851133839952,1.6723255982324876e-06,297
188,0.030442189926305985,0.017264586873595333,1694733394.1975577,5,9,1.5821438439538738,0.43569785269259687,0.30000000000000004,0.004588530868054514,7.74097952395436e-05,154
189,0.01057356761091699,-0.0033490451472131255,1694733593.1159558,10,10,1.3472908923681903,0.333770859003203,0.4,2.7878870150113303e-05,1.4253397213728849e-05,308
190,0.05351046428134232,0.04554312994641663,1694733654.850907,8,16,2.269914005029917,0.09099486652445293,0.5,1.5740543747151514e-05,5.8095797001518946e-05,408
191,0.028161062277117788,0.015775535810955588,1694733672.3072023,9,13,2.8923763715139827,0.015303688895002054,0.5,0.0030693958587263382,3.242838736863526e-06,279
192,0.04852841158198273,0.04645821116368709,1694733689.9926474,7,13,3.6812875210453955,0.12991412263692043,0.30000000000000004,0.0003298588023058855,1.1635992479415645e-05,115
193,0.04137028602932158,0.03854628665402515,1694733728.652152,6,12,2.365664413127898,0.4551567815847348,0.0,0.00011563254405174892,0.000577762852282115,498
194,0.045222602150007396,0.03976120854993026,1694733813.4344304,9,13,1.7248767615072942,0.17372058021938097,0.30000000000000004,2.057301147912239e-05,2.476282724099446e-05,285
195,0.03669187392859263,0.02896513861226968,1694733829.9750395,7,12,3.748034314475227,0.38031708979530304,0.2,0.00029391684743131167,5.129639339698185e-05,251
196,0.029743091017665035,0.015716366642369417,1694733864.2812805,5,9,2.5698359844361907,0.28833109278454133,0.1,0.0028711319815159114,0.0004712403342196386,241
197,0.05169164888417177,0.044844295605360074,1694733900.7258983,10,10,2.8552224524018466,0.07029671915852587,0.30000000000000004,0.00018521802400188044,8.584181623126831e-06,67
198,0.04532073670136183,0.04019290029406808,1694733917.843531,6,9,2.968406055341268,0.4838953509498664,0.5,0.0011999606472970332,8.811503739398345e-06,366
199,0.03559433980179505,0.03099350442044646,1694733934.8684213,8,14,2.934474874929815,0.4840682488850477,0.1,0.00031574172063518024,0.00013729884683658894,257
200,0.021849674641976402,0.008461948640384076,1694734018.2569613,9,13,2.793821553745259,0.02816979912750628,0.30000000000000004,1.0075498624169285e-05,1.0317408907785363e-06,300
201,0.023320797192762477,0.010336350958013552,1694734059.0693018,10,11,2.8453310943022165,0.18476838967492204,0.4,4.667232898690608e-05,5.2713054260670516e-05,197
202,0.01537121775885375,0.005190099592901287,1694734078.6962154,9,14,2.740206509740008,0.2631953212375332,0.1,0.00038092760164636476,2.962305349473232e-06,398
203,0.02479245422852583,0.012099679232888572,1694734105.5722566,8,14,1.4100683791166344,0.3474041866927317,0.0,0.0022689634488780325,0.0004496814940847587,332
204,0.029281363952066264,0.022664612009564156,1694734122.430783,8,10,1.5322205156889823,0.008923164467300404,0.2,0.0008490333142632951,1.0036850384735731e-06,195
205,0.042827845003310605,0.02824263066344923,1694734139.9801192,10,12,1.5048837303938662,0.026962619342114136,0.4,0.0072150113018454596,4.67238785382164e-06,435
206,0.028082584503950292,0.015141348735047244,1694734168.7603548,5,8,3.757155113666142,0.34379051731009147,0.30000000000000004,0.00870207764281004,7.176479618149469e-05,86
207,0.02163080568782616,0.005867503947560859,1694734217.9399946,5,12,1.1900254150597482,0.16810632853476892,0.5,0.00022907546875870324,7.511477201559177e-06,321
208,0.026312599668179226,0.018483364645054068,1694734270.0021706,5,9,2.595929179731429,0.16840395093463956,0.5,3.85400506396197e-05,6.249707482755551e-06,401
209,0.030703362543628487,0.016907445837745616,1694734344.957959,6,10,2.881124507974531,0.08356546205413512,0.4,4.1353417565721985e-05,1.3208715134346916e-06,275
210,0.030067647922561336,0.01612950569713001,1694734379.9779441,8,16,3.9790441487523767,0.19027958223463803,0.2,0.0025872596846092297,1.037991969352858e-06,382
211,0.04701037088433291,0.03737107373871196,1694734397.2011468,8,11,3.47639034963719,0.07280078855842742,0.30000000000000004,0.0013429808092956914,0.00042899700445620285,306
212,0.05467384124881469,0.04846061673079283,1694734453.008686,8,13,3.3385402250842198,0.03585928426775187,0.2,1.1227523784248837e-05,5.988194681748556e-06,258
213,0.03396408568654574,0.020809474139969253,1694734477.850326,7,11,1.4764749866947224,0.3147869766211893,0.4,0.008519913727601853,2.995818454302934e-05,319
214,0.033523386822368995,0.02325135888780172,1694734507.1902366,8,15,1.7123147382890092,0.37153611302467543,0.30000000000000004,0.008824657286091496,0.0003154638641303811,358
215,0.02088921374275099,0.009172025287401908,1694734523.122355,5,16,2.440950840202229,0.45019945609016687,0.4,0.001448332957505834,1.2153310945315823e-05,488
216,0.030325094783017703,0.02578234594085771,1694734540.647392,10,16,3.1740174098076275,0.4372230241780988,0.5,0.0030539848672706464,0.0005577756625171867,125
217,0.04027614408392877,0.028096474369614377,1694734557.854548,9,14,1.8977815966494487,0.1547987237554283,0.0,0.003137607969361656,0.0005036388196416771,154
218,0.03478499736962393,0.021921236743318362,1694734583.9494414,8,9,1.8086488569290873,0.3364132291369997,0.1,0.009895811939096985,3.1955790783210417e-06,510
219,0.042783820129824846,0.037856441732539436,1694734600.6706634,7,12,3.437553320435407,0.2000911306512953,0.2,0.00018987287941867138,1.3847397868036675e-05,280
220,0.04690138940192068,0.04057007816200575,1694734633.674039,6,14,3.818814022099643,0.2891850554135482,0.5,7.030144349934569e-05,0.0007077264653956918,109
221,0.007396925014355182,-0.008081511390399587,1694734708.9711447,10,16,3.9499616281866956,0.24713522338071853,0.5,4.0860177259206674e-05,2.8318416586326195e-06,313
222,0.033163150554655685,0.019718304400044184,1694734737.9488423,8,15,3.60486651838602,0.19402451919053604,0.5,0.008420591373073515,0.00034126207217279275,386
223,0.03055919303133081,0.02156666484375558,1694734754.7909372,8,16,3.717028644925498,0.43554719323533386,0.0,0.0002585204690734397,0.00031652739474324025,188
224,0.03200323365512403,0.02534685184643326,1694734772.5545218,10,10,3.1328057266533813,0.2893961027803234,0.30000000000000004,0.001116038083264662,2.9419805677519856e-06,209
225,0.031038324681030738,0.022214722148348187,1694734789.1734283,7,10,3.0651026650744524,0.15430647970841677,0.1,0.00021442355434341643,5.015410708385945e-06,105
226,0.031270757193241794,0.019012282812881587,1694734805.3081214,6,9,2.558300763801399,0.010869763874375049,0.1,0.0024895452369636077,4.179927110177182e-05,160
227,0.03291781347641076,0.01882025373802554,1694734823.4143777,6,12,3.666324712243386,0.36016103129641636,0.1,0.003631255223749953,3.7647879419299695e-06,326
228,0.03407523137763935,0.019047557761527,1694734841.1982663,10,11,2.83674464852941,0.16502185918473405,0.1,0.006395237351641674,0.00045749169667105713,100
229,0.03459796081199107,0.02192412233498231,1694734857.8366563,9,8,2.075143673673012,0.07777995893573014,0.0,0.0011014628083971644,1.2891078442405008e-05,270
230,0.038719103289718726,0.03450440365286633,1694734878.162078,10,10,2.7137510722747247,0.43971942473495906,0.0,0.00019216405524838658,0.00012896937680578183,283
231,0.05343860766235875,0.044774086714315375,1694734894.6445403,7,12,2.716853618342649,0.04748384218713275,0.30000000000000004,0.0008108729838446798,0.0005429623951650577,489
232,0.03308538164559771,0.023745674382885995,1694735064.9237344,7,10,2.600865181734159,0.04898925654642533,0.2,1.7460924613288916e-05,3.905552983994912e-06,335
233,0.045361552902675295,0.040927508582007555,1694735086.1129136,9,11,1.730496714959378,0.09752546438525539,0.5,0.0005245545001191931,2.580506629651096e-06,105
234,0.037948220989932446,0.029439195779391136,1694735113.566276,8,10,3.972982547050096,0.17661872498784548,0.4,7.205618298208841e-05,4.726054207045285e-05,245
235,0.040002251462090244,0.03056666727955426,1694735130.7758026,10,16,1.3609494717031996,0.26127711556896904,0.1,0.00122168907898326,9.542899203180968e-06,95
236,0.023228894717479798,0.00788722133633779,1694735181.8751414,10,15,1.8300528506168061,0.1511074880744514,0.30000000000000004,6.350090872675285e-05,0.00011279733041957263,486
237,0.0209246034853543,0.0072279413719631425,1694735227.5988925,8,12,1.523788799377595,0.3738627850378338,0.5,0.0011878529712754848,1.8355633972724248e-06,106
238,0.04021061386298708,0.039352807080377916,1694735245.75506,9,13,2.1288423085630024,0.49440498869765936,0.2,0.0005927564142211196,2.782831257553014e-05,231
239,0.04621687566894517,0.04373592613259325,1694735269.569369,8,11,3.2303995690052845,0.1055110349297515,0.30000000000000004,0.0003198779445881405,6.486949564299593e-05,255
240,0.04371419323999248,0.03727450118456044,1694735286.419858,7,11,3.863841889020042,0.34721777768349377,0.5,0.001413375430007095,4.707745330560924e-06,447
241,0.021061526646884654,0.008854038196094649,1694735304.331765,10,11,3.7984476190849836,0.28437691779789975,0.2,0.000803293007219763,1.2319124412255155e-06,141
242,-0.023205233661555358,-0.034145949368460826,1694735322.2290418,9,8,3.777128542145584,0.4542242487164758,0.30000000000000004,4.136688380186334e-05,1.0577528975049477e-05,436
243,0.017658018347573856,0.0021952704715338944,1694735387.0155122,7,15,1.0768443342848915,0.24290915229858145,0.5,0.0007845560367629859,0.0007531750932757801,346
244,0.05106827322550922,0.04538146856304104,1694735432.680758,6,12,1.9145015288014786,0.17448338599854712,0.4,2.5956590957404143e-05,1.7367156839584098e-06,418
245,0.04653903563381445,0.043778832507436416,1694735494.7106605,7,9,1.3662502489250903,0.32470011643075736,0.2,2.6645610158871565e-05,1.775739193977825e-05,346
246,0.04382308445583405,0.03640082830698599,1694735520.9225543,7,13,2.097286588851042,0.22993998532126103,0.30000000000000004,9.472065390379177e-05,0.0005660663902480363,298
247,0.028550689296869103,0.014286929957553984,1694735547.9045734,5,12,1.9919611210968275,0.02678340832384718,0.0,0.002577353952906552,9.466649665100186e-06,101
248,0.026965672188742684,0.013982674302153053,1694735572.051327,9,13,3.0967437136475557,0.32546649254756493,0.1,0.0020434218660810768,3.3735948043319768e-06,215
249,0.02958866482903688,0.015249587766516193,1694735602.4124334,9,13,1.1936718481690112,0.2912831689305608,0.30000000000000004,0.009286409656518916,2.413767960387201e-06,490
250,0.028991427767189437,0.01688419956494447,1694735622.6146302,9,12,3.416366826128619,0.3141693292578413,0.30000000000000004,0.0007448178850017496,1.3509706728655052e-06,252
251,0.04724722569056572,0.037596997418428146,1694735639.5310986,8,11,3.26714502766711,0.2261581591671875,0.0,0.004122185574980226,6.622221232977809e-05,348
252,0.0220957365691955,0.011859365187750326,1694735655.682699,6,14,2.024401385620944,0.3022091774037191,0.1,0.00261913506376458,1.816548683265343e-05,129
253,0.03476603624644725,0.02143209172946281,1694735672.8499322,8,11,3.4965993357311036,0.12577686041766595,0.1,0.001074770610288234,4.841357239935123e-06,177
254,0.04196905287814656,0.03404835003099749,1694735691.142749,8,8,3.103766021534509,0.06303139909368077,0.1,0.0008882414987016917,0.00045878072999509117,107
255,0.02945324850956954,0.015232369374844623,1694735722.6910436,7,8,3.6295308968856075,0.07761505007177422,0.5,0.005923226802758767,9.221252871342828e-05,494
256,0.02097780269737315,0.009093356064319491,1694735747.031335,8,10,2.4756401937192014,0.05711506185648729,0.1,0.0003550243246325484,3.0759414411447282e-06,363
257,0.032723900366318226,0.029282393814678342,1694735781.555147,5,10,2.5444811112146333,0.459559998104373,0.5,9.479831368145132e-05,0.00039282317291866337,469
258,0.05146545525260615,0.04097683666299001,1694735809.9022627,10,11,3.068366364468659,0.09380686656866044,0.0,1.9787821434466127e-05,4.360383991627297e-05,221
259,0.036101925939413415,0.0235338294867542,1694735830.427355,8,13,2.8949041418036474,0.42369781428107056,0.0,0.0032331656373912284,2.5235263748836335e-06,127
260,0.04736584660326171,0.04020863470783054,1694735848.4764085,10,15,3.5547932237038227,0.01860344260127189,0.1,8.562976189921268e-05,0.0002071367337571401,86
261,0.020632006288282323,0.005380818179643421,1694735904.1378365,9,9,2.2527797761512587,0.45358378955979983,0.2,0.0013640430587086609,7.221987836103104e-05,334
262,0.010393355180911557,-0.005908356396210124,1694735919.9014025,5,11,1.135109571328856,0.33988658583440134,0.2,0.0013703935511578606,0.0008878744611301396,223
263,0.019238793782132557,0.003860949977563588,1694736010.939037,7,9,2.169094672885755,0.20973103040861063,0.1,3.798420802555126e-05,5.254536845290918e-05,252
264,0.043864133555429397,0.0370632616534502,1694736047.8915017,7,10,3.6661047463132,0.11315936331632731,0.2,2.455350469257415e-05,3.438857575409259e-05,195
265,0.028101972338936965,0.01516695796353873,1694736078.0395565,8,16,1.7120379770560434,0.15022154156865014,0.0,0.004595270884688864,4.629564580169447e-06,171
266,0.03450212227572602,0.02328569305556627,1694736095.3307023,9,9,2.800153998346582,0.09405203848260335,0.4,0.0033799439660245536,8.132399880166003e-05,96
267,0.04123517899107321,0.0348400947181392,1694736141.141778,8,8,1.4151304484464666,0.037620803438545014,0.5,4.882856597452073e-05,0.00014920674730986992,177
268,0.015130950656088493,0.0014040238170195396,1694736180.7970808,7,10,2.9774442894961,0.42238860037781073,0.1,0.00015855333659522174,3.634356201033259e-05,297
269,0.04889878801062464,0.042540237908629264,1694736203.4085574,8,14,2.4828016610676618,0.14722984531788236,0.30000000000000004,0.0003849860806644678,1.453832351478894e-06,100
270,0.02064547698422381,0.006007261614523807,1694736248.5132136,7,10,2.973293911801327,0.29396488382318614,0.30000000000000004,0.0011495274349922705,8.595070239612034e-06,399
271,0.046452697104320206,0.04340090268369301,1694736279.9337375,9,14,1.3609795106178244,0.4330444932399617,0.30000000000000004,8.943015607774261e-05,3.941449333149897e-05,65
272,0.03361874407878862,0.022269401303313452,1694736297.5321512,10,12,2.5996245171498877,0.2977138465740042,0.4,0.002941939911632893,1.4499489842929534e-05,396
273,0.029769225432548008,0.019131120381815525,1694736313.320336,5,12,2.269895780006465,0.15622322830561092,0.2,0.001000325035361645,0.0007047181112293102,340
274,0.036097965281335465,0.021786872883604258,1694736332.1301165,9,8,3.697262576591681,0.2783295723952851,0.1,0.000524773719534805,7.436148120886185e-05,117
275,0.05798601740474896,0.0525264757617977,1694736385.4934468,6,13,3.0008171921434905,0.361077813068866,0.4,7.138277631624038e-05,7.504605406603059e-06,424
276,0.027602709436212347,0.0148375158907037,1694736410.0039616,7,13,1.9435382811906998,0.182810989766992,0.0,0.003072353353613358,6.136060290920231e-06,225
277,0.04480423804789768,0.04217808523928712,1694736450.587742,10,12,1.2755057831129881,0.09235055350307064,0.1,9.108124482101221e-05,3.606976014593677e-06,325
278,0.02600244055829548,0.013385590616279641,1694736472.1324637,6,16,2.2185808542198338,0.09425328770293062,0.4,0.001662013986086623,0.0007081431476253833,407
279,0.03513868820699717,0.03286483022479714,1694736598.0376449,6,9,1.8421704808645019,0.3325338014700395,0.5,1.1213119933407734e-05,1.060314630505643e-05,377
280,0.023928899303122475,0.024735303196831815,1694736615.6461961,10,13,1.9526246175534827,0.44001655533945144,0.5,0.0019850142346695392,7.324492663180246e-06,375
281,0.05180795224781498,0.044473121304613894,1694736665.5291057,9,9,2.4249917332746294,0.050931270492680314,0.4,2.2272944305723737e-05,3.490802419797352e-05,319
282,0.022703982721901217,0.009529962744193154,1694736696.5870817,10,9,1.1866372302835009,0.11604470230156855,0.2,0.004199893661227902,1.7355412413792687e-06,222
283,0.015260888497801717,0.00030400867415192323,1694736881.557538,7,12,3.2962909045162045,0.488609255194474,0.30000000000000004,6.929748562875053e-05,1.337260905123318e-06,145
284,0.030096874167943932,0.018215711945897994,1694736902.9556606,9,8,1.3900072106486645,0.23420876812083147,0.2,0.004584414831925509,0.00014607094291616652,447
285,0.023009523853521174,0.008342343264025165,1694736938.989117,9,12,2.8079295628121668,0.25400815117241904,0.0,3.274887417795219e-05,0.0004556747724085114,488
286,0.03749963525768363,0.03193288685209117,1694736966.630149,6,8,2.4434448614103754,0.43358383202845935,0.4,0.00026260080962464064,5.6154163335186445e-06,166
287,0.030506085941931826,0.01820696255990839,1694736986.050266,6,8,2.494963341738635,0.495778976770118,0.1,0.005771947070579956,4.4027765907574215e-06,460
288,0.04178226165699517,0.03486641402519908,1694737070.439648,10,9,3.1706950231760533,0.023516846730304353,0.4,3.879032616086828e-05,2.383285231384611e-06,339
289,0.01860788550228143,0.004587736677139742,1694737089.7564754,7,16,3.3491581357871354,0.355926826752001,0.5,0.0018847557467452224,0.00015429539703363184,464
290,0.024655106641979563,0.010202979994526462,1694737108.7196953,7,8,3.5706278478127413,0.2728930150426984,0.1,0.0018674611836936603,4.4407709070688934e-05,104
291,0.0291758145832558,0.026224610388517866,1694737302.3443475,10,9,2.170098383548517,0.24587197472631916,0.0,4.480386550137648e-05,0.0005431490568826369,71
292,0.037407208473473674,0.02068328473001979,1694737339.3191478,5,16,3.2620313508348406,0.2521963362081384,0.1,3.611457668256204e-05,5.5531805729294415e-05,451
293,0.0185810238547528,0.003794824373349659,1694737373.5127504,9,15,1.3794982267331095,0.045644954037114105,0.0,0.00010905392163793973,1.4663974025511554e-05,481
294,0.023056216003787378,0.007754723269411734,1694737432.854381,8,8,1.725073994191183,0.43615429665032474,0.1,0.0011651001427847097,0.00030689563916531004,230
295,0.033062670748842504,0.023826819000758115,1694737448.9497113,6,15,1.1819642759182543,0.004140496950978734,0.0,0.001667930541840668,0.0008291296034792099,90
296,0.04702458269329701,0.04343170427781118,1694737484.3224926,5,13,1.1854399896880752,0.07191704061848098,0.30000000000000004,0.00010272958895473863,2.237649486772208e-05,402
297,0.01871209570175425,0.0050322801644612225,1694737512.440475,6,8,1.930649883737303,0.034952319759674944,0.0,0.0002081471841889051,5.642963434464835e-06,473
298,0.04471482280622496,0.037043870815009705,1694737528.287754,5,16,3.698122119079546,0.4665114558911875,0.2,0.001237228306816923,1.552380201267346e-05,302
299,0.057543185228521754,0.04645868409449483,1694737544.5888386,6,11,3.6972275933728724,0.39840357857356884,0.0,0.0017226025381321623,2.6728275603503494e-06,272
300,0.02449755690325861,0.009759139462979016,1694737571.9510818,8,9,3.7662959157000238,0.28130196642921684,0.1,0.0024835198635100946,1.6871556879387193e-05,408
301,0.013471841876357193,-5.122073463081911e-05,1694737715.0322576,10,9,3.56650800253331,0.38725578342766576,0.1,2.0558354029802783e-05,2.041714163351475e-06,474
302,0.025456498507740788,0.01783184385656833,1694737731.621808,7,13,2.499773738360929,0.28437505419658476,0.4,0.0003030224175823781,3.496230751546781e-05,503
303,0.041680107602590444,0.027949862764877098,1694737749.0685163,9,10,3.500104723498547,0.19729837665953592,0.5,0.0009543743985998659,2.1913514854327752e-05,440
304,0.01850118649369803,0.003562157178582548,1694737789.3029249,10,12,3.095903094289475,0.4963098543800627,0.1,0.00019186139092391304,7.724331895276858e-05,415
305,0.01894027917069896,0.0028042839175307366,1694737876.2732134,6,13,3.0891855506535473,0.005135854599564671,0.4,4.786437987677364e-05,1.0546960677667673e-06,147
306,0.05328894552459473,0.04559366112664609,1694737900.2425075,9,12,2.4704359581131,0.29721170489952253,0.5,0.00022812832312090936,3.2515441952021674e-05,197
307,0.04734590344299061,0.04213085541280959,1694737917.7313623,10,15,2.0986208419916608,0.15909219404407515,0.0,0.0005739229170355763,0.0001791491804293957,163
308,0.022703087825523327,0.010911130189827367,1694737937.1113257,10,16,2.9455024384459745,0.24260524326374955,0.0,0.0001570677639850085,0.0005287871869804737,510
309,0.022048124946358882,0.0070355374262564,1694737960.2376046,6,12,1.3741269235781097,0.0002563303373703252,0.4,0.0013556423599907523,1.2024299390505455e-05,70
310,0.0392650805663467,0.030013764145660593,1694737979.8206754,5,13,3.5870293679389733,0.13510291767121263,0.4,0.00011062786755643484,2.444123741011638e-05,217
311,0.03962550240907947,0.03551768099182451,1694738001.4384336,8,11,1.341384336099946,0.3031033564631256,0.4,0.00015789854766052664,0.0006347682044591833,491
312,0.025222047248434687,0.011681054083020892,1694738022.7840643,10,16,2.8108397160591827,0.03346063114147152,0.5,0.00029848359695458244,0.00011027099641918996,194
313,0.05532654015358229,0.05133798992921035,1694738042.310651,5,15,2.5736324870260545,0.46457876435927664,0.5,0.00024939307163735603,0.0001340157453484498,119
314,0.009426061768423533,-0.003308890433537659,1694738234.0677176,9,10,1.9090284957436285,0.45653243510037445,0.30000000000000004,1.0276010505537549e-05,0.0006237057546136822,311
315,0.03240405127810719,0.014776474255047911,1694738250.8140407,8,13,1.7700736056224562,0.042510851183353515,0.1,0.0007077155601888262,0.000704492630197563,80
316,0.03268839865389683,0.01772284856408901,1694738268.1513505,7,10,1.1988290570194893,0.3120435777828465,0.0,0.001657087529853701,0.0001320558412640417,131
317,0.04848876630174925,0.04620569881014669,1694738286.8954456,10,13,3.130836529655861,0.49084000359884944,0.4,0.0013636944956658937,3.2194580439558934e-06,509
318,-0.001023315833575733,-0.01192216295047377,1694738413.953384,9,8,1.9920147047018566,0.4135851246421464,0.1,1.169917920387815e-05,3.965582174777986e-06,453
319,0.03347998010397513,0.024680738926009638,1694738444.9875946,10,12,1.263411977161522,0.1591943865277553,0.30000000000000004,9.380920825302693e-05,0.0007122707605158263,101
320,0.0075709340901517486,-0.0033767514386753295,1694738552.1989307,6,14,1.0133640858496857,0.41633810416839157,0.0,2.626723909951007e-05,0.00048554600946350214,468
321,0.039742634611304894,0.03140624694857985,1694738568.0735445,5,15,1.3665559366473299,0.43061547274040424,0.5,0.0032692673046376937,0.00040354712963448704,408
322,0.018139605325598884,0.004160309144634944,1694738592.247959,7,14,3.0006329082956085,0.2109857254155697,0.4,0.0009354368794129478,0.00013392775708807585,108
323,0.0368554489305275,0.02419154735620066,1694738622.628585,9,10,2.3346588270886848,0.22946232523974058,0.0,0.005147076317787771,2.291092981371414e-05,76
324,0.04274464059070282,0.03336027585463519,1694738639.559859,9,10,1.7916783702005452,0.04778443676513616,0.0,0.0015865014086069626,5.2752454249073615e-06,290
325,0.029296383670060155,0.015845235160620863,1694738682.4824977,6,13,1.1699744108591186,0.2687773181371902,0.1,0.0032065971792173864,0.00010751843617856603,340
326,0.04771910747219654,0.04575644931486955,1694738701.102459,10,12,3.904116150782054,0.012885297991881761,0.0,0.0003774380166738205,3.377773860879905e-06,468
327,0.019473417078153865,0.017493839377495934,1694738727.2492783,6,12,2.7591217796131993,0.27579779981529723,0.4,0.00013680810386476367,1.838751395283127e-05,430
328,0.027354388541492747,0.022202190828214285,1694738743.1141865,5,11,3.3072675887258733,0.1795902444226396,0.5,0.001139724389122835,0.0002858119770313368,362
329,0.02861070945342692,0.017618859957729716,1694738760.7042265,10,11,1.0186830112300393,0.07608752425800447,0.4,0.007402194473981307,5.115668687690794e-05,386
330,0.026505245591343485,0.012546746010455023,1694738799.1491458,8,12,2.7912537431205644,0.10162950769428974,0.30000000000000004,0.002792497992322754,0.0006607450091339035,229
331,0.03337343073198262,0.02452102835908876,1694738815.606926,7,10,2.159129861719337,0.15611604314873367,0.0,2.105307725762416e-05,0.00011600201552924266,200
332,0.044687852184777666,0.04342393547543322,1694738932.0704832,5,10,2.688671118933096,0.46712769323789544,0.4,2.183806041534232e-05,6.522269582099608e-05,371
333,0.018430663454327867,0.005283322331418594,1694739002.6139898,6,8,3.5813525408127624,0.4124448353842825,0.30000000000000004,0.00017846009865098234,0.00023886894063232978,303
334,0.039716474066799234,0.029862917670139377,1694739045.7570758,6,14,1.5674260134095337,0.3852415227115197,0.5,3.4060366711391426e-05,7.790832742518537e-05,282
335,0.04858295795030787,0.04332853719333918,1694739062.781964,6,14,1.7022710905081202,0.3319277308612283,0.2,0.000519869788227781,0.0009596487975814141,331
336,0.028115495850388084,0.014368843939965847,1694739080.5624948,8,16,2.6733022364514687,0.035636441051601186,0.2,0.0022573217744719367,7.218531696615475e-05,191
337,0.03233045078919028,0.022036242890168922,1694739099.0704308,7,15,1.5831498678084204,0.1239692129214226,0.5,0.0010967977934792658,1.91051926199378e-06,323
338,0.027446145947565115,0.014166801758603631,1694739125.6504858,5,8,1.5987404529704354,0.31300016679658926,0.4,0.004711361317250661,1.9762816904228122e-05,160
339,0.02270882588143608,0.00991926452127656,1694739147.8426974,9,10,2.997188774735347,0.23288185342806306,0.1,0.0009045527109877343,0.0006958029636626619,253
340,0.018318292057382557,0.0036995726897098846,1694739226.5717478,10,8,1.3098971800110197,0.4491063923131139,0.5,0.0017469453227936887,2.5059299524863806e-05,399
341,0.046898769187620815,0.04068073285498153,1694739245.277828,8,13,1.0892085208013427,0.07465125286758667,0.2,0.00026266363583798817,7.62500774642032e-06,245
342,0.020949296618857804,0.008742695258990185,1694739263.0777194,10,10,3.432620519041084,0.36746161320097526,0.1,0.0005581977140594245,6.9427478939699455e-06,325
343,0.036508729284793984,0.030406379052618115,1694739286.205851,9,12,3.8006432696950463,0.44836072208874495,0.5,0.0003418569482847593,0.0004924586332522321,304
344,0.0144167860887352,0.002088204755776313,1694739391.4525301,10,11,3.2201435110680374,0.4043180273213855,0.2,2.6514605907283646e-05,7.994572568748402e-06,198
345,0.03691332562289007,0.028696317619389067,1694739410.5286553,9,16,2.687334938582389,0.017501904859174522,0.4,9.090301595385286e-05,5.9001008615504496e-05,230
346,0.018571202315744717,0.008475347436759928,1694739497.8715546,9,9,1.8086493117147457,0.4172577800822225,0.30000000000000004,4.2816323733400965e-05,1.606501590554881e-05,340
347,0.027445447811683787,0.012955262853138527,1694739532.4870012,8,9,3.99925294273959,0.4137785273118192,0.0,0.008368476671916784,0.00025660533364607895,455
348,0.0412864044331136,0.039149196179433354,1694739558.0742764,5,10,2.8171902795951143,0.46195209084668293,0.1,0.0001437794873632403,1.0970257826030575e-05,324
349,0.03327387832333506,0.02193881289745747,1694739576.1098106,6,11,1.9646362559517991,0.08227055872366029,0.4,0.004106248363550715,0.0007537193230602431,343
350,0.02423991757223465,0.011609696012065962,1694739612.0894964,9,16,1.8729567744616038,0.415505191079867,0.5,0.0025708561229941477,0.00012365092187633235,383
351,0.02406630619667438,0.010650602083259852,1694739633.677983,8,16,3.0051300420553755,0.019415979873237232,0.1,0.0014673270526815295,8.158319870921791e-05,103
352,0.01591840068440753,0.0002613895346056383,1694739716.746791,7,9,1.8195354209400172,0.2783877202074922,0.2,0.0003502722231032309,0.0002084775097416606,150
353,0.05577915321234039,0.048866941876153924,1694739748.0051265,10,10,3.7180717446034075,0.1561366432796102,0.0,0.00019068829302372402,0.0007644690118453325,222
354,0.03339086641225497,0.0233980999648411,1694739899.2236435,5,16,1.6999299118731912,0.36998666338118974,0.5,2.1960280418152233e-05,9.057001794037286e-05,224
355,0.05132648018629293,0.043600189269884626,1694739962.9679863,6,9,3.088007202371843,0.4018883904477636,0.4,4.477860417152733e-05,0.00013459887883964108,317
356,0.050565873096041436,0.04567121481179448,1694740042.6139383,5,13,2.5237556505091185,0.07611620645837147,0.5,1.101747621958143e-05,4.194152488236719e-05,117
357,0.032740342726802374,0.022939959500188123,1694740060.2911365,8,12,3.3325886682676944,0.403188246234125,0.30000000000000004,0.00015391022975789852,2.846330076803354e-06,249
358,0.04027973576742705,0.03386982973154418,1694740080.664123,8,11,1.9461676807797605,0.36240251299600024,0.0,0.00011455384123776293,0.000587014016738001,117
359,0.05613175276440563,0.04805766188295413,1694740100.6896632,7,11,3.1826904842335737,0.387185306904772,0.0,0.0001136797518581054,0.00010722529469013543,501
360,0.041823136858841425,0.03845431766124785,1694740159.6271498,7,13,1.040612711593,0.33078301920871617,0.1,4.050315457388623e-05,1.2561657367882865e-05,508
361,0.030834556899543397,0.020597706061564414,1694740180.3664973,8,14,2.9721840187692856,0.43759267305045707,0.5,0.0009604450742989957,5.369708277032801e-05,310
362,0.05055633741993948,0.04669623926851885,1694740211.3828595,10,12,2.7027634677216748,0.17684687788640474,0.5,0.00010900598072660829,2.4819206105370726e-06,298
363,0.03167957115894415,0.021225559555506646,1694740228.5820055,9,12,3.6125331024004796,0.12492819544395889,0.5,0.00270049729504133,4.743709837335529e-05,365
364,0.029553293612088583,0.015352873636618858,1694740261.6157124,10,13,2.4813931856146723,0.006536356865347759,0.2,0.00205104222319358,2.5375533546756016e-06,226
365,0.019071701011426856,-0.0033624484919849706,1694740387.395647,9,10,3.0438868685966485,0.006087106618486826,0.0,1.1827049155029648e-05,0.00016150159661234187,390
366,0.03369011501350183,0.02286274553406553,1694740404.6858132,10,10,1.7688338798330228,0.13478662502098493,0.30000000000000004,0.0019897960385029437,4.41441130155697e-06,379
367,0.0518064534284054,0.046020413086911516,1694740437.8615344,5,9,1.592662676614422,0.2609081165926482,0.2,0.00010398701262263211,0.00039648165617287587,96
368,0.028929067394663166,0.014144620581721501,1694740462.801799,8,12,3.56769210247978,0.3533172975486376,0.0,0.006087980984233258,0.0006162691478228477,268
369,0.016078160045954304,0.001519295624102912,1694740557.6371684,8,14,3.161272376734024,0.26096002699825294,0.5,7.144723652778837e-05,1.1014933733810712e-06,287
370,0.029607052248063703,0.02475206480334846,1694740583.6151867,8,10,2.410404610299193,0.010450381826307531,0.5,8.136941024853195e-05,0.00010807888748916913,512
371,0.026259746141432894,0.021657782861385644,1694740651.5063367,8,11,1.0123320163824265,0.4942192371268914,0.2,3.271306815002378e-05,0.00045976829856788607,179
372,0.05707950070469259,0.048259354924727216,1694740668.014538,7,15,2.0964690179930483,0.4244862389294211,0.30000000000000004,0.001694340175209067,4.884067849518163e-06,329
373,0.025440449916213637,0.013208120904746323,1694740692.686726,8,10,1.2310186120074702,0.2023384550946834,0.0,0.007085774034982977,0.0001537427217110408,179
374,0.009622265334404911,-0.005286344268918608,1694740822.7975736,7,8,3.1550408442040307,0.1886463810762461,0.4,2.4654500718696003e-05,3.351256689474692e-05,222
375,0.0388868171236163,0.03179481014563068,1694740863.4537635,10,9,2.6190148536584017,0.04004350012735386,0.4,9.138098658318988e-05,8.45744450626438e-06,72
376,0.03200063848570123,0.021329055500893923,1694740879.5362525,7,10,2.5569300928842438,0.26147289161505033,0.1,0.0022450559520084874,2.371020518466356e-05,70
377,0.03972115820748412,0.03336012884188644,1694740896.693419,5,12,1.4145269468613726,0.06666685922454435,0.4,0.0004719929916343981,9.765745527981495e-05,101
378,0.055530227101128204,0.048579527410777645,1694740939.8934684,5,15,3.394963863174283,0.018732073803594596,0.0,1.0865737031369907e-05,0.00011397859351590556,383
379,0.04384809327984018,0.03506296293931388,1694740964.8434942,6,15,2.749932580377588,0.08046406044559018,0.4,8.594763711551883e-05,7.644560165470348e-06,194
380,0.03551738280665184,0.02354649362072392,1694740980.8036406,7,12,1.7361379184210604,0.4708340757697287,0.30000000000000004,0.0026009640563028737,5.266056011698525e-06,441
381,0.029869295377690452,0.018856970025025954,1694740998.0987582,5,15,1.5544153756997,0.03369154678134989,0.30000000000000004,9.690796324635461e-05,5.141268815589319e-05,122
382,0.04901017154190501,0.046299572075935935,1694741042.0138302,8,14,3.797782416506699,0.4655629364909558,0.1,5.1370997649455673e-05,2.3814405755672994e-05,159
383,0.02516495167805166,0.010272424637213673,1694741065.8976834,8,13,2.3751799898229082,0.2030840291630978,0.5,0.0037937588569092956,1.5686667937213394e-05,66
384,0.024221842773846314,0.008736213280366889,1694741098.9007223,5,9,3.8716681796333297,0.23618662817161262,0.30000000000000004,2.618379001445548e-05,3.7605817893301607e-06,268
385,0.034704957557824656,0.027678204707856646,1694741126.453444,6,12,1.5679517580755749,0.09971770208378167,0.4,9.239163706709205e-05,2.8188282262981534e-05,337
386,0.037443062221349965,0.03156189923887531,1694741188.4063706,7,12,1.7371887897719431,0.4943876330635927,0.1,2.6876744514732185e-05,2.41519316502363e-05,335
387,0.04113205680517773,0.029254452145207388,1694741204.5670745,8,11,2.138134263981158,0.25525363567771125,0.5,0.0019797615038729707,2.285140258856529e-05,443
388,0.04703496473258373,0.03974275697802088,1694741232.5590441,10,9,1.7630803419317242,0.31376705803277216,0.1,8.472250629181916e-05,0.00031028791254387685,434
389,0.034395208516723286,0.020855715103590855,1694741249.0541177,7,12,1.7928654437423264,0.3700898298364707,0.0,7.186487570122008e-05,0.0008570214909333772,340
390,0.01857107875475661,0.004356779573945091,1694741304.7831216,8,14,1.4501424822016162,0.17677771215310928,0.0,4.9701124223596034e-05,1.6429892490493495e-05,420
391,0.047635151741331705,0.04070997431368373,1694741325.6095092,5,9,3.534111439818917,0.10307238027038595,0.5,0.00020440942748960804,0.0009534146076447102,301
392,0.03801186116469657,0.03214425492920914,1694741342.5971322,10,15,3.550232934619956,0.35743766003090016,0.1,0.0013355729241032563,1.0946718871288602e-06,113
393,0.025647640151737816,0.011255345082440749,1694741377.201328,10,9,3.3810930582472385,0.10936845526723193,0.0,0.0016950553528658771,1.498344778385649e-05,217
394,0.010764203983068654,0.00011390630095964305,1694741428.5222344,6,14,1.6069308896812393,0.4428676226425779,0.1,7.35362145310597e-05,2.1667481732267952e-05,237
395,0.020576917979928666,0.010708776428691835,1694741457.9078884,5,16,3.073185165048125,0.11120447299000741,0.5,2.367573549775195e-05,2.0307008911046594e-05,340
396,0.05855816474774811,0.05220173572890985,1694741473.853291,9,9,2.3039443828124573,0.30287740611528685,0.2,0.001430953321741064,1.4236224923686202e-05,391
397,0.036206515557685726,0.031383651098593424,1694741488.8676572,6,16,3.0823331273505277,0.25402335339545135,0.4,0.0005968336529621022,2.2871817784751018e-05,417
398,0.03191772915433755,0.01810714113183942,1694741514.531941,5,14,3.4766926615262834,0.016950421547721695,0.2,0.0029976480635449986,0.00046835743902317635,285
399,0.055589835063836635,0.05150513222376363,1694741555.3392465,5,8,3.266637333063587,0.1573854522688336,0.30000000000000004,4.7115820162455724e-05,9.07502545356129e-05,88
