trial,score,test_score,time,max_depth,min_child_weight,subsample,eta,colsample_bylevel,colsample_bytree,gamma,lambda,alpha
0,0,0,1693596232.23726370,0,0,0,0,0,0,0,0,0
0,-2.409874918773587,-5.368329863268502,1693596232.4082153,6,1,1,0.3,1,1,1e-20,1,1e-20
1,-2.5459585502100333,-5.5073546411983685,1693596232.597923,9,1.2247173221382845e-05,0.9121392663306842,0.6741336256721986,0.9863005569524467,0.7267246237086561,0.01231472243537097,0.569200333734333,0.02606954477399297
2,-0.42982088585683,-0.5992889858994328,1693596232.7983742,8,2.8541369848051944e-08,0.6492247354445897,1.9613832376175547e-05,0.9285304712935994,0.6864270139374038,0.06287521972791787,3.654260413722262e-06,2.9909706510130013e-05
3,-0.4289336897332736,-0.5980379800579483,1693596232.9294567,1,0.00045534353537012294,0.9745470908391052,0.00012288391681556724,0.6596956831901823,0.9588861930002937,2.0846668692879778e-08,4.475539252349154e-08,0.019874215336571344
4,-0.26037021512794833,-0.7929113035211961,1693596233.0944428,10,1.2980891501193275e-08,0.8732886184969688,0.11593267452921759,0.5378587230861334,0.828227667298479,0.001237718837742457,0.0006292654900266621,35.953522753779
5,-0.4263771398497611,-0.5944999122647958,1693596233.2229161,1,1.624512707496438e-05,0.8561163389557918,0.0004196722457857783,0.6384981781919048,0.8477227262767373,15.329129087715637,2.784562832304729e-06,0.0003809413993232617
6,-0.10608189451622518,-0.22936522118039204,1693596233.364161,3,0.0008537540743740481,0.8022694143158555,0.07276018563212656,0.5339587483972073,0.8430425395936567,0.0030380923697499386,2.3980626644511e-07,9.716999761028667e-08
7,-0.2460826077692213,-0.35708565926193403,1693596233.504561,3,9.402137834087949e-07,0.962997239745109,0.025149252313555928,0.6188294609398417,0.7844426262782802,0.003684007573546306,5.337920591970451e-08,2.4950836145570063
8,-0.40429944155650444,-0.5664473973776785,1693596233.677284,5,7.644038356448087e-07,0.5954600293332968,0.002839230719787018,0.8560121871248767,0.992469228850504,5.5958365080833925,0.0009781756306369335,1.1689607789721158e-07
9,-0.05817005144052034,-0.11199201898265132,1693596233.8361716,11,0.0005545075854689006,0.6132939384497142,0.2302286207431025,0.568179175879619,0.6181900800764102,0.008994819516327995,0.004357386572645773,38.84609069881495
10,-1.9410457425150796e-05,-2.5846845721932965e-05,1693596233.9972599,11,4135.242453386578,0.507153448566102,0.9598945610287395,0.7512251474349978,0.5231642664173098,0.44328560558081703,76.32400337645122,90.3002174716315
11,-0.43001770031100195,-0.59954825040002,1693596234.1564665,11,29078.089024303863,0.5030430367967234,0.51284376071463,0.7424617847889172,0.5333126427404737,0.5910297996004028,44.609703746145556,91.33036850165652
12,0.04312279503028105,0.047823508642000245,1693596234.3481088,11,0.5814409807159234,0.5004251898507303,0.9963538082202165,0.7618401871120367,0.5209259210269225,0.7111396505964369,67.99747041879233,75.21116752289001
13,-0.31264741130411067,-0.4359286414714654,1693596234.5236661,8,19.328094752261293,0.5032270923100348,0.015627306377339716,0.7777200308298411,0.5069430660752734,95.17993365711172,47.74568048385271,1.3315337290819227
14,0.047866172132551066,0.03992808741291409,1693596234.7136722,9,384.39079132555054,0.7098053228798282,0.6696765775258443,0.7265420964065772,0.5837582208956866,0.25585530306411264,73.85543881929037,2.648006406335127
15,-0.005385961186489485,-0.033088750406319756,1693596234.9152281,8,120.67830812844532,0.7065799607440154,0.9840635291665834,0.8055844050986393,0.5942497643346926,0.9809202552068251,1.534390136916319,2.439703914279516
16,-0.14513104295149404,-0.2914718762945614,1693596235.1277914,9,0.3361584325020638,0.7543008823707698,0.06583185152849773,0.7059935846759499,0.5863599310146828,0.17584208522927364,0.05089674972486163,2.1459914044228534
17,-0.3485337637928525,-0.487861578581291,1693596235.3098505,7,361.8941186337746,0.6731815988608203,0.00960454502913065,0.6942280381946359,0.6522877299461295,4.843760420984239,14.50793635262288,0.24727141956308069
18,-0.02923782684437537,-0.09968451034252279,1693596235.5169275,10,2.8240731031252273,0.5708013121486849,0.17732796191478647,0.8143387513021422,0.5632118957324775,57.73292735992569,1.2834586241302377,5.097644527565167
19,-0.1369445307773438,-0.20330407983906262,1693596235.7029068,6,0.07571427583530753,0.7309534732331117,0.04988989001567365,0.8738771940022036,0.5011367776202538,0.06919694196773463,3.971267239751395,11.092737458254366
20,-0.07073691092475731,-0.10360729901071508,1693596235.9221838,10,10.795756110649208,0.7812131558981205,0.2063672006457203,0.723875105053207,0.6192560138521163,4.682671509149414,0.08141840594618276,0.28731750168782216
21,-0.43001770031100195,-0.59954825040002,1693596236.0845006,11,9523.484695550223,0.5444830981525609,0.9126430208565823,0.7554134841556612,0.5496408994943924,0.7603106158318945,83.70825693402139,43.616653740444306
22,0.04844664582049307,0.040771233801699,1693596236.2536073,9,1222.0236922464019,0.5490115084015199,0.9453256182495301,0.6858719783859609,0.5519982406102389,0.14541911932425858,9.842847497311503,55.52034610013565
23,0.05155712850546168,0.04789642740064537,1693596236.4284966,9,492.0382309138681,0.6267511923508693,0.3181148851641857,0.6881764186960568,0.5602912817892084,0.02396834787778289,13.853033788985003,18.077604868942174
24,-0.43001770031100195,-0.59954825040002,1693596236.590018,9,73567.20895459133,0.6338888124378397,0.2921330059662813,0.6778076103986185,0.5750379229340508,0.03501705437890659,6.092749128785384,9.406223843579603
25,-0.0003727166615079547,-0.01270317243830954,1693596236.7596705,7,1440.9186045415688,0.6742737116869036,0.11818285563181882,0.6177468917244894,0.6392745998752516,0.02387785417624513,11.667772373086338,9.441268713445815
26,0.0371099059309804,0.024674755426924655,1693596236.95594,7,101.24750994063056,0.5905212706053856,0.41351931714380175,0.7036262097794751,0.5602213488439062,0.1918746224887486,9.33056375835581,0.512397869507966
27,0.05139310268050068,0.05005065776075179,1693596237.1342013,5,733.8912191667524,0.6363487788786726,0.35357180055345555,0.6619756485548727,0.6775665925291596,0.061620810247126824,0.1610803840756823,13.049978765443182
28,-0.13311146961459386,-0.18896485676529795,1693596237.301503,4,2718.741221653148,0.5539757549117654,0.05337437192207568,0.6657195408021759,0.6756785690544572,0.0004872848727320539,0.2779997872721557,13.92320767298932
29,-0.43001770031100195,-0.59954825040002,1693596237.4626513,5,57643.58457184027,0.6102870228925275,0.3268145569731522,0.5839047416986314,0.6132815114659281,0.00033324756131359527,2.130244875904958,0.6164543251587944
30,-0.00624080682648831,-0.02913343936006263,1693596237.6448543,4,19.427037568667256,0.6388791498357399,0.14551165999937093,0.6617738234044759,0.6980031692139783,0.0003738508775956736,0.2759277126842302,14.91257231751158
31,0.054226996836024055,0.04905548632254042,1693596237.8250687,9,758.5543051580769,0.6673024142200198,0.3553807964347596,0.7155572040257558,0.5818629787016213,0.08958454868778269,14.411139656551548,7.539808060964329
32,0.050897446404661095,0.047950559506915846,1693596237.9987605,8,1280.4344075940548,0.6628402195404802,0.3872097798698697,0.6982943394400138,0.5479558532072394,0.0133790458607561,3.2066359245723337,7.9811955163277
33,-0.43001770031100195,-0.59954825040002,1693596238.1627865,8,8916.877495032593,0.6677568551185116,0.3570470590378227,0.7130292132633878,0.6508349888549633,0.014902414860453109,1.136168250460014,0.13264425702306615
34,0.0056429901350995015,-0.017604987912795966,1693596238.3626552,7,63.61707543896331,0.6503914575181753,0.38951322271896655,0.641360946530132,0.5375760706890942,0.0499040517824502,0.49538725236870446,0.07803924580377468
35,0.017123550160060064,0.0065720826482085215,1693596238.5466583,5,512.3472861465696,0.6936266712034147,0.12744476423846032,0.6838178810042227,0.5960267975576404,0.005924814381453898,4.059702604348696,0.8268127621353546
36,-0.43001770031100195,-0.59954825040002,1693596238.7099853,10,10447.141845950162,0.6267520893141882,0.4522568680204142,0.646808283062784,0.7045540886071594,0.0014120121286958452,0.07724278769156878,5.438256174265405
37,-0.048729230187032124,-0.08010420268010487,1693596238.888542,6,6.452998849936144,0.6639897044383536,0.08329301258312914,0.502602698166457,0.6260442705885081,0.023800640578393678,19.85014825749396,21.103512075468043
38,-0.1981696283894998,-0.2842024588525238,1693596239.1068308,8,1.7290181077144742,0.6306372797183114,0.032563919491563724,0.6205268893393943,0.6680897007460349,0.00011964090329668146,2.302262530866998,0.045475726459238475
39,0.03857332526539503,0.030089881973052957,1693596239.3252583,8,86.89022478563628,0.6895727582199872,0.16407700422560886,0.7270877579551126,0.7248810576729823,0.0061514299782482,0.01876270700104632,0.013884037406599716
40,0.046798689246384306,0.044743226028772454,1693596239.498909,9,1317.8464153536145,0.7314440680822107,0.23299125739384352,0.6665336190719662,0.6060333907012767,0.0017029148857430328,0.5965371504878785,1.084537220705686
41,0.05229092229383048,0.04676522814591266,1693596239.6711187,9,855.4822439286045,0.5899570450264929,0.5552344593148834,0.6959586100860817,0.5552798682825516,0.10901343040128936,18.3075662645707,28.41948846819569
42,-0.43001770031100195,-0.59954825040002,1693596239.834333,10,20141.10326930563,0.5993640131149183,0.09772604437518725,0.6987652698784012,0.5686873279666319,0.07440203013176347,15.895507272913308,4.890082961092994
43,-5.376827252745464e-05,-7.69901294690456e-05,1693596239.997737,10,3873.232965256075,0.5811124669566172,0.5256333315964312,0.7333979388294039,0.5344723411965269,0.013862982479812965,3.1630750136889594,18.006802545015585
44,0.04240023177114094,0.04243340577790633,1693596240.1711888,9,316.9824638639909,0.6533160260244836,0.25796092893818384,0.6774367743408599,0.5794589769377771,0.08060413836194115,25.970382443923814,99.35999023781719
45,-0.43001770031100195,-0.59954825040002,1693596240.3357542,2,71447.54748153046,0.6134055511454648,0.5419936152619659,0.6385533724195902,0.5031858404993277,0.004675799349175847,5.626630779805221,19.624090538481067
46,0.029459111698479812,0.022376488712775422,1693596240.5129523,7,41.6932923428248,0.6487785305374467,0.19056017927221924,0.7056695808317481,0.5487264755113446,0.017108707527610484,26.741173595413134,33.78929922029511
47,-5.295088988832575e-05,-7.583533369559525e-05,1693596240.6771436,4,4715.443517828604,0.6101468569610562,0.5436092124728782,0.742716470476423,0.5231657931837884,1.5951616609130514,98.63436198094489,3.6218716832750184
48,-0.005449793848384621,-0.02132304123813422,1693596240.8678317,5,239.62466904733668,0.5793861702594066,0.10408180301585047,0.780800085534633,0.5972374533306877,0.23439734856316283,0.8221382910102712,1.1647002960855497
49,-0.029024015335276765,-0.07596613500746296,1693596241.056691,8,36.21974683479687,0.6818785522616978,0.6740982460324495,0.6508947255804026,0.6487413235363957,0.0031394620153088323,0.00036730463237941125,32.234395208844504
50,0.048416301732410294,0.048217414453339935,1693596241.2351162,10,840.9150066459197,0.6281281731172931,0.2716894679034891,0.719067770606604,0.6306967695161706,0.4307409471981409,40.68482819884539,4.792743082042145
51,0.030591668237331504,0.025144582930503145,1693596241.4048412,9,1682.8413153889678,0.5331062589157062,0.9211266107072287,0.6830337167628003,0.552814226191012,0.10887688458730514,6.649817221684833,47.94681494344322
52,0.04972147565077967,0.0423253235192369,1693596241.5768402,9,689.8555927960634,0.5602908561063225,0.6628889151451649,0.6870238280600982,0.5684395113989338,0.035709061033531796,11.928669572025857,81.58312655544954
53,0.05105648790720674,0.04596556579341071,1693596241.75091,8,172.566156471946,0.5728096882730772,0.3665576837520439,0.7061594505571591,0.5834252360092244,0.033682925766715915,29.66187508350445,77.69941555935138
54,0.05324787975110612,0.050700432370835546,1693596241.9469016,8,168.0322067208005,0.5901895462017697,0.30846147909031457,0.7399575003418132,0.6026698463082814,0.010813008036323658,31.764048837363177,2.0478968526618315
55,-0.07809235564956207,-0.12087557742511956,1693596242.13178,8,121.80357227289463,0.5889620036233512,0.06700761461380957,0.7454473469213819,0.6172869196984443,0.04648970275753834,32.90156818977285,2.066870232406344
56,0.030569879340268558,0.024348088144975244,1693596242.322408,7,5.765334696791467,0.5669565222815376,0.17116965630393077,0.7693282860387077,0.5864126181898284,0.2925884823407364,18.198712622394513,24.378172300071647
57,0.051977705641074956,0.05231235400782075,1693596242.5176308,6,20.924853062253806,0.5235598131811566,0.259936767291265,0.7230442334801586,0.5970649047769873,0.1262999198369996,33.41980682572919,2.0415035303466422
58,0.0524254787893933,0.05084977145859815,1693596242.7126627,6,19.903491711905225,0.5411089119235629,0.23088301624880408,0.7277513937148447,0.6353555680506322,0.008390300095545977,76.69178602678606,2.0442080310448296
59,-0.17178408579179516,-0.2449670440516314,1693596242.9004338,6,9.946987521861425,0.5274986002770196,0.04014465718991701,0.7553547353865234,0.6048988442290545,0.008430055835301075,61.7777858421104,2.0476072174834266
60,-0.056497351097691606,-0.08828700440829529,1693596243.0870264,6,28.578973058789227,0.5220479042294363,0.0777681600139503,0.7256246561225334,0.6354088854289242,1.217438882152115,86.5711747617655,0.3596451803452225
61,0.05088591724490177,0.04929449471368785,1693596243.2713757,5,256.7702005097873,0.5471603991862197,0.2199604243924792,0.7420451117526439,0.662679925004338,0.13696570698052749,6.12663361159075,6.965782002573684
62,0.016970644301510962,0.006965065521181368,1693596243.461145,6,82.96505914608487,0.5949407915543762,0.13359620183091206,0.7815193360385067,0.6049535996547574,0.08667924405596433,46.39711255348667,2.350365637364913
63,0.04189893248173493,0.031161754149223175,1693596243.6571085,5,2.6698107420369457,0.554145803793379,0.24600833420260684,0.7188360027671884,0.6342905598027255,0.43582534915611704,11.15561797238335,0.9723118975617467
64,-0.1667130575525797,0.054239761531891584,1693596243.858145,7,0.6335486634185005,0.5200336862798993,0.6208737947004679,0.6725645565832191,0.5717823215379312,0.009570164697143859,2.143093685407138,10.813491952752944
65,0.051714388316273174,0.04797959078031411,1693596244.0428364,4,461.05268767244405,0.539535681487245,0.32419491770627806,0.7626899045195755,0.6222182646576502,0.02757403620821919,14.629659535870545,3.4243280250751087
66,0.03220627846596058,0.025927597977511763,1693596244.222571,3,20.748627792873496,0.5713363454450071,0.17100209776106712,0.7600059355622183,0.5159139922791118,0.0021908837926801175,34.80721864855014,0.4276507005131879
67,-0.04447369947868007,-0.06204673031233421,1693596244.389072,1,3182.909569521279,0.5402935689490734,0.10601703675802739,0.7935567238472762,0.6190508877435739,0.02203586042856482,7.969342998813401,2.6334779234012466
68,0.04954279444580323,0.05058686391709133,1693596244.570271,3,318.10344078984724,0.5154288404764483,0.300500676429995,0.7363341469943039,0.5640395783372589,0.003388030771627592,94.98215923517007,0.16786052995614179
69,0.05831493987672154,0.055989391526742094,1693596244.7673798,9,169.74148694509682,0.500584679377174,0.7656403042263327,0.7646049290092546,0.5885415718914937,0.16780319084920722,1.6209876952560123,4.461483180127951
70,0.04177264187867735,0.04143529275421165,1693596244.9895754,10,61.92774791982998,0.5017881706060904,0.9895422210914658,0.8184313200138653,0.589501369027109,0.21219944052607675,1.4573431927519584,0.7318122165413368
71,0.04847112376266516,0.04612601133154837,1693596245.1849294,9,136.28950825339152,0.5393301194865786,0.4348653153454787,0.7594159425449963,0.5978774060356817,0.12006343753563657,15.617055005577564,5.461167397109094
72,0.05357842999940565,0.04845887475945998,1693596245.3693247,9,625.5030494469003,0.5585223524827,0.7804323420465167,0.7139313067992412,0.5424796758002294,0.032801516377826204,43.88836742293107,1.331300028770509
73,0.048776600805265025,0.04657784459389658,1693596245.544531,2,11.360887401836635,0.5146458019724837,0.7216234562630721,0.7134060637504366,0.5395287320319453,0.05007653863750808,48.54833602415356,1.6481993459411506
74,0.04765958264642445,0.04548115031901501,1693596245.7288694,9,534.3455161687232,0.5311432323995801,0.6703997432088225,0.7472738178635356,0.5794798066814454,0.008871118145256696,5.72128526829592,3.0285646611595283
75,0.03289872602838373,0.02772569287536608,1693596245.9008145,10,2109.4074870677723,0.5608098279142483,0.4519420091712073,0.7713603307609925,0.6156492738872996,0.02677152819560906,23.69617897343951,8.190667452624036
76,0.04221419980174057,0.03180087939629217,1693596246.1006587,6,34.68719419465663,0.5471323199361986,0.3103124626519607,0.7336689501408296,0.5213277070606215,0.3515240093821172,3.3796229798014643,0.4473644460897039
77,-0.43001770031100195,-0.59954825040002,1693596246.2673564,9,7782.626584424523,0.5019140852872296,0.48750597878742363,0.7171976349514637,0.556212628013158,0.1545620861157902,57.66830676982941,0.20936088685161572
78,0.051753836419034416,0.04794210326100157,1693596246.4477503,11,999.7367641728432,0.5346690511332914,0.7955664836468083,0.6944692595468132,0.6422062141767053,0.06017610022353816,19.951486602193647,3.75715402362722
79,0.0517117252281849,0.04914577488752203,1693596246.6587563,11,130.58448365597673,0.5140970254972345,0.8437350645358429,0.6996441097055628,0.6487643486637928,0.057640528452905834,8.122945323059007,1.2910829693891563
80,-0.43001770031100195,-0.59954825040002,1693596246.8239257,11,25212.743724530388,0.5592700882935546,0.663540343411531,0.7311454485053084,0.5410803527530592,0.8288276864123727,27.234806524321353,0.664861414841264
81,0.04456946178872834,0.04463590875009449,1693596247.0072904,10,747.140488198899,0.5347390979606786,0.2135041624238718,0.7002632866967096,0.6269921801990684,0.016729271654390383,15.565052925605336,3.6724631890540937
82,0.03152989641340587,0.025537621885603712,1693596247.180287,8,1902.1491587419569,0.5260436655538189,0.44327288621464944,0.7530760356823271,0.6076933725370072,0.07172884303846787,50.35104628674569,10.302971281376642
83,0.04957606126298919,0.04451418491108683,1693596247.363783,7,219.86462796494877,0.5476476643811872,0.8169747741383412,0.6904257259123655,0.5925939379514269,0.040283210443648874,97.31556682008029,37.216278853748896
84,0.05154864223359612,0.0499923851584928,1693596247.5497727,4,456.98331649121434,0.5811889204709216,0.28844649910920284,0.7146654242608163,0.5750861406231846,0.1347721258763997,3.833635804938985,1.7159016729250163
85,0.02420626870827758,0.02079022698507149,1693596247.741383,11,56.18198524412004,0.5132542405534529,0.138118052647266,0.7332330909130877,0.6395833861288116,0.007131428524335317,17.287023186440297,4.016182984306908
86,0.05277033397579556,0.04838767608061523,1693596247.918332,9,1080.13261351708,0.5378497843898651,0.5363990403252804,0.674132821500266,0.5635087829684716,0.01617511310289357,9.57780333330557,15.998611908743422
87,-3.22466199476068e-05,-4.653423286771208e-05,1693596248.0837467,9,4603.154805892518,0.5646532597558853,0.5419979255974547,0.6551810758880253,0.5296838081253178,0.013329197998380567,1.877063764013598,17.32493359784864
88,0.049413887879091845,0.04552463655082162,1693596248.260009,9,903.205062803141,0.5833419222645658,0.7150173863706182,0.6728525250903633,0.5604307209347484,0.005020106991096747,37.33600386758804,48.558046409849275
89,0.02621969337797747,0.02325153925271073,1693596248.4299903,10,2265.174140206136,0.5274406450991737,0.4115285689364941,0.6844438164677557,0.542743641777688,0.25814983201730884,5.4093328063129205,24.717332989944975
90,-0.43001770031100195,-0.59954825040002,1693596248.5984519,8,11391.688660503985,0.6025348033479972,0.20116351924064288,0.7063274680503001,0.5767672830253353,0.6333434464557254,8.837091753359235,7.404833648832936
91,0.04848369208446979,0.04693958243161944,1693596248.7865756,9,267.0996349487358,0.5385335506017431,0.5210035103402884,0.7275796044105945,0.5970576520030955,0.026347883509171565,22.241900432597845,12.05144401816941
92,0.05054568374835344,0.04860513981596637,1693596248.9654047,8,1119.5934478170714,0.5507212074649879,0.33653108537441934,0.6922299184120448,0.6218970067139776,0.09388298108896327,13.198705790072696,4.926150414942699
93,0.02963541971034056,0.01501664590856977,1693596249.1701229,9,148.48462673389415,0.572858222679689,0.9843962670721949,0.7443402211134645,0.564725796619995,0.018277872309064715,51.06158118496772,1.4595406306847076
94,0.050195636315445324,0.05134642157626135,1693596249.3585541,10,446.1873552255471,0.5090885773495561,0.2688045486333002,0.7668351637106662,0.5852394481766184,0.028585914149326066,3.3422347916568955,0.8488360546636469
95,0.0556382491014884,0.0458362528574785,1693596249.553323,6,58.874525663250374,0.5584632955546389,0.3509882360415837,0.7213150942136135,0.6118561842156244,0.05768193607611729,26.558808658724566,6.0053688758663775
96,0.0015379648894451314,-0.015777689671013118,1693596249.7487426,6,55.98697929963482,0.5912137280591442,0.5667655960910206,0.715366949866759,0.6105117892486092,0.047590675101459354,24.43048843933547,17.16390532150002
97,-0.06721413843827251,-0.10756885457804977,1693596249.938667,6,21.20528314893144,0.5593267553392594,0.8078302907835098,0.6645763586254305,0.5520710942107788,0.09041355882602413,8.925175483539254,28.497472662557676
98,0.03589925512294445,0.03360424202291079,1693596250.1245542,7,59.71448188883757,0.5251320767058811,0.16737210099779437,0.6771496035571943,0.6003875731692201,0.01133368209208183,54.67497213393293,6.491798917323574
99,0.05070532495465774,0.04797098992222504,1693596250.3003616,6,1102.0125752929819,0.6154413692905744,0.38570542830544247,0.6948161529006901,0.5888307222371809,0.19012240412784656,32.77333425928757,60.00239643134329
100,0.04506472183840682,0.04484344961357567,1693596250.4796865,7,203.46538795023653,0.5542907378283617,0.2283543705074994,0.7227075510717585,0.5109895743168268,0.004599232414927245,70.88269070593296,11.728329271894284
101,0.048100692390967925,0.047198476776243004,1693596250.6849608,9,94.65731232886468,0.5394424408717846,0.34629193367364186,0.7357205493691341,0.626029483197137,0.05577131041764517,10.715421044706543,3.2223886381004356
102,0.04903306636190141,0.04321752783420585,1693596250.874511,5,509.58066980149016,0.5708376355454591,0.573227645197856,0.7518312051253777,0.6121380566659645,0.03457257312349093,18.726942808137746,2.630743596479796
103,-0.00012223609226147403,-0.00017345419499559256,1693596251.0428321,8,4273.145922796736,0.5222229914953257,0.7357166902139319,0.7097148722006407,0.640972254324508,0.31698504153219687,99.06969687337997,7.031664878946684
104,0.04617848658956836,0.041723116966053575,1693596251.2323847,4,33.08703014492635,0.5351880719904056,0.26286993201352005,0.7235533482403994,0.5706621136595806,0.018489147259658428,4.732256250891019,1.3114660667249254
105,0.03265016153013722,0.02786990402332945,1693596251.4054313,10,2085.279400276766,0.5011304766848413,0.4473572988070247,0.7439335336187175,0.5311304879516527,0.10642213130855281,37.19409976082647,0.2995118816607082
106,0.023290873673786683,0.018987719434147454,1693596251.5824387,2,12.105914476142146,0.5490334130353245,0.15113885697811758,0.7075424319431309,0.6595315049708865,0.009641408626227135,13.322704646167534,4.828810313878497
107,0.053659284551402675,0.04627472798406651,1693596251.7925606,9,273.71564283256424,0.5775138982930117,0.34759840273078213,0.7587190798893647,0.5796332672231352,0.1829740682397777,0.9512510448555909,2.1624123398285096
108,0.04609825981389115,0.042725151243501513,1693596251.9864972,9,215.21928204041237,0.6018553388311094,0.19679349127336382,0.693625060168458,0.5555406008621999,0.17575988539118853,0.8434558912840224,2.0123642053127484
109,0.01320012789606051,0.0002867023129863311,1693596252.188225,6,99.466035131282,0.5839254840938543,0.5985456722438972,0.7359421287448521,0.5905111061158517,0.06762614625651371,2.5035969471630675,0.8038576042698701
110,0.04600990864392007,0.03993185753645623,1693596252.3671577,9,1248.5384940341944,0.5789535889704465,0.7927127487246153,0.7737134716914115,0.5824127214288759,0.5694108596305248,1.6901899805858367,14.327780693144044
111,0.05238168792172859,0.051909328280861367,1693596252.5540254,8,643.4718290488046,0.5652448539553545,0.3384105061545881,0.7586799388135963,0.6040176881117714,0.038545306416630565,7.982912093739704,3.4485900299860806
112,0.051644442827692094,0.0450317441791398,1693596252.7487743,8,333.2725016764172,0.5670616316365396,0.40485674551479484,0.7545478401279244,0.6012551456433615,0.12357932282283118,1.1373628105257338,28.361550501563382
113,0.0009553913116608914,-0.012088058266193524,1693596252.9314706,7,911.8021795509613,0.5910389810237853,0.11553131714537233,0.7834378856841584,0.5733789911140427,0.03874664854047202,7.165585138569955,8.843889066065408
114,-0.001244746674763375,-0.001744746566137545,1693596253.0996346,9,3069.025920524085,0.5607263043727378,0.25613837017310703,0.7622466653078186,0.5644111302286896,0.23005082488837097,27.441509310738297,0.5367595923374748
115,0.03956080158896991,0.025600845365310154,1693596253.308399,10,145.57995435054883,0.6198719210322509,0.5277473782092316,0.7226370200104048,0.602856651912886,0.05901216864145616,9.997721870237987,1.8210522061752645
116,0.05272501479311864,0.05265746480644096,1693596253.4957569,8,330.8123400423191,0.5104293219948244,0.3569512749923893,0.7025864130665508,0.6128409230583833,0.3244135207476692,66.86038995783578,3.7642143491433995
117,0.0573115269208061,0.05952935771771961,1693596253.6984115,8,26.702171425018033,0.516971515737274,0.34226560835801817,0.7454540209623981,0.549656844450398,0.3814070417526335,58.83116544709909,1.3145452359304686
118,0.0558018947490162,0.056193684688466417,1693596253.9032805,8,4.74833738845526,0.5083731813741981,0.36463479505517876,0.7476197730452426,0.5520512624911186,0.41336090341971515,71.24659416811505,4.870604419025375
119,0.057428764241063135,0.058875230737233664,1693596254.10423,8,36.717468162993214,0.5074609030430792,0.30334605990318775,0.7493793116729379,0.5435345185388988,0.4438989976609039,57.78567592748552,1.2322844447893406
120,0.046644183364385694,0.04807473202966783,1693596254.3080168,8,4.292155355949388,0.5100319035515904,0.1984683117043372,0.7452400643348642,0.5437002053449889,0.46149527653413513,67.53302919353443,1.1313436890972888
121,0.050216696988620635,0.050159312630635555,1693596254.5092802,8,42.21339628873452,0.5172370225796806,0.3621063970270341,0.7653375698162133,0.5309529854823792,1.4682749685441872,59.201049820665446,0.6073513291624526
122,0.05602620534746561,0.05602518547569957,1693596254.7107751,8,9.461829735613508,0.5010082722849598,0.31838283780689974,0.7492823033372403,0.5172595471321791,0.3904210733964326,42.01214818632496,2.72453434024648
123,0.027051298200097773,0.023274806670461445,1693596254.9073598,8,13.440563428988108,0.5050699845776045,0.14364537046422798,0.7394624440503599,0.5023180320627941,0.6962884582623062,44.91397614682671,1.0812893602637386
124,0.05351191589093318,0.0541045894016593,1693596255.105331,8,6.697469942257294,0.5141870839683726,0.4721746464341082,0.7517921845501578,0.5167396032503753,2.506506269882227,82.9123036565218,5.8802558513172585
125,0.0497815377684967,0.04971843428639078,1693596255.3056517,8,7.362693774884482,0.5140411423320969,0.46105956826158506,0.7770822078557205,0.5176579711128046,2.407811145775653,99.38701362806654,6.180792075563058
126,0.054269969582909416,0.05410522666142492,1693596255.5045638,8,1.4697124703497453,0.5074001364744726,0.31241500037368425,0.7474935744350293,0.5267229949191139,1.012705793457669,32.98070230056845,9.982342120496996
127,-0.04553273861652718,-0.07336128476053982,1693596255.695175,7,4.650119605859543,0.5258902137226644,0.08294242374748467,0.7526342955930583,0.5239046862227676,0.9976676482675897,38.34827722919777,11.188713567791165
128,0.046634423270302316,0.04986047182244813,1693596255.8948016,8,1.4480725233830631,0.5002749518268904,0.2789898443469945,0.785591337802889,0.5377191095898637,2.1466004583843543,21.535173933404593,19.955475311588902
129,0.04070551243788467,0.03522500848651866,1693596256.1021757,8,2.6325281554777757,0.518792103163154,0.6704842417624486,0.7931047990043805,0.5161163674662541,0.48586431196806157,29.608179825995325,7.2017345108634245
130,0.030309839930908744,-0.005956511172873213,1693596256.3181598,9,7.856902082565358,0.5279396563189221,0.4403063251629175,0.7670696132114573,0.545795328394575,3.419190696267134,4.810640018261186,2.5845880216812667
131,0.055309276051424106,0.05729475425735764,1693596256.5244803,8,0.9228839404655551,0.50983434675664,0.32117064994193595,0.746106977939338,0.5120793592875856,0.327140307028617,60.103346358020914,5.104744835852355
132,0.04043125699552419,0.04092650867626091,1693596256.7278173,8,0.5267236941653702,0.5088675275511741,0.17821294082847647,0.7475839486618167,0.511837378603645,1.1824295946643577,47.05358256608876,4.546962075382619
133,0.05487686525193869,0.05526007382325515,1693596256.941921,9,2.0274743020602517,0.5004898568286995,0.29618128584851927,0.7333715327839669,0.5021151060874093,0.33442450499643894,22.067302092467965,1.5366779915659505
134,0.05467749813253353,0.0550738857046843,1693596257.144136,7,1.177598131507471,0.5186669245957096,0.29424923743764175,0.7359163164419231,0.5035218654784298,0.3486444179603908,64.6459698437101,1.4608090466295214
135,0.05372969099709457,0.053304221093217086,1693596257.3451416,7,1.220339308840933,0.5006300170409669,0.24229612506353676,0.7341245449006161,0.5001797025136123,1.0036636046233627,56.499399319101435,0.38347673559273476
136,0.052715324378140305,0.055886246241751314,1693596257.553386,7,1.0256573693068205,0.50037603975086,0.2434027014132545,0.7386877993632381,0.5276180702529291,0.6603272479006215,20.841697132047333,0.35616751181461825
137,-0.00434808644149598,-0.018520807282871088,1693596257.750217,7,2.022156996578121,0.5227589134979367,0.10743183714050837,0.7293116901865565,0.5029759241065885,0.9269324495019059,51.39312752529839,1.2800091218044585
138,0.05542935558027162,0.055912787338865066,1693596257.9581993,7,0.26297967650840276,0.5004831703135748,0.30366861587440575,0.7720579053075591,0.5002549073489088,0.2992318012109992,35.02448351011351,0.7557902606459028
139,0.028947812044175736,0.025127062722101856,1693596258.1699793,7,0.13659084575406982,0.5009339116928953,0.1398918043009461,0.7737380469050079,0.5102297897904231,0.41033453324388963,18.20539704204965,0.13341830593753318
140,0.04720853482053344,0.048121706115236806,1693596258.3767757,7,1.0256173636288688,0.5107857592443125,0.1949917054134834,0.7596501602304117,0.5016867164545417,0.28821121269575967,31.10685014957095,0.2389957191008426
141,0.05370273920578372,0.05485896174016247,1693596258.590901,9,0.3046605904399208,0.5287243507344248,0.2827123139715024,0.7335998615271074,0.5246813732102926,1.4217100013595347,97.8224930888768,0.7824042204651398
142,0.05018827478694632,0.052141520452680834,1693596258.804563,9,0.28285790666610533,0.5196454777880944,0.2314243407201271,0.7485223356108903,0.5226667279825682,1.608184010351655,63.725549271610944,0.6313843043702885
143,0.05501674306577364,0.05294485681295469,1693596259.0106313,7,3.320178958668688,0.5296026652758642,0.29707013877148214,0.7691645351230796,0.5100087617752656,0.9663203992872266,38.09849556234329,0.6704380228647486
144,0.05474987888435634,0.05437862778667035,1693596259.212255,7,3.9755021230852607,0.5313201581044569,0.30804513989764243,0.7325250630222312,0.5081809290514766,0.8888139454887327,73.37282976423272,0.3551287389804354
145,0.05590387461920576,0.05629752780868591,1693596259.4186895,7,3.7414950215673053,0.5125123229360901,0.2953668735614006,0.7712506408912128,0.5017249992516983,0.8332558360228031,30.62098556800388,0.408631166739193
146,0.029932464897545197,0.02649854838687915,1693596259.6298149,7,3.3318193342861537,0.5321937518270493,0.15235318853253219,0.7709273035567603,0.509268716890871,0.604265086294731,13.781019074957134,0.18386399645260995
147,0.047764603461873834,0.050660385514924244,1693596259.8465796,7,0.6969515954172244,0.5160195218466571,0.30362589144785174,0.800287839057948,0.5329300409928024,6.854558863572755,28.745703279719606,0.49942503768169944
148,0.04329687068005794,0.044021853314181514,1693596260.05249,7,2.2300726398922674,0.5084185780297368,0.18185370250724192,0.7869288929031449,0.5112802719764907,0.3992871327597158,41.27619135407198,0.09869410016180488
149,0.04072648209987029,0.021405195307491964,1693596260.2629128,7,4.00461082700585,0.5443434160296167,0.41429814686191174,0.7697774090407341,0.5183521383773575,0.27873497102605405,21.2820659978917,0.9342052243784251
150,-0.11557552286124118,-0.16730503081837433,1693596260.4575107,8,1.711610333966831,0.5304465620872275,0.056098073063355125,0.775738927441829,0.5006713667970702,0.8108678210708374,99.75373594590802,0.2929650454977399
151,0.05335479140231747,0.05330348240730709,1693596260.6604702,7,1.4715943590799407,0.5009596827024363,0.24120314526550418,0.7448099194646055,0.5082723703983247,0.9712042200377551,56.86941649077835,0.2845741678837911
152,0.055702925840465434,0.05719830930625336,1693596260.8719184,7,3.8364401412113507,0.5001553550792422,0.3128193404090559,0.7281716625874818,0.5000788219916209,0.5140898879376959,36.97559145827,0.4822859403652006
153,0.05639658294089167,0.056857171625301905,1693596261.0787487,7,12.299069632664882,0.5155270041350181,0.3241907451815189,0.7238944903090399,0.5339079125110956,0.20863047423021383,13.392760002488767,1.6061789651263196
154,0.05465323152937884,0.05469910532132993,1693596261.2809033,7,11.142464601748443,0.5209651876361245,0.3025801496152487,0.7239734340202864,0.5235679973873993,0.4854831441282489,36.22549125551176,1.6425776310628348
155,0.0393718137189919,0.026736496506854612,1693596261.486007,7,13.366938623091963,0.5195294144276253,0.4001277071631226,0.720194603918799,0.5333668627185958,0.47345610774584235,13.51971902911656,1.6533972169955387
156,-0.02243845613405515,-0.04371032360432592,1693596261.6844134,7,4.033597706451153,0.5199083573777928,0.09207378048607014,0.7289133657531836,0.5193129606707851,0.2079578207648254,26.090311088619185,0.6131749970894143
157,-0.3665022727076095,-0.51226427002721,1693596261.876378,7,7.8149605814286,0.5310810878539707,0.007365156214880706,0.7127708943534269,0.5368575941882534,0.5661723618534381,37.44669569848865,0.9841023722360015
158,0.016756747978165287,0.0072586298029293506,1693596262.0700674,6,17.20194707089504,0.543884835417507,0.12966258554416757,0.7568070195568127,0.5110436170251349,0.2622340503152514,61.36348706330663,1.4533173242112019
159,0.04846267220853184,0.04924276524724891,1693596262.2754178,7,23.72291998754391,0.5109939410274507,0.1881275581873052,0.7408863640291957,0.5482552476679825,0.35059524873873604,16.068641335300875,0.48196641097173487
160,0.03576043243929061,0.03165997248580954,1693596262.4763637,6,5.334756393181229,0.519893659303741,0.3042420786885939,0.7255567431252029,0.5007528406321792,0.19387996610267902,12.166171219795071,3.2741076631012
161,0.05616644203274512,0.057476028534671264,1693596262.6794262,7,11.912335979483816,0.5091218778450326,0.3152617293895723,0.7518500162058013,0.5252689364512482,0.7574636127334786,29.41061793940218,2.234677119853486
162,0.05557633417723418,0.060413328363564944,1693596262.8820195,7,9.060893479297757,0.5129464094050988,0.3623119119549417,0.7402629638391505,0.5241221037523232,0.6057932900283185,40.896841613920955,2.09897824694819
163,0.055213199410987124,0.054526397790218284,1693596263.089651,7,2.6459772304387976,0.5081780107191021,0.49644487575306545,0.7669631497426216,0.5373887824165727,0.7149549724842017,20.375121773768097,2.635626567763825
164,0.055453140916846944,0.05198687209009534,1693596263.3003178,7,2.692297158739359,0.5068869207181583,0.5612697014494055,0.7645146852780694,0.5400767374914657,1.6359073206408143,22.006133430339474,2.5744393300217867
165,0.053415640546721876,0.04937217160915808,1693596263.51079,7,2.4936184631553533,0.5087071909103019,0.5481703325131531,0.7656522700903807,0.5516265867756692,1.9397955657723278,8.348360395780018,2.720619840356425
166,0.05755191351154776,0.056191644747376146,1693596263.7116919,6,28.739514305938595,0.5015806254771247,0.6148445360720062,0.78097173520455,0.5405979536189452,1.6653757193188878,20.932714647271947,2.91717844978039
167,0.04734582637935614,0.04724489653581898,1693596263.9112887,6,33.73079113929493,0.5097850938017751,0.6705146592053965,0.791107583885869,0.539585508256308,4.5475407160278465,19.687373032202753,2.6311697528067404
168,0.051126610576246456,0.049913534324484976,1693596264.1134615,6,15.976859076818977,0.5103482149292938,0.5145370066376319,0.7811677442988424,0.5559543149109807,1.5450583403231795,5.703801531855286,4.803815310046939
169,0.019429763708468606,0.0008966508419209207,1693596264.3257887,7,7.531803755018633,0.5373879882268066,0.4031079317976577,0.7769601001845485,0.5327192862308656,2.585102547034295,11.120839173561441,0.8513536476012685
170,0.027119278331317886,-0.005140699320143272,1693596264.5300584,6,30.496918850094517,0.5242845418635064,0.968444130576584,0.7621238644090484,0.5451583537013336,0.656317045211729,37.678295693300434,2.863451859835588
171,0.05192854954699411,0.05582199599796489,1693596264.7437727,8,10.030818951794357,0.5010332494235548,0.5523588498858133,0.8045703490893859,0.5230594230774777,1.3823056969858027,22.95568086939765,2.0716472602718277
172,0.05540028203793801,0.055077009087660556,1693596264.9499474,7,5.916201468254524,0.5012657737247339,0.3960350586390262,0.7554950985442559,0.5314878805231327,0.15338491903518234,22.311669805487607,4.477467806971858
173,0.052453302728716844,0.052145036928119115,1693596265.1585321,7,5.9892348780577835,0.5146297133213761,0.4152724723642519,0.7550299515870641,0.5342877017969776,0.15307162227814716,12.673630327746617,4.499908340707226
174,0.056409770158884154,0.05429802185051735,1693596265.3646846,7,18.620332172706004,0.500734209867749,0.4726716797144002,0.7652977536394474,0.5515173093894372,0.6381846201220551,42.273808032923924,5.152602504432812
175,0.054207201062806076,0.05588557219574475,1693596265.566033,7,53.79686661906661,0.5009017014998854,0.6057684094710395,0.7835577843258408,0.5567981765445129,0.5754414724526962,25.66229187168832,7.094611698537138
176,0.05652100323063303,0.05766996367122024,1693596265.7733707,7,20.850674806501697,0.5105891493935013,0.45354529700441,0.7520496239152487,0.5462086146634292,0.17000620561823881,7.336316320262884,4.447219441923976
177,0.053169047543084935,0.05206932666963704,1693596265.976539,6,12.749784939465378,0.5001275749313212,0.7808915076082721,0.7523000897229218,0.5453141912658254,0.13429362040235807,3.5578688561490774,4.342108794469438
178,0.05658171912263965,0.054191610206849705,1693596266.1781306,8,25.30165086870111,0.5155191550697326,0.40085378466125976,0.797918596810809,0.5584399178464482,0.21800208656234446,6.351074101599144,10.125869055342324
179,0.0284163761399141,0.001819157812087191,1693596266.3836164,7,25.50958522200967,0.5199033954791118,0.6657140106317876,0.7801856724500512,0.5611621713503379,0.22121903289436656,8.261288392892718,8.895118132293637
180,0.044985860113545884,0.041309278645580316,1693596266.5850835,8,66.29434971484403,0.5385244562449965,0.4262813769485837,0.818234521218277,0.5671165864502852,0.10423441293721616,7.06792636682747,9.154857862244198
181,0.05550621940737277,0.05475371613977564,1693596266.79211,8,19.819735810540102,0.5098415675258392,0.388054673521512,0.7942607156331217,0.5502247087540095,0.2481267019979342,0.3731179153051137,5.789039024227864
182,0.05374796301584195,0.053228860469186734,1693596266.9901035,8,21.1006746839228,0.5134533435260866,0.38565524445029065,0.7924339951472575,0.5503685306519775,0.25347957783411834,0.4500078618765676,14.215037070759411
183,0.036373448201087344,0.015057665858451696,1693596267.2019384,8,40.59132608881035,0.5249279365461524,0.47912839091203624,0.8123378495458027,0.5436254459869595,0.14428582968016948,2.480412392017288,3.8379167199091655
184,0.058502210309495206,0.05547384990801019,1693596267.4115522,7,15.755452960319722,0.5003791428075565,0.6003560005845778,0.7966247997232464,0.5599291894183575,0.4200571207030609,5.212426534245881,6.678321508774903
185,0.050715906552011636,0.045255863426750365,1693596267.6186483,6,16.66538396315464,0.5147997244383147,0.6379095298210968,0.794439650497499,0.569603034325088,0.49104881279808116,4.335813355408376,0.020013827749899408
186,0.032943968899711296,0.015198297138117378,1693596267.8295033,8,75.58905826474737,0.5271454077833032,0.8196182713042658,0.8093221520622133,0.55643575052263,0.40835460286040454,2.3310776231585963,6.84003804829769
187,-0.2013705339535825,-0.28525455921540543,1693596268.0268147,7,32.290026545794355,0.5106659289882423,0.03246209514561066,0.8034850290061979,0.5616190215091349,1.6544956614035207,5.482881592837922,2.3393083581724388
188,-0.4261662345764532,-0.5942590899931939,1693596268.2175145,8,11.31311546049747,0.5490036287591904,0.0004202484457953172,0.797657770393245,0.5496385394386557,3.238933610299346,0.0016121244487734229,12.93570881591146
189,0.045719667734557934,0.041409178610464115,1693596268.4378202,7,19.588031335196913,0.5195367617310033,0.22671868234351295,0.785831872074085,0.5749994548756148,0.22966867564124552,1.3816690327183163,0.011207566315574919
190,0.005859872397420585,-0.016917678273014047,1693596268.6513636,7,39.643593356484246,0.5353203709230586,0.5831400083304764,0.8278743129880997,0.5399450335669002,0.6836673929622851,0.017214138746040886,1.1224973371835472
191,0.053622674612650134,0.05175152008662276,1693596268.858499,7,8.605089184798556,0.5003592671187581,0.423037641450982,0.7608696405740378,0.5291172375775048,0.18193965268316467,14.644647832416345,3.6582529642691983
192,0.0549477814289866,0.0534058714141491,1693596269.0615911,7,6.322925104928082,0.509382664307215,0.38805836672363314,0.7746299388193763,0.5263314840341012,0.08881371390825299,7.3702265843280435,6.060550737242557
193,0.056457040799677394,0.05735153077864308,1693596269.2671697,7,85.92378933710211,0.5092252230313742,0.4748586569228027,0.7548389648804584,0.5523765794246678,0.4164691107635705,3.3896919162398356,3.173665529083498
194,0.049008947257265345,0.04261652858543885,1693596269.4765482,7,78.79118877551846,0.5187559451558782,0.4941163023779861,0.7669976062110578,0.5550966838630573,0.3887860036654276,1.3177763127898698,1.966710999861347
195,0.0485934882267024,0.04500676246734703,1693596269.6898148,8,25.30606479236441,0.5000205339976888,0.9724786010767895,0.7492235158271092,0.5474515292575818,1.0996289730091213,3.281235105747723,2.9001113914669943
196,0.017768271501224397,-0.005225802484768893,1693596269.9014606,7,51.97479899523382,0.5277415450110027,0.6466388205682165,0.7788925682685963,0.568921286155008,0.6334599324296699,4.407639896575344,1.2259956014373108
197,0.04636622907835253,0.0478070589212799,1693596270.088351,5,93.03852466946405,0.5120687554579136,0.2309925560120368,0.7432148044335741,0.5195276220716863,0.3768845867451678,0.12577367280783203,19.6826613245979
198,0.05374691003057219,0.05508730550968943,1693596270.2935832,8,14.871801467513865,0.5114927433300858,0.3714095465128362,0.7627825096273946,0.540303910453267,0.2475635263864363,0.7363234047781736,8.0898156891652
199,0.028013647975258182,0.0018283163157680749,1693596270.5016325,6,32.45395891412138,0.5272103309470246,0.534280752283942,0.7888335007735418,0.561194186633344,1.3144525032164145,2.100409083487177,1.804702415207929
200,0.0326005053509536,0.021899070476022797,1693596270.7130866,8,118.82967233104985,0.7124505894265385,0.35230515098058635,0.7561109092940412,0.7818447442642354,0.7517217137200348,0.2944378559805026,6.102935772434528
201,0.05363223680858942,0.05368614455449161,1693596270.9211845,7,5.8019178256891175,0.5006604379901983,0.4705702237241207,0.7527688881592524,0.5290466755592791,0.12335250997379242,11.004291321617504,3.8874303644149073
202,0.05706940077029121,0.05563873481426418,1693596271.1263723,7,8.877830030011742,0.5095954197579922,0.3537066273557015,0.7743485615771162,0.535877818794822,0.17215906061051103,35.62241040808838,4.939451899048497
203,0.05337894019347289,0.050646373191595484,1693596271.3265185,7,11.586936159637728,0.5184602936419273,0.2671759977796804,0.7728638578451605,0.5503035398916221,0.2984711122642641,42.30816403006479,11.22850123997906
204,0.0503799401805034,0.04627434400169006,1693596271.5410042,7,0.03561087048494611,0.5115443160783603,0.7806735879494228,0.8014279728152821,0.53904110863388,0.4966567672482177,31.17491880895677,2.7900579803833905
205,0.0444440753047497,0.041360875762476046,1693596271.753565,7,23.76969494797495,0.5222007373151941,0.3347581440100768,0.7816939757129832,0.5228869990626662,0.18281823240210934,15.334897057694912,0.0002651257392627369
206,-0.2973885080584757,-0.4167706177431165,1693596271.9452496,6,11.1819765710907,0.5384060624762376,0.0169961588014664,0.7660613590431249,0.5812662826506704,0.08224195259754528,43.977890749556295,6.419685409201803
207,-0.03488942272128237,-0.07829189882986576,1693596272.156892,8,51.26643503304096,0.763735844969994,0.5952964408687724,0.7421904584942345,0.5176458114824682,0.29963286527393035,7.664056752655738e-05,0.9917658910822927
208,0.04828877851987723,0.049476838944831236,1693596272.3699307,7,3.2183057713402485,0.5080444807303119,0.20127829153288668,0.7941176685140178,0.5572426932426152,2.2175675341066277,10.391045025747115,1.8018491283822493
209,0.05571608181199905,0.057485870587715815,1693596272.5780873,7,17.261431678291864,0.5094137736679305,0.4640911638170015,0.7687858855060061,0.5695790554855038,0.526719942229575,99.77405124142271,3.6117980067726325
210,0.037422085700115515,0.01898599111899557,1693596272.787542,8,17.454869111457022,0.8320472002857385,0.4915427474065301,0.7384684525849118,0.571571271923536,0.9357993509421763,94.78826978580766,4.374109531602757
211,0.05908427476127853,0.05859894521869591,1693596273.0004802,7,9.014487752599209,0.5002919951064418,0.36060309314454136,0.774328667971557,0.6867749287398298,0.4791264221644756,55.22042380318371,3.1279913649042324
212,0.057363268914775056,0.05888412097861506,1693596273.2078786,7,8.478134253575018,0.5158616814769493,0.3718757232093153,0.7590381446053083,0.5627622895877432,0.5113876799580837,61.56762511078009,3.1077530087802345
213,0.054166235354957015,0.055509858175430526,1693596273.4180167,7,8.779974683061745,0.5178922592254781,0.36738596802871526,0.7493353699481088,0.6798588047992583,0.5064169906103371,70.49759073020023,9.577184266550464
214,0.05512243145977236,0.05323856104409874,1693596273.629382,7,23.913280440596015,0.5293234151280146,0.2749794175108862,0.7781189116935013,0.6912372534708517,0.71637370338404,55.04300332920342,5.268020549315601
215,0.06012061525469414,0.056247234035484484,1693596273.8433552,6,47.31950647370755,0.5148123261234963,0.4450317476301873,0.9897570360696109,0.7073459060889367,0.4359445479110734,61.61570361820649,3.212554051771506
216,0.05309812327046226,0.049370939627305654,1693596274.0489435,6,55.18533460663225,0.5244149489699568,0.4728184804387891,0.9066578598123542,0.5804548899434137,0.5453608470230263,93.62611366396618,3.376284929483019
217,0.051127261000180724,0.051961887807727924,1693596274.254145,6,119.89322663064222,0.5452143048115069,0.24676695845828078,0.8257697825134983,0.6981143410986548,0.4118939578986897,50.62318363372442,1.8318610948454093
218,0.05636178170032857,0.05332050029898683,1693596274.467021,6,46.01155842293095,0.5157058415808687,0.7500880202312712,0.8649939945227296,0.7180603840630482,0.7871214919859936,64.25080364997635,3.127837330600632
219,0.04736540947086909,0.03632963344382767,1693596274.6910646,6,42.18306887870372,0.5321070990216858,0.7336256914259974,0.9800468532383398,0.6540089869979364,1.2315981299349799,74.51001613263588,3.055053586640814
220,0.0501418461223222,0.041039233167379785,1693596274.9021583,6,83.69169196244358,0.5182049653211097,0.7773804546533308,0.8852472564800992,0.686499579062216,0.17902316768841411,59.18132777551829,15.072825189178007
221,0.05720856371250527,0.05876780804295567,1693596275.1790955,6,9.1565291933149,0.5102479679673165,0.463658624906576,0.8498290782539574,0.713524795786355,0.8971134799113857,31.595013623143917,2.285107069445786
222,0.022961258493206183,-0.02893108108462017,1693596275.4090183,6,15.237718983291218,0.6601879584970891,0.47638165187699505,0.9319660339472192,0.6961601318814629,0.7475452015951637,33.35044236317772,4.0725839713943435
223,0.0596558010155791,0.05594256838189049,1693596275.6411567,5,29.561741557588356,0.5069586985360902,0.6277103021904302,0.84768936089091,0.7199662612171666,1.0417749908821996,54.94942501215464,1.2932235760399609
224,0.05760565810169149,0.05709839001929462,1693596275.8735123,5,5.317413988729383,0.5002614097893371,0.6757264443244243,0.8459381047275059,0.7193031686265465,1.0870041412949023,94.97128972026258,1.621834422155752
225,0.05346285951372498,0.04926844560339427,1693596276.114518,5,37.0331103874984,0.5093364407193778,0.9402767490749536,0.8111372463798272,0.714687155206384,1.0444220710540595,81.60513522907827,1.4333646044563555
226,0.055786196181044634,0.0496874796468918,1693596276.3455887,5,9.044406399515648,0.517918170413208,0.6451634234860353,0.8534682750845743,0.7270193996774322,2.225085642557383,98.28754927738889,1.1402893651949366
227,0.053189550665131646,0.043601530439799197,1693596276.5757713,5,7.124985046889997,0.5206486296119567,0.6401932322749591,0.8485949636593871,0.7288835763983532,2.20610193389822,58.274121802349946,1.1944089196249374
228,0.056714963315793954,0.05109952452367972,1693596276.794673,4,0.0032949302245546376,0.5007055358473244,0.6939912655437744,0.8521314471918305,0.7162391063396603,2.7173796349562083,99.85080007451805,2.091104236483594
229,0.04066929412146825,0.041123715699986185,1693596277.0173986,4,0.003146554036269269,0.5005543557433715,0.7697668003975493,0.8439409150093748,0.7146368677634348,11.910282940211367,51.99975806788432,2.319781488497892
230,-0.007438754506257306,-0.07377426191949343,1693596277.237848,4,28.99872590799188,0.622350985158569,0.8922952493424781,0.862221057586304,0.7055929973821797,3.1163696839999715,42.309534423454075,1.96480729862822
231,0.056519034697940396,0.05302026655824599,1693596277.4692945,5,0.006450588945437037,0.5164681756351216,0.5916616427622373,0.8384294052116938,0.7258597504022423,1.764248429071938,96.4995628596103,1.0847641710339377
232,0.029916040756819307,0.017936447969235547,1693596277.692325,5,160.2703838117637,0.9123459695912046,0.6203055898736812,0.8378486404677358,0.7395079544303922,1.2911114005549038,67.97985288760266,1.381699276754788
233,0.05411085129368509,0.05027014908749039,1693596277.9133983,5,4.882777916286342,0.5107685721602498,0.9965765739309683,0.8634811023019505,0.7138387174787729,3.3784645514024274,99.61420857398097,2.799932261442646
234,0.054742605792712506,0.053470488867629506,1693596278.1372695,3,0.010747766197588451,0.5083793282855433,0.6937195157226106,0.8368462405536721,0.721355123104589,1.6675291205333793,32.10715089351112,0.9933047467974643
235,0.049447387392330344,0.04526389732054725,1693596278.363796,5,0.0035363317079056167,0.5235848280088111,0.5458843477573018,0.831632242847975,0.7057108970216148,6.750288065654477,54.353051677173006,1.0743638678821557e-06
236,0.005016555302781223,-0.03757905039834353,1693596278.5831711,4,12.835703211999563,0.6315619947977228,0.5510416313839426,0.8427113686280834,0.7341725574616957,0.8417354573020595,24.77745820340793,2.0076816640772326
237,0.04940296401607136,0.05063980728315154,1693596278.8147342,5,30.539909781869117,0.5072897013761041,0.4487899918000477,0.8530603780274931,0.720857843351317,5.564588846877736,0.0483549120050962,0.8001103598031059
238,0.04639758740534672,0.029829510008012594,1693596279.0430183,6,0.000562916093940388,0.6810932565888715,0.7117242308289158,0.8240628006985382,0.7359185319016955,1.300094905952094,57.65642061118612,3.324528826096719
239,0.05509542992765215,0.055497863675241677,1693596279.2623494,5,72.21240000728373,0.5009359292641112,0.4231414674253844,0.8351058665950551,0.7469955817545199,0.8009732923356218,27.604807426984355,8.262741164263677
240,-0.4103762976192262,-0.5725079861181275,1693596279.4848824,6,5.9929702134465295,0.5167440132209833,0.002182149788267373,0.864872735022888,0.7076672262220369,1.9707867211766934,47.51497869850536,0.041747491382401136
241,0.05652331321459603,0.050984186261077924,1693596279.7095034,5,10.876534546664743,0.5169003589692918,0.6578576415120676,0.8447975453595289,0.7235221028770299,3.482301496751248,89.88996874321114,1.1688101210411395
242,0.05096447854697017,0.041598485339647384,1693596279.9399612,5,16.979440197802735,0.5317769117016583,0.6113869541311657,0.8572836220069047,0.7223756481097655,0.38753383843845973,64.35848983191022,1.6584232354047914
243,0.053472518410474956,0.04319083276592939,1693596280.1639876,5,11.334369084396123,0.5176741360586951,0.7259219180468864,0.8764454628629679,0.7157613217125766,3.969097762531897,97.54098317151612,2.6533881731453706
244,0.055580445821314495,0.0520480418089293,1693596280.3923786,5,37.69593469935825,0.5011328472199214,0.5489039338558765,0.8452508447629197,0.7010873120091332,4.413013129327648,38.20114868904465,4.924950722036005
245,0.05563514480280529,0.054505603090682975,1693596280.6257064,6,22.369914638825765,0.5114145946375367,0.37127135546381623,0.8520676153367114,0.7295486571636127,7.364716407934212e-05,18.970848031306826,0.6398065239212413
246,0.059516349481226416,0.054252424278669054,1693596280.848756,5,5.4168344738537835,0.500117349593663,0.8519672970798817,0.8398134301693299,0.713617950937403,1.1454179164571083,99.27557582253635,1.4337703306428837
247,-0.1366978794392837,-0.4002854675790153,1693596281.062964,5,9.269623123555006,0.524310729795323,0.8533166137086802,0.8187998106361649,0.70875622514325,1.1568096503542422,2.1294131093749796e-07,1.2803463469707252
248,0.055278435563162365,0.049084885903835085,1693596281.265595,4,8.737080251909909e-07,0.5005286633921633,0.8344193703486771,0.8445852369009614,0.6923787058672684,2.479446728851395,97.6739534349938,1.6278491472631447
249,0.05312988146492825,0.051608875893616735,1693596281.4774737,5,1.1937988464026982e-05,0.5171802528433465,0.6713867764793585,0.8316528360150234,0.7171644822639954,1.6224678963047943,44.94479767167278,0.8301101915349061
250,0.05180586872352788,0.05418456036472119,1693596281.6884637,5,55.31613888360652,0.5099333414004136,0.988238132232062,0.8718379283863565,0.7420818759601279,0.9153900901922296,63.58542983943888,2.4808163408688833
251,0.038152318047295686,0.03222974499579956,1693596281.9067125,6,4.544933634729733,0.5334747327087468,0.5070581324049463,0.837438687171859,0.7292252075694079,2.856504234703775,28.13120808022828,0.9939615061731079
252,0.040506653769377676,0.011211002197516806,1693596282.117464,5,15.41114819870494,0.5235526203261727,0.597451300790042,0.8114148014260817,0.7072789745337668,0.7979103697142113,16.218479629246676,3.3301031313722675
253,0.016102950631205037,0.01694292065260461,1693596282.3305688,6,26.05460140940669,0.5093883012998347,0.46647257052846564,0.8546459593574917,0.701257584455934,52.46113321917178,42.35318755201674,1.6372703305702867
254,0.05621508339069481,0.04977630384144904,1693596282.5487955,6,111.52917349865804,0.5154646629503639,0.7460601596637091,0.8296362308254039,0.672321116062203,0.33636147315078313,5.627170962098699,0.47215699878154366
255,0.048410414711517524,0.03806603289214716,1693596282.7656398,6,219.70989170086872,0.6726684450865983,0.7748834485243251,0.8287048588820063,0.7561986218385035,0.34564169970111813,5.7350038391099725,0.003722373631788801
256,-0.02451141027310566,-0.08791733290285397,1693596282.9770048,6,157.11606903378836,0.7830161584927436,0.9990267861144371,0.8227235100350043,0.6710882444333773,0.2466833753611391,2.37025273095782,0.7710463291173297
257,-0.13699393958755635,-0.19871317906683617,1693596283.18784,6,108.9397308953637,0.6995932273362245,0.04744521836777175,0.8396108983362284,0.6903451930093558,0.49128880866975944,4.19180113606311,2.5327640776128346
258,0.05469339986267119,0.049958519962828296,1693596283.38625,5,44.55170518957681,0.5000252011314152,0.703030365113973,0.846889716280968,0.6792688461827426,0.2928205515539683,6.284663210796309,41.86181854929949
259,0.043869640635084806,0.026803488283366317,1693596283.5915616,4,90.04740741795294,0.539695170123062,0.5579650312402452,0.8579997894413304,0.7224965598441037,1.3841268373140077,9.818710150811027,4.324873306871617
260,-0.6155782674577241,-0.8840423144008736,1693596283.8043852,5,0.001809422469292648,0.5275276245887929,0.8118221695330873,0.8197507598534939,0.7114605506716908,0.16444611859772432,3.154120908293981,1.3534925430408307
261,0.057495910670290584,0.05523169656310711,1693596284.0002894,3,26.82704969098942,0.5162099349132622,0.47364008372684613,0.8463765069240576,0.6996982175146189,0.5835659981677495,66.91415571901032,7.835471722667818
262,-0.07171692186339751,-0.10981292799909581,1693596284.1982396,6,58.651809794296376,0.6372794578843527,0.07157587594070684,0.8365178915168482,0.6665674246824173,0.6205502142797152,72.05274748559111,8.11545872689225
263,0.056770536793964266,0.05543008168388097,1693596284.3951664,3,25.229175324014136,0.5150294332793528,0.4655035727007102,0.8717528096241655,0.6970920240715368,2.13956366877322,63.70083215528584,5.634379662822795
264,0.05426137615838178,0.04858368463559293,1693596284.5927885,3,0.013727533205436689,0.5191625227183501,0.6123513477633673,0.8614625749544935,0.6951985424766534,4.7373150672915365,95.78634986579198,12.189247186957937
265,0.05276970822429217,0.04683432854135128,1693596284.7959611,4,32.8906090728058,0.5255241842318028,0.4684620312627991,0.8752456734520982,0.69961045566505,1.9668481167923964,66.82255297395447,6.559486403056789
266,0.040978721506420235,0.02839915784414271,1693596284.9904196,3,72.58556238424677,0.5388207690043905,0.710862691585722,0.8475900299795736,0.685445457099701,3.3299781882716712,98.69798372648599,21.19824029109922
267,-0.04546008691536785,-0.12392007328532295,1693596285.1871674,3,24.839405358300763,0.6514379817444774,0.5174130826600739,0.9993941636919452,0.7099804173974381,1.1819265584579357,8.396517232858739e-06,5.30459786777562
268,-0.25266712193408414,-0.35547123878284426,1693596285.3778465,2,126.18993554226041,0.5161419347916356,0.02431778657793023,0.8654008245507815,0.673583347280374,1.8379432929069752,45.25588801300241,10.800947955082773
269,-0.4294168104425309,-0.5987192632452378,1693596285.5731065,3,1.3269020063004093e-08,0.54890908618169,6.671873134577731e-05,0.8519930500143154,0.6850825991838608,0.2233398121387296,62.012469950183174,6.719670936109578
270,-0.43001770031100195,-0.59954825040002,1693596285.7552302,2,45705.60175452662,0.5327425105497068,0.4272869995367325,0.8292087863645655,0.7220477438651203,8.717187706194546,17.739999445727367,0.585017077375916
271,0.05557185895129313,0.04765298464257717,1693596285.9517255,3,45.05945386087973,0.5162364127169565,0.6071794979173093,0.8427747484452363,0.7019428629173309,3.013320588236435,98.29579730161647,3.78371682978324
272,0.05637422031370232,0.05187755868385391,1693596286.1514573,3,20.193809124748167,0.5081711749269265,0.7736226190983758,0.955439485672972,0.7369411052513998,0.1279910102052195,56.31437156743007,26.55160038388597
273,0.052098361408305816,0.05478017435087246,1693596286.3515732,3,18.368961153074963,0.5009923744912743,0.4339513937038247,0.9621283562870625,0.7506397687223915,0.10423001179209322,0.00849756811740051,14.42619627182035
274,0.024407590215872244,0.003331515409136565,1693596286.5444155,3,18.135509883275677,0.6848783399584975,0.5603529410076413,0.8661587964062388,0.7282887796828983,6.037987934690986,0.6316920752186282,81.05870162315102
275,0.050718770070208974,0.051046007239623714,1693596286.7430446,3,7.092521169415357,0.5090795468569888,0.9734409207952658,0.881558115223195,0.7367565964162422,0.5161141055092844,54.284081446660565,27.991272163096163
276,0.035670355734678694,0.011534593350473465,1693596286.941391,3,31.970514644678445,0.6468122199759854,0.3765064229452309,0.9637406057559594,0.7182272338450567,0.16611181440846878,36.70605192318819,17.169254337152257
277,0.04641156498989463,0.037930434821196735,1693596287.1481915,4,12.756380710360201,0.5294800402225508,0.7337498374086477,0.8984451253323076,0.7349713491169606,1.2060140046933379,58.17186962526212,0.05225943569426227
278,0.047165273549357845,0.03545537133128385,1693596287.3509579,5,43.780489308471836,0.5212701312373743,0.47430113565801424,0.8572068530966795,0.7115263088637765,0.10331002509059384,26.601419076042056,31.510889811328543
279,0.044254384875139996,0.03620061116286544,1693596287.5488706,3,0.006431275283793862,0.6005006832531998,0.6246912236460485,0.874077037199491,0.7469008939367741,2.393746731226366,65.10237332424951,9.162741495217803
280,-0.07526601945193878,-0.1126853607982159,1693596287.7592618,4,0.001541879245903009,0.507755611596546,0.06456053593096926,0.8855143269341653,0.723925336458735,0.778105459919668,0.07156315559733849,0.18955779775194606
281,-0.377451104587172,-0.5282332156602232,1693596287.9717028,5,0.0001789575020036928,0.6080604764400471,0.006001106290610333,0.8497477607833842,0.757259319115737,0.3792925287268887,0.9771677227000575,4.967423000678219
282,0.046163446336924374,0.04942461143457311,1693596288.1624193,2,23.490554513268034,0.5002668947992666,0.36064906995303525,0.9290204407408941,0.6604069768655652,0.21991881801480664,98.9771490598747,55.463959363175356
283,-0.004586484758972276,-0.09035793825402205,1693596288.3643088,5,7.429287804168331,0.9945735816615762,0.8175136475449327,0.8071630308891732,0.715038109722317,1.6962320361873553,41.67122463156743,3.299776451386841
284,0.04016723106137443,0.04156006707176996,1693596288.5571895,3,0.04008537474612712,0.5249294371995245,0.5093261220381454,0.8694197719366545,0.5632498390743453,13.560295393263925,22.739236451442764,9.383608048824486
285,0.04891998987754598,0.051132910341680216,1693596288.772235,6,0.0647611832962055,0.5111692488977976,0.40648276492952146,0.9381359162942358,0.6963319875345391,1.0317238658562125,14.063629426796329,47.099177882954855
286,0.018665283413453748,-0.012363954707026448,1693596288.978435,5,12.793783731129936,0.756284654521036,0.6354169523987204,0.8574129540233172,0.7329304996004851,0.5517247745283648,63.73406506590596,22.505292566816046
287,0.035106262492443085,0.02110440262576363,1693596289.2068052,7,60.697050921541134,0.5365007065603027,0.7726795463627586,0.9525726868770515,0.6416856164553447,0.2438733752858579,32.94237260401435,2.1471032149271814
288,-0.07842475205225985,-0.1626211537156501,1693596289.4035761,3,32.651186135332196,0.518658052787057,0.9871214628587319,0.8912247971590127,0.5882757809804297,0.12605825530458817,0.1831786701320435,0.08173608152462651
289,0.056271029787231086,0.05405474341048255,1693596289.6098683,4,8.627911997821438e-08,0.5005171127467236,0.5081525771514446,0.9095864338754422,0.707531676615889,1.0234363038633705,45.30038965612227,6.135021394639983
290,0.04928056633865907,0.05236262582921192,1693596289.826204,5,0.016820548693446215,0.5095106266780998,0.3510869371517814,0.8676464335439236,0.7415210205231755,0.39207824352373905,0.042544479081510975,1.3235255938642934
291,-0.0477855697846461,-0.057215886447397724,1693596290.04672,6,3.007730234291081,0.5458422482434445,0.26561105533819285,0.971427243806504,0.5584506189008995,0.0011230682837470366,1.7996731130137096,3.7861787660958224
292,-0.01121327654564963,-0.023310601455702518,1693596290.2296748,1,0.10838843975005594,0.5244195692326897,0.11091290198302522,0.9909698945608382,0.5485023041297362,3.869041275408679,0.0032893030064357633,0.00023233886522665417
293,0.03148384801241377,0.005489786923550066,1693596290.4673905,7,18.045409737055273,0.5555842666755286,0.5910941670577764,0.9763293980023052,0.7260331885643292,0.002740120898351832,21.950466247510626,1.679956977308191
294,-0.4299101235566789,-0.5994000363660998,1693596290.7104998,6,7.65926251314583,0.5120093208180545,1.1041409136128134e-05,0.8773146460656618,0.948159225280246,0.063908738356803,0.028701120302612182,0.009257408799560902
295,0.054970001381339006,0.055628663034944514,1693596290.9217403,7,188.91948620634545,0.5002402289196263,0.42714670227677515,0.9878011362685886,0.6857427953373412,0.6287743837289369,9.514508808165994,14.23171405429025
296,0.05324595493250339,0.04809701018629242,1693596291.151853,7,4.914409421463043,0.5312173268475677,0.7817169511948837,0.7975892323647437,0.7184024477808042,1.7851274201535177,98.0454528624542,2.67824811517524
297,-0.25980709978870875,-0.3642639292026728,1693596291.3498404,6,73.19989716805387,0.5179197669644832,0.023352490608847126,0.8401585273687914,0.6233954155156884,8.793274568648712,63.62130632360036,1.043401146961472
298,-0.042448148214131676,-0.07436400893274886,1693596291.553549,5,27.8884695047765,0.7390292314993021,0.0846955508127269,0.8162208576687607,0.6511675176880758,0.1673688231138664,33.80176741446665,5.8429932933086235
299,0.05426087613803532,0.054660543595803524,1693596291.763674,4,12.213203330103505,0.5109220861171958,0.546534262787941,0.9967052150037137,0.7012614765547205,0.0004674446915863368,2.0756913434804766e-08,8.994852517208573
300,0.04745304936386174,0.04362888034394041,1693596291.9962425,7,45.2174397721669,0.5239487865444753,0.21619098491827415,0.9201778346526053,0.5724885144579276,0.28607835167856266,0.1045449645527471,1.1407827045954786e-08
301,0.02255773272042405,-0.018947632516730817,1693596292.189615,3,20.27036021550944,0.6684535825210779,0.31248306534876374,0.8887424161187716,0.5448031019586975,0.855823265428137,15.3501713365171,1.8681749254084425
302,0.04770514783335944,0.04376880695016239,1693596292.404066,7,0.005373490442962702,0.7296817495704085,0.4404934940213826,0.7873968097299855,0.5607451470216416,2.660811666312032,48.71124228586727,4.038008473665898
303,-0.1595752851207739,-0.45134139456943334,1693596292.620593,5,8.567480472028619,0.5766667775686708,0.6591034355895607,0.9803037475660715,0.6350055685685956,0.47348503963787436,2.9750060540773253,2.6686985419216245
304,0.054507433171451014,0.04857751697913382,1693596292.8345854,6,0.025236664853551465,0.8037296292841214,0.35531206885669414,0.9858770686154807,0.691922627179749,1.330926069513873,99.78288703644449,5.201726938486876
305,0.03728577832636015,0.024899131644120276,1693596293.027417,2,325.70354624197205,0.6252021180626167,0.840660401015307,0.8446714559532098,0.7073277198214639,5.1682651373046795,0.00021401226617173805,1.9301487383436513
306,0.03647574951468735,0.016644238137709655,1693596293.2552593,7,0.007779077085873449,0.6418129910784431,0.5235745166573852,0.9439345729645732,0.5352041385836223,0.07361978239739932,26.438573665971862,0.999495727961729
307,0.047568857977624335,0.03969451987220474,1693596293.4751847,7,84.5766990091755,0.5875062324578004,0.271084487681009,0.9552018347707164,0.7300370179193576,0.6434580976251011,60.377499332982964,3.2030843949130112
308,-0.34037984733701343,-0.476170465101704,1693596293.6890674,6,1.6312593672670703,0.5001870153652497,0.010623246932281043,0.8073756872069885,0.5546264966022105,0.14969514896679895,8.466526996816379,6.742275508918781
309,0.037479384987201936,0.038747952955677456,1693596293.9071271,5,4.107908425728313,0.5151342034368983,0.16241674868498712,0.9183944172501572,0.718584010664957,0.3889555160991937,38.30653901198221,1.3320596713583557
310,-0.41640981543719446,-0.5809270537083084,1693596294.107989,4,0.7017864619546553,0.6956746120526838,0.001479367027573702,0.8571823630090414,0.5449864360434863,0.0001633310047398967,17.731972330071592,4.0112849209929555
311,0.04156958927241439,0.031398342863718676,1693596294.3081574,3,20.037834120524092,0.5400664903100277,0.665135738395274,0.8963882545386037,0.7628633617777569,1.6119568537851843,65.7263190508037,10.89955784252265
312,-0.011303417055763099,-0.050266080726424356,1693596294.528727,6,38.95427121161148,0.6614824170805735,0.43277753547760556,0.943537654601917,0.73775970934566,24.11629428598403,4.677730358121076,2.2186416176653716
313,-0.03920283599235086,-0.11910612210275917,1693596294.7450407,7,12.723789045326235,0.860788325350961,0.8336023307452604,0.8229240372913152,0.5902373695453405,0.226091769335083,41.32922283111795,0.8360806200770273
314,0.056868900323278515,0.05630359056227874,1693596294.9613204,5,6.228375856687147,0.5090950485568543,0.5266580327933933,0.9651540791836196,0.6792758004388959,0.9661365955075406,26.583084003210725,4.270450094500544
315,0.05760640543944695,0.05600833871405897,1693596295.1789095,5,2.9555655583904117,0.5090373512114814,0.35147347760030084,0.969844965826927,0.6791340528777737,1.8938328157173914e-08,0.30723715533754115,5.920016687561473
316,-0.06534211740113816,-0.19158945523520754,1693596295.3964932,5,1.918164693740444,0.5275810173331315,0.33653070479837127,0.9683313864347176,0.6949225009274209,9.443795271634228e-05,1.0580149206715166,5.522021637183246
317,0.04967639178956329,0.0546364381035781,1693596295.6134965,5,4.1562310478459095,0.5106628930521664,0.23701713220453807,0.9710647650570458,0.6866643406999767,1.9979300664990606e-07,0.28953428973533457,7.381014014904514
318,0.055138419541783,0.05461804461402797,1693596295.8334794,5,6.173526569074612,0.5003063607731059,0.4008487430308232,0.9773174230871794,0.6760213232972024,1.4693590128077872e-06,0.48253136609710406,4.440282145145695
319,-0.3042256022352192,-0.379722404419238,1693596296.0550473,5,2.096738658939062,0.5195235075741647,0.3037061639396657,0.9875609212903628,0.676962816897729,2.9322179794604454e-08,0.21622427508128106,1.7874358254937326
320,0.031426120701289584,0.006609470476381607,1693596296.2703102,5,8.003309330048056,0.5322492950455102,0.48590827424237526,0.7812157785443685,0.6807270560054137,1.3496808900283336e-06,11.651182072127762,3.0575976334147708
321,0.05669675395798823,0.05575482854764313,1693596296.483115,5,4.66088436233847,0.5089004449862226,0.37898031119102343,0.8336617296354194,0.663861116299206,9.229050764872548e-06,3.651993127020391,8.132892201577995
322,-0.17483557558807816,-0.4357591854969576,1693596296.6909509,5,3.797412000780211,0.7211876703104669,0.4115283898133798,0.836520038651671,0.672417441849683,3.1690961883683775,1.8616762223087735,10.711948800908335
323,-0.8252951886195594,-2.024204521946462,1693596296.907634,5,0.0036175076092056875,0.5976275888448073,0.5403443315916905,0.9997694100984088,0.6590899699484043,7.850637033893248e-05,2.4355218297881285,7.821457835558187
324,0.053926346255395385,0.05544339414440669,1693596297.1211488,5,0.5468084022652795,0.508621025196731,0.3596202168003964,0.8351224242585215,0.665353851592673,1.831160038428446e-08,1.3431087276187554,14.478997588334222
325,0.020711878910487203,-0.08777264872113832,1693596297.3264391,5,1.2551329053305909,0.9243168208617252,0.1914108427097242,0.8009389802955701,0.6908916647660961,0.989121375607535,4.129570654140375,5.1517284758635915
326,0.02170370174897085,0.018132322936252443,1693596297.5377834,5,2.617055712287763,0.5214525242889062,0.2638588795277295,0.8194489449323662,0.7008397957473197,1.1026989706400314,5.92422154931641,7.712653022574091
327,-0.42072119790415763,-0.5868442361702539,1693596297.7431445,5,7.6470710053204405,0.7050429115606225,0.0010039465734503145,0.7599452724393466,0.5740131651159975,2.030614982666835,0.6556639696105916,4.0914522474941935
328,0.008188461613845122,-0.0016654725193503417,1693596297.9522939,5,5.174595683416374,0.5085284893788248,0.11996331506449931,0.8475397567561762,0.6837114151486829,0.5396189162017528,0.006215653233553959,14.277973253324054
329,0.0528591471204537,0.04953574010169326,1693596298.1598341,4,0.001699914036346576,0.5004254201074811,0.502224019854464,0.8316867292263133,0.6663099684038821,1.5976312398284103,1.4097584589886976,2.746977546227386
330,-0.14692732737732972,-0.20968506505515294,1693596298.37041,5,3.039281159015396,0.5267657211532555,0.04574907895945253,0.7753548861949191,0.706492852110633,0.5943975579188532,0.01683826050836703,6.3950842668548615
331,0.02211199350526616,-0.007602328550819326,1693596298.581028,5,0.009516301836116618,0.542448583565078,0.6019063405117752,0.8505370554264736,0.5664966103860575,2.3845182654705974,6.824233261972071,0.5821212804429273
332,-0.4046660301124163,-0.5647443235042158,1693596298.779686,4,11.554438454195347,0.8790964928016656,0.00279933838590106,0.8126847853363792,0.6281632973574037,0.9477553560231067,2.9772661166886225,3.8951210426115037
333,-0.06202733261615179,-0.09524562237459211,1693596298.9780807,5,152.89669131053623,0.5088858562166282,0.07316484014317373,0.7623700577776515,0.7001700276766514,0.0015573649598709632,0.10004950547230933,10.02124727469437
334,-0.43001770031100195,-0.59954825040002,1693596299.1616745,8,7425.199404541533,0.5188871314311111,0.3828061158392932,0.7904046216313763,0.5827724616921849,3.564446538700363,23.17717269642567,1.2123721717046088
335,0.05282547113580638,0.0530022246436308,1693596299.3783302,5,11.438514181107871,0.5003520731004227,0.4437507014783068,0.9604088880187276,0.5616174590624115,0.3581776396422624,0.22652506208858778,2.2085845525381
336,-0.4244850870733856,-0.5919606141142628,1693596299.5865571,5,5.655184883580973,0.5335503404121793,0.0005904814928953549,0.7858811003226017,0.5507724363360932,3.897487249179461e-05,0.0008239568869048651,4.915975782164684
337,-0.38323281705033785,-0.5355453078638759,1693596299.7929335,5,28.35179259483586,0.6522324165485548,0.005349376873570254,0.9668497052979201,0.6911795711689449,0.711671297400421,0.37893686298639867,18.4104625341504
338,-0.42963633446665317,-0.5990236225062153,1693596300.0041518,8,257.0626187035248,0.5146904681157121,4.0329061951893004e-05,0.826480202135266,0.6793953451453701,1.5914671855743578,0.06843639177971832,2.6274402760778606
339,-0.43001770031100195,-0.59954825040002,1693596300.1870248,4,20760.309234710923,0.5496300130888376,0.6160155566511605,0.5942261498404822,0.5952369326771763,0.394940298942009,4.2736280864408265,7.95735395457026
340,0.05545219303163251,0.05891761093439396,1693596300.4016,5,0.31360124140749013,0.5086909377276291,0.31231409773694113,0.7733806907891302,0.7117612878066053,1.2382659477239124,30.919360626782467,1.3455665352165511
341,0.045188188768853554,0.04105356760959955,1693596300.6223562,7,75.87510831993801,0.5236406029392504,0.507439874907369,0.8410321877587194,0.6589625449577684,0.004998409347772198,1.8089099331358316,3.6886078132435536
342,0.053153558831684045,0.05497200959847515,1693596300.8442037,8,18.5652447735695,0.5005265134377108,0.25633599452769196,0.8757682308241175,0.5442814875736489,0.7096261581880231,99.25812547859556,0.3036276960616295
343,-0.10362541244368795,-0.153301752677395,1693596301.091668,9,1.8222569603742738,0.516055461206656,0.05514299271208318,0.9499286873177508,0.5577856478700334,0.3222595983410216,3.0695067050710363,0.7169048362025338
344,-0.42767516075729484,-0.5963564896794338,1693596301.3003922,4,0.0008288540974907037,0.6191261804953436,0.00024590431865910325,0.8592855959863468,0.644399995429068,9.29388493488347e-06,0.8605931879609335,1.867071960863372
345,0.04324582682672673,0.01901613236373667,1693596301.5484574,10,0.01907285986399052,0.5352171397569455,0.6213991190731529,0.8029543689886582,0.6534199177508604,1.9815137163403243e-08,9.562874497712599,5.8656770740642
346,-0.18825982968907207,-0.26770190696532414,1693596301.7581139,5,8.975913960691832,0.5737431502127641,0.03651913352696873,0.8992806721421835,0.6968530857298735,4.366857882384755,17.477715975790687,11.226457453277273
347,-0.4285062745178223,-0.5974658123170187,1693596301.9617834,7,29.37783590681319,0.5085670435581326,0.0001653668212295711,0.9198870849120206,0.5777562476572486,4.5606794932275855e-08,38.85701968315752,2.950716937567894
348,-0.3217030017828013,-0.4502173512999075,1693596302.1968162,5,4.307597369203036,0.52486364062224,0.012835860998809135,0.7613127460987975,0.7122054711459291,0.0009484665535875535,0.0016995643476616492,1.1130259236030007
349,-0.33172811821055825,-0.4627781917845162,1693596302.4240036,8,0.029259568047509107,0.5155915221164418,0.013246652177533699,0.981612074867486,0.7241328070680734,0.0006525971620041924,65.19540207261396,99.77154757357879
350,-0.354128776262415,-0.49530039424258065,1693596302.6405385,7,0.8209839815838015,0.6771744927257415,0.00887570894403668,0.8496065516877487,0.5657122415605677,0.0021335292522550436,24.758071868628402,4.900294282110007
351,0.05387081240210134,0.05019577917843032,1693596302.852869,5,0.00455879831924502,0.5626388034425583,0.40819101126986207,0.8670683355175648,0.6209539291367913,2.3262113859491023,44.64910330663329,2.0705268109629533
352,0.03492866806404904,0.03410408787761565,1693596303.0605092,8,52.705674300432214,0.5086930230187756,0.15976887790206298,0.8308429867902096,0.6147704607877829,0.4508017081055682,6.4245757139116995,9.831080989465098
353,0.04511707508875873,0.03666863645612273,1693596303.2882516,7,0.0700378923541655,0.5001054705811259,0.9859245922809603,0.5390567761430194,0.8249478791244522,1.15765575349003,12.637814623702045,0.559120315135903
354,-0.09574334835615361,-0.23573563639027095,1693596303.5020003,5,14.186222059298338,0.7075422752536605,0.4999518084847736,0.9406433956972831,0.6676968120654941,1.0751822663531523e-08,0.5630868346231082,19.043112263045366
355,-0.01443472548572644,-0.036988801713401465,1693596303.7116244,7,129.78809500379973,0.7759476387651155,0.097953956666134,0.7810526884225699,0.5374829939936877,0.6583118738731307,0.11970230589736566,3.3700557018866606
356,0.0478818210030485,0.046489192666051116,1693596303.9357786,7,7.088054069614047,0.6093620182189382,0.22537029385127588,0.8153539744318156,0.684768681641214,1.169598433046981e-08,66.16999734565036,0.9027888499625717
357,0.04851711881948051,0.018558917139159026,1693596304.140164,4,0.11977827335098665,0.7438503755137961,0.3265757485447602,0.8829592650944429,0.7025627585020173,0.2672957703934155,33.19740464612206,6.768293837852963
358,-0.386899910233242,-0.540220599440103,1693596304.3382597,6,509.4312750495483,0.6421016832977828,0.0050909352264142185,0.9303207977942647,0.551919272761549,6.786335430463016,96.10275121551607,1.5037138098733276
359,-2.0180437131764295,-0.7723584452976122,1693596304.5451953,5,0.2318901642405977,0.8171238088056383,0.66210985102151,0.7559424176715415,0.5363426929178197,6.952888871868487e-08,5.220883839896966e-07,2.453662936655437
360,0.04691927767672455,0.04495378190501387,1693596304.7756686,7,2.651549822983364,0.529676823718783,0.4237894912712434,0.8410100755829244,0.7219799276275559,1.6442120353987262,24.500034425858868,4.416006440510239
361,0.02512911525510575,0.004562904819101377,1693596304.987905,5,23.16295630087759,0.5195649971830676,0.537833498305747,0.7684518660518749,0.6467238049509296,0.9510249693841367,3.546361495954183,7.7023324120014225
362,0.05644005412501396,0.05998394321705447,1693596305.2237017,8,38.42737277954805,0.5093386792101224,0.3389514746086893,0.989283149497531,0.7098704769904384,0.4935252867446223,46.398356124854395,1.6504649421624817
363,0.05651695051293537,0.05297837705503694,1693596305.4551175,8,79.40886819462807,0.5399872720141887,0.3280515102013432,0.9917748076604903,0.706669348735499,0.00838279407256739,66.5549527698856,0.4807346113492643
364,0.055674363804409155,0.05626535943732913,1693596305.6778603,8,89.40677795427405,0.5344344857815776,0.26156814076828877,0.9774009118037292,0.6935703660879573,0.00398211310611471,65.94495020970555,0.4569761383373143
365,-0.0828333023662633,-0.12408921848402987,1693596305.9012272,8,246.76376573939748,0.5450068200967906,0.06228205530407492,0.996103114576149,0.7045985099906498,0.0037758116294211407,0.029441993191778332,0.8124980609197425
366,-0.038993630094465104,-0.06865756443102367,1693596306.1711717,9,0.015560797115119433,0.5236065211469259,0.18753470768937838,0.983268457584601,0.6802115202759401,0.03608559066368766,1.7840089025749288,0.17056768903734654
367,-0.20386497418531735,-0.29146676973102226,1693596306.4115765,8,65.71021942798107,0.7182778257260758,0.031810476023956216,0.9691750134763677,0.7174716087681615,0.09485577471620224,2.0373170794578556e-05,1.02931420172408
368,0.03508549275727524,0.025155355167910565,1693596306.646295,8,10.384128545358912,0.7521277686306013,0.33382108390640913,0.953970967539624,0.600897512844987,0.1461309889742665,73.4542908101925,1.3938544810885503
369,0.04518824341544936,0.04769600486774861,1693596306.866457,5,0.0020669551297907733,0.5157139777284296,0.6217914843693779,0.858683326800133,0.7286789261257274,0.047893847691387686,7.560057597521383,0.49327244898692746
370,-0.4020466150282591,-0.5609893839188438,1693596307.0706918,6,138.90094829703511,0.5272240449001558,0.003222659884262946,0.9893125448002773,0.6880645682068882,0.0010723886286499943,96.6044227499153,0.28982979104879014
371,-0.26917702096071583,-0.37824682016563926,1693596307.3028438,8,0.010966347503430816,0.5382831591115803,0.020731006596653175,0.7953113061677801,0.7017036686210535,0.00036250274614751314,16.961588105225946,2.257588497314471
372,-0.0005265214221237269,-0.04122396367060199,1693596307.513751,5,42.50695862204586,0.9450578577066353,0.7552880960123339,0.8476330841458798,0.7450739262587569,0.02651360167829557,45.54465418668961,3.133411071074585
373,-0.03418278160872501,-0.07680813110396212,1693596307.7802603,9,1.045093953400748,0.516573406008582,0.997405415508391,0.9619398624085016,0.6729701543011541,0.006317644938993448,0.00031568981754967273,1.0516050835894217
374,-0.6324064315918445,-0.877732629519266,1693596308.0311933,8,0.005905825451402884,0.5528780691576896,0.2175837251689496,0.8231003560108358,0.694602263994284,0.20686775778915586,0.1860390289436649,0.7178883904779219
375,0.05381898923317374,0.05146296660333105,1693596308.248733,5,4.545852445475884,0.509640289996477,0.39967399008481863,0.8371661061607726,0.6110593176737987,0.021823118546103953,27.431360193785366,0.12869376594776916
376,-0.23472054528946096,-0.33129611940882064,1693596308.467107,4,16.70021546385476,0.5236559747983678,0.026080205145527127,0.9147113834477936,0.7114493686397255,2.7509566015315094,1.2071872884288384,1.9847990250911787
377,0.0330537095256338,0.029974147416968577,1693596308.6989667,6,0.00011026192647825426,0.5001774864600113,0.1459063943130626,0.9975128862672563,0.6313959009605117,0.0771280025553288,2.607859591075965,3.607070662295217
378,0.055362609002187146,0.05724262455777862,1693596308.922822,5,74.5979076661242,0.50927422036502,0.28976053941136615,0.9063713669152115,0.7279796418618938,0.0002217266420611683,4.703316237970604,0.027739589462887654
379,-1.3095432399503624,-3.536028373030601,1693596309.1471608,6,0.0023761228085048946,0.5662111073957469,0.44910303215423863,0.9737517442490672,0.5892920269715956,0.0025529799568387826,0.0005343764657130287,10.715713219468325
380,0.0515592660645976,0.05058513330721415,1693596309.35163,4,393.3667180262321,0.5185977769158998,0.5394551830368413,0.8669349813912363,0.569771106141554,0.01249563216325452,66.47469759663456,1.5079787865082
381,-0.020903141243740375,-0.04270132269764937,1693596309.5671482,5,6.685079915230389,0.535605085744906,0.7080875987711972,0.9299830347925019,0.719378465342873,2.7569836945408433e-07,10.369496163413817,30.90075191618774
382,0.04834780273896799,0.03779340440972079,1693596309.8060672,8,0.001057042247632996,0.5832415480953769,0.3667011359630446,0.8110566040582478,0.7014328924639592,0.2633055795355427,36.079237058313666,5.504786149454391
383,0.05143302551315687,0.054231919471050105,1693596310.020605,5,4.378690111606047e-06,0.5078959989613728,0.2628853439371422,0.8288219201797979,0.6653536776494804,0.014170210133965789,0.318131484097961,15.459541187670538
384,-0.43001770031100195,-0.59954825040002,1693596310.2049017,9,52340.591642653424,0.5267233742661609,0.49374562419603807,0.8520747013942087,0.5428188488295405,1.1489303142733693,0.0109622905973168,2.4449812433686793
385,-0.07050363884450417,-0.14608523356999203,1693596310.424253,6,28.438571414506743,0.6884565432243581,0.7878230881620951,0.8907701344326414,0.5779249976166336,0.0006093457300745881,18.158293727972453,0.7587541461839901
386,-0.16440792310175345,-0.23516902912193793,1693596310.6473634,8,2.1822832562029904,0.7874092639080906,0.04160273019207436,0.788582749103993,0.6850169055896237,0.009346484587361875,59.81000052207153,3.6144690725884043
387,0.025088990834260083,0.0022879659071871616,1693596310.8702326,7,12.790390918425878,0.8368641997902312,0.5903854572611544,0.9456460011112869,0.5568873677676464,0.34435571323398817,96.663708662304,0.42573223520985526
388,-2.323004037945611,-5.777405926153716,1693596311.087546,5,0.5324600758815633,0.6003190125321449,0.36815150693064985,0.7493895577666407,0.7110206521398347,1.0831675327536607e-05,1.277196455980392e-08,1.2427524675241641
389,0.05301667046834069,0.053107688725368085,1693596311.2863765,2,0.18944126600614156,0.5158364679105658,0.42983502071011187,0.7744903773140044,0.7371592256405508,2.2779499173967435,30.756590997109686,5.661378453267033
390,0.04894008577895348,0.039865153168884615,1693596311.5029254,6,0.004345614811390936,0.5084298863637596,0.6387770286119395,0.801444014242287,0.5302957719060253,4.138449390268421,0.0016235532102415503,1.8973546641248664
391,0.0309619178134265,0.028142388792378625,1693596311.699293,5,2275.9809356697297,0.5004503727588162,0.29693513365998636,0.8443748207271495,0.7700637349432999,0.7710452342928463,58.352091667146304,8.424746194627122
392,-0.33235206056697075,-0.4651583372314749,1693596311.9256644,7,48.512666628279035,0.5550210947879105,0.011447773838196324,0.9048292154655884,0.7536122508782755,0.16687042374789518,0.03853086047903538,2.8938847755926775
393,-0.0401091108931384,-0.05477961053591307,1693596312.182084,10,3.2983451819582017,0.5274923115745084,0.8584978150462506,0.6520187652996665,0.7307986084719182,0.0017844758734124294,12.66215110322637,0.00366837626922794
394,-0.4187779517305992,-0.5840729460718947,1693596312.3969707,4,159.42891390518227,0.6101348976649847,0.0012833131664943492,0.872555181406041,0.6781765178735188,0.00020628837198251752,99.67757739916249,4.577305605669265
395,0.036743098790908535,0.027451102825734264,1693596312.6093795,5,27.649877738839482,0.5414109356140309,0.20861362065072356,0.8563900899046506,0.6557654115959016,1.419973054696186,0.004679539043620232,13.63466646810838
396,0.01038724937054436,-0.00522240662933382,1693596312.8205276,8,8.756079577767316,0.5172189946763973,0.1284567326353141,0.7402059405601518,0.6938114807235517,0.4488102984287002,0.003377262500620459,23.21934489068788
397,-0.23106900814201192,-0.32602120276798185,1693596313.0213933,7,96.88447970672988,0.5000964210411132,0.02773436066068297,0.8219247212091216,0.5656857077403634,0.05099081472329189,43.45455492456733,1.3921891710752663
398,-0.3492676397938288,-0.4883418619652946,1693596313.2296226,3,0.05104467473827211,0.5174679291513726,0.009321938046335401,0.9841809571626526,0.7189495236511904,0.09837287230767451,6.467031469790993,0.27698506563750536
399,-0.3968647090412014,-0.553982749039778,1693596313.4461145,6,16.077372844656303,0.5314263167101894,0.003620024239049614,0.8347295651332161,0.5426801621256887,0.8083683751061097,0.5141678182664043,2.8135748414916133
