trial,score,test_score,time,max_depth,min_child_weight,subsample,eta,colsample_bylevel,colsample_bytree,gamma,lambda,alpha
0,0,0,1693596019.86603710,0,0,0,0,0,0,0,0,0
0,0.032882193972484486,0.00940735050501984,1693596020.3582728,6,1,1,0.3,1,1,1e-20,1,1e-20
1,-0.3284176322228296,-0.19427809776127458,1693596020.6906557,1,0.03344796483344315,0.747886646567073,4.668180550042523e-05,0.5710555427272692,0.6092793378130391,0.0001531375889401282,3.026994864417314e-06,6.927818666795106e-08
2,0.07331369739314286,0.03318658635086191,1693596021.07444,4,1.472626139059804e-06,0.9392795427663295,0.5686174169288153,0.51937418791616,0.8495536956993806,0.005340699660693536,9.551491251821222,0.04666483442307472
3,-0.16485547137907552,-0.09592333490153027,1693596021.5712452,7,13.538062442304321,0.6932385848073327,0.02966151905790782,0.912435232250274,0.732834237683633,25.42401260990867,1.0899277251228565,68.1698725811684
4,-0.21601274886426824,-0.126333203346785,1693596021.9790146,2,0.059443072470468594,0.9727587084881204,0.017688960649082715,0.9304159616128483,0.9854230060451126,7.168311499203435e-07,2.69871332332826e-06,5.420114124325265
5,-0.31300806188575847,-0.18491660534217336,1693596022.499308,10,72.04665604023194,0.6734509768877599,0.002078134105687423,0.8052688704240647,0.7481408588355936,0.0006021991461313451,0.00022675383855795482,5.059213000720602
6,0.059871483471169884,0.03300358132007053,1693596022.8755915,3,8.704888476911195,0.851764586900694,0.4226689902787436,0.5197274088371335,0.8235583567725557,0.02401816628075129,0.00041397739246596836,3.3930811371921093e-08
7,-0.3282877793231571,-0.19419882591996473,1693596023.2247522,1,1.599220634208016e-06,0.8972739434892697,6.501749497837138e-05,0.5693693498897759,0.676458476616341,0.0006998171020705578,0.09492133797496677,1.0269855120993017
8,-0.32875421936611415,-0.19448263143277877,1693596023.5649946,3,6655.653749687402,0.5114334749848384,0.0007509548257478895,0.5998166643241123,0.6714026145807052,0.0002761359497081058,0.0009580674901532316,0.0001391436040121614
9,-0.10119042167810632,-0.05771140950507503,1693596023.9674814,3,6.551130721544714e-06,0.6161535636232494,0.044200593732939074,0.7079593335073961,0.7919490890068998,0.0008777403254593841,0.00019974142417514615,0.22266818562635585
10,0.06718157267966651,0.037602574619623685,1693596024.418096,6,2.0646210471260954e-08,0.8378699234344937,0.5661575685658413,0.6758204573641988,0.5575307391712756,0.622947326501338,86.72129400860192,0.017588070180477425
11,0.05446993134582789,0.02776982066962619,1693596024.8543947,6,1.3140087626142344e-08,0.8475732126582493,0.9479354553917143,0.666841187015645,0.5199851968293451,0.5237204203257356,76.47633190874599,0.02059865406443001
12,0.02859767478459463,0.018353441575284513,1693596025.3000293,8,0.00011575387016037262,0.9102544734375113,0.1184154831074587,0.5065826332210328,0.5102293082190755,0.5105066899446301,71.49576508818326,0.008755197830433983
13,-0.021658958878857826,-0.04378291765983211,1693596025.7289257,4,1.1599739852703397e-08,0.8056926855665743,0.7734193576906474,0.6539525293418316,0.8751127805034435,46.98092987437211,2.934077791810045e-08,0.043573211215426504
14,0.036140798616025704,0.021557050015034496,1693596026.1584647,5,0.0005752967325229087,0.9284412982048641,0.12486528091520958,0.7580402724419358,0.5957197565041357,0.04536478159716439,2.9598505818828817,0.005620270002473549
15,-0.26327665165325276,-0.1548228025156313,1693596026.6925678,8,6.253933524095884e-07,0.7955121224623231,0.009157134889817346,0.6166114597845607,0.9055745009595659,4.231980721827961,0.044046782399605224,0.22116911591014346
16,0.038652675148442506,0.022571316925365625,1693596027.223818,10,0.00024735265416691893,0.9452971717430063,0.11673667855854708,0.5026199661781736,0.8131822765325684,0.02379626754347775,23.227351491852055,0.0006005574150956421
17,0.06436393513915628,0.03527109775509052,1693596027.668635,5,1.4877343084547234e-07,0.86427489912386,0.23991625984395137,0.6858215254710813,0.6979224214936006,1.7250446425972812,6.833364010080221,57.58233432024447
18,-0.10841587784778484,-0.09668409594289784,1693596028.144536,8,2.1679243459542562e-05,0.9610945090832119,0.8067331924681714,0.6246524035065297,0.6150344078110135,0.15515511886469696,0.14915488971563934,0.1433673577262847
19,-0.0884120491499727,-0.05048937941604459,1693596028.601563,5,1.6039151297037646e-07,0.8973383705250626,0.0466288348940254,0.7303720239826446,0.7754051044247086,0.013871108946446272,9.167261823523667,0.002302156934890535
20,-0.26493248486502985,-0.155781656384111,1693596029.0876057,7,0.0012923712614211047,0.9836338009092311,0.008983120593238471,0.5502505652390036,0.8620971979800046,4.5294312135759585,0.013753374484105711,1.644854248136247
21,0.06455457496422146,0.034230568870098343,1693596029.539171,5,1.62684412171183e-07,0.8693628362939543,0.24432773223042392,0.6840916446831258,0.718071479072821,1.5963699341572886,7.470920565170646,80.98992650620212
22,0.03792185137168935,0.01924488928631296,1693596029.968586,4,6.4003647374635185e-06,0.8775718694669893,0.3011445949852605,0.6459882621561855,0.7268475196515689,90.95014375674947,87.4403697035063,85.59523012967757
23,0.029022973263435392,0.017469616556871737,1693596030.4179218,6,1.0398005949590857e-07,0.9336432935056388,0.12030912597401985,0.7668702737363219,0.5581404960705869,7.565599709997227,1.1582455979605415,6.772401923857075
24,0.06911305566669945,0.03194669146859885,1693596030.8451126,4,7.43817354681486e-07,0.82313832178908,0.7477002941851387,0.6833889133689952,0.6502212561091943,0.4765936794889353,10.474900209530208,0.5909394246904532
25,0.050616106145989104,0.024679004081682998,1693596031.2665787,4,2.910792644092468e-05,0.8101044090181606,0.9661433414801115,0.5915792431285427,0.6530476597397477,0.18114086102400384,23.144961323677112,0.0682941264974581
26,0.05886297834031462,0.029354404847055537,1693596031.6593916,2,1.946925808288161e-06,0.834403096718271,0.437133948781423,0.6298197428330412,0.5561882989809388,0.0037973206982196872,0.5801611708823438,0.5539630938832559
27,-0.07439918839364346,-0.0420302654710758,1693596032.1451008,7,1.2287916499852228e-08,0.7769999971189672,0.050777319768482834,0.5344490455193662,0.6481119877671313,0.15893377058591987,3.622048267099254,0.030168950344894235
28,-0.017208941849278236,-0.01049541343656002,1693596032.6641462,11,0.004832253404584449,0.92032015697179,0.07833840221119333,0.5613664806204072,0.6322762105503279,17.782879851240768,0.322968292759892,0.12410631319163112
29,0.06758836121073297,0.03454909326400202,1693596033.0886288,4,2.2269528868895553e-05,0.9836617180470673,0.2733579636920646,0.596082912105705,0.6749566910623742,0.006170701430839789,1.3406411507643092,0.006949037122669078
30,0.05847693577688817,0.02767104937739573,1693596033.4916415,2,6.399038831694388e-05,0.9972265324395068,0.23916385096499349,0.5889177757223777,0.7045907320928754,0.0050514813170954645,0.016325604820089584,0.000596948835110316
31,0.056713810272690623,0.0314034636249072,1693596033.899727,4,1.252910714637057e-06,0.979597021207922,0.392670185585917,0.5507682037669082,0.5765623096650139,0.004104772065062912,1.4758478504220245,0.011826495346658104
32,0.06672689577713109,0.03624229246986688,1693596034.3625948,6,1.5806708445849006e-05,0.9483162007439923,0.4560344426766232,0.6236673881956492,0.6213360064047294,7.84091379533542e-05,16.803167425963522,0.007328832676158199
33,0.05428325846885507,0.02620429211647024,1693596034.7650332,3,6.08004641159225e-06,0.8929156396866038,0.1921037535063522,0.5934885549135009,0.6721803626306405,0.069683888665274,0.5055923319865953,0.023670008509853232
34,0.06414190233026063,0.02718117616185256,1693596035.187722,5,5.254470153358048e-07,0.9560666377993181,0.6087933474303988,0.6592501942756611,0.6416850685881124,0.5745816005596988,2.7837420652076914,0.002046075652311126
35,0.06184766622998128,0.035235889501772255,1693596035.610111,4,8.361692898624716e-05,0.751263187261684,0.18736132745252965,0.5713786321777288,0.7603369663185637,0.014358781102174686,21.09388751529571,0.056100454536884385
36,0.04456341358020954,0.01605073435816118,1693596036.0452764,6,6.938013556733818e-08,0.8289787547407224,0.5014367543516518,0.5286694328877021,0.6067107481054366,7.211357050411649e-05,1.958834355497976,0.00015308031701404212
37,-0.043361192224820266,-0.024592813738154584,1693596036.4405956,2,1.0711463163430059e-06,0.9981765857540029,0.06764826791371709,0.7152441195704636,0.7302511147256239,0.07842527513641863,50.79505039904789,0.6564367548554548
38,-0.1805869296594187,-0.10537558441127648,1693596036.813954,1,0.15062012174818398,0.9147464766485435,0.025487553291070122,0.6858014956918108,0.6987406370665071,0.0040239265327206425,7.517344816844053,0.0035376466272681382
39,-0.05811044360509121,-0.038191019370438006,1693596037.2138882,3,3.623337331740652e-08,0.8728397938719744,0.963899004825091,0.5426245875253944,0.7473611120339682,1.0492731464699993e-05,0.2909979942743517,0.3140929087132255
40,0.07312181040343702,0.038742956472545886,1693596037.618259,3,3.2666338245625786e-06,0.9697366402531369,0.43609884506552743,0.8010505501422258,0.5802660464655194,0.0097741997386367,30.19974348717556,2.6267607705330733
41,0.07066495549642904,0.03884111590251538,1693596038.0151603,3,4.655502110832597e-07,0.9695130082458124,0.5036467658958768,0.8100188872380515,0.5842266368120219,0.001802037888880132,34.236425802847144,3.00727071379438
42,0.07079486019125025,0.037482511614991165,1693596038.411715,3,2.909857007590651e-06,0.9736054816852435,0.3169312510560471,0.8317671084542495,0.5917939445196156,0.0007709109896426603,22.894701672913328,2.81892355200207
43,0.07008590893345457,0.035997134909048545,1693596038.818993,3,3.701343850167623e-06,0.9603333270869946,0.3715603577396759,0.8293788174532348,0.5890788694529199,0.001740145337071432,21.461709343660026,2.1779334402592774
44,0.07093144491320591,0.03909138103163279,1693596039.220204,3,3.675181978696364e-06,0.9608465264666416,0.3199670022549604,0.8289948252353481,0.5265439700387242,0.0012719246866588108,31.718367374935152,2.9465984676950026
45,0.04684435078165672,0.02564256075459903,1693596039.6037726,2,4.590031390901951e-06,0.9375682191524187,0.16249762274964116,0.8373302641954454,0.5220274169610971,0.00042527662063559883,98.87535801318631,10.41533508662668
46,-0.03843150880040058,-0.020768876058145924,1693596040.0112886,3,3.2378463519895304e-07,0.9804489810732456,0.0710951701387123,0.8723077605432196,0.5366751247993433,0.001284427050799176,32.50661378146175,20.022672293882387
47,0.06012591613742457,0.031219465201095753,1693596040.3757358,1,3.887821088552946e-08,0.9658161747913351,0.48072670299772513,0.7915216550980696,0.5012396995088105,0.00022277696746217572,3.8567391550354273,2.360402485259742
48,0.009639897891928983,0.005929364939943782,1693596040.759846,2,0.00020794993637987313,0.9338546097246017,0.10393023136313263,0.7920581536809459,0.5790983012273362,0.0013566022196841781,46.53273470205012,3.743276354074495
49,0.04877629809620043,0.027623451162129053,1693596041.1680787,3,4.4114063178880706e-07,0.9168687258359862,0.16044262510601834,0.8838106634448581,0.5434428266619172,0.0005544404530779234,4.520630518048637,17.044943524092115
50,0.06386662344068661,0.033113230220960355,1693596041.5459995,2,3.0672679387034136e-06,0.9576238485484737,0.3045925066816927,0.7440593515083473,0.6034566395287866,0.014466717593008322,14.804772970903358,1.0325448388490766
51,0.06866870647103673,0.03675425047388625,1693596041.9370294,3,2.909212351425236e-06,0.9695935391731068,0.3318772810327739,0.8263223802176997,0.5833522163430169,0.0018428920304753489,31.30334770431242,2.5353302493122833
52,0.07119488596716295,0.03902132565683514,1693596042.3133113,3,1.4219363208390825e-05,0.9992300716376878,0.5844743221423618,0.8247293223033526,0.5287996286209338,0.0023268088310347134,97.53849733675527,2.5528196252123037
53,0.06326517048436953,0.03306586024077307,1693596042.6720243,1,9.684934151275603e-06,0.9420360259398717,0.6273521379080347,0.8116264551402093,0.5211511935705415,0.0006379220648778173,94.98242335669691,6.141981248673967
54,0.06101959854609407,0.03377409748300353,1693596043.0429943,2,6.0879548471046416e-05,0.9953590428041843,0.6189983788362141,0.7726588213991656,0.5630792346044982,0.00017198625210768692,8.118372586811615,1.3533247133375748
55,0.054092365469892045,0.029349408553598355,1693596043.4245706,3,3.6209593899605783e-07,0.9020777790093084,0.18139634987651648,0.8482020400991428,0.5000033418523371,0.02890818949396422,38.647325531822524,29.538431673027933
56,0.05623054999179189,0.028602274010716022,1693596043.8430507,5,1.211555334762596e-06,0.9702497648340164,0.9904529227751014,0.8100591439083662,0.5327905488328105,0.011045320577133278,15.004456613626857,9.162485449779298
57,0.013213992315069478,0.008089684844536316,1693596044.2409644,4,1.3251229893274926e-05,0.9457355616936803,0.10160724172011157,0.7788305906988741,0.5421387206260441,0.00842394280205194,50.499462349971154,4.333172730907596
58,0.06595387444901657,0.034589912684650614,1693596044.6312668,3,1.3249471976203233e-07,0.9236928283123085,0.3069161410333905,0.7540216769624635,0.5675701168549948,0.0025335389921155725,4.673958287822436,0.34479941773031064
59,0.07434402304887877,0.03962946827509395,1693596045.0438054,4,0.001131582772818058,0.9982443727064078,0.6627873518735565,0.7928379854468234,0.5945252702898987,0.0010629566426796943,2.085586260778723,26.796035586581826
60,0.07157694347724064,0.03891108805481591,1693596045.4448528,4,0.0006771883997533121,0.9945196568941607,0.6466561623448602,0.7884473992610757,0.5988008567902876,0.00033067968062517336,0.8476836562719117,19.844722225296508
61,0.07282384332771352,0.03924295861622096,1693596045.844627,4,0.00031033975680473994,0.9945753673433873,0.7163816986867159,0.7895675795072953,0.6040087096086442,0.000674765562031301,1.0159025460627304,36.44418876208692
62,0.07154822914431092,0.03791665284747825,1693596046.2650523,5,0.0006154304446976084,0.994035098374994,0.685166162374748,0.7938129380982851,0.6220302509412831,0.00027115426630312296,0.94222865320567,42.423875890320836
63,0.07475559166600487,0.038569864332946846,1693596046.6996083,5,0.0008039060902985919,0.998885864170089,0.6689390284106485,0.7838295452669916,0.6217810384237391,0.0002811735375065114,1.0570370505856939,35.72263987193538
64,0.07279972402573343,0.039727165416162946,1693596047.122538,5,0.0010289192168758071,0.9861321576331621,0.7286166341244944,0.7409596359413777,0.609181999362786,7.926709959325054e-05,0.809978097961379,40.68536352654807
65,0.06932507283847922,0.03659465439889431,1693596047.5532722,5,0.003119702463426966,0.9901338102207701,0.7650925772952335,0.73971484788086,0.6056933801219196,0.0004715131321304493,0.12236218156511033,37.90989421920141
66,0.06611121617777038,0.03406878414161618,1693596047.9685793,4,0.004884806956992365,0.9841153085454808,0.9189701555520163,0.7559484131731266,0.6309106357627021,8.539605615338212e-05,0.8575710026680652,86.37910423449561
67,0.06690015394946724,0.036200058575473815,1693596048.3966422,5,0.013914773801220304,0.949313456807871,0.22582578768686784,0.7299425055135429,0.6146187199703855,3.4218922217269954e-05,1.9641981596142297,15.835808801162276
68,0.07264004581373429,0.03951174339636221,1693596048.8106465,4,0.0004967374428678824,0.9793158259824979,0.48608179330839457,0.7702363226456445,0.6606348187083566,0.0003289777094567649,0.2462647412192645,33.98574915947103
69,0.06913573077375457,0.03723682531815198,1693596049.2754714,7,0.00040189084248007487,0.9347252014218055,0.4244345302769847,0.7676896477396964,0.6550235282537066,3.2347867217209055e-05,0.3251675520240676,97.86355541713891
70,0.04785136717376515,0.026589859694639006,1693596049.7010794,5,0.00019004724738289958,0.9721078804156512,0.15520860826277577,0.708485928624331,0.6596110688887781,0.0008816857709796441,0.06811316572590143,44.289814403897445
71,0.07504812234678249,0.03923002533531772,1693596050.1203063,4,0.0010021262602687875,0.9863430229525249,0.6869210332466811,0.7809254951245794,0.6276667679016346,0.00039326162604106274,2.01331405121973,22.328226263791958
72,0.07122953368159957,0.038932360844842084,1693596050.5270805,4,0.001495178648333017,0.9829554224081328,0.4343186668612924,0.7772352579247397,0.6337817837388373,0.0001647857534016138,2.358381729339112,10.642938204739407
73,0.0660698570307775,0.03575643706839737,1693596050.9439054,4,4.27316968072041e-05,0.9553463812136178,0.23528416618588072,0.7612315196303314,0.6206642147963801,0.0004331715893714674,0.1782896985823466,31.718603105728853
74,0.009150622123660246,-0.012697938238944717,1693596051.3722796,5,0.00014181311006999326,0.999834444590933,0.9958007462797822,0.7286239947431259,0.6840981987435772,0.006201358610723663,0.5309366294097584,7.1216396224502825
75,0.07301989238372897,0.037652731172826415,1693596051.7818825,4,0.0003188563502214065,0.9788686997016212,0.557171937050964,0.7473760362431436,0.641688548999595,0.0032567089302831605,1.4623827564390175,49.671501599633395
76,0.07225420988818254,0.03426831322741741,1693596052.2338426,6,0.001626394228442281,0.9291713468099478,0.7423396749840339,0.7455370220717893,0.642864623653474,0.0035271570860353103,5.653184837653688,59.354345110876444
77,0.07373227220311906,0.039742875085876594,1693596052.6447675,4,3.245618703958649e-05,0.9527604168617357,0.38305656015956924,0.802000105691608,0.5702644115394164,0.0008391663206444858,1.6363061885270505,18.10591698690601
78,0.06653371278910325,0.036595298200072346,1693596053.0531797,4,9.594325702953542e-05,0.9493393630719409,0.22798178236948063,0.7819780418385089,0.5526057308396404,0.006104872759891734,1.5072569176818247,12.473108237052108
79,0.0710154205071084,0.039638235222292706,1693596053.4634016,4,3.213300006067315e-05,0.9045759560386097,0.39511570477821073,0.8036906131225903,0.5948792516424607,0.024752811073135875,9.477449680629071,5.814695734069436
80,0.0337711563014399,0.019518840503073176,1693596053.8688114,4,0.00022103974246154466,0.9656771621407556,0.141941057003533,0.803615575109454,0.5726845281346815,0.000849706162148195,3.9577608671124143,97.65568242048263
81,0.07477147018147678,0.03947201427781344,1693596054.3025193,5,5.242773123248053e-05,0.9789124415447246,0.7142608528672314,0.7604145481901045,0.6127275663182036,0.0028113486335093257,1.981861350067876,24.60937667027498
82,0.07556864770561667,0.039524628494265523,1693596054.7223914,5,4.9609886844806026e-05,0.9765498500393044,0.5590197067679565,0.7609014692063593,0.570597187115196,0.0022699828849553493,2.592254797281744,21.013418135107624
83,0.07147062362868428,0.04123526370846797,1693596055.1552799,6,4.725153650834272e-05,0.9446808892376498,0.5226300575594891,0.6998573500188715,0.572850928034702,0.0030404734440065448,2.7476011014245425,19.617765676747144
84,0.06948202250039937,0.036983189841670705,1693596055.569725,5,0.00013320291560929798,0.9734016591983748,0.3504556351418291,0.6420419037589321,0.5882738283054588,0.009073857922772079,9.828571284301864,8.730692958660907
85,0.0709871774235612,0.0387935878282174,1693596055.9906406,5,9.759765857028587e-06,0.9235365021805626,0.27489699987740995,0.758344068436117,0.5627543068383644,0.0012360818277577287,1.843657640477525,19.487889714884673
86,0.07117537892155901,0.04001823006036764,1693596056.4185407,6,0.00036906682832222134,0.9564681925814789,0.5697044276643297,0.5014313475015213,0.5517085289047735,0.00230643834922629,5.003263055404401,12.220334936890021
87,0.07284529123040573,0.03881625223853569,1693596056.8307025,5,2.9785644408240823e-05,0.9767386637538075,0.3668298535333558,0.6088665493841409,0.5799894857485471,0.0039639164025489365,0.49829412609291035,6.165950264927003
88,0.05931256007972574,0.03223726135348004,1693596057.239153,4,7.377152736749269e-05,0.9604305158089869,0.20389122601076776,0.7189797710260738,0.6301165766988588,0.0010934727079874793,2.4424874994267363,54.297324263319055
89,0.07182823082081002,0.03887612080744929,1693596057.687505,5,0.0001155109462463924,0.8882081213581251,0.8593128673464675,0.7651768310100788,0.6167432178616787,0.0065812189734979895,8.978163009330364,24.131737149044618
90,0.06686297028850463,0.03261690032843012,1693596058.112969,6,2.5220028750698337e-05,0.9123072326605921,0.5059935109249379,0.520360464218089,0.5887756848976916,0.01693544408992235,12.991358760654595,1.1652269929179304
91,0.07026390787142267,0.0370877869945182,1693596058.549111,5,3.492095467361935e-05,0.9812264983283132,0.3378618425555931,0.7796962562425296,0.5774239253707788,0.0037930285922268066,1.4855446056647066,60.996153507491094
92,0.06693022673165683,0.036224378727608864,1693596058.9537103,4,7.395636927565198e-06,0.976480488110518,0.37690167674746156,0.5702558029885074,0.5670190396830286,0.0021703643145720977,0.4014049896817174,7.282826949829676
93,0.05224095676189067,0.024771037661133644,1693596059.3839986,5,2.173435299712002e-05,0.9390491157228184,0.5604461392323477,0.5823999505957443,0.5947623504592601,0.009923889908536493,0.5524343125175529,4.830936855785445
94,0.06785233833164983,0.039752914212483725,1693596059.846249,7,1.8160200590944013e-06,0.9650836775016581,0.39938934313721647,0.6124328640439051,0.6367179613797842,0.004415457478614312,5.984537150032675,13.304519917273844
95,0.06787377927296045,0.040442084861950445,1693596060.2932417,6,7.692482783687026e-05,0.98674911197041,0.25187814528388386,0.7508842559191132,0.5461202422033757,0.04416746304482602,3.2065273979352193,4.661720975321172
96,0.06348739868445108,0.03167202426684712,1693596060.7003458,4,1.1249662199124758e-05,0.9540882676380377,0.9967095054229917,0.8011632786456537,0.5817839144028224,0.0013054318406280773,1.2540338117825653,24.475059973786
97,0.031295283908148175,0.01889222106875099,1693596061.155227,10,0.00021964446516642365,0.9725201317938429,0.12859273870708302,0.602671987317377,0.557756928554697,0.0007640870470692167,0.5515371349912794,56.1299095185613
98,0.02741513052404998,0.016181337321691358,1693596061.5744445,5,0.0008087484910089761,0.9325884936753323,0.7398573819440151,0.6709370260691881,0.6099484841259034,0.014427151205898709,0.23954535951191733,9.388587572954508
99,0.06873839557198391,0.03670809850453538,1693596061.980408,4,6.884466084200889e-06,0.9861013466593906,0.27528819305329405,0.8212001129263486,0.6008609883421924,0.002868995487332999,16.247889382678306,1.6809455423630002
100,0.061507218870437974,0.03364339542417982,1693596062.3799047,3,4.812428929620299e-05,0.9988530126997257,0.19777444365861194,0.8160988805914173,0.6182439548208617,0.006248921487570742,6.635200271072633,15.164147073218395
101,0.07002168428486766,0.039931490599367514,1693596062.7827659,4,0.0018982719579164907,0.9864815703448412,0.7160652866977882,0.7962380386905777,0.5986619619641719,0.0005837131099976421,1.0843614884999622,28.647387803065595
102,0.07163602957010118,0.040324223300785556,1693596063.196682,4,0.00031744843589265575,0.9658913401104878,0.6046553073419907,0.7833347647953548,0.6422454069954189,0.0018161895224598596,3.1588593343167197,29.60409826082412
103,0.06192005122184552,0.027886204177072216,1693596063.6315715,5,0.0003786964315113098,0.9482871110326581,0.45980399644088094,0.7875287595733916,0.6246908340455848,0.00025857018783133703,0.806945767333357,5.913353047675323
104,0.07218620028185518,0.03871038206367894,1693596064.0388436,4,1.864565811892699e-05,0.9893213069555422,0.7605939070910667,0.7707489616880783,0.6083102234976677,0.0006102924924383656,1.6039673091475268,51.059356081929735
105,0.049336927817829834,0.02779507487510957,1693596064.550431,9,0.0001659239901171072,0.9747006652687721,0.3779679291831044,0.8119117322603846,0.5626363698762028,0.0010011166583645782,0.4347881067689551,3.977039378127768
106,0.06541991468735087,0.03466099498545849,1693596064.9552732,3,0.000536386775367797,0.9603840580960576,0.5676057656046615,0.7988849769462527,0.5817640898460019,0.0017363537321617578,0.16145902127582243,99.02376598551166
107,0.0627640848485661,0.03127053837013283,1693596065.3821855,5,0.0011561628556781506,0.9988951228698133,0.8261365457972468,0.7632339498425333,0.5998914040827112,0.0003957035165274102,2.702916012318542,14.611363287669322
108,0.06863214157377084,0.03789339044270934,1693596065.7900147,4,0.0030870677575662725,0.9785029659852283,0.2840400249395393,0.7909590903749665,0.5726917377883141,0.00414276636259222,0.7022636495244513,23.604995720711525
109,0.07161529607313055,0.03525739512608905,1693596066.1884272,3,8.46054260229828e-05,0.990555854811159,0.4712727753044893,0.750690873168068,0.6269378294634388,0.009179244024744182,5.218869751369018,1.8534136071625809
110,0.06909610398343657,0.038897801984072666,1693596066.63556,6,4.90067395585372e-06,0.9370830054066226,0.6322599465480309,0.7754208026393719,0.6121749602006681,0.0002113920146309329,0.08887370395403794,38.715949857253676
111,0.06894871770667133,0.03489089041544746,1693596067.0673099,5,0.000680352474566803,0.9854875222410676,0.762011916174993,0.7343909710903809,0.5896505675648134,0.0007028248493302802,0.8878394093207969,66.32606519572384
112,0.06925773575897942,0.035425412340415074,1693596067.4784396,5,0.00023554544902059635,0.9665717258743677,0.8283758781512252,0.5110872354717537,0.6098044645222371,0.0001569142430437954,1.9261744434823889,41.39030535349347
113,0.06956125100406663,0.03794240770089874,1693596067.9094887,5,0.0008988494527767248,0.9515532566976135,0.42583451511742504,0.5544427402241578,0.6456404835389545,9.778327975500427e-05,1.2311954883049299,9.597402015324572
114,0.07051048560737938,0.03874613644710079,1693596068.3250704,4,0.008474643411660805,0.9904497125504257,0.33026232075618817,0.7385255929657151,0.6265873084303112,0.0028961094625631826,0.3030643705420238,20.78239932148088
115,0.07015370784749597,0.038324447140568596,1693596068.7472498,4,0.0024590000527260885,0.9725703243744238,0.6707853792658938,0.7447549782574754,0.6043168267614605,0.00035180560646693864,0.7229610126313878,35.5221628807044
116,0.07167420785008549,0.03817355056673599,1693596069.1775107,5,0.0011914436346360047,0.9795566848215476,0.5153062853123013,0.7597096503687812,0.5774650809991007,0.0015418970640339903,11.674073518361075,67.1918525822594
117,0.06226502910450016,0.033811331828526914,1693596069.6048207,5,5.628223580674547e-05,0.9430377957245465,0.9096095567993965,0.7854400961827096,0.5388899928101661,0.0009824657684529175,22.027048513950547,11.815322609758148
118,0.06201709593856353,0.035055299023488806,1693596070.0325623,6,0.00013453676507700431,0.9587743595127514,0.18270833350544993,0.5425383010928115,0.6660299200418964,0.00012401086824636182,3.5177390371318373,3.0130962916842354
119,0.005443940535994063,0.002022090629435147,1693596070.4521549,4,0.00037556200256666207,0.9245567978584033,0.9875675245728897,0.7199616442672634,0.6500581852101579,0.005615147595988986,0.42017299821927173,8.330022667203359
120,0.06262062174558791,0.03277364818063566,1693596070.8452365,3,2.7584078577575364e-05,0.9906141430808009,0.2718083088971462,0.7739424751039008,0.635072295479148,0.0005333054007934508,2.0595894962698647,0.780870778292917
121,0.0748551701456881,0.039247426686356945,1693596071.2660048,4,0.0008623471438880146,0.9803454522866292,0.4813992040710519,0.7681588295111378,0.6624836891373568,0.00031306584302589476,0.22670179614370475,33.56487911977742
122,0.07396965566906344,0.04009202466210715,1693596071.6800973,4,0.004484381364314019,0.9671528656426366,0.5919770858502086,0.8007604088620462,0.6169931518021694,0.0002619299881183775,1.1079834019370096,18.673832040311925
123,0.07325946899544933,0.03921352896139496,1693596072.1023178,4,0.004937554941696888,0.9670317510702631,0.38406616217028633,0.8053736228341528,0.6765421913435132,0.0002417128490733446,0.20170567376246176,16.175515344166158
124,0.07276901453673601,0.03833478739894525,1693596072.5317223,4,0.004738552685773027,0.9618855629497758,0.35419651526338747,0.8064889629658964,0.6810441820654377,0.00026900852138711127,0.18228209198450318,18.43540717822631
125,0.04982157883106986,0.028620811210046004,1693596072.9544356,4,0.014563289558188256,0.9484172041158404,0.48022568812842714,0.8178834088461854,0.6718300813782146,0.00016250020196355373,0.030707634646029856,5.649632495406484
126,0.06154625052490004,0.030939007077265712,1693596073.3620358,3,0.0023448518965337576,0.9723896876315411,0.21939280222933907,0.8455558240730359,0.6523420266636725,0.0025458050211200805,0.29801887536282784,3.644635252377326
127,0.072732428493407,0.03526590085053227,1693596073.7878253,4,0.004281398679306877,0.9994789762749912,0.5801196076896862,0.7983449129048978,0.6634175853643839,0.00038564273308674724,0.11412454479793271,15.573083014148787
128,0.07410144350674763,0.038838794309511204,1693596074.1867516,3,0.0068338216286129,0.978274590746685,0.3986753143998173,0.8339585797601705,0.6181665393023363,0.0012107434187889703,6.6866548366961185,25.9081522470995
129,0.07033737628213643,0.036782504596223564,1693596074.5987492,3,0.008253148702223977,0.9398564937146853,0.40629050184744614,0.8323187788597477,0.6405143529783361,0.0010063994584441833,6.328142744633141,26.140647573645825
130,0.04494459607347345,0.024845676629121072,1693596075.0082798,3,0.0014398224778012791,0.9575138788136409,0.16129869701658225,0.8417474039489675,0.6195286932949365,6.124188605720087e-05,4.117087631682153,67.12789620652705
131,0.07324781186453277,0.03872539060603919,1693596075.431229,4,0.017648928985606945,0.9767841563327986,0.3389635804284591,0.8111130669250369,0.7098256807333915,0.0014148527710719952,1.298024396836662,7.811195262451281
132,0.07365116533208771,0.03937438499207491,1693596075.863997,4,0.05202025219443882,0.9686662610142659,0.3064650587155356,0.8210380217207441,0.709790969783304,0.00023811516894000072,1.4602849324874725,11.603745945416074
133,0.07415431839593056,0.03967313050067356,1693596076.284062,4,0.0937013138906599,0.967307492296557,0.317628832326055,0.8181785066246232,0.7138981412270493,0.0002900199204852033,2.3579293865576503,12.024771270043138
134,0.07021976200493263,0.03760209639518486,1693596076.7093253,4,0.0422840540682767,0.9658838087529796,0.29413843884815627,0.8240809265470269,0.7106710316953766,0.00019187167514320708,2.3170697894292624,13.61415620816746
135,0.06626941789992191,0.036957142274658294,1693596077.123366,4,0.071096676237868,0.8613096468431787,0.23700489682608822,0.8166713900295702,0.6897222331817124,0.0004551293332710839,1.25580395690429,25.17246762200902
136,0.020436901762014736,0.011029545936878327,1693596077.5418413,4,0.02616361095112562,0.9194653897428844,0.10587194673297907,0.853853470239607,0.7244323703512663,0.00027984088968654,3.333218055014684,7.553413859842498
137,0.07132244355913053,0.04014808594663255,1693596077.9543393,4,0.10567576064020563,0.9506507644306604,0.3047157755771767,0.8062845063835018,0.7041124022254345,0.0006017432016812733,7.275884675206985,11.583223570885448
138,0.06972359838009212,0.03847455875257355,1693596078.3499253,3,0.013870359837478597,0.9814451351120018,0.46113317565467,0.8356313904883349,0.7236517325093976,0.00010294977496811535,1.8855479615049018,18.712622605987175
139,0.0765925395331315,0.03927465688012022,1693596078.7642622,4,0.31038818611592367,0.9289782804890381,0.6347579118864772,0.7817874851602205,0.6934741831931194,0.00019285634042550513,0.6552785949306235,34.03811565640038
140,0.07080860955433943,0.03391479673000897,1693596079.1763723,4,0.5645290091031571,0.9281216289991138,0.6135681707775316,0.7802661404469438,0.6964294474188382,0.0002312759474517076,0.642876712355715,90.32297434523855
141,0.07320412927574294,0.04022895285635597,1693596079.6030679,4,0.20395206091821041,0.9664708056306245,0.42549632122699893,0.8134268594497794,0.7117493957353104,0.0001353910392593849,1.0768066371423652,41.716285149042236
142,0.06917297586566828,0.039635906675936194,1693596080.0285232,4,0.02127655502233851,0.9542626821113591,0.6401269514621236,0.78831026750008,0.6887322435479186,0.00037774167631147933,3.9710322969228558,31.827920873099067
143,-0.2340967302326855,-0.13726806371874223,1693596080.4548254,4,0.036164956706506754,0.9392933027832588,0.014215772166160745,0.7986762383589313,0.6800438846882786,0.0013893534373267335,2.398491357158098,9.870060861661708
144,0.07350843281277275,0.03969416868283704,1693596080.86993,4,0.006646763486464229,0.9105078705988833,0.3308071144419198,0.7682633679731138,0.736512741103633,5.616232501621268e-05,0.38817023224719327,18.081790800297657
145,0.03890328902562035,0.009830808643055411,1693596081.2804174,4,0.003830395520385662,0.8983116962039686,0.5173653835535484,0.768864618576263,0.7543986545026439,4.637156793505475e-05,0.2086296376838724,0.06805748770570519
146,-0.13262260322201747,-0.07672577937219316,1693596081.6823115,3,0.0075994769131316475,0.9108052087479693,0.03605234552568772,0.7665665730626801,0.736406283575917,0.00011023342362643328,0.39031730949432203,20.05994081662248
147,-0.29727636516181644,-0.17538710416121628,1693596082.1114798,5,0.006563116480358878,0.932643559203137,0.004483952090325308,0.7787449982178666,0.6720586606434472,0.00018386809278437272,0.5631522161044792,56.61687004420164
148,0.03288850789855147,0.0051828640769516765,1693596082.5285048,4,0.002093248934697527,0.947546873785807,0.7893422305823661,0.7910383765181191,0.7384276544947243,6.355162817468797e-05,0.8234999964531434,4.355277320964845
149,0.06372652295791459,0.036000371690698585,1693596082.9642482,5,0.05319843429795212,0.9180188446472843,0.20578211262697832,0.823458073584222,0.6980763579506122,3.9736307033760375e-05,9.686737948847378,26.25810551009588
150,0.045572910351686424,0.019656155208824133,1693596083.3804421,4,0.01190343788115915,0.9634024833705249,0.257099267492585,0.754560421597176,0.7173140262104531,2.3137654275084857e-05,0.3034710389972838,0.03154987414475267
151,0.07297250466554617,0.03873126448120534,1693596083.7950697,4,0.027155166504390656,0.9772006183180735,0.34610018003743603,0.8069655472981562,0.71730942718305,0.0008929724951576448,1.4226597661752074,14.991815296564265
152,0.06942485514810759,0.03490212641905921,1693596084.2119963,4,0.020271095037501328,0.9889262745134992,0.3552675815118747,0.7932637746151573,0.7317019764258439,0.00030074999730247715,0.9975381361386629,7.522879987138345
153,0.07740674006904491,0.03974963808516074,1693596084.6261466,4,0.005696032919469395,0.9993884087932915,0.510755932131149,0.7832454180847366,0.7059450359725601,0.0004119326289834854,1.765791949947037,38.61742351970096
154,0.07210329020001194,0.03993829590402698,1693596085.039604,4,0.003373444528624441,0.9986075722363134,0.5251555959679237,0.7623356616104633,0.7027638450273076,0.0005459958172650492,5.605416258260792,34.54307787859668
155,0.07156958651004752,0.03594303407794641,1693596085.4396,3,0.006943709659275897,0.987873106652905,0.7616319116804527,0.7779869616805103,0.6912084137865513,0.00013986721299873557,3.74161633205522,50.394490206908664
156,0.07508389374734759,0.037666135955165214,1693596085.8827844,5,0.0019986882402848296,0.967841081224034,0.5920704502335445,0.7716213703588258,0.6763985349602127,0.0002945594507452323,2.114550160922221,17.95226946241445
157,0.02737580999666167,-0.009267542370771764,1693596086.3155475,5,0.0010702342162652516,0.9841982704927665,0.9937400156901179,0.7516319364898196,0.6604537258844773,8.974017414638985e-05,2.279288427967981,0.10503039699411944
158,0.06649881041375272,0.03452642195036981,1693596086.7422318,5,0.0019644034084176985,0.9543643599595641,0.6598939678270012,0.7673378186470855,0.805701618754481,0.0003961114579881059,1.7145671186932188,98.68744613828211
159,0.07397589947652794,0.039879746949867956,1693596087.18648,5,0.0007973188440315339,0.8863222624513891,0.4908834675262469,0.7862883075848164,0.7408473316171543,0.0006532859012045825,11.308703543109049,33.30250113590349
160,0.07655000933636058,0.039687496564510094,1693596087.623786,5,0.0005461391835118089,0.8444646597316615,0.44716372279946837,0.7832204836712946,0.7691509713816996,0.0007906954962598184,0.006289809163228355,27.883640083444263
161,0.07770046604652969,0.040570914649809775,1693596088.0668905,5,0.0007914033279459903,0.8921042925642573,0.49172610323496735,0.7842793881830763,0.7636045437847875,0.0010005806154126783,3.0325342416764856,30.560165373234373
162,0.07709884209683648,0.041079376668811785,1693596088.513845,5,0.0005128604335983374,0.8799782176942271,0.5164636228050894,0.7834294906606379,0.7654959393311076,0.0007553792517420381,0.0016292943135443885,36.36751602604319
163,0.07659243408213667,0.0400672163806598,1693596088.9605744,5,0.0006941455992357549,0.8863580873704542,0.5322921268379875,0.7843553203553147,0.7708377912250642,0.0008098881812389805,0.007018109829863904,40.00761210668404
164,0.07672588418818205,0.03782996622659496,1693596089.404094,5,0.0005949256226347471,0.8799489611100555,0.5358469750253,0.7841453558972623,0.7695297430388622,0.0007095458017446636,0.003734978697938817,49.98091051546116
165,0.07448504685657087,0.03811697431647332,1693596089.8487597,5,0.00060445134731466,0.8831545518799345,0.4941109045074511,0.7821067298997545,0.7648958446698295,0.0006944831658789802,0.004655394786328277,60.415751905652414
166,0.07283824777627457,0.037993845184392416,1693596090.3116117,6,0.0005910972156811233,0.878601670798474,0.7702533866537135,0.7750318356234647,0.7620846381650157,0.0019289022756144194,0.0026847743950742945,66.49476891615015
167,0.07748728399378779,0.03684198389096216,1693596090.7598174,5,0.0006256889339478125,0.8579624235859683,0.6312952672959806,0.779584349217633,0.7792151894578274,0.0010533262580651448,0.003567445404915179,53.202004284617786
168,0.07598474480099238,0.03692676616861601,1693596091.2052226,5,0.00047259878443351984,0.8461506245846249,0.6805707051548164,0.7835958248530027,0.7765083359402699,0.0008582417068737098,0.003926093601960124,57.481471049364266
169,0.07327154406172176,0.034457122917745386,1693596091.647842,5,0.0004566443685616655,0.8665484421160023,0.6233094531278301,0.7833560004078598,0.7747788860590467,0.0008731123505267871,0.004000948237835919,77.98055530219382
170,0.07649179836024411,0.03726720813836837,1693596092.1111703,6,0.00023012083940726958,0.8768424681041679,0.7687277708319853,0.7558652920470749,0.7701979851592812,0.0005498545809185984,0.005447958228747524,52.98145303632689
171,0.06489087339354727,0.0375906431511186,1693596092.5711043,6,0.00024017863082725208,0.8516522954828651,0.8635565704309054,0.7589058986822608,0.7796058433322111,0.0005549359723329756,0.005388166399338518,50.92544484516022
172,0.07489638921189534,0.037549836418525384,1693596093.027119,6,0.0007588468306616546,0.8791492338638099,0.6849286327248175,0.7722696760937908,0.7695472744298235,0.0008799381196519096,0.0024261534141678575,45.40031210081983
173,0.0732809032801518,0.034816120403229345,1693596093.4816012,6,0.0005955362170173145,0.8788526070460765,0.5138129187724292,0.7743896078544209,0.7670213605913532,0.002131662009933937,0.001621718768612588,99.72430531417145
174,0.07172553345851151,0.03597887527005872,1693596093.9476702,6,0.0010264004723048498,0.8424361269661205,0.971280554393372,0.7579353050025034,0.7879066795501677,0.0008065676840591443,0.0056311009460908385,50.776189731369726
175,0.07287057462555435,0.03650808566998209,1693596094.3903658,5,0.00018250396016884313,0.8595272900190352,0.6857550837369741,0.7826664417029212,0.7533121965489623,0.00046005485323390345,0.00656242516524629,40.87424629132825
176,0.07259312259214357,0.0366784718931219,1693596094.8304899,5,0.00041556841778196983,0.8721761381585117,0.7751297232073169,0.7468319409548697,0.7630726330667417,0.0016986654329230746,0.011405771688293794,62.649317669442546
177,0.07368571439453364,0.0375399383686591,1693596095.274176,5,0.0014572587512523972,0.8575681228285452,0.5433801022745725,0.7704037069699062,0.7734589427293083,0.0011811136032972955,0.001009017482672283,38.65583274950827
178,0.07145050357231619,0.03612373149143855,1693596095.7370944,6,0.0002830021484261053,0.8857560826972385,0.4553256780752592,0.7610300565287361,0.7863762526682786,0.0006693428682344078,0.0022859942727084088,98.03789582987146
179,-0.06257768288682075,-0.03535175215142017,1693596096.1741147,5,0.0007189454311330964,0.8940407062746525,0.05879211096684895,0.7845874226803886,0.7512079168394089,0.0003943163096858529,0.008813432283782428,32.09833362195139
180,0.07551417338059829,0.03800305383205338,1693596096.6719534,7,0.00013204020456643995,0.8452694293387224,0.6601356692921023,0.7918288641844256,0.7671027978317274,0.0009136304773663903,0.004070875308768413,62.538205669248235
181,0.07362447970068675,0.03910703832482654,1693596097.1907802,8,0.00011771567832673641,0.8755799653990023,0.6478191075140174,0.7932217217189116,0.7727777940028072,0.0009682410815076971,0.003491559532229017,59.666051456100696
182,0.07883546425051213,0.038731594697318905,1693596097.69144,7,0.0005012076516476054,0.8380873027792981,0.5430335186342155,0.7764932583191505,0.7964063777793167,0.0005372757299813778,0.0016771538119643413,46.0901770721828
183,0.056599960619787115,0.03001247772874205,1693596098.1935728,7,0.00018123280688783647,0.8429930956926018,0.8122475554633524,0.7707728926454152,0.796482132511851,0.0014123833340663689,0.001114760613281253,28.809106319639525
184,0.063999909810324,0.032407446321470856,1693596098.6910021,7,0.0018743062829037417,0.8507015138917345,0.9941945497848862,0.7748278422486471,0.7820438127914936,0.0004419019643768753,0.0021912749562613756,42.494257907429436
185,0.06652326782878959,0.03514357814681068,1693596099.1922057,7,9.155312011908133e-05,0.8262731706629933,0.6220079389438868,0.753093772341153,0.797713937062092,0.0025677948157444013,0.00801261709612328,24.733115434715213
186,0.07396943075429185,0.04040728572788632,1693596099.6944044,7,0.00030266945720254615,0.8684195915443829,0.44200194708246093,0.7878433836355617,0.7856868982327991,0.0005341784435298741,0.00040101643353072014,45.207679899240084
187,0.07548956614748181,0.037488421758319346,1693596100.1655076,6,0.0010098481525772163,0.8359699009689936,0.7471463698447091,0.7607391787428402,0.7572856858869781,0.0010755259762935457,0.016856052012740354,72.00742502318808
188,0.07199717899936198,0.03637789039259054,1693596100.6297011,6,0.001507307086269428,0.8187495794055397,0.7839527320028371,0.7375825853709079,0.747734080847901,0.0013448075340844424,0.01890341003056203,78.98400552357275
189,0.07746367511667362,0.039476929866319344,1693596101.1045914,6,0.00043484456705306047,0.8512649432723421,0.5576631035612214,0.7649724982425348,0.7692324640865901,0.0009444375813135714,0.002719143176947962,66.92576252326053
190,0.07732958836530157,0.03813195889455501,1693596101.551694,6,0.00041931400741266776,0.8399197161022971,0.5579426762457251,0.7631722012902991,0.774986455102466,0.0008287482043938894,0.0029193918438635133,71.59132296708479
191,0.07189673658621254,0.03606613769168121,1693596102.0152035,6,0.00045591133704548357,0.8481765105279485,0.568653754467982,0.76337671047347,0.7688560626791532,0.0008315693623724616,0.003383519594904957,99.68819678184322
192,0.0774940603676374,0.03715449510925051,1693596102.4866905,6,0.0009331656046774623,0.8372457741627004,0.45510296724999244,0.749591284447341,0.7738328434947356,0.0012121649526709842,0.0016840341961655665,62.80001741208103
193,-0.32181491018473785,-0.19026486398120257,1693596102.94366,6,0.0003433623981158398,0.8402766938001834,0.0009534450496347418,0.7493148994177571,0.7591564446061766,0.0018420170618934752,0.0019289913808257038,50.87879929423254
194,0.07437523412023472,0.03689121259576322,1693596103.4145806,6,0.0008164883113822208,0.83248880712637,0.4417421914982341,0.7425579736319831,0.7750526720299314,0.0011847602983803573,0.0015970507234632047,67.5369654424504
195,0.07493812718175563,0.035432449471279215,1693596103.922314,8,0.002426314583520911,0.8594082434757404,0.6289723190859957,0.7938262515859266,0.7587009694630581,0.0007214306175166111,0.003184313426337231,69.15813082115837
196,0.07271863667883138,0.03883939382497881,1693596104.4325612,8,0.002792904432497438,0.8331350402117642,0.5442161463811843,0.7971066599307313,0.7575105002331702,0.0005001073136975762,0.0037846566019167725,64.73434169293074
197,0.06739533866940062,0.03232843815303876,1693596104.9128754,8,0.0015344765981519111,0.8588273073615972,0.8453013119512897,0.778700939213607,0.7815493700575398,0.0006688625581770988,0.01037437435348646,92.12557351238256
198,0.07369134363133512,0.03800212341462306,1693596105.4513242,9,0.00014825451265265503,0.8508844237033919,0.43300941519008274,0.792602403854362,0.7508753669895609,0.0019020890047207566,0.005708437140775699,25.588529499797996
199,0.07578889462897498,0.03928217202709661,1693596105.9139233,6,0.0002773578896600726,0.8650229153643996,0.5986989284018666,0.7566140690531166,0.7912343661978666,0.0011511071432707865,0.0013197611938480394,40.850252577906645
200,0.07621517032470826,0.03911272772122332,1693596106.385593,6,0.00024512781335880044,0.8402807184820448,0.5382489608252317,0.7584168232615802,0.7948400023295568,0.0036914211064168006,0.0008177118445213358,34.466691236624285
201,0.07331677124034497,0.03877498179490535,1693596106.8754253,7,0.00028914571548332665,0.8411339987697172,0.5516095473400088,0.7550161336303453,0.7928634323287548,0.002668223649977332,0.000760809733364539,37.10098362552941
202,-0.16472784119267203,-0.09564556802749746,1693596107.3384807,6,0.00016002107365198907,0.8230910647222169,0.027894152364448577,0.7312527026041713,0.8054670746816501,0.0012383900398603982,0.0013543480431010787,22.183982680009354
203,-0.32789142031017215,-0.19395770513027477,1693596107.7989254,6,0.000531368908364357,0.8330629451952006,0.00011732293847050603,0.7636045216453817,0.779757302303135,0.0037702572716016946,0.000852940748559405,44.58635327719425
204,0.02345774924202826,0.0006596558135822939,1693596108.2604282,6,0.0003337014474666574,0.8681047296106088,0.38298981585731456,0.7439764949375243,0.7936779191519117,0.0017593501037217363,0.0015148038423662112,0.3448464788082139
205,0.06514546768761842,0.03550094837806339,1693596108.7479877,7,9.705995699874023e-05,0.897715840295697,0.719105846331663,0.7584410713693964,0.7661247919469341,0.00037192902796912453,0.015095103889055902,28.303363683744774
206,-0.030783299602586967,-0.017572206273639646,1693596109.2092035,6,0.0002288050168710836,0.8449587806145314,0.07434679301490191,0.7775747146073926,0.7759883717584926,0.0010346014609449224,0.0006345204918577086,3.297218039483347e-05
207,0.06623939658950695,0.03342808110021511,1693596109.6650312,6,0.0011447288573823995,0.8111462329005888,0.987677924827313,0.7672981296088937,0.7865974713848425,0.000521731127445203,0.0072461183811652384,97.69037502538865
208,0.06864907108862384,0.0361739310970538,1693596110.1279478,6,0.0005117611205822431,0.8673300851497387,0.5398063841046472,0.751399116886899,0.7437949100583724,0.0027339642438060714,0.002795683739740806,16.524743093772706
209,0.0750363965911226,0.03918443087454482,1693596110.6036124,6,0.0001845324704107431,0.8570409897786252,0.41103972999053856,0.7771952363401319,0.8150383922681468,0.0012472772614395638,0.004118277646157864,53.07096407621558
210,-0.08637170005553618,-0.04885912710649687,1693596111.0546696,6,0.0009317390964253893,0.8357704973447866,0.049828410695939435,0.7364977390953944,0.7643342704179341,0.004881135482124424,0.0019243555607953257,34.27162649467497
211,0.0747696555618006,0.03828092668361183,1693596111.530679,6,0.00019081328023386388,0.8579905674144251,0.45789966021649475,0.777049635865346,0.8206600621193023,0.0012774194426711895,0.005508860988384211,55.891542733870054
212,0.07572606132681192,0.03875833909947579,1693596112.0121238,6,0.00010715457165649963,0.8513235581815015,0.6339882549819461,0.7832889712901393,0.8079316870615563,0.0008403211414372868,0.0036809223041740155,46.91124064885484
213,0.07141727937009323,0.03561129509826522,1693596112.4583766,5,9.042103142069904e-05,0.8902497713452171,0.6439592932171835,0.785777435885263,0.8052957288674983,0.0006942945863336847,0.0010994313391508865,20.08479658187
214,0.0628382054754345,0.035022779175185925,1693596112.9557874,7,0.0003809971140164182,0.8497168222223636,0.7848766653141723,0.7646771345966362,0.7991734510206121,0.0003982475601387091,0.0025847213723625374,33.991508877698884
215,0.07309185107445049,0.03807161643701129,1693596113.4054146,5,6.308922407325665e-05,0.8695828275792471,0.5630614527908084,0.7581387148669898,0.7890846868271217,0.0017237820119428704,0.0005680312107695692,62.6821859791517
216,0.0665674552183595,0.0357591093237718,1693596113.882333,6,0.0005588727639947019,0.8181496927136571,0.6935546016988834,0.7882839802199154,0.7768580758701974,0.0002172026841776424,0.00977569146464287,25.081241250410052
217,-0.19642103282375745,-0.11499625295210958,1693596114.3443213,6,0.002026689981291608,0.837209576206532,0.022623512636991586,0.7724804130077481,0.7690464477700637,0.000880332522326668,0.0013425040433894505,98.4172751818304
218,0.07606367497625788,0.03924196886162279,1693596114.789964,5,0.0011004616304465934,0.8487991499879575,0.5062308985355793,0.7494185269098763,0.7509060545577808,0.0005792944190479876,0.020864492413323367,41.80176796745253
219,0.07420807071672464,0.037569989018175876,1693596115.2351584,5,0.00028953370343355427,0.8483294558022146,0.43085802799570233,0.7230860584687595,0.750726007169958,0.0007883850258814756,0.02487471916535549,46.55427311485644
220,0.07519758148468203,0.0383050738216707,1693596115.6779466,5,0.00012642979356414406,0.8283929067328314,0.3687759920498361,0.7474553289213306,0.7592850498965357,0.00226003521008003,0.013911549066625888,38.75142714004025
221,0.07754190480138645,0.0381318590191565,1693596116.122233,5,0.0005544809684577812,0.8225205680106144,0.5254940833703395,0.7491670522705236,0.7583314309577248,0.0028753594989732244,0.014588388902222651,36.90317525732674
222,0.07480204013782366,0.03950603976612921,1693596116.5689585,5,9.579200690914297e-05,0.8287250168708719,0.3598097644532067,0.7454337079859336,0.7464095009508562,0.0029492831259602752,0.015490110559617028,36.40718713471634
223,0.07453991066442978,0.03997917806299289,1693596117.0155098,5,0.0004721756429515267,0.8391378356899367,0.5045215116487054,0.7345875992136803,0.7635172812977444,0.0020630122594639698,0.04858589624439576,61.026939305216125
224,0.07204514552811636,0.03806111613805285,1693596117.4611542,5,0.00017574054738077652,0.8267092232110123,0.29420134672585446,0.7546014100947309,0.756688088710783,0.0016940771597295573,0.01267445705843227,41.53289547859672
225,0.07295643864260937,0.03689990786269115,1693596117.9137454,5,4.6289456220319616e-05,0.8116564811899958,0.49746974082862705,0.7465853814877172,0.7845976980326858,0.004947022875051956,0.008267682214808907,66.49360154174903
226,0.07270657636467681,0.03841729247969128,1693596118.3629184,5,0.0001314932648871784,0.8465367230895088,0.3952756186840844,0.728395251998705,0.7739497095363429,0.0010760015284703903,0.004590042830706022,31.406939148164824
227,0.0756047973091547,0.03694839783913062,1693596118.8082519,5,0.00030669414804396434,0.8623966765937958,0.8003120029613285,0.7637501167721897,0.7392622001337815,0.0035365909557302034,0.0189903042970444,65.95705118731401
228,0.07173471569877898,0.037076670960242586,1693596119.269344,7,0.000949546977780274,0.8643674944847126,0.8104507695790142,0.7601066410041649,0.7405561883893417,0.00418785036206214,0.028292309275292794,97.77689485722843
229,0.07400817337150034,0.03846314685882224,1693596119.7177,5,0.0003105378866775121,0.8764915254610023,0.6067221451108463,0.7646782700255739,0.7283476719577465,0.0006190084695202977,0.003221959424829548,63.71305158827117
230,-0.041774181579461,-0.04068609054317074,1693596120.1904635,6,2.283157588088722,0.8553830175272571,0.8131568847778868,0.8005322113549009,0.7953167402583201,0.007290667908493952,0.008187795909348955,0.01453158826471222
231,0.07469794824361453,0.03785578259407185,1693596120.6513076,5,0.000473071631210048,0.8001721515536395,0.5412467817992904,0.7489767798225024,0.7559834369868991,0.002329147330783246,0.02095567322809553,40.21644570676555
232,-0.26685687478312303,-0.15698319447855202,1693596121.0943794,5,0.0002689536883633636,0.8401485151264244,0.008996136860933715,0.7410214217655549,0.7697193834477957,0.003215906514100609,0.00569360893612198,25.796309337133152
233,-0.10979846697377948,-0.06303666567566046,1693596121.537568,5,0.0008753832620723631,0.8886799725330603,0.04353465898885648,0.7677276900306447,0.7806754667223741,0.0012944817746205664,0.03738964944772181,62.40934438518872
234,-0.0058802594980751355,-0.0024530653851040363,1693596121.9968812,6,0.0005892604937688726,0.8654814202535949,0.0887639899885648,0.7569476944248236,0.7450102583952882,0.0009772154850680303,0.01482247649820167,42.24017355838754
235,0.07591563434417004,0.037735992495600224,1693596122.4476132,5,0.0001429647702396563,0.905128560390099,0.6915240927780644,0.7836855598931547,0.7610716976574295,0.0019298524106821134,0.01995782160010017,24.146356643551954
236,0.03396161305708412,0.01789391299127807,1693596122.9263024,6,0.00022937239909347838,0.8962122058464742,0.9993824227010127,0.7828442971468115,0.8318084696393074,0.0005406570181218749,0.0023901481265592656,14.73424711050908
237,0.07530775461802375,0.03694991091214628,1693596123.3831856,5,7.601557194472933e-05,0.8832373265072897,0.6601031472576289,0.7933256795695431,0.7686205472009973,2.573017274312298e-07,0.06101525697572022,25.982204989000298
238,0.07104233016015016,0.037031831388882774,1693596123.8308523,5,0.0009796738545548294,0.9019038455373204,0.7339198770478597,0.7745493090502098,0.7879432324885224,0.0009367636489547231,0.03680634787684116,68.16184499149809
239,0.07454841801690937,0.03763698880774302,1693596124.3022237,6,0.0004001312087220562,0.8749606080154202,0.4977993104255461,0.7810031837350643,0.7337067407952163,0.001524825740780643,0.0016855274881051872,20.653545363984716
240,0.07269661675018135,0.03614857911912139,1693596124.7604117,5,0.0013907009346849312,0.8538177321628309,0.6136552525361905,0.7875180682326649,0.7780756542490056,0.0006794853049166641,0.020812999782931683,96.6371627637502
241,0.07426746691101005,0.03923684157947904,1693596125.2104738,5,6.373002056446895e-05,0.8862054625520956,0.6619116251708537,0.7953989207832587,0.7678844784553436,0.0042040160624699134,0.007900363031730175,26.509364580611585
242,0.07558605968963628,0.037174593020171454,1693596125.662991,5,0.00012466361078804968,0.8779116640723387,0.8240609379137102,0.793674828517341,0.7561595201405571,0.00845761964912803,0.004321406437485296,46.52111449323133
243,0.07462257271301964,0.03503462177850236,1693596126.156835,7,0.00017472001044286484,0.8681328496014233,0.7625627969511415,0.769520602443254,0.7496170304976496,0.0012390237680122355,0.003740662657449133,48.28493218982376
244,0.07152168946452331,0.038531256098445654,1693596126.6350899,5,0.0005344885566037094,0.8515478311934043,0.8276263714130325,0.9735090944617892,0.7552758592009086,0.0007660030367974864,0.005158096649326127,49.57358689234303
245,0.0652464873277867,0.035181627681401983,1693596127.0863593,5,0.00022943833220900498,0.9025014730648565,0.46657025586747786,0.7746670731645527,0.7619724341525639,0.001741611403177102,0.0024157158564100186,13.038126310750066
246,0.07432184813820297,0.038089758992034595,1693596127.5400941,5,58.97585120431797,0.8783378549904343,0.5488363365520326,0.8030388664299932,0.8005485385033366,0.0005528595822636499,0.009976651120671086,34.68335059291285
247,-0.28809829290613,-0.16982208547254474,1693596128.0045452,6,0.0003348818763946388,0.8606762790837009,0.005923803215846591,0.7854139610831764,0.7797410047970084,0.0011436346876123966,0.004849028852431626,68.78398902728574
248,0.06985263510390416,0.03703950542756729,1693596128.4879482,6,0.00013071991501527344,0.9069934071664485,0.8182591854970748,0.761523679809413,0.8095648438912308,0.0025820514475167807,0.001536113269444023,46.16560164378824
249,-0.22923560812301735,-0.13432200211182832,1693596128.9400957,5,0.0007501168185692931,0.8429665873648088,0.015132419531722738,0.7797889199729537,0.7431570653122103,0.000409589260098152,0.0008431231835703081,19.386237331268752
250,0.060687692755764355,0.031533802572217495,1693596129.436716,5,0.00043919417513624173,0.8340396050503524,0.9783527189235612,0.7960109400807438,0.7926776589925693,0.0008890635018021586,0.0033490019910173896,30.6351055329315
251,-0.3131489938512553,-0.18498917904391443,1693596129.866863,6,3.5048800070912245e-05,0.8699297926167973,0.002265933665922337,0.7662611377916994,0.5067073592669903,0.0017643595809423672,0.01909817918028571,99.28807430415284
252,-0.1616939320699331,-0.0888751952678628,1693596130.3616817,7,0.001397827633400543,0.8524040975006172,0.6082813184391039,0.7554875184065747,0.7714989619809126,0.0005097579074311518,0.00034494823780776613,0.05301570060061306
253,0.07169475246935764,0.03760530589996436,1693596130.8104217,5,0.0001109650526333933,0.8919343138895188,0.43164268896740066,0.7826814395772539,0.7541174381999282,0.0009101079134801824,0.0010813256119008134,61.1783016656717
254,0.07075735253135407,0.03591458081353194,1693596131.2869878,6,0.003199948633403013,0.8205491982071139,0.6578065823480522,0.771292072801554,0.7234989163627372,0.0032077705915320707,0.007232145314447668,31.876332356530046
255,0.02457136118908476,0.01508693118826765,1693596131.736824,5,0.0002773005291205472,0.860147946238334,0.111557289645703,0.7901411690896335,0.7625960527061546,0.0016087423884847748,0.0021164795448203435,12.288982631455662
256,0.0755821856007255,0.039163337077906646,1693596132.22438,6,0.0007140505300477557,0.8442104759374879,0.5046358341762914,0.8044330764587424,0.7856904017389043,0.000341565215419377,0.01243967151529627,63.93742312045837
257,0.029494695991780118,0.009913175297076027,1693596132.686117,5,0.0006548770794171005,0.7851482310321513,0.36508278320747994,0.8033820899059133,0.7810553319560505,0.00036121376296560875,0.010982484994684093,0.002299972637647305
258,0.03970004769664326,0.01314700312606798,1693596133.148624,7,5.764901576432514e-05,0.8770543247759546,0.27322583616322144,0.7976069377190825,0.5206301404782046,0.0003121458267010818,0.004261974548157714,1.1974575987990261
259,0.06903928731922615,0.037737020755575834,1693596133.6310558,6,0.00018596221328092286,0.8484482102751076,0.4972452765760666,0.8112422765844658,0.792165588164902,0.0005802203517760516,0.08743612044552401,23.104427750486387
260,-0.04376735709727231,-0.024924342296490876,1693596134.0867045,5,0.0003856434691131396,0.863208965584453,0.06730204260586638,0.7874388549164877,0.8013161720302507,0.006854437360439164,0.002897919439560691,45.0929026880457
261,-0.018378255498562313,-0.027018042828873545,1693596134.5349596,5,0.00013134908575942967,0.9109382256880456,0.4266228539468499,0.7766449804902276,0.786904330034704,0.0004287526271434651,0.006353842151928224,0.2801428870935114
262,-0.10739367545726308,-0.081378144290422,1693596134.9823635,5,0.0016169505495285583,0.8835716598110137,0.5584041839200481,0.8072985442467334,0.7738051325487594,0.0007312752963942833,0.0005797342985599508,0.000659173632810856
263,0.07134592538197049,0.039388668704841256,1693596135.4635105,6,0.0005964996581509385,0.8419564485210312,0.32328818889800176,0.752557780330747,0.812159221348069,0.0002535692244148478,0.0016136882751727779,16.831875610482292
264,-0.024344000558119694,-0.028914022141231177,1693596135.9216433,6,0.0002846210799118859,0.8921591919809968,0.49257891217629707,0.739432233046432,0.7383987839476298,0.002408196761837288,0.026717961632401754,0.805609093094487
265,0.07894347002051372,0.038401777993607666,1693596136.3768828,5,0.34967858405450464,0.8536925796606984,0.5857415271699572,0.7112669172196628,0.7722994400279946,0.0014695307412322966,0.046551702617823654,46.36722233894602
266,0.07505294574568877,0.03995230939577066,1693596136.821937,5,0.0028000843089358717,0.8744556896878117,0.39539155591527736,0.6951742489506566,0.7820233430683292,0.001523767624979519,0.048680008400285496,36.16691215940337
267,0.03561521346317842,0.01411835403446704,1693596137.2735765,5,0.33238243010695384,0.8578348276589725,0.15926815771653943,0.7219756501567564,0.8269207478430395,0.003670636304183206,0.011517972505303793,0.009076057910205944
268,0.0687125437876297,0.03747136231383452,1693596137.7442203,6,0.7536707608495743,0.8684136580420319,0.22810289074446657,0.7315857595555876,0.7986972773616826,0.002360865353022719,0.037428559066314634,21.707673159100118
269,0.07711038538216142,0.03746140464586445,1693596138.1992226,5,0.15060574054540954,0.8279115942220907,0.5606465949306702,0.7249618656972783,0.7740541107801135,0.005444130198066079,0.022457976028787772,47.88019190763363
270,0.07218307724501005,0.03484076827547977,1693596138.640194,5,0.35093925397516657,0.825393257422457,0.8225758513852012,0.7014437392134729,0.7742047271338736,0.0091253704758257,0.022913573745928915,98.71375314900119
271,-0.14162000405807462,-0.11006470844926675,1693596139.1023223,6,0.10489425097661059,0.81665963012516,0.5695254247423581,0.6766061443643698,0.788430824189716,0.004403817590159206,0.011433523507239493,0.18223672719625159
272,0.07513981535000225,0.03876048503350571,1693596139.5464015,5,0.15427767435389073,0.8080988265599357,0.4353242739103272,0.7157620152868178,0.7625350187642858,0.006325247811897847,0.0656257231105015,48.041549199383134
273,0.07409374851801331,0.039602340968573735,1693596140.1072567,11,0.3489248797924139,0.8358335921256976,0.3182916349147987,0.7088046693042036,0.7752470063917054,0.0006108794242874334,0.006654237580329816,63.77204519473619
274,-0.018001767322391782,-0.016530903509355488,1693596140.545921,5,1.772324924310506,0.9011323589637116,0.66381098610528,0.7292478870254654,0.7493790134665976,0.013188985602644105,0.03338782823259986,0.07916801774856619
275,0.06850669720592706,0.03439616568271442,1693596141.0176575,6,0.001041686288527626,0.8500749305295093,0.8713138687551776,0.720681677226827,0.766512730922036,0.00017814189339942924,0.015676706759389227,31.722016474416822
276,-0.32875421936611415,-0.19448263143277877,1693596141.3886156,5,22521.68616464563,0.9170520711744575,0.5083435538800982,0.7403398827435925,0.7876056219730118,0.00035381970114461747,0.0009341656727134201,0.003854782425136606
277,-0.19272094120909533,-0.1126340611577128,1693596141.8610067,6,0.1500011201669423,0.8265030633262281,0.02156514877711022,0.7730055411531848,0.7788812267418441,0.0011540186705399557,0.002704348279477029,2.123249028563206e-05
278,0.07223365197319687,0.039541361043698764,1693596142.3099182,5,0.0006280064589823029,0.8854537143229866,0.6826852792312833,0.782694740700808,0.7595273148177247,0.0005509544227838894,0.0014366428791300206,44.935023126919305
279,0.07498086068084375,0.03827038921181669,1693596142.7928362,6,0.001459907851139454,0.8624611372296498,0.37637979671631133,0.7671020058529419,0.806088324576544,0.001512682360736163,0.007701716648836278,64.8907072205503
280,-0.2817206884634178,-0.16617627167110505,1693596143.2390218,5,0.0003851931931000023,0.8434899032113214,0.006490082135626769,0.7137039760785907,0.7946774547901742,0.006184333607370792,0.10814602135390806,0.016619257803385332
281,-0.0736668401458409,-0.060940085801972854,1693596143.6953685,6,0.47996469810421954,0.8778528410649248,0.5393223401796795,0.6921234705090682,0.7480703349084904,0.0007805492907623337,0.01977975475057863,0.1076902698815925
282,-0.0015256803852028433,7.732925733661133e-05,1693596144.1561236,5,0.29188326149182264,0.7168729454862613,0.08758301599618692,0.751289632749127,0.7700083110217607,0.0002426833197069682,0.004938755208002187,11.313936008756373
283,0.0726003101388738,0.03881823740800505,1693596144.610818,5,0.0007874655287582391,0.8548602984756928,0.2625735396446555,0.8012316254275197,0.7843721395726982,0.0035445821548967683,0.002572872189934559,28.507150140141846
284,0.0769314102632418,0.03857875663038357,1693596145.0705328,6,0.00021311372152271933,0.8323841144233465,0.4472054852889447,0.6216139681967181,0.760844862094517,0.0010818910948985588,0.00017960129970959887,43.10833514628829
285,-0.12005312729802387,-0.06918418330010812,1693596145.4965386,5,0.000232104558730555,0.8306725139904166,0.03899014192937696,0.5613285912881785,0.7605881723619059,0.0020603589912716515,0.00015770190126794935,18.924892993576233
286,0.05994330247786783,0.034530151144371524,1693596145.9648933,6,0.08641559381399283,0.8057966383440464,0.9725341433133701,0.7280153348140137,0.7510719428557807,0.0011005780421896134,0.0002722201599119443,38.60237109359125
287,-0.32127533127763797,-0.18994154941977048,1693596146.3981636,5,0.7396900038828476,0.8709137107157346,0.0010127820854313866,0.6867410331759207,0.7351983110670577,0.0016559053869643543,0.0006339317719162843,28.352125869067656
288,0.02622960596146262,-0.003526170890349123,1693596146.8376722,5,9.376417612343533e-05,0.8916387353533312,0.6948762203414651,0.6338817427073803,0.7687084693260167,0.0008585386349785456,0.00017178584169135277,8.258829522444788
289,-0.32858868499906646,-0.1943824695495895,1693596147.2903273,6,0.22622089710393756,0.8352610333391149,2.1534809062994668e-05,0.6354553649657552,0.7544334643921752,0.002929719787439473,0.0017259029592661054,0.17022392891139243
290,-0.1510894504767537,-0.08781736015387387,1693596147.7130427,5,0.00020544965233258171,0.9025858279279575,0.03081841150268708,0.5436451697400815,0.7281976851806798,0.010608831762274553,9.97297031020054e-05,14.29972391877698
291,-0.3263479448219804,-0.19302226598243322,1693596148.174748,6,0.000331383965307876,0.8547918743208641,0.0003115880636695376,0.6792237675187192,0.7731135986932401,0.0011651401343990065,0.0046200348321844605,1.719225664219057
292,0.03423325248047626,0.02041861989655791,1693596148.6153057,5,0.0390344604905651,0.8651635785800167,0.13284451408232384,0.6501831453044201,0.7403086772038951,0.0005231047559167835,0.0011775873756307842,0.4355197226786446
293,0.0725195782868644,0.038914562572757716,1693596149.0515225,5,0.0005071483677114748,0.9261892569185967,0.40610313873506876,0.6293470355815882,0.8164354917438691,0.004906217863515296,0.00046553353040114257,50.764883165995364
294,-0.24462528765384195,-0.14383870825932643,1693596149.4979506,5,2.7394034140998057e-07,0.8186597748829435,0.01333374446729868,0.7391590596723367,0.7633355250862869,0.0019274345925814178,0.0031849829586038914,99.58312137801269
295,0.07568355389963533,0.04124774824350086,1693596149.9820917,6,0.0027065191881406442,0.8821367256059064,0.3420598843822899,0.7058482990072826,0.9606737436241477,0.0007157937552024443,8.217326800794421e-05,37.745374504422216
296,0.07458319300001603,0.03984678361719951,1693596150.478431,6,0.0026473322342960705,0.8943434054025984,0.32475341221920717,0.7475543653310864,0.9580564673484351,0.0007261716346675127,3.592745978577714e-05,20.193804309603475
297,0.07447416464098211,0.041034997452503275,1693596150.9290597,6,0.0013691246701103342,0.9171814941932687,0.42441129433619196,0.6444593403445733,0.707502750817776,0.00045708776837493893,0.054794596188261456,32.007565115099275
298,-0.2522853250850394,-0.14822344889029937,1693596151.4209096,6,1.0456309585310413,0.7998537052239829,0.010814034244303954,0.6668027080754348,0.9328948154025011,0.0012946990178372031,0.025779734975537878,0.02214559055551819
299,0.07555042151886326,0.038083268685115246,1693596151.9022198,6,0.00353898324778385,0.8238455356195308,0.5699855775648864,0.7236779524100089,0.8250277745137686,0.0007577059899704265,7.991016551491997e-05,70.44494039251266
300,0.07202022491886984,0.03802723710187139,1693596152.366153,6,0.0018280650400812847,0.7908880415224822,0.26728562672631134,0.694467623802814,0.6810261315454234,0.0004762437841981562,0.0008141590319378396,26.501756275727548
301,-0.013416650298097688,-0.03608795018299227,1693596152.8346038,6,0.011149275514920712,0.8375874228620788,0.46159516223955377,0.7623493739136379,0.8032621153693005,0.0011613361934078039,0.1353545693563987,0.036719976684821506
302,0.07349691124268276,0.038188368490048585,1693596153.3074553,6,0.0009583293946368625,0.7664148786748196,0.3661134524541985,0.5865415353792672,0.8715126652172236,0.0007951579749842655,0.009317505663417635,42.62991742197538
303,0.06163655578890015,0.032307910034493736,1693596153.7681963,6,0.0004575273112425435,0.849493715133916,0.62698638459521,0.7070438318198503,0.6938242178536315,0.0020985409422909006,0.0017992500857713961,13.811011971753278
304,-0.06285872342473753,-0.03557205040863809,1693596154.213796,6,0.0011585550399517126,0.9076255456242132,0.06046503131871512,0.5208919325895782,0.8989150731392396,0.00017690063643608018,4.8603425559121595e-05,66.99373970800461
305,0.06006336600287332,0.03204096648081789,1693596154.6772625,5,0.0002551147917649799,0.8837549294230179,0.19071903240769017,0.7063246640754011,0.90295264809171,0.00036506517964572015,0.007090945822598973,2.5628106934122235
306,0.07674149176261824,0.041195571511565166,1693596155.1384885,5,0.004042634439522236,0.8637522445056662,0.46101980662232267,0.7581423259903183,0.8321957088659991,0.0012989328782460376,0.00038112857272264795,38.29314159839628
307,0.07388937855735134,0.03963447378714491,1693596155.597398,6,0.00462739982278673,0.8733471371941398,0.32673978112404006,0.5880737890219543,0.812561950701151,0.0012920723176092692,0.0002207034885780604,20.487931439168747
308,0.07895490299928265,0.03927745777973679,1693596156.07814,5,0.004646215363852041,0.5628172674056009,0.4648264506124413,0.7015240132935312,0.8349262358613989,0.0007685439143888242,0.00035103763256008564,31.702296030942676
309,-0.015476847549704464,-0.016759732389460602,1693596156.5612805,5,0.010170298150656499,0.5252286304840236,0.45727099822052614,0.7142098805830925,0.8343275941302258,0.0004857351626382243,0.0004954394345841717,0.8512896850785894
310,0.06664612954171156,0.032479339447675115,1693596157.0404341,5,0.006106538909420106,0.6551060482183012,0.5433401022929464,0.7449645889398562,0.8436710089496229,0.0015015113269197641,0.0004313309216896416,10.688248129412884
311,-0.32875421936611415,-0.19448263143277877,1693596157.4195497,5,95818.124197179,0.77399779256417,0.01833984556892793,0.652115426760752,0.843562952980541,0.0009655243716087356,0.0003727430314533636,0.22932457298582343
312,-0.06992473831960844,-0.039675728407214006,1693596157.8796725,5,0.004596526154307339,0.8297707168456027,0.05505766157129858,0.736741167166852,0.8571626239883813,0.00030850981563649725,0.0008289314039040495,25.73682548679155
313,0.07520942412885767,0.038254313930443984,1693596158.329522,5,0.024513280866785767,0.8187912980675313,0.43358006452089,0.612225815454331,0.7964333444862333,0.0006356723770191713,0.0002500681485317924,16.527231833321533
314,-0.312996434923009,-0.18489329990816672,1693596158.7911894,5,0.0018977782861691783,0.5799245118129854,0.0020869264949388367,0.5992961392238256,0.8198001427710061,0.002655602847635645,0.0010680531711672412,5.513860407514205
315,0.04786409436642147,0.017733098889348486,1693596159.23406,5,0.0007029883931787861,0.7309925425931841,0.24991903996227724,0.6170653399831778,0.7785133053864594,0.0010298853260881347,0.0023758672377139317,0.44207446035404063
316,0.07425374035721655,0.03854866558729819,1693596159.6775122,5,383.86413026356524,0.8098276164671968,0.6100801213747288,0.6581492414155824,0.8350212154619423,0.0021080515678346856,0.0012987833133424438,42.153476265521356
317,0.07139962557252655,0.03823044650034879,1693596160.1543298,5,0.06345117347802183,0.669977392061285,0.5223360664312512,0.7561841583201238,0.774660388109628,0.0005365612619539365,0.0006948349563973052,29.407084019731975
318,0.07065919438218715,0.03491866126662668,1693596160.6162112,5,0.012474393543146571,0.8431785946457712,0.39573840552955925,0.7744388970456237,0.790989209337619,0.0015219853175395157,0.0035017961641071503,99.5305685182342
319,0.06778938132207679,0.03551859748520725,1693596161.0747805,5,0.001193231175300927,0.7501789688523978,0.7282480581254976,0.6969566455033064,0.781786941648284,0.00022145016413841135,0.00034010351191376335,48.0902722626442
320,0.028550032302584794,0.0037156242288609587,1693596161.542379,7,0.0005941139421079454,0.8560637156095884,0.3168209805470867,0.672460803816578,0.8148470824966891,0.0008747055906246752,0.0022322968502156352,4.1594829147113106e-07
321,0.009327287621864966,0.005959255516654993,1693596161.9903789,6,0.20352031192292933,0.8344223040114825,0.09597724930219413,0.7832760997646064,0.7673112110120001,0.0003292020875423608,0.005353696132630073,8.465787700917984
322,-0.15109590806239437,-0.08728146789929414,1693596162.4210286,5,0.003150572192059922,0.8508478672818987,0.031134138081823987,0.7669434068155307,0.8067393451577622,0.001444295507167187,0.0015954854215179586,19.577223361507038
323,-0.3050968703981194,-0.180141849463737,1693596162.907986,9,0.00016947625213782424,0.92674781894732,0.003247258264011659,0.7530063896523858,0.793951615687315,0.0006117595381795957,0.03266636169406332,33.674262741165954
324,-0.014197724076368212,-0.0057107313565143425,1693596163.3388054,5,0.00045716490786136787,0.8439015010034008,0.4827021154459785,0.7340868408381381,0.7616638157144104,0.0009583093226858902,0.08202455912603461,0.11362380890884977
325,-0.07699432359661107,-0.016333314745764937,1693596163.7633224,5,0.1451957088989071,0.8616435943887744,0.6459978850192549,0.7784455247477988,0.7768543111365445,0.0025882594109208155,1.7348407082154247e-08,0.5150975730768932
326,0.07006334347958976,0.037334387093756694,1693596164.1911972,6,0.001949209109157415,0.8954035144078134,0.5429132151255143,0.6182419218610818,0.7496454131470551,0.000426272124552214,0.013113708204731353,63.683801773545646
327,0.06737515209639644,0.03699440127138465,1693596164.611107,5,8.309045443608023e-05,0.8131439076639008,0.218274364085651,0.6891200569352524,0.7693161927321974,0.0016807011282289769,0.0034269537124835053,13.337672632392554
328,0.002542716977877446,-0.005975648999294814,1693596165.0443778,6,0.48593404226200604,0.8246819956864748,0.4007498962229528,0.5307062892904602,0.8223109345234637,0.00012629268816060168,0.0075333083939937194,0.0014971403403783033
329,0.07542892458276029,0.03838057173095821,1693596165.4701793,5,1.8321801887724956e-08,0.8684270799673287,0.6984504257177008,0.6593693510381649,0.785158355736277,0.000705631056237148,0.053976843638637674,46.23256227659268
330,0.06574372427202235,0.032740383295336906,1693596165.8983183,5,0.0009987305264203418,0.7896072492318147,0.8295586651232872,0.5633286126614114,0.800502257677507,0.00022617502505551792,47.48136181218996,25.196831114051523
331,0.06768881123414261,0.037171755596157374,1693596166.348293,6,0.00025580343046961067,0.9165916529674962,0.2985773557197005,0.6276112983343978,0.8555636163911947,0.0010266572630075082,0.0010150885603143597,72.01627372973661
332,-0.01873073122337332,-0.008762281972341635,1693596166.78722,5,0.006102376685432979,0.8356332467009454,0.07865152123108529,0.716111878200525,0.8431065504738688,0.0005182629999072934,0.001972721869440959,4.149998372743786
333,-0.35451777815880714,-0.2912082271213279,1693596167.261214,6,0.00046760257318686664,0.6270300868247036,0.9925897657008519,0.7586040000417624,0.7581159231532042,0.0021252822355774005,0.0004986313935256955,0.00922465755902486
334,0.026739130827765245,0.015038509471540396,1693596167.739873,7,0.0001952858694869655,0.8565273972127517,0.12682515989491827,0.7734061068590556,0.7768190040732382,0.0036850946165815483,4.234993849920105e-08,98.89118918057069
335,0.07783712336290405,0.03862170661159636,1693596168.1761765,5,0.0007564370896624179,0.9092727153222903,0.47499077897722153,0.7263822103239032,0.7663846506410266,0.0012242059010479317,0.010439355161590187,40.18195838266573
336,-0.052551207061893424,-0.05395515815895813,1693596168.6112242,5,0.0008403911365093807,0.9055120876268247,0.4963882664181317,0.7342168943246834,0.7674889723336503,0.0015089934936464544,0.029418870169367037,0.029437304864361465
337,-0.20421294409813706,-0.11907499899719332,1693596169.0520542,5,0.0012235930580702058,0.7055113574065568,0.020088011012005448,0.7203779884030017,0.7460118632585453,0.002954782749077125,0.017734354275408388,28.997623755682103
338,-0.17243550681439523,-0.10004903502286933,1693596169.4851117,5,2.0245242421669886e-06,0.9369580374182269,0.026129971386645863,0.726194688323892,0.7577868089038661,0.001116908376017917,0.010697929912268114,16.672298036417885
339,-0.012045121774728162,-0.013770870167469251,1693596169.9246244,5,0.002198438042220266,0.757284025962082,0.40590119277101544,0.6844355846920392,0.7669600997383804,0.0003391810314785889,0.0061634808966499885,0.046236618460881874
340,0.07395339257796107,0.03921167451802543,1693596170.3492913,5,0.0006218512146858667,0.9107678288022981,0.3412072209495544,0.5945894718780113,0.7806577761008263,0.004674822895699287,0.01439224747339481,41.715780199468
341,0.024737664934927572,-0.010885635404805916,1693596170.7614646,4,0.023139909931750916,0.8978315471140876,0.5911857543107998,0.7456411632705466,0.7514962166310419,36.89143968938625,0.04284082750406319,0.0031152097261522285
342,-0.09894762626718556,-0.05701760213678231,1693596171.2102249,5,9.17922125266561e-08,0.7958313301527442,0.04428299788725111,0.7512243331765456,0.7904430519545372,0.0006690573623460779,0.1577488670644164,9.624099998520418
343,0.06956294129935436,0.03491700144450227,1693596171.6709595,5,0.00032207724779379296,0.5042042329656548,0.26935958853252817,0.7109671663864072,0.7735919761976094,0.0018311789146896228,19.819283868663472,0.005110963997410822
344,0.07499242420615337,0.04059637958791851,1693596172.1171265,5,4.681212894070672,0.8883460716307526,0.45664893627723663,0.7274359937576759,0.7223155114992397,0.0011408697609619843,0.00023139937636456093,22.206948537780693
345,0.07006276921175181,0.03479900793194146,1693596172.615609,8,0.0016363221108358173,0.8024491238946153,0.7142878466289049,0.741306815766904,0.7616305266376643,0.00041340859199149747,0.009132969390644386,58.56262653397061
346,-0.24763307579738014,-0.1454832978340539,1693596173.0121353,4,0.004407392715904677,0.920525575814765,0.012311805281927737,0.5751498462860329,0.7006657126489099,9.61908478452299,0.024817348509203405,34.550692583812456
347,-0.00041028886747551674,-0.036972344857542305,1693596173.447557,5,0.0007104916361445834,0.8737783110414554,0.5357833794879951,0.7666642793506027,0.7432970943968492,0.00015851904072222939,0.0006589271523544003,0.0010334671270122303
348,-0.22783919319062895,-0.13357678446036747,1693596173.9038234,5,0.048281054411166216,0.777542277069939,0.016070921991741982,0.861351510416632,0.7833338602382798,0.000779709449538843,0.004650835316217163,68.5729131613954
349,-0.004885861155028204,0.0029805796046646904,1693596174.3366225,5,0.00038123958679098805,0.8837285308287275,0.4054679550890457,0.5744922698526069,0.868047215210967,0.0025054061851018557,0.0012229754636160673,0.30669143478369176
350,-0.32749813388763305,-0.19372594327530646,1693596174.7652252,5,0.11749954340252082,0.9326787251909231,0.00016331577303728612,0.7017058582661208,0.7685940049183124,0.0014050175542839397,0.00269348455091184,0.018213212248452033
351,-0.2656902365690217,-0.15646515654621562,1693596175.2016172,4,0.6041527597862985,0.9034371828446094,0.008984379098407295,0.7908845693958532,0.828607389771833,0.29526596589841286,0.503180574437822,0.00017708149848123716
352,0.0690370074353106,0.034016469011283634,1693596175.5796134,1,0.0024654009248311908,0.6940228032017973,0.6167203358421568,0.7624590713449598,0.7549279235915749,0.0004744809067572561,0.00700564433545057,14.637602995834156
353,0.07066401890317808,0.03612235401919994,1693596176.0060482,5,0.9658905856316875,0.8453093107054251,0.46806825437749716,0.7512607613796422,0.6894047832036329,0.021419840553075047,0.2607532015627918,99.11736017226602
354,0.03317826847124328,0.009436705757107422,1693596176.4918664,6,0.0010384140667531977,0.8224436543037515,0.19257917372560224,0.9205933815746448,0.7752426376249341,0.00024962220275155943,0.015103068087689143,0.6654679390976186
355,-0.2761753331916941,-0.16266993211466185,1693596176.9313319,5,1.0300202279439546e-06,0.8634581889660714,0.00731741711087504,0.6355181526031745,0.8495902887573937,0.001000313132290752,0.00030014581694448724,1.0195846993241329
356,0.06917182212732853,0.03369461491864423,1693596177.3730173,5,0.00863420097934508,0.8312657885866648,0.7919788326688855,0.6084823363316996,0.790349476583871,0.00519817292592691,0.0001650108599582058,31.440708303663165
357,0.07028832802813723,0.03749411060599461,1693596177.8288634,6,0.3183140514700964,0.5504497668920559,0.3594448269926034,0.5528868262745815,0.7604134878317784,0.0006197823105269454,0.09139315024406039,45.72754812846071
358,0.06312294898920534,0.031324252955241105,1693596178.28987,5,0.0004734169235807091,0.5698460415081741,0.5445822764458643,0.7750559055586775,0.7313187143119896,0.0019007989941512335,4.811302689216279,7.011315152811306
359,0.06985565753007894,0.03803640530817276,1693596178.7062364,4,0.00018201053837045046,0.8739213205058097,0.2717897291726279,0.736744976720832,0.7438353119708767,0.001219475783010518,0.0020698873973268852,22.0321986243746
360,-0.3285874330300187,-0.19438151700051276,1693596179.2187939,6,1.6483249055247676e-05,0.5147874785605487,2.1740879474007375e-05,0.7856165793240317,0.781811321480135,0.0032465711785499146,0.0037982059347773938,0.1568641525409138
361,-0.316742832618909,-0.18721700641144223,1693596179.68993,5,0.001410810187389387,0.8399506928349794,0.001583041418670064,0.7608676267289124,0.7991640582819521,0.00032617753816556217,0.010214329338529775,1.2647814816097247
362,0.07150325416213243,0.03674186472806751,1693596180.1557007,7,0.014953523072955362,0.8912495854209852,0.6978889161668882,0.5083937785786439,0.7696856730264654,0.0007145142980468827,0.04088520567536286,50.511483709187544
363,0.04379694527387101,0.020416563406962185,1693596180.634631,6,0.000347487318895867,0.7448253076897866,0.4435472737621496,0.769948981449726,0.7513101345456268,97.8996646142462,0.000608895529536728,31.3200165226057
364,0.027518165988875243,0.015757403637720824,1693596181.0856547,5,0.0007210356984181182,0.8523792241468149,0.1131688513174214,0.6801446942793169,0.762229582043983,0.001705926116137449,0.001158741545083616,3.1697854311927003
365,-0.2601741035884566,-0.15301187492590462,1693596181.508996,4,0.00023645001645940017,0.8155499578826666,0.010387402933431603,0.6676816926587024,0.7881244361798716,0.00048614049935902985,0.02138291918021376,60.91012023209669
366,-0.3258641064185317,-0.19272993108762027,1693596181.9389431,5,0.0028606954031678805,0.9123738092813458,0.00038438486636100256,0.6428758694306522,0.7749928466130258,0.00021830468716924474,0.004469515116590552,17.85389207079823
367,-0.3005090688807339,-0.17742885814374243,1693596182.4267461,6,4.3781515794914626e-05,0.6289858505704229,0.004116749484257835,0.7252019816620913,0.8160828758881395,0.0009640393208883204,0.0018436204354103304,99.44992002730972
368,0.07262846064194473,0.03783003955386144,1693596182.8800635,5,0.0006906027186109172,0.9419356172979655,0.33980864469263006,0.7453192041277548,0.8821524550913822,0.002612289684616458,0.006130505569617374,36.23348519436801
369,0.016665184424795476,-0.0036246012625860136,1693596183.3419847,5,0.2581878449090489,0.8689643046148983,0.8342308074535619,0.7935432207119298,0.8351191762601347,0.0007108049076010619,0.0028191371175296928,10.643340179957395
370,-0.1987907414495158,-0.14479281303015856,1693596183.903097,10,0.0737689604239619,0.8295693181921655,0.6147454925624214,0.7788695931175944,0.7636145189553036,4.874943748433061e-08,0.07541836054433118,0.009201596050288273
371,-0.09578171099535382,-0.05423328070861544,1693596184.3523784,6,0.00011972958932518165,0.8825290164729123,0.04795751591341646,0.7550971375073927,0.7330004965282455,0.0014767850602732916,0.011882254695658493,56.959761711540374
372,0.040415505484063474,0.02305912800237886,1693596184.823642,5,0.0015619184327024579,0.5886603237181454,0.1374852179494974,0.7140462931605424,0.7947997322579664,0.0004344845396434739,57.6132794973089,22.481689982579557
373,-0.29026122577159286,-0.17109896220753185,1693596185.2684913,6,0.00039324377187709245,0.7382073242901064,0.005474242730789769,0.625761738815152,0.6716879637047447,0.0010725969168812303,0.0008412871024178612,39.79519128105027
374,0.07262752060781053,0.03817952240355038,1693596185.7223797,5,1.3042480407314083,0.8988471372185752,0.4912064484388179,0.7007516686447561,0.7800250429506569,0.0021606747897776044,8.117630379433264,65.36705229140559
375,0.05664961662192958,0.03068459471696583,1693596186.1569426,4,0.0051635963033305,0.6770271650703517,0.16954714896966114,0.5973534575952326,0.7518192041842444,0.0006106241287907785,0.00042524537922217486,26.2393720084838
376,0.051654519421898915,0.02764672172264626,1693596186.6205027,5,0.0010992640434391175,0.8455366917859619,0.41591866578031644,0.7678132534678239,0.8067361171192146,0.004419939367788572,3.955991419155543,0.07713774542048313
377,-0.04182695633979705,-0.02569657375704959,1693596187.0536072,5,0.00016869394245870662,0.8604323377167495,0.06636091806283398,0.5346102841564289,0.7705323335601554,0.00036482669453634717,0.00682328545214171,1.5946051216397677e-08
378,0.06989215384720648,0.03536179647008797,1693596187.5309892,7,0.0004843404591680599,0.6073863454714543,0.5936597693628768,0.6058349120838418,0.6842615974412827,0.0012829722313199273,0.022725070701894782,42.49972769500484
379,0.06767691741378179,0.03443249610684673,1693596188.0070283,6,12.007836987075184,0.9186974156505641,0.866226803149452,0.7860754603317073,0.7160509114948586,0.0008944146083604824,0.7337255180102537,64.76964943234827
380,0.06566722371024314,0.03688203908493537,1693596188.46805,5,0.02913822488229732,0.8374982757002118,0.23024293734716011,0.8147236432548762,0.757363441430902,0.006760474676193265,0.1458758551599074,30.971221401276665
381,0.06942527674376264,0.04065989759261168,1693596188.9436219,6,0.0033983723890056534,0.7680351660504614,0.34604005742431115,0.7328903197283507,0.7849009596682556,0.003136591432692907,13.539132087330012,18.687729162429783
382,0.07212705591102508,0.03606756111219289,1693596189.4005423,5,0.0002672114105551659,0.7268208595046851,0.7062334961255153,0.7568901180511708,0.7453337796508303,0.0001502090286138499,0.001569267246928861,70.39263476670025
383,0.06208976309921055,0.03084147340396981,1693596189.856301,5,32.872882981251045,0.878480635835231,0.9926001293286633,0.7963175231887343,0.7732720607614181,0.0018260921199141945,0.003912080298461863,39.85003767934832
384,-0.2778098551008341,-0.16368973478491777,1693596190.2917795,4,7.236962054743935e-05,0.7838355757778117,0.0072195706345248994,0.7740989710672345,0.7995208838477921,0.000617402011611187,0.04911488161866743,14.065737719473024
385,0.07076960489456408,0.03705312214647216,1693596190.7722495,6,0.1552541188218955,0.8042910480057006,0.480410544818972,0.7428845255533608,0.8579947244077007,0.0002683943749332648,0.34562889242225975,99.52369201964532
386,0.07423862126295466,0.04167760481372573,1693596191.197248,5,0.000797548606863222,0.8539702843553676,0.5899912029315757,0.7792962521257378,0.5373186398717671,0.0008786523882775286,0.002476389971449066,26.60719206017886
387,0.07302613246200995,0.039422490176736935,1693596191.6391444,6,0.5635426468227257,0.9272778945558745,0.31360640921574634,0.7634781083488895,0.7002243036427761,0.0014595422099426558,0.010044483433077603,52.0134383028915
388,-0.32815951583012404,-0.19412141914558,1693596192.0489051,4,2.6093993053179263,0.8898442229880333,8.097804752838894e-05,0.5857717255606487,0.7638452290950613,0.0004789809267403506,0.0010863647990886447,38.97959844444905
389,0.07365416365718191,0.03949415778345411,1693596192.4913728,5,0.0017270221413512562,0.8655566958565423,0.4252100957945091,0.7508680718158105,0.7809539283793914,0.0025867557635745947,0.005590231989877139,22.930594942653038
390,-0.2147803066307612,-0.12580973184080468,1693596192.942399,5,0.009435316279474575,0.7166594827784745,0.01854451271009714,0.7219575648884502,0.7363606891638671,0.000977778687525386,0.015584687384018981,66.40752447488359
391,-0.3286779061754759,-0.19443625558414634,1693596193.3905885,6,0.0003935560425193454,0.8272493722987786,1.0231477188028941e-05,0.8015022081771412,0.655991119000236,0.000566476865650511,28.146020155772394,16.432293636914522
392,0.07399918433591612,0.03658452791213229,1693596193.8475895,5,0.00020840572742678962,0.5521802358497183,0.6882598100512561,0.6498490471826561,0.7908938551376198,0.00032574539879283464,0.0005741000214656199,44.20794696225392
393,0.07530225412588987,0.03924354476052305,1693596194.3193417,6,8.1757063408436e-06,0.843903053426846,0.5377045627778456,0.7886370481159163,0.840191870663113,0.0016415882246920744,0.035426645242793715,26.48720701555599
394,0.0654778216146159,0.032387933747383135,1693596194.7141936,2,0.0007157528915539,0.8154082431918237,0.7680671066310052,0.7692658558003442,0.849187019269841,0.000746849609663821,0.0001730360686445136,71.16527191410303
395,0.07628802222313757,0.03913800749282581,1693596195.157412,5,0.00011916813422714244,0.858148106371892,0.3769000835486186,0.7343340448425973,0.754464723340122,0.0036908011567481974,0.0003305515682347706,34.20456371119638
396,0.06587615126333957,0.03440297392716052,1693596195.6056674,5,2.759470271424925e-07,0.9046589550564279,0.23986042764605878,0.8953941884376361,0.7536879427153889,0.007242511565384417,0.00031528063416563486,8.966472079579018
397,0.07704053627649843,0.03991721326306086,1693596196.0445879,5,9.339422725495607e-05,0.8527936500417301,0.366460481548996,0.7309368685698784,0.7463889084238139,0.004504313655923494,0.0001383417137600592,13.764383388707383
398,0.06943115067403716,0.037468545495495165,1693596196.4804695,5,4.9000626654380613e-05,0.8510878737243155,0.28467693477585226,0.7300792085709331,0.7413161750576228,0.010867569519256097,0.00016196401593442282,13.858014416737362
399,0.07323944901711166,0.03972034349039222,1693596196.8973877,4,3.010310229490106e-05,0.838787298469514,0.353047959430847,0.7095206844758108,0.7199105393788741,0.0045876188201204975,0.00020021012863935092,33.99321234176076
