trial,score,test_score,time,max_depth,min_child_weight,subsample,eta,colsample_bylevel,colsample_bytree,gamma,lambda,alpha
0,0,0,1693595475.27468160,0,0,0,0,0,0,0,0,0
0,0.005179779956668851,-0.0010755736794545445,1693595475.7091506,6,1,1,0.3,1,1,1e-20,1,1e-20
1,-0.26270392073412907,-0.15155941149915586,1693595476.1702344,9,1.2247173221382845e-05,0.9121392663306842,0.6741336256721986,0.9863005569524467,0.7267246237086561,0.01231472243537097,0.569200333734333,0.02606954477399297
2,-0.4064687114752119,-0.27650182969622805,1693595476.6726735,8,2.8541369848051944e-08,0.6492247354445897,1.9613832376175547e-05,0.9285304712935994,0.6864270139374038,0.06287521972791787,3.654260413722262e-06,2.9909706510130013e-05
3,-0.4056524144645901,-0.2759365659399933,1693595483.925955,1,0.00045534353537012294,0.9745470908391052,0.00012288391681556724,0.6596956831901823,0.9588861930002937,2.0846668692879778e-08,4.475539252349154e-08,0.019874215336571344
4,-0.020878988164322543,-0.01724226676845375,1693595484.3355024,10,1.2980891501193275e-08,0.8732886184969688,0.11593267452921759,0.5378587230861334,0.828227667298479,0.001237718837742457,0.0006292654900266621,35.953522753779
5,-0.40328453131687025,-0.2743064928068901,1693595484.6390893,1,1.624512707496438e-05,0.8561163389557918,0.0004196722457857783,0.6384981781919048,0.8477227262767373,15.329129087715637,2.784562832304729e-06,0.0003809413993232617
6,-0.1248115029645831,-0.07084444495099218,1693595484.9660566,3,0.0008537540743740481,0.8022694143158555,0.07276018563212656,0.5339587483972073,0.8430425395936567,0.0030380923697499386,2.3980626644511e-07,9.716999761028667e-08
7,-0.24759215545293323,-0.16819354483479354,1693595485.2913773,3,9.402137834087949e-07,0.962997239745109,0.025149252313555928,0.6188294609398417,0.7844426262782802,0.003684007573546306,5.337920591970451e-08,2.4950836145570063
8,-0.3832478323704831,-0.26054570251917064,1693595485.7269692,5,7.644038356448087e-07,0.5954600293332968,0.002839230719787018,0.8560121871248767,0.992469228850504,5.5958365080833925,0.0009781756306369335,1.1689607789721158e-07
9,-0.07826945628744708,-0.012868638810178634,1693595486.2281718,11,0.0005545075854689006,0.6132939384497142,0.2302286207431025,0.568179175879619,0.6181900800764102,0.008994819516327995,0.004357386572645773,38.84609069881495
10,-0.40577941785378724,-0.27602776523790373,1693595486.5884354,5,4.7473906435301323e-07,0.8802838383836951,0.000101899106417586,0.5878649316065908,0.7185590063254055,2.527016214010272e-05,47.046907940481354,2.693151413573953e-07
11,-0.406399926376926,-0.27645475679066145,1693595487.0839784,10,5.038251231843462,0.5546524540397728,2.7622800074947585e-05,0.9832310206386952,0.5971487426065032,6.591748062057835e-08,4.941365205127703e-06,0.03171795511045798
12,-0.4045577198432304,-0.27520297842793817,1693595487.4825668,7,11.413608458684475,0.9815490388514643,0.0002446851702494702,0.6168132309239834,0.9228360272395724,1.7463235320541734e-06,0.07745741437246415,3.4272546140460895e-07
13,-0.40597244727845583,-0.27616275924650013,1693595488.1126654,3,7.564593876674843e-08,0.8747428477174873,7.950546410815065e-05,0.5621303551249619,0.6124036369543981,6.231542143705551e-06,2.1787997182363896e-08,3.4993860032838975e-06
14,-0.31960209581581545,-0.21735272568077058,1693595488.6110656,8,75.67423652540765,0.6130072071333084,0.011461671223663683,0.9561280421593095,0.7708053141400069,5.4884649584397535e-05,1.3552089328623349e-08,1.9641603744638059
15,-0.059476422738146795,-0.05259569992932378,1693595489.1488686,9,1.0873304011459972e-07,0.5858376488385824,0.15514763547225788,0.7820801394309056,0.6748911068005157,2.818575214299888e-07,9.664752996304003e-08,0.003997736663692344
16,-0.4066328384686131,-0.27661411491309695,1693595489.454779,8,22978.592535281383,0.8740256660630937,0.0007264907049677908,0.8792386527991018,0.5355367562312041,0.01653688436213708,0.1611166065753717,2.618702671192716e-08
17,-0.4054992329956786,-0.27583467983065924,1693595489.862541,5,1.2514246490039484e-06,0.6380415424888293,0.00013568024420016915,0.6523419651525411,0.5681166905609756,0.08759928794228747,3.378018470005802e-08,0.006522033243692321
18,-0.400796268606771,-0.2725948522385868,1693595490.1811821,2,0.038635590762566695,0.6407594184342134,0.0007085726551206868,0.7522644564874352,0.5611656056455887,2.0260118929415038e-07,2.7806259077969253,8.35575057448116e-05
19,-0.0030651738518685523,-0.0036774382589779275,1693595490.8834963,2,260.2123407720074,0.9550643150307745,0.14056829767718348,0.8570254630167783,0.5496838269941866,13.583523557307887,0.006022730936709938,10.063626672606517
20,-0.4062483137000765,-0.27634961619948717,1693595492.973901,7,1.3427363013984315e-08,0.9971196813982961,4.591865745533914e-05,0.8463181288706587,0.6671441261903114,6.339245574000112e-07,2.5466933350874197e-07,0.0492576973936374
21,-0.4057685974374823,-0.27601930833687605,1693595494.046395,4,0.9495305466717845,0.9677996926409584,0.00010340093465961421,0.5598050730778893,0.6960953314564609,0.0881845019475453,28.162443363616546,4.3035310826650424e-07
22,-0.403693202209505,-0.2745853948517929,1693595494.9066722,6,4.2191616697072955e-05,0.6023000369978893,0.00034808086537758135,0.8978047852057105,0.5464230159533163,4.899951500479325,2.1734708046620654,0.06575602199986794
23,-0.4064430928755869,-0.27648352246376007,1693595495.3416855,4,1.4439672940402766e-06,0.9594706453024082,2.2757558542033865e-05,0.7372340355447546,0.6801147098845535,3.9564968569373395e-07,47.770258672557965,1.5470871726146133e-06
24,-0.4062060901815112,-0.2763197758810634,1693595495.7083552,8,2679.0536950186283,0.8344518965483929,5.2191856086707494e-05,0.896443990465082,0.607756348575877,36.2660542506369,6.738761736254419e-08,0.025721769762035787
25,-0.4050873443306353,-0.2755541795830927,1693595496.212796,7,0.017415406201540855,0.5825965483248867,0.00018193898856322388,0.865208666279939,0.9793503407013151,18.114273752119324,0.2365914186352903,2.1717938461879554e-06
26,-0.09836502371745048,-0.07532089696695743,1693595496.7318075,9,7.329238501224079e-05,0.6406789711247208,0.0687080345858559,0.8428937995049313,0.636546980058915,4.3184787641333007e-07,1.0694578231648931e-07,0.0007830970828674762
27,-0.4059290152608519,-0.2761311417005494,1693595497.2220402,10,0.00015934439598958502,0.7979700329028389,8.094814496311597e-05,0.6608697059186985,0.847656859809399,0.0010366394041326987,5.086413562960741,1.9125199283204868
28,-0.033681235522553976,-0.02962478564769855,1693595497.6175086,4,2.3890390797944284e-08,0.821590144474289,0.22179135592358953,0.9252687281204006,0.507393367654771,3.271968698089768e-07,6.660693261973488e-07,6.595036786335689e-06
29,0.002045834441108285,-0.1774054986164113,1693595498.120863,4,1.1522671289549818e-07,0.6830842664295218,0.331030947010916,0.5613607881201621,0.8911883896597126,3.70278551373035e-08,4.29055829957127e-08,0.00019476360167408916
30,-0.4064946762792343,-0.2765188135009855,1693595499.43769,11,6.572976200206516e-06,0.9740364758136467,1.6420377623375717e-05,0.944085494998409,0.7826605949445469,1.668853058555995,0.0006578833003071131,3.2667868840982127e-06
31,-0.13086780024335054,-0.10362298499862255,1693595499.9260113,10,0.0002706629123175448,0.8651785758283912,0.5965113453241894,0.9574686324220617,0.7548021080727703,2.5356514963749e-06,0.8186864776107539,2.8531621664393237e-08
32,-0.3742886092597646,-0.2543417256535161,1693595501.2288818,10,0.2260744803322356,0.5080795180665441,0.00397692119631131,0.7468771057682936,0.6064509852361042,0.015176473910816366,1.0368873735938168e-08,2.1847623952689074e-06
33,-0.394105557500233,-0.26791012863516794,1693595502.3170016,6,3.8802343010957735e-06,0.62185126399649,0.001520604209620048,0.5278211043213544,0.6040991902691637,5.4501853885754724e-08,0.9644007207581065,0.001059054966323796
34,0.021984702237783482,0.008658684438994757,1693595503.0019743,3,228.0992342239242,0.577539394484767,0.21374137513491323,0.7305116137951094,0.7808726206392863,1.3257531212031074e-05,2.6964829627950706e-06,5.845817767718524e-06
35,-0.399994823744924,-0.2719936303943631,1693595503.3924441,4,0.2568268331101596,0.5153733791932107,0.0008487368777404679,0.6706035770117174,0.8149198515164092,4.852747983210776,0.5325917053951895,81.9803579482924
36,-0.10621868502387821,-0.08309459441644163,1693595503.811077,5,6.171556261850796e-06,0.9609432939660053,0.11815113642043538,0.9569489939600302,0.6053501629344524,0.000492057419833089,1.7185760287436593e-05,0.000325654113181014
37,-0.4024065860485737,-0.2737481680434617,1693595504.2284644,9,26.513785199960815,0.8186348876958738,0.0004966010194350032,0.61208151284073,0.7338553815310097,0.3070560362813844,6.827196784912833e-07,1.7441730476888435e-08
38,-0.4017501710185918,-0.2732728582622159,1693595504.551571,2,4.7469803901695184e-07,0.7322528797158254,0.0006046814770586786,0.9597298114541557,0.6040690151813253,6.419962321253372e-05,1.6367288368276306e-08,3.966816433101392e-08
39,-0.06404242925012316,-0.04485017503917321,1693595504.9894507,10,13.433895477884482,0.5466343365826708,0.09051350408714996,0.6981922729724839,0.5726473881880954,70.67612334840622,1.5487628121829935e-07,2.570647819027258e-07
40,-0.3095896201274322,-0.21043461430170618,1693595505.6067882,10,28.70950946204187,0.5345646625319748,0.012798236929314014,0.716494962669322,0.9436904725428863,0.015139067422440759,0.04056064149378035,0.0005552644974761883
41,-0.36403895673040787,-0.24729898280684193,1693595505.9225247,1,0.0009917387996219136,0.6481727531506352,0.005593878040709176,0.740237103839261,0.9447025900841234,2.988409388915558e-07,5.0143247148165746e-08,0.0006188774481092098
42,-0.40527642226599014,-0.2756824520471888,1693595506.2588217,2,23.66448963213176,0.6077854634148067,0.0001639746933376606,0.8061293707075923,0.8943784347665461,0.06576816645042427,0.0020842538211650694,0.00024531336181796447
43,-0.40618679882364295,-0.2763054304487498,1693595506.766079,11,1.2497369587392797,0.9593458255547985,5.5829131468072584e-05,0.8975347029397573,0.8685525283002042,3.4693417792577187e-07,17.540282469770055,87.36093031455584
44,-0.3838458175771322,-0.2609369555184613,1693595507.1358383,3,3.43203382773522e-06,0.523990112800915,0.002810362110956828,0.9001145682360445,0.8287698248525639,2.0889444977778528e-07,27.889311290000872,2.5415649749664675e-05
45,-0.3384205206235886,-0.23001472015504998,1693595507.5537722,6,0.0008263607973755702,0.7564389723831249,0.008817624401744287,0.810797584435921,0.9291942002955869,31.74876074263103,1.135757803423152,5.629883882644491
46,-0.028131419509128675,-0.06644581459105114,1693595507.8909538,4,0.00013995881206830765,0.9408271176040455,0.4255198488249011,0.6896746889511636,0.6205541052802839,3.540134443048934e-06,0.06087860519188334,0.06614785889545977
47,0.015816371731284917,0.0038182139515403613,1693595508.286085,9,0.01180293355641071,0.8359552359793831,0.19934305640638772,0.5952708775687403,0.5116380449379427,2.3492477850462814,5.985884458796673e-06,55.49820913172758
48,-0.07564007173456111,-0.06459467444390254,1693595509.0182498,9,0.005027265049696434,0.5195246073892023,0.07956734170877053,0.6784745725615429,0.7848419432066867,84.29617187259886,0.008176461629998478,0.0017741683268445055
49,-0.35913683782063743,-0.24243057939799373,1693595509.7648668,4,1.116463079865809,0.997063240773572,0.006611465758372316,0.9314090718129724,0.9335456929384292,70.33443961547526,8.178474156522102e-06,6.624077075868992e-07
50,-0.341211839579147,-0.23198810892190092,1693595510.2264915,4,2.0893755742293035e-08,0.609543479605292,0.008399955731990455,0.8436632725654301,0.8236784257365946,3.568242378031653,0.10258195957172359,2.0634956421124184
51,-0.008972484728716035,-0.014213120620197417,1693595510.7504447,1,3.161613924473221e-07,0.5942888732985339,0.2522372375093415,0.6467417329660166,0.6082731424048597,7.694361720855492e-08,0.0007192354001198232,2.0229774668234153e-07
52,-0.11755258870461494,-0.0547017717353222,1693595511.164859,8,3.327917704507332e-05,0.8150908348460838,0.11597237317717492,0.7903834568460468,0.5030599748929023,1.0398447528662842e-06,1.015053824996028e-05,2.0820502085823565
53,-0.4066328384686131,-0.27661411491309695,1693595511.5430083,3,68092.26406632514,0.7549748111527049,0.13041419007486418,0.7202980361577751,0.9898527192090452,0.004732117724008846,8.766776866790612e-06,3.8257767273526793
54,-0.40556887460189195,-0.2758893193153187,1693595512.1894763,8,18.985495680672926,0.6207061876334306,0.00012545930741202923,0.6727997243688306,0.7873997998599142,1.868703147796609e-07,0.36523010598525096,0.00021278254676153815
55,-0.40021261091944194,-0.2722747374428729,1693595512.630218,9,6.023667711988832,0.9994322320394683,0.0007578574750144346,0.5501984748305336,0.9360871367381436,2.0909502731444327e-07,0.0002782933027012999,0.0004387385769862428
56,-0.4066328384686131,-0.27661411491309695,1693595512.9395566,3,97856.8138582501,0.9566651039203614,0.01938754771788474,0.8298999453995515,0.7704645767895038,3.540854198491693e-06,1.5482219348461495e-06,0.10632079976826647
57,-0.04817041693908708,-0.03317879837925464,1693595513.235081,1,0.0434806642416956,0.945199538670977,0.09894556696935432,0.5086472054381763,0.6061943651870096,2.6246144272021473e-05,2.5641196304455118e-08,0.005194653266341498
58,-0.3804603269236313,-0.2586246379035433,1693595513.5408142,1,1.5429987943513212e-08,0.5283333459691797,0.00336065557690367,0.7322439385841963,0.6527714869820711,0.03379564678200196,3.0261510342910124e-08,1.6704561695418294e-07
59,-0.4055859547726193,-0.27589083647763,1693595514.0958986,11,0.000443586683264278,0.6133766635869808,0.0001237668152093952,0.967070489531803,0.7310928302735534,0.0032164587223597785,9.626311377896718e-07,1.9246771749716213e-06
60,-0.40654530334900274,-0.27655415658032734,1693595514.508855,7,205.3238011932895,0.7650785600810187,1.0403156067865657e-05,0.7420060599301443,0.698666141036798,0.3508156070237863,1.4107312850066245,0.0004150084233741531
61,-0.403009114062737,-0.27413202785447965,1693595514.9056244,5,2.588803032459739,0.9672170015052192,0.00043617569031325005,0.8036784661189642,0.8984763412694128,1.3386331842870125,4.568830752565298e-06,0.0012324680438848966
62,0.020685737445869767,0.008589112331418902,1693595515.3018203,4,91.00917174241071,0.8388246163610504,0.3553428382530786,0.9318070175032183,0.6140566010439477,0.007159918068318056,1.0370262440427202e-07,2.0806770406491046
63,-0.40046316951541994,-0.27237860210767173,1693595517.8071966,4,517.5499363040451,0.9081549636711859,0.0007406935118644356,0.8310444196562934,0.9984992083029681,0.0025280123356810997,0.00044077979374849367,0.22643344414173014
64,-0.4066328384686131,-0.27661411491309695,1693595518.2057273,9,12001.262385437127,0.703619908832763,0.020746440281524132,0.9589389408394083,0.7879087181222766,2.643158571896052e-06,1.137734425108166e-08,0.11831733936366615
65,-0.3423543620148899,-0.1364498779378025,1693595518.6894653,10,0.6800234221981651,0.8775327057149092,0.29807652729192013,0.6577147226615458,0.5085086463483852,1.4654560932574593e-06,0.002094783159270531,0.0007496382493395788
66,-0.4066328384686131,-0.27661411491309695,1693595519.1202164,4,34532.92144033155,0.9747163453092271,3.381914086489338e-05,0.5957214537891196,0.8637951484124855,3.006377050997846e-07,4.874219147970302,84.87887314300835
67,-0.10388846129187512,-0.10925908208973456,1693595519.483442,5,5.592240082636883e-06,0.7515762521322965,0.5091990903695149,0.8527122461904064,0.5886843614649522,21.538968252505125,4.952513938610943e-07,2.2742345466968494e-07
68,-0.4063373347676482,-0.27641145051341764,1693595520.3684592,7,1.7514294912141588,0.5365663841558013,3.516160467854761e-05,0.6050421963127228,0.7128182529174383,0.0007112084985344974,0.3048806688941976,7.603849496695615
69,-0.4065263199729128,-0.2765401369161782,1693595521.0027504,4,0.01909272167146936,0.7337884512352656,1.299675000980333e-05,0.6395563989660487,0.5303792830451663,0.002148434571280373,5.331941793638842e-05,1.5238827574962797
70,-0.4023227288300937,-0.27366011361440634,1693595521.37631,9,0.1329754572364409,0.9152763172654573,0.0005175059581395998,0.5044037461156887,0.6741676085831639,0.03848098639072165,1.858606815946606e-05,12.250464028830578
71,-0.40544549211441616,-0.2757893711629755,1693595521.699685,5,116.40960943527465,0.5920050548632145,0.0001553329722853311,0.5731308225779859,0.8428936201726789,0.2866238111515555,0.7846088452034732,97.9836278259346
72,-0.40521778632955585,-0.2756420097221186,1693595522.0852764,6,6.7263676737732006,0.7165045084572258,0.0001682012944894177,0.8298205412873987,0.6382703657290962,0.06746674286108387,16.522620821402633,0.06035465685718584
73,-0.16791788536110674,-0.11450484412485551,1693595522.5255404,2,3.945698096098531e-05,0.953175348240999,0.042927886434580634,0.977241468140607,0.8396391437599406,0.0005161340537824463,1.306066805900247e-06,0.0009988172070123104
74,-0.4066328384686131,-0.27661411491309695,1693595522.8936758,2,11653.08734362746,0.5606435630750835,0.00039436656580229195,0.6359068928545775,0.6678344361525463,8.003488513034268e-07,2.8672312178306114e-06,1.2150638220530878e-07
75,-0.3114045414204123,-0.21153245030986567,1693595523.409513,10,8.592812148200443e-07,0.5850152373539237,0.012927143459159253,0.6993105922275844,0.8812556582738348,0.002596660154278763,1.1291633569809304e-07,1.0095040340105077e-06
76,-0.4041624900586387,-0.27492685254268445,1693595524.6994474,3,4.881804503787067e-06,0.7485306884935856,0.00029795271308004476,0.8020379763776031,0.8683619022010224,3.4711189971127277e-06,0.004161634613007932,9.87441435184203
77,-0.4047066876105976,-0.2752898661128149,1693595525.2393718,1,2.4770328890657938e-08,0.7091917372931276,0.0002388358901838341,0.6212839977801632,0.6272108759776958,0.026273429996271372,3.8942543285000564e-08,0.00171943189228403
78,-0.3644770169115852,-0.2785987094502955,1693595526.5328114,11,0.005716041772991101,0.5641427216335714,0.5223032615180309,0.7676556067846602,0.6283448695328996,1.0818707972898155e-06,4.538435721130773e-06,3.2011550040458136e-05
79,-0.06262337488006087,-0.04343113054686465,1693595527.1877148,1,1.0011502165944253,0.8811123418387277,0.0889217332512884,0.8671909687003923,0.5311206497318123,0.002916889899644918,2.3824320743875463e-08,7.632183375384799
80,-0.2245670158989268,-0.1525691652601009,1693595528.237126,6,342.1238889882381,0.6521213713593652,0.027751331642316225,0.9593508980990557,0.6691445697573084,1.362458894853996e-05,0.008564555543246788,1.2824412098241462e-08
81,-0.4064982831871353,-0.2765226696150638,1693595528.6580698,7,0.0013073036748751001,0.997230810571419,1.5870815430112853e-05,0.5159269301317734,0.8285797767792238,3.028828878830576e-07,0.074581207812189,0.0007174556580885385
82,-0.4052350207432338,-0.27565316936125916,1693595529.071952,4,0.01416269766747337,0.5362912957522266,0.00016733584390974846,0.7590483951035782,0.8742946509567903,3.1157001793774006e-06,0.0005678737969881023,1.1907611668763052
83,-0.3773439529865832,-0.2564950745146055,1693595533.5236216,11,2.031040605858755,0.7943840120761081,0.003516549267899092,0.7115967258572545,0.8552131858553165,3.560675863215041e-07,8.833284856583072,2.3726960548957092
84,-0.026823526582121726,-0.02009290992850654,1693595535.0829563,5,926.6721119809924,0.5414502495882778,0.10884265318439694,0.8449770895181093,0.6068630545331576,0.2743271155573555,2.6049341543118048e-05,4.5620138390990176e-05
85,-0.40618834481030897,-0.27630845955134653,1693595535.4021285,2,1435.6320719003322,0.8691487518859735,5.3696675471362575e-05,0.8302376783452947,0.7303431171166488,0.00040190243261534566,2.2178058829735696e-06,0.021290344825868113
86,-0.40235860199068285,-0.2736721119510237,1693595535.8421054,7,1.497375445619982,0.5637260913612611,0.0005059295318252705,0.779442303930217,0.7964702327352621,12.492313678014467,3.1674828596406064,3.887861597485199e-05
87,-0.11046509242457492,-0.07500221941291829,1693595536.1421795,1,0.1679835358470106,0.6909069423371714,0.06384411732828767,0.7143449876699781,0.7695118491515306,6.324949848720233e-05,5.915820414996449,0.4530610358331907
88,-0.40643544905092455,-0.2764779302581184,1693595536.5726995,10,7.996026089127085e-05,0.8768969123440391,2.3719700088045307e-05,0.6323957424260211,0.7576187182127697,48.61444299292398,5.290533726534052,0.7242932109557848
89,-0.40511271914573244,-0.2755698546313392,1693595537.2027667,9,5.657531749276464e-08,0.7349455243220544,0.00018010209207959955,0.9648238223942589,0.8679217892251112,0.0018965706977829952,0.006765554463878584,0.0001345243092208643
90,-0.40624466043997076,-0.2763478414853242,1693595537.6045046,9,3.8050447175185957,0.7872746137466473,4.719144781017297e-05,0.6242721321063824,0.684937582890361,3.0664701338136326e-05,1.0908346460007636e-07,35.33133463782008
91,-0.3871957495404663,-0.26326937308547627,1693595540.5202274,5,0.8565957884990091,0.960475872892147,0.002342215113584148,0.6576826746644875,0.9837453476272651,7.887578774418904,0.6799628400985724,6.128369723248172
92,-0.3953079234968888,-0.2688209935984831,1693595542.2223742,6,2077.612116303351,0.9534175886080867,0.0014074159341798296,0.6010131879351533,0.6421667125823725,0.0009749339098503145,36.223090855273355,6.460676224154501e-07
93,-0.40591748598310007,-0.27611625871182466,1693595542.6219804,11,8.829409429683578e-08,0.9746739645169349,8.494957599128592e-05,0.7024178948211981,0.5341214382345716,0.000126219223699582,0.22360835493548498,3.170299439902594e-05
94,-0.36686098122158795,-0.24904441634376862,1693595543.0823455,9,0.0070655728989691795,0.8639153904516544,0.004945484535290988,0.7570872982983878,0.9597700632203314,1.5476276746765507e-07,0.06622816689613938,0.017698749615316162
95,-0.4058505502374248,-0.27607189563268486,1693595543.3865128,1,1.5392753113519688e-07,0.8391460142109526,9.834625705307533e-05,0.7075323913778215,0.9601962048236213,9.97175897529681e-05,85.913084238839,2.9773384991183917e-07
96,-0.32217276455432686,-0.21919660521139694,1693595543.7905555,7,3.001370822186536e-06,0.6934401321036465,0.011269363599214523,0.6394228732035925,0.8304162465741063,1.5084174883855775e-07,0.006055901215422196,0.020742968076128302
97,-0.40648959200597834,-0.27651455325857643,1693595544.1151812,4,1.1960400138037253e-07,0.7553415446943874,1.7534974213284437e-05,0.6017656924664317,0.5092313989987982,0.0067919612788952775,0.007507674414429902,1.6559037341403473e-06
98,-0.4066328384686131,-0.27661411491309695,1693595544.4172192,5,77539.12539740352,0.9040686744982023,0.001088147051354605,0.7717332253067333,0.6889447943910636,0.0020799276642552277,0.1671071611620822,14.343438791311913
99,-0.002105806405390931,-0.008628830605218463,1693595544.735227,2,0.0007705702928035853,0.8897793815490518,0.1569731058347321,0.8111950717043389,0.7540446514863636,6.003871980038724e-08,1.3703820935677736e-05,0.0017471636561526603
100,-0.11440088965258455,-0.07629290472361516,1693595545.1070993,6,0.0009602766295837666,0.5307680075849739,0.07777392819052897,0.5640577064611506,0.6321607247487415,0.747293649777056,1.2278619117477723e-07,0.00013262757956644937
101,-0.4066328384686131,-0.27661411491309695,1693595545.4106705,9,41409.480524119484,0.8505160558443496,1.16749116357983e-05,0.5774631672091358,0.9211683996129723,8.765956556240148e-06,17.966480292366107,15.557040618798485
102,-0.7362286018008415,-0.5910643829817253,1693595545.8853438,10,1.589963561094962e-05,0.764017560709439,0.9963718364532447,0.6514219711345829,0.9956866987259521,1.799256348999275e-08,3.729482778956437e-06,2.152327352701863e-07
103,-0.40296174318686284,-0.2741009921096935,1693595546.3540914,2,0.2807366220596498,0.9122767775532672,0.0004540841742885531,0.5752584373726084,0.8744879991052115,1.3443404251666023e-08,0.0007495802593623181,5.8830858761555e-08
104,0.017222685541534055,0.006850448309417834,1693595546.6697707,2,6.764903583577562e-07,0.9114354564400566,0.3019547442842923,0.9796047055981132,0.580903399698141,1.579135940921339e-08,32.494903836084454,3.015437175556975e-07
105,-0.4047564598882858,-0.2753084062593041,1693595547.0274599,7,2.125405394527349e-07,0.8005893906709921,0.00022478050102380038,0.5438130612840495,0.592977394185644,0.14030298564262972,0.2428856969985079,0.0005242450625100541
106,-0.1684681768302978,-0.11543436791767281,1693595547.4172773,3,0.9039838341982088,0.9462557428685043,0.040838858168581384,0.964212841240071,0.9939675997985227,2.2876989876587158e-07,0.00023537784464108696,14.319780650346928
107,-0.31084987945359277,-0.2105075724210277,1693595547.8775933,7,1.6139718527872694e-05,0.7711192991612218,0.012875899949902759,0.9175229204452109,0.9570948823046436,0.0360310059630645,0.0032824251651598253,1.5749505449614992e-06
108,-0.3458747903352326,-0.23483535653509668,1693595548.4382956,4,2039.908568734163,0.6190788818986379,0.007965108077236459,0.8146199079001413,0.8902907865797102,0.0010412575597082798,3.1087708863108494e-08,7.099971401773033e-08
109,-0.391904622098318,-0.2665053983103023,1693595548.787409,10,615.7351056797884,0.542687279024442,0.0018040131619054469,0.5508896048577531,0.7164028677771026,0.0002775507348437078,3.4190489672106916e-05,0.00034995598929647064
110,-0.36545741646599206,-0.2480918301329067,1693595549.3485286,9,1.8550113392453824e-08,0.9230092048568375,0.005335930623500219,0.5961817800899802,0.74884510211966,0.013482861654416926,0.001651665694381687,0.007677789854166882
111,-0.30484831598122253,-0.20636989245469706,1693595549.719176,6,0.00016584701934827526,0.7674082302671554,0.01428349841736052,0.8204738919962562,0.5903303837297611,7.385969052661557e-07,5.650161145599155e-08,5.3377672168138065e-05
112,-0.39706874950120974,-0.2699579420509308,1693595550.0261562,7,7972.40128418382,0.8608168089241512,0.0012237750009587117,0.9180619500787734,0.5012958839345698,0.182034935575515,0.38969885016439,1.844759850184927e-06
113,-0.4066328384686131,-0.27661411491309695,1693595550.3420832,7,47134.17677486646,0.5027599958452514,1.6987244530833386e-05,0.8514709353100924,0.9848337146346102,3.783072776539938,3.3711196103572904e-05,0.017749393498952392
114,-0.29242227774318685,-0.19884675867604562,1693595550.791949,6,259.0262217993736,0.7216118989441188,0.015405374426704633,0.9011239938513971,0.9237685981227868,0.0007054548121418522,8.342633899075913e-08,0.010544797669694222
115,-0.1302492543474052,-0.09190909544951631,1693595551.3013833,11,3.838886107642183,0.5133228615378856,0.05254484458704463,0.9454134805958772,0.5930213109636124,0.01055369136785868,3.7258851788076746e-05,3.034432888800395
116,-0.06375805359421483,-0.06890434113211863,1693595551.6038063,1,0.08954084355518013,0.6445658810034491,0.996646893090889,0.5080681835590708,0.6260780620056777,0.0008892770509152467,1.674490643793962e-07,0.00019545695117825264
117,-0.4064001840589955,-0.27645420164534684,1693595551.933361,2,45.13150013836025,0.9637372255880468,2.8286594674834705e-05,0.9469762858477064,0.8804571202220608,1.6446111176735205e-05,0.264660435223442,25.580573763124328
118,-0.4010667294876118,-0.2727707846353342,1693595552.349147,10,0.004766659581449831,0.7770322866273423,0.0006775358365426453,0.5881787837806051,0.7097027199864272,0.0001722857831549846,6.526874284074276e-06,0.0024097576839213946
119,0.003269310023802263,-0.0016990873921067795,1693595552.8565247,9,1.3975099961895555e-05,0.6944293284544156,0.14090469044260195,0.8897752002535929,0.8784759440936759,6.402372673455838e-06,9.904037266809192,1.1888092414551047e-05
120,-0.4066328384686131,-0.27661411491309695,1693595553.152209,5,23919.32902992247,0.9342052276581143,0.009724236687275688,0.8855086088191836,0.5352465268599305,70.02573510568195,3.063072717246631e-06,5.3188626994440596e-08
121,-0.3873628988818225,-0.2633709976794347,1693595553.6474035,9,29.043796591566053,0.5661848783477108,0.0023041424812964154,0.6492760948804224,0.9297981824751714,0.01548034176297981,4.404650076502629e-05,0.002291155814456695
122,-0.05907147869345164,-0.08203515143760187,1693595554.0416262,8,1.2191248270468111e-08,0.9428660034362861,0.34935380676332994,0.9730390975714565,0.5201472282297823,1.2712120527353083e-05,9.222559520794582e-08,1.0040629101180332
123,-0.27631130799255077,-0.18761264927784738,1693595554.356367,2,9.227926089344444e-06,0.9950810890100901,0.019067210390416322,0.5427603433056305,0.9373929045328634,3.5999100198058274e-06,3.905494601944315e-06,4.6206232365515465e-05
124,-0.4066328384686131,-0.27661411491309695,1693595554.649249,1,46011.93696215757,0.7812095507650043,0.019014042479566354,0.5962806078426988,0.50395925459471,6.744361284825496e-07,8.261519067857963e-06,9.883211216457495e-06
125,-0.11429993672278704,-0.08565696114880161,1693595555.0082028,4,0.12047401185546223,0.529370207103024,0.06749931157626475,0.6640798268894734,0.7424265580505329,0.963509330685265,9.984515366696907e-07,2.584705109423656e-06
126,-0.2579963366097655,-0.17375979870740266,1693595555.4104779,8,0.0002172365118498379,0.5112864897455174,0.02159631058054985,0.6880522592683638,0.5578658902625953,2.639477497562504e-07,0.8538083744127535,0.005917502351843797
127,-0.14596256417541653,-0.12636734588165943,1693595555.7992718,7,0.0008602224250664826,0.9859858421082124,0.5174603417900077,0.9538031175510899,0.5931010668985492,7.389948092608509e-07,0.006373129373798102,0.9022457574807109
128,-0.3266463457864599,-0.2216226116038318,1693595556.15372,6,5.940439568073036e-06,0.8168880234539788,0.010864028175977728,0.6745465010564056,0.5614530364480622,3.032922421957865e-05,5.359854446848583e-07,5.142459394674637e-06
129,-0.3664249427793824,-0.2493156128021352,1693595556.5370495,5,8.814855709274829e-06,0.6140854543452519,0.005008788312208267,0.6451955699404226,0.8716342523531908,10.52087272627025,0.017862007538864126,0.1517207302230323
130,-0.3968083314972366,-0.2698753852793827,1693595556.9106793,7,0.005408371492253996,0.7241239866919,0.0011925302844020642,0.6439361032700552,0.5916027796276988,0.009145864723205117,3.238576019384165e-05,1.144506403008308e-06
131,-0.3978147090573281,-0.2705381024747102,1693595557.39597,8,0.007797067446582465,0.8237478035771175,0.0010549199733771689,0.9731577589657476,0.9647695557558518,7.970851733318562e-08,3.531660198787338e-07,0.0007623187465516685
132,-0.40534677469069913,-0.27573262127105913,1693595557.8233435,8,3.880000558510335e-06,0.5582032303937947,0.00015197088864686217,0.6062544196307706,0.7825109364142209,1.1623185467088988e-06,8.587563149014127e-08,8.219986999246927
133,-0.00837806735778468,-0.008936230210147889,1693595558.1503482,3,42.99324086571525,0.6305865326333886,0.12989936294883456,0.7595175059429911,0.5360161197880524,0.25809219124359006,0.0002478883827974093,1.2625040263744617e-07
134,-0.4048754115108808,-0.2754090828028932,1693595558.5707352,11,2.6442304320931824,0.8253388571408673,0.0002104782642305703,0.816298436243801,0.5011087870819382,0.00417198293189658,7.00335516829881e-05,4.206273637803415e-08
135,-0.3529290577019042,-0.2405213072707726,1693595558.9214213,5,6.325712292740863,0.6942035512597533,0.006742509812087863,0.6096200870332515,0.5729817492202083,0.09718850182704601,0.14912632204304485,1.180533453287298e-07
136,-0.4066328384686131,-0.27661411491309695,1693595559.239563,2,31776.24305210134,0.8069684702588997,2.711581548681413e-05,0.5521239287132411,0.6950277607198885,0.00015076652285300114,0.0030454253336928577,0.0015485660644456792
137,-0.3612846476162861,-0.24544727383760923,1693595559.5603597,4,630.9324963239361,0.6552153972050963,0.00593584890958754,0.5429908223860777,0.6263459273935368,3.208605931679674,70.04103103893755,0.004707039035598431
138,-0.4063673461005477,-0.27643208061979485,1693595559.9921882,9,8.61856477563552e-05,0.8221424209458056,3.138456335693936e-05,0.6863255360663452,0.8158604764119706,7.19413977148411,4.727362729561003,7.543164278518446
139,-0.18050823082886125,-0.1259242155563518,1693595560.3469157,4,0.04915625607008626,0.7301912113403204,0.03778388022723078,0.9697245304342208,0.6169673784378757,0.009168514229736692,0.0010282066548320536,0.38071973628382294
140,-0.40520845365250957,-0.2756340668393471,1693595560.6524398,1,0.09353392224195788,0.8841554995731467,0.00017723933041825936,0.8201444682793024,0.8817898758167164,2.393956273069339e-06,8.308320086499822e-06,8.058042004026706e-08
141,-0.4059981395572865,-0.2761777595336463,1693595561.0457637,5,2.6040643190128404e-05,0.6186305636324578,7.522170108637888e-05,0.7419313130332068,0.8619822592512472,9.411920698281715e-08,18.627975488167017,4.016826236227968
142,-0.0595535307495727,-0.13046537578780582,1693595561.413107,6,1.34385677471942e-07,0.9982885729068487,0.3039121363077636,0.6638844190483912,0.7314490858945291,9.935470868718371e-06,5.555550990422727e-07,0.2575965217119215
143,-0.2606254709640832,-0.1763664240551912,1693595561.7331128,3,2381.813870186768,0.8976772836049113,0.021562205907237113,0.5764422198778989,0.7153157566933845,0.001933644696345283,1.3845541435841204e-07,2.826702128081495e-06
144,-0.20657367322876286,-0.1379050480419992,1693595562.0447652,6,7671.196324150176,0.9766249100563031,0.034404341523481236,0.8340081830348545,0.9942951503703383,0.0009301549440291147,1.9258313359375358e-07,0.014868083197923923
145,-0.3903476479333836,-0.26542747200234973,1693595562.5092113,11,0.00650630218816431,0.5924146742015883,0.001970738435038281,0.6974392852118876,0.6364872404603843,11.178871332869816,25.3355846346572,1.864630531011753e-06
146,-0.4065345830450866,-0.27654687480222995,1693595562.85208,3,0.015450506295537849,0.6810475088814438,1.184925244132919e-05,0.8556832173517182,0.6699732464149958,6.705319720202511e-08,0.006736327884457044,1.9284122692944036e-06
147,-0.39163539768376654,-0.26630222335861076,1693595563.1812882,10,2076.740959417189,0.9629340358663039,0.0018479359359784636,0.8620056844741362,0.5999944896313907,3.341901179325589e-08,0.25809441100509145,4.605458233275873e-08
148,-0.007843728512333614,-0.011605291691246133,1693595563.6029158,8,2.138038416837976e-07,0.7576359220543967,0.6305257642003843,0.8663694690638304,0.6196481193175228,6.735291063982816e-08,0.31166529888314687,51.534833957903366
149,-0.2895157906051753,-0.1971748187982052,1693595564.1678214,9,3.156640530012568e-07,0.606280300328044,0.016076380001146477,0.9990142453282576,0.9243361902153615,6.581886256828072e-05,0.001452564696362756,0.012628394237381005
150,-0.4066328384686131,-0.27661411491309695,1693595564.4711685,5,26739.700206983027,0.9936505924882195,0.0013621496527778576,0.9720011125836483,0.7337131823718335,0.005790075486365184,1.8899163951536188e-08,0.08824521564518274
151,-0.30061626290022603,-0.20499488697924684,1693595564.7931182,2,0.002867902381472773,0.5607595821978941,0.01482687549850872,0.7229223750054974,0.7127067010005708,0.1457630133097539,5.043894849157834e-07,9.829708231082694
152,-0.4064009444916843,-0.27645380514744966,1693595565.2423089,8,5.1929054138599325e-08,0.6287652233288468,2.7453882883780725e-05,0.8083257224288181,0.7076250218850717,0.07808001118924338,6.790153171304401e-08,1.6706095660641915e-06
153,-0.2692549892703202,-0.1805063640526725,1693595565.5721893,3,5.012842989338403e-08,0.5565391608236221,0.020913425754987454,0.6172630015955003,0.5706016320757816,0.07901873358040916,2.2357266653593437e-06,4.324176412598852
154,0.0259613939066784,0.008470006255134499,1693595566.0461392,11,1.7765048785982682e-07,0.9116026573130208,0.3291122591657562,0.7123065551376419,0.8192390932909002,0.8238382516956919,60.24027368208944,28.83989975959854
155,-0.9128243197524015,-0.6328090205055452,1693595566.6414156,11,2.2485807436427998e-07,0.5079295423979315,0.7737557982979735,0.9811417994140645,0.803895532795631,0.058276610220819286,1.1473074857424535e-07,0.00032851087588869703
156,-0.31487226905698096,-0.23089686797487663,1693595566.9928813,5,7.947458987727126e-05,0.7864890131782082,0.49567546532751355,0.8042447096192493,0.5426059208784586,1.0372436436546848e-07,1.5281066112733954e-07,0.0003411883557004511
157,-0.40642231638943316,-0.27646929520814134,1693595567.4307663,8,0.20879888806279825,0.6095994922613297,2.5397659934279696e-05,0.6838492777191842,0.8029962558340393,0.0001543959514584736,0.09543490523773754,0.0006877962343897406
158,-0.21579288032634136,-0.14698778275393698,1693595567.915672,9,93.19689905583316,0.8039883311943433,0.028833060905545677,0.6732295812430578,0.9738587768543427,0.0006793527815529381,5.867199019234103e-08,1.6048276840564178e-08
159,-0.405703281717372,-0.2759730570559926,1693595568.221584,1,3.47993508999269e-05,0.720014252172752,0.0001161386901493007,0.6202015782308294,0.8572498245787574,0.017379542474372095,0.46206793378026956,0.0006852765005860143
160,-0.4066328384686131,-0.27661411491309695,1693595568.5427058,3,83989.75186840806,0.5923261707141744,0.000269264310727168,0.9643864218591272,0.9337481754485288,0.02220271090177141,1.495967936066232,5.254962464547141e-07
161,-0.10848180287616449,-0.07864658879334874,1693595568.8753903,2,0.002291152666253906,0.5720854415936512,0.06317760936028999,0.9473202872677811,0.6672248797244593,0.0022964743620206914,3.222040961633589e-05,0.012178244711657106
162,-0.4066328384686131,-0.27661411491309695,1693595569.182243,11,20441.26552644601,0.582907569364204,0.034718081852859704,0.9583531668905672,0.6311189024757948,0.003445596561465198,0.021255996618599306,3.5899108538738515e-08
163,-0.03566795644564946,-0.09894028072027905,1693595569.6143522,7,1.7879542900639103e-08,0.513977826548097,0.3049207724412594,0.8367580825491528,0.7031149504762153,29.25383478748898,0.0008637767521655017,7.692827387918361e-06
164,-0.0628034251878049,-0.051434872959789546,1693595570.068489,10,3.8033305156075754e-06,0.6734556316162588,0.10012592466919173,0.7960115686600379,0.6279263270051437,0.013675480302305528,0.11931972134747644,0.07877906652070851
165,-0.4022685708082805,-0.27359233311986286,1693595570.3898249,3,0.09409846859318358,0.721396242793785,0.0005368563270811452,0.574320079408026,0.5655868934301629,0.0032496641743658457,2.632440904560027e-06,0.03552217125084193
166,-0.35615372847501137,-0.24233195060114343,1693595570.8475578,8,31.687431465916777,0.8532194736657112,0.0062725196520768325,0.9313433303732295,0.8274417637915928,0.0002103855433936453,8.618166452567069e-07,2.8161800015240637e-08
167,-0.0487709875257023,-0.06880413809270403,1693595571.222581,5,0.12842278895991865,0.7875984789817694,0.10851438455408316,0.86717014835153,0.7095638216365696,0.000124586425969369,7.541173111566647e-08,1.5515175000432768
168,-0.022668378354656626,-0.019582030620683533,1693595571.6184008,6,17.380853837008054,0.5496518615542401,0.11677131488251427,0.5868033548332894,0.8064308352140197,0.021145305194076175,3.2246578073251295,2.666237911370569
169,-0.3561283153246819,-0.2418676652059657,1693595572.1075401,8,0.0006790497671507965,0.8765830187915491,0.006194111823106378,0.9726829920363312,0.993440369941947,0.22544293730330295,9.566976089349785,9.201415580502443e-07
170,0.0017949964278282105,-0.006176227420535918,1693595572.4566183,6,18.065174918784777,0.8600979579419633,0.16464958082273068,0.6254262897359015,0.5648310503066312,0.7476662212647069,1.7384849253674431e-06,3.4163135083585734e-05
171,-0.0003612706821889411,-0.05822083124736421,1693595572.940029,9,0.0002981760458562302,0.7949049375286015,0.2393728405475613,0.7917800632902797,0.9108266176942532,1.908604539548797e-06,3.455053894047077e-08,11.448319877335333
172,-0.40578908752227405,-0.2760363392482086,1693595573.291165,4,5.136858322012216e-08,0.6390133693133713,0.0001009961265192222,0.8478018402976477,0.5500143403694548,1.2893832500915243e-08,0.009579822953567699,0.3578169358864823
173,-0.4017454613294489,-0.2732443036152139,1693595573.776994,10,0.0001220897167078363,0.6554304656880643,0.0005704016220149283,0.9606449600709266,0.6430569798494059,9.709206704436207,2.98420441064412,7.026217181549075e-07
174,-0.39657525018301354,-0.2696664643980038,1693595574.1097755,4,0.0797467341598457,0.8202422095658177,0.0012310770482377824,0.5507331243787142,0.7634583088344029,5.88405397618272,0.004682292612395961,0.0005199342005461341
175,-0.40635692403125945,-0.2764247636572801,1693595574.5243793,5,1.1909796510189041,0.5777524752507213,3.316967886307835e-05,0.8590407962421271,0.8760511165262118,25.27248831451127,1.7085889260342497e-08,0.00012086911310381788
176,-0.3704706769090409,-0.25171321053326445,1693595574.8367364,1,599.213156330367,0.6182749698045598,0.00458874629750225,0.8410308315844799,0.8660832879128468,0.0006007261044278116,4.2362036765785055e-08,0.007138645789664047
177,-0.23417945874118495,-0.15832838651323278,1693595575.1761937,3,2.454292376766716e-07,0.8758057168258533,0.026910396410378585,0.8343319366443915,0.843128147138627,73.28095143519845,0.5109048931910359,0.014053569769337667
178,-0.4063295340517534,-0.2764073493342136,1693595575.523371,4,2.0833776808238746,0.5803132487113002,3.650409937418433e-05,0.8707394962381199,0.5037593457712832,1.1445920700110158e-05,6.559301481476837e-07,2.7096298775841056e-07
179,-0.24755849428331134,-0.16620762656788912,1693595575.8867114,9,1291.1296039751142,0.7713532824786901,0.025281991673463643,0.8759375639894531,0.9072542298249899,93.98348347480103,2.3763568860889866e-06,1.7676892719172158e-08
180,-0.007996424463685425,-0.12734902870010556,1693595576.2411966,3,1.9925640295992555e-07,0.5414465339814928,0.21746633986042507,0.7579239767018513,0.8813642727036576,3.057300763390594e-07,0.0001752316509586635,2.3866133304218808e-08
181,-0.013007253760293214,-0.07207762076698732,1693595576.6185334,5,0.0004909280791183702,0.8247449091703634,0.19128140510450864,0.7208572386919911,0.9602231116258735,0.44709188297657615,1.7657962809038207e-06,1.9418564683634138e-05
182,-0.40553086059366517,-0.2758569235423436,1693595577.0858788,9,0.012324357465447184,0.6723823404909091,0.0001307598275191004,0.7507892256595416,0.818735652359627,1.5278660060584963e-06,0.018856470225289555,0.009986281015557133
183,-0.3871396072703448,-0.263322413681389,1693595577.5812612,10,5.939697990476485e-05,0.5491359747413452,0.0023237843711474667,0.9237463910346606,0.6405110432366286,1.3550447598397454e-05,9.157431526995508e-07,4.82315209713852
184,-0.39836487832974043,-0.27089051162018807,1693595578.020279,11,4.841500818760517e-08,0.743868824923809,0.000994999075564252,0.576504984292077,0.7897786972104481,1.311400890479642,1.6363177522809622e-08,1.9397118870883958e-06
185,-0.4056934999894366,-0.2759677981570079,1693595578.4781494,8,4.2673875801120573e-07,0.9188611840584244,0.00011019469420133381,0.8851538984627609,0.9731169408283075,3.5555743051867854e-07,0.0012150907481716878,0.04272178329920587
186,-0.4061892280403099,-0.27630873155262803,1693595578.7775724,1,3.143119787444112e-07,0.8912224958853739,5.504616375397623e-05,0.8243669119208674,0.6325394194459419,1.4371411057319317e-07,0.0018972787012450235,4.6779668379009244e-05
187,-0.06265941471238579,-0.0638288510695566,1693595579.2281964,11,4.4923054636530975e-08,0.5465583172990658,0.10811800917608375,0.7263586678161651,0.534671156946565,0.07943672115702852,1.8246359139974774e-06,7.681903990987443e-08
188,-0.3291063725759913,-0.22400104418594413,1693595579.582401,4,0.0003195280378452867,0.9003765222179612,0.010113041086957668,0.6870373701343195,0.9910284426798606,7.794128327323154e-08,5.131652548741352e-07,2.847412993047839e-05
189,-0.23909997413764428,-0.1628221737911708,1693595580.060646,9,0.002531310426345556,0.5729297671491906,0.02521972432300465,0.8045565437505686,0.7520710682952036,0.18636379631888275,0.04277017585265397,1.6460292885124717
190,-0.3865337753771003,-0.26291257118962763,1693595580.6402318,11,0.0003437616964238664,0.5232784427642516,0.00240648813181028,0.8302980617648188,0.9176568935006222,0.07378733286253883,0.0002712878345894562,15.219081853788714
191,-0.4066328384686131,-0.27661411491309695,1693595580.9399006,11,75907.00251406798,0.6834591849817412,0.18301731775795368,0.826245621195578,0.5881430224345291,2.6009706396507864e-08,0.01206576388456808,3.556362086143804e-07
192,-0.03185636521649715,-0.01915861743596814,1693595581.237232,6,5036.264997266891,0.9849241944487088,0.12630628263579408,0.8093557310058463,0.709247785830162,2.4332337439884883e-05,1.1226602790207041e-06,3.87994907103889e-05
193,-0.039047117165046386,-0.084589745740556,1693595581.7929807,9,0.14390546524014525,0.6212613950262231,0.7618716464479665,0.9367941490009346,0.9244877500673063,1.1029376704987623,0.002106045984491964,26.740932725045397
194,-0.18352724927543806,-0.12465849889108482,1693595582.1673796,8,402.33972923628835,0.5809792854707425,0.03706625339282352,0.6806197776069439,0.646228568766907,4.30707559834744e-06,1.0832026604998228e-07,0.027075112045059455
195,-0.4066328384686131,-0.27661411491309695,1693595582.4784904,1,80415.17274805541,0.894849126984995,0.10548768907362119,0.9751096175681913,0.9740587789107865,4.439874704913992e-06,0.0017922165811048117,18.739537654894004
196,-0.4046604952038093,-0.2752630028427394,1693595582.8170927,3,1.114643596541051e-08,0.7295765834611814,0.00023508659107053984,0.5716321604806376,0.9783382750121397,1.0340394856139046e-06,1.3798143386873503,2.298501226590865
197,-0.2474300588748739,-0.1658664278972941,1693595583.2531786,9,3.623925763964074e-06,0.8475496730887675,0.024781235057328908,0.8175084362321153,0.7475398751380683,0.00972343058638213,3.757721984460152e-06,4.298041589851633e-05
198,-0.4066328384686131,-0.27661411491309695,1693595583.550934,11,79476.04380698352,0.8142580547983334,1.6559311734479757e-05,0.7265441143706779,0.566617930556887,1.7931729607986073,1.6670054631483035e-06,1.3556423000171823e-07
199,-0.047723389622942314,-0.041734886646572544,1693595584.03753,10,5.9817694543165405e-05,0.7398349545367452,0.13734829820802352,0.8713172234375441,0.7773193957304593,0.13051598790635932,1.0383632383590966e-06,2.5155656769053567
200,-0.40652642525322524,-0.2765430820960155,1693595584.3814588,3,13.41358045103777,0.9914143774765083,1.248517752275324e-05,0.9345860702512625,0.8624719516107515,0.012497101901868734,1.3619394675031284,7.531824025089744e-06
201,-0.406524175799589,-0.27653974045563245,1693595584.8163304,10,0.0064694713552485884,0.9164087916271937,1.2761384806375527e-05,0.576571543775082,0.9768689886197992,0.08453052841011964,1.560542974506767e-05,0.004047033280358285
202,-0.10060007499057355,-0.057395685230539284,1693595585.1853688,7,0.07066117508645096,0.9186403878893815,0.11921562002701931,0.6563158368477896,0.6302426284294558,0.007894220002484862,0.033669112793767705,1.3080044721679966e-06
203,-0.381877907694232,-0.2596046198184314,1693595585.631253,11,5.12591016141183e-05,0.6044025699127604,0.0030040641877094325,0.660329364264549,0.5965927580096665,0.4836322856597477,0.3310738775742864,0.00315120593786404
204,-0.39622770450983813,-0.26951499774462406,1693595586.1173263,11,3.3285979004340466e-06,0.9456698387736324,0.0012358530178955458,0.8097208169737664,0.8749423713592652,0.10684445692117282,3.257613170391376e-05,0.0019685212641362224
205,-0.4066328384686131,-0.27661411491309695,1693595586.4236877,8,49608.82184161831,0.6334258167155848,7.615086696349959e-05,0.946934823113378,0.6394644733574204,0.2550649809568029,2.6262192641328437e-07,0.017416450532230197
206,-0.3869915655487932,-0.2630828344594971,1693595586.7468052,5,1490.996761281334,0.5063427361354731,0.0024439152605381436,0.6095505362376359,0.6556814300103987,1.1934043902560826e-05,1.5717556879674077,0.007223826841451988
207,-0.4048789167741642,-0.2754089062584879,1693595587.1443768,8,3.6900718297813744e-07,0.9129595884315385,0.0002104482575813332,0.9780915841135072,0.5290734423090697,0.001451703987112062,0.00014567385403886816,2.533746449133697e-06
208,-0.40543310436398206,-0.275781419281542,1693595587.490995,2,1.792297354143437e-05,0.5329765096208968,0.00015179572848533654,0.9653073789950244,0.8772550299359674,75.62868635830098,69.66606304389761,1.124111426075359e-06
209,0.009331477108575403,-0.018185097871388223,1693595587.8317556,4,0.0057099060877137935,0.8315220171072977,0.2523545850399567,0.9623117493657256,0.5375070367962256,1.648065105644933e-05,4.087087516546466e-07,1.9473452927953923e-05
210,-0.4066328384686131,-0.27661411491309695,1693595588.1321428,6,33529.586141680425,0.7259053268885458,1.1165600417895125e-05,0.7093667083625654,0.7065296724116464,1.1506039828222307e-05,0.00013490096425561605,9.858702452793476e-06
211,-0.38015278157232,-0.25820644344370103,1693595588.5437734,11,0.0003557518941858166,0.7827701653816268,0.003279503164506817,0.6799035957223839,0.5146454452356586,1.9315944140743417e-06,2.862211140202634e-07,1.1423555952361464e-05
212,-0.4066328384686131,-0.27661411491309695,1693595588.8471513,9,28401.023721194942,0.7321723411930703,0.010367243622777774,0.7277195459520394,0.8186616120014061,3.4885157511905074e-08,0.00011030549377371915,0.740396562050646
213,-0.39341848525024736,-0.26751631378364293,1693595589.1576862,1,1834.1894913961391,0.7517742415849389,0.001633946921931769,0.7616284375736313,0.967093354125814,0.003924871618283748,7.816672791087488,0.005007603254954102
214,-0.03696676662905096,-0.022774831583435295,1693595589.472659,7,2699.064311739807,0.5350219949748172,0.11813326078580114,0.778940645043634,0.9431267740684233,9.152019449218962e-06,8.85873537645874e-06,0.1467630586902353
215,-0.4019999862539805,-0.2734378389059058,1693595589.8332272,4,0.08890064042029808,0.659587556934789,0.0005635105414759077,0.6237830372885391,0.8645898076002763,8.224971320263244e-05,0.07353462152468075,1.7169244780284845e-06
216,-0.40650450279212613,-0.2765257721037111,1693595590.218968,5,803.0720081272317,0.5440485647909847,1.545837522969474e-05,0.7924805817821308,0.9757948094857888,3.935082463540407e-05,4.28577038403074e-08,0.0005897209488200135
217,-0.03299119681795415,-0.12256562190253861,1693595590.6428404,6,1.0584494491018716e-06,0.514138206312551,0.24502084407960512,0.7938523931716761,0.8124219834031791,4.0565291254635286e-08,0.01910813815843078,0.012349475620482121
218,-0.4058202174587271,-0.276054070401085,1693595591.059048,10,9.656546842584853e-06,0.5746988620905286,9.607606706612233e-05,0.6608750098887627,0.5259070686148161,5.5556334841540286e-05,38.03056215220528,0.36230079713488894
219,-0.4056525649098537,-0.2759378656803928,1693595591.357413,1,5.926688564735035,0.7724956653373014,0.00012220756999998503,0.7092773178727191,0.8107489637112746,1.8315130153703133e-07,0.06708175897891044,1.2423689694881795e-08
220,-0.40118154958806485,-0.2728160630742169,1693595591.7550452,8,0.3469799035312907,0.7542628750305359,0.0006685459958776468,0.8997468225840872,0.5087546108309731,0.08650822640493253,4.254733144256e-06,3.839192468877647e-07
221,-0.4061985941091364,-0.27631438587198187,1693595592.0712433,4,3333.390893438889,0.8033181324495929,5.311135000397143e-05,0.7290607630626647,0.6841703257811973,4.529444851614931e-05,1.245374670508979e-08,0.00015289458895376745
222,-0.4043118175324567,-0.2750175630242253,1693595592.4631612,9,3.760810485405007e-07,0.72204174659156,0.0002781103569234609,0.6739164521062234,0.5200180186645205,2.4464196028741555e-07,1.3611950365613746e-05,4.955469822591443e-05
223,-0.39375420976271447,-0.2677633553236678,1693595592.7689977,1,1.03678994642423e-05,0.7484479695258375,0.0016263044108618696,0.8516471281627102,0.6395906975795874,0.960276704628049,0.7019410357537695,0.05262790953862318
224,-0.4066328384686131,-0.27661411491309695,1693595593.0763783,8,18067.145967286113,0.9050289600057632,7.639961837486501e-05,0.990841168014291,0.8966787137722223,0.00013140083562121122,0.003349246671683712,0.0396427228866176
225,-0.35070835046026216,-0.23893929334136854,1693595593.4678833,5,1.6052345410681319e-06,0.5284130998542045,0.007223532217891999,0.8499592987702729,0.6886425541985084,1.003241467783298e-07,1.5884865894824215e-06,1.4727535068766042e-06
226,-0.405661562477434,-0.275953947642402,1693595593.931472,9,0.05386901607908504,0.8372434028432667,0.00011346832405588685,0.7905675026118387,0.911705916412764,9.6686283127728e-06,1.1399674863543273e-06,9.87570793982228
227,-0.39656758990513663,-0.269720953377687,1693595594.4219558,10,2.9802202539656803e-05,0.7879376137777527,0.001207871793764904,0.8522171563955163,0.8516663871231519,93.31718252242575,0.004820928344016955,0.0028629223366995558
228,-0.4066328384686131,-0.27661411491309695,1693595594.7246358,4,11768.78848971863,0.9380466861029579,5.9601159131593306e-05,0.9449294339908536,0.7328062930621324,0.30526947461277926,1.3660455100054264e-05,0.00011944646711181529
229,-0.4000071519970354,-0.2720647585311182,1693595595.159338,9,4.5111538956511865e-06,0.7063813463021051,0.0007823384812799423,0.6228253891519857,0.8363781533033836,1.0407894403246652e-08,0.8304242367163477,3.4515885548632884e-08
230,-0.406386495417959,-0.2764443137841286,1693595595.5594592,8,2.1100226545365906e-05,0.8732084243699807,2.9519522383638482e-05,0.7475317000479571,0.7153597062719141,1.0717108753596314,0.0001687500780371517,0.07212615167579826
231,-0.4049271649567914,-0.2754306794731305,1693595596.0397148,9,0.017214879835651856,0.9937985177515007,0.00021416544000944245,0.9340237112995493,0.8612984222727272,3.280444571920463e-05,2.2459835823906954e-08,90.51072277811126
232,-0.1964671926121364,-0.12928076879774753,1693595596.5100846,9,1.1082997592785995,0.5241343698335688,0.03690661214736904,0.8348823286256287,0.6535104186924419,0.0056284836428683194,0.09082783532923835,0.2930930068610888
233,-0.39923836676712154,-0.27148557027270837,1693595596.8160045,1,2.2018805368789838e-05,0.7280351258702957,0.0009356391068006515,0.84752384074841,0.7989795646943681,1.3498711534940274e-06,60.201378117663424,7.825342157227457e-08
234,-0.0015987388401310643,-0.0392621325720659,1693595597.2013648,6,3.746077607835698e-05,0.5254638841480137,0.31577539012648803,0.6155132635765771,0.7450031685836414,2.347008650300212e-07,2.0762079313617527,0.031031433123403417
235,-0.39193178341231816,-0.2665502255354786,1693595597.5255814,3,0.00043519697008395186,0.5153843729964043,0.0017885277818023696,0.5468809585504213,0.6514522858173851,3.131017664671389e-08,0.0020801644919879606,2.4991806036637173e-05
236,-0.3611534506784919,-0.24568773070298477,1693595597.9913044,11,15.254442352294,0.707252289853327,0.00582453426153184,0.9817486780136171,0.5430634613084007,0.6731525065648101,74.40715901955528,6.890082127031519e-05
237,-0.13713221910098916,-0.09337136265533852,1693595598.3297358,4,0.00823663710289772,0.9158779426082846,0.06053202390037736,0.8303909431307508,0.5500970113958732,0.006116781258770672,4.235535322290374e-08,7.922089091274737e-08
238,-0.4044660912209006,-0.27512835519201584,1693595598.7199318,8,456.80414879515075,0.6074953095649921,0.0002594193805130926,0.7029431088347157,0.7396019823955091,8.005731178348137e-06,0.0016421790405663117,0.25299988729402756
239,-0.37367715727667483,-0.25431104621551737,1693595599.128063,9,12.622880115807954,0.8966389494723077,0.004014129827076187,0.7467005652339467,0.63778142093719,0.004836208175450913,0.6902988609095043,0.04132345743776421
240,-0.2559473918473516,-0.17499952111759587,1693595599.5341876,8,5.655879434680327e-06,0.7661231913116183,0.022450689370320357,0.5717584329754379,0.8504315507835327,54.551260579919536,0.0015450116278438388,0.020622325144274256
241,-0.39083312957641425,-0.2658203007624176,1693595599.9081864,6,0.0002490829437100801,0.9981613284451007,0.0019173133533585552,0.7379258595396658,0.752027259543445,0.0017687111616597135,0.0039881557794968145,0.12512095543828938
242,-0.36143978887598793,-0.2455845699750394,1693595600.4226456,10,0.00543778126361592,0.5547122639195645,0.005617537577401673,0.8167845903930465,0.769071816616417,18.060470463799703,7.043048116292354,2.3086704280879264e-08
243,-0.4065179000317505,-0.2765343004644787,1693595600.953522,11,3.7946163855943996e-05,0.6215676332386872,1.4335001012005232e-05,0.8252103375863786,0.8238870713354601,1.2645571654559264e-05,0.11979834906946524,64.63195953676362
244,-0.13283119261378262,-0.09200450392170234,1693595601.312189,4,0.14494665347136554,0.5030439597195394,0.051141260591229934,0.6181449165881044,0.7920072884637296,0.000544146495426364,0.9835561096403103,13.045351995875572
245,-0.4066328384686131,-0.27661411491309695,1693595601.6123345,7,28685.82451706417,0.7060257465845348,2.9180639219305022e-05,0.9195603628425763,0.5048966129957566,9.543296185235806e-05,0.009744956905346646,1.2605221424604083
246,-0.2022542197274093,-0.13456837662969967,1693595601.969649,5,0.03116692063560925,0.7135046796387093,0.03591026353499613,0.6371232847485773,0.6674180548179554,6.877800698485117e-05,0.24062821669872603,0.0003672931426659801
247,-0.4064631489503403,-0.276497195712871,1693595602.338029,7,3.809609382221021e-08,0.9588779433015782,2.0142869200870643e-05,0.5501232620045331,0.800239108479025,5.507194125249962e-06,4.892513760205137e-08,0.0010245495750762757
248,-0.40478044657068324,-0.275341995777028,1693595602.7859888,11,1.47750251337564e-08,0.9900807861525525,0.00021363025883478276,0.7342355532171874,0.7436346612098017,0.06664268870855068,12.362089988059083,9.529111640842127e-05
249,-0.2895234346680582,-0.19641380637706396,1693595603.2482276,6,49.21189378008114,0.5770284990164073,0.016010262781340316,0.9695464527066316,0.8382849850279706,1.0440155559846316,1.6393556928878126e-06,0.027613474033839014
250,-0.18634920109922537,-0.12361377654427597,1693595603.6050894,5,2.345040333249628,0.6527595380803959,0.039311806514263456,0.5962685598162951,0.6935441381031382,0.009729702961670444,2.4291233895909465e-08,0.6830296468456974
251,-0.40557955721309247,-0.2758822143253239,1693595604.0559165,9,5.85271433235258e-08,0.6880914525433819,0.00012692626097921824,0.6669235356734319,0.8361883304161682,2.304380144079145e-06,0.0001835025579841463,0.01172173647680725
252,-0.10448447120961024,-0.06981412597575609,1693595604.3814862,2,0.000166854586950966,0.8211769188070708,0.07590308707164424,0.9131173356727713,0.7656754762018543,1.7442709705729365e-05,3.2271749716519867e-05,3.7796214857904684e-05
253,-0.4059339929090733,-0.27613141296970234,1693595604.7295475,4,0.0001035508727584481,0.9751999017328892,8.460717704131538e-05,0.9624323369771154,0.6511177851663156,0.6730728606934061,1.6128633517480866e-08,1.4480370067161806e-05
254,-0.39814197746523416,-0.2707887528810564,1693595605.1306083,7,1.1480576825149838e-06,0.9568748983864288,0.0010308167554486775,0.8330959036691838,0.7726824803139833,1.8672210381803968e-05,1.8164045689574773e-07,16.329641036920016
255,-0.28892256309978603,-0.1954541845218407,1693595605.4650888,2,1.2642200422211187e-08,0.9130130424608767,0.016965735837509866,0.9643361696448169,0.970932187891584,8.660245771007344e-08,3.5980487848096305,0.26103485039368957
256,-0.22929787169950355,-0.1548829167913255,1693595605.891396,8,0.00024037258031130892,0.5720275577641056,0.026375039369999714,0.5490093897848101,0.8811039629659305,6.651020497479477e-05,2.626795525166422,0.3437001588464572
257,-0.4058168928646966,-0.27605303090641775,1693595606.2343724,11,510.0276562959649,0.5871258690633654,9.88414937523374e-05,0.7435881085041194,0.5093570428957305,0.00039860022951530096,0.00013861358562738052,2.498952990163095
258,-0.4018294109774343,-0.2733072800137002,1693595606.729853,11,0.7019700848673908,0.9694352577313706,0.0005558395787333323,0.9658212956538321,0.7679253024370749,3.8521412455739146e-08,6.515967476839199,1.1309980588772769e-08
259,-0.4014707535081987,-0.27306871752694106,1693595607.1394508,9,3.812427359859027e-06,0.9863064581572465,0.0005999573007593745,0.5786918714783866,0.860263855395603,1.769482001890975e-07,3.3905230084432003,4.5564411482571e-06
260,-0.4066328384686131,-0.27661411491309695,1693595607.435928,3,9755.455712258461,0.8992469679577526,0.1227857142089896,0.7212972745623007,0.5821017584413144,8.126415666272068e-07,0.1603863374917581,0.030268547682723697
261,-0.3772345532562529,-0.2564542468159836,1693595607.903365,10,1.6387532155765885,0.9988318439997357,0.0035847313003478324,0.958564661489917,0.757442923482607,0.040643742936032075,52.89601553590965,5.5369687956007895e-06
262,-0.4009363832783368,-0.27272165638690105,1693595608.2627013,4,1.7225256164239423e-08,0.708446476467417,0.0006863064952027197,0.9280588555031406,0.6894165250496601,27.937577359408618,1.224072552597544e-05,2.0020798960576353e-05
263,-0.40411069912437414,-0.2748690890556902,1693595608.6936655,7,2.6656269734104454e-08,0.8319902017164599,0.00030098388488386947,0.9023895381729095,0.8637503508880913,24.024311187998414,0.005623815392893574,9.375195939368774e-06
264,-0.23612033120428189,-0.1617666976305614,1693595609.1544297,7,10.047775376808271,0.7127177602886223,0.025535612695608924,0.9903613347354991,0.8612858055648139,3.6216328828562986e-07,0.0274229566023973,14.750935396603492
265,-0.3743405134232054,-0.254386731754791,1693595609.4527133,1,7.894901789776331e-06,0.8051120727459617,0.00416510720377903,0.7042861924625656,0.6864507033595664,0.008830415912957084,0.030809313687711073,0.11900898691325561
266,-0.4066328384686131,-0.27661411491309695,1693595609.746542,5,64291.37569869091,0.9472526915416083,3.182686310901824e-05,0.5920270368481602,0.6227810420067623,2.8351281450189215e-06,1.8962003296070757e-08,0.00081702943232513
267,-0.4061835102732536,-0.27630459464801826,1693595610.0466964,1,0.02627595349864302,0.6717629735517613,5.59399005834336e-05,0.6234202930689523,0.8598715402110679,0.0598659599030477,9.523629599125881e-07,0.05763558045838005
268,-0.39354831804696433,-0.26753399073344175,1693595610.3976436,6,0.0047308272742888,0.8293294716093131,0.0016272854841555314,0.7008471567506271,0.5484572491936339,0.02121227932400545,8.715705823640219e-06,0.04038714434575204
269,-0.2399380689142494,-0.16281689756201234,1693595610.815778,6,4.0246706094743344e-08,0.6814149999417675,0.02616195986140686,0.7299595852161261,0.9885846029713536,3.6827721403324007e-08,0.03398613378800307,0.000620612327020735
270,-0.012088655762624079,-0.013615377755783253,1693595611.116221,1,1.139024601327183e-06,0.764291811301113,0.1698505899122249,0.5713387858609238,0.6584380263040368,2.686524962893134,0.0001399388982050491,0.005438050428484912
271,-0.3902761230767773,-0.26537628281053416,1693595611.5130203,5,0.0001338555172548394,0.9224897054484693,0.0019804805919069824,0.9146485887346196,0.907277813409229,5.442060084711717e-07,42.014077744942036,1.5553309808286815e-07
272,-0.395952111488701,-0.2692646845578892,1693595611.8841448,6,0.3327381215553287,0.8321679482498314,0.001278169555461789,0.5323649471777945,0.9577915197619911,0.0006845134264495537,0.35664524516761503,0.32861223761694813
273,-0.4059524818543019,-0.27614794020301625,1693595612.3307111,10,2.7800155663604095e-06,0.9585980910472189,8.134483049521323e-05,0.9500024466960779,0.672321626292383,7.17581390653938e-08,0.08651954903585006,17.976326709750417
274,0.0009330317046325476,-0.03583599897017309,1693595612.658653,3,1.075187922553118e-06,0.9225422530539777,0.5627859814997178,0.6814652928441853,0.8082598072109324,0.0004138040954908317,0.10514952977497272,5.951097814595053
275,-0.36997152446407955,-0.25136389536497394,1693595612.9743106,6,2558.421467948045,0.7193117316311631,0.0046653404230873816,0.5389152117318383,0.8300716891544384,0.012890273236472993,3.169866469608699e-05,8.406002687623886e-05
276,-0.33930785732633884,-0.23060034817682906,1693595613.5139654,10,1.5196411018011892e-08,0.5632826073328024,0.008660511125426424,0.7792566746777883,0.9181568926048498,1.5671305410833124e-06,3.1934294013054824e-08,1.3245823984254367e-08
277,-0.40581828451498514,-0.27605308631878356,1693595613.823437,2,1.6742888680189838,0.8481022891598103,9.971762414833811e-05,0.8079036376456352,0.5047893011982072,0.0002804058279471292,1.7235992238715908e-05,13.492480614271956
278,-0.4064887529244112,-0.2765154573841375,1693595614.3138292,9,1.7118967274494728e-07,0.5584986233562796,1.697392933530511e-05,0.8890621858480907,0.7119151645836101,4.945529757696544e-08,5.414641312196519e-08,3.6378350807302184
279,-0.1055178337128102,-0.07161858442803903,1693595614.644952,8,1898.404675339486,0.8510378848587853,0.06145430671236726,0.5905575686773076,0.8396654500154086,5.329289447718728e-07,2.836014802861056e-07,1.3688144217797935e-08
280,-0.3977061183799153,-0.2704880683968953,1693595615.063333,11,1.1805438921449983e-05,0.9043620124053716,0.0010714161989509561,0.5951558516404354,0.7245789047441542,3.512679986764114e-06,0.00019892380351318862,0.005784251640360096
281,-0.4064398827566724,-0.2764816484759254,1693595615.424666,5,1.3581923421554463,0.7229037452096163,2.332883298678622e-05,0.9774740938706588,0.5280765311345621,9.991942818593414e-07,1.3004627929599514e-07,1.322467328803196
282,-0.39526324970150606,-0.26883334446528084,1693595615.887399,8,1.81660535288373,0.9988335099945724,0.0013624500590805853,0.86269065295056,0.9999900798622496,0.0003519851751468279,44.903480101930576,6.6742228536117345
283,-0.3987714735019561,-0.2712017820384165,1693595616.2648199,5,0.003917988293597082,0.5663225694265052,0.0009572066277375092,0.6812373310876991,0.740367636298835,4.24607038971403,64.89365402770551,0.1493246119313979
284,-0.35969165950989956,-0.244223058176269,1693595616.5738306,8,3646.611880263225,0.8546465575913156,0.006173791468720308,0.6122974835480492,0.5501078082073645,0.006262218819383202,48.70846588754164,5.991461676510197e-07
285,-0.4024913548096931,-0.2737841083548902,1693595616.9069633,4,26.06799927416729,0.9302086975296093,0.000498305095366035,0.5062638830282984,0.853456795629859,8.639219608360952,3.745981176178494e-05,2.1131087772413088e-07
286,-0.40096695767322355,-0.27269853766447216,1693595617.2909405,6,3.108857981196799e-06,0.6729124292545643,0.000690868787488722,0.5323858082183168,0.9231342377089216,0.06224366641553547,0.00030744575854004495,7.224508809968159e-07
287,-0.3927189732455205,-0.2670292863485231,1693595617.6162033,2,3.0577852993134176e-08,0.9473678474936309,0.001741052426548431,0.7846468041911625,0.972039642125512,23.54403856200028,2.3706310097571438e-07,0.0005858669547587758
288,-0.40576991635360393,-0.27601966681758205,1693595617.9264944,1,0.0001530203142472354,0.6800614051319938,0.00010748754190514913,0.9010515782803208,0.8701235504037376,3.5527750503807117e-06,0.004847234634930593,0.0010179882378896711
289,-0.39317086561582437,-0.2673872958886836,1693595618.432231,7,2.868139790743702,0.5180990378931771,0.0016333966622394352,0.9048907541964355,0.9852403723817305,0.0008505821062312084,0.018608883058828175,1.2045997666467622e-08
290,-0.011937965431090491,-0.020438839792282337,1693595618.7427518,1,0.030282198977110195,0.657640892600353,0.48656122666758606,0.8304733333184193,0.773818570231291,0.00039177998827525084,9.251240929854902,0.05088851689598509
291,0.00562406648704783,0.000367780700992304,1693595619.113028,10,1444.3422745156943,0.8421238064090272,0.15485722638652488,0.8041123639480771,0.9135945604677547,0.0003644458629645715,0.14573508517990996,3.2411578991239377e-06
292,-0.40576515920337264,-0.2760180775447756,1693595619.4489286,3,43.47807524193637,0.8628712168330624,0.00010681080701215356,0.6203212636540925,0.9833822222743007,3.296194613335029e-05,0.6516316944538506,47.19314054639603
293,-0.3885489360735228,-0.2640132757928948,1693595619.8643208,11,1.9480353858357943e-08,0.875306041386751,0.002242025679357101,0.7704174979947718,0.513450510385286,0.017860807572783476,3.3356474579498355e-08,0.0002973413067316927
294,-0.39928662353161615,-0.2715295160850064,1693595620.3137581,11,4.526630185445855e-07,0.7638490217836178,0.0008838290004737327,0.949665621715191,0.5304731285606511,7.824337478505216e-06,0.16790856513211463,0.07142059594518399
295,-0.06436246668155232,-0.04353958124776325,1693595620.8222668,11,6.222087992754835,0.5980532694353939,0.09311978348523983,0.6329186218791534,0.9157298331860557,16.107268278960632,8.570094548983026e-07,1.4040683781990125e-07
296,-0.0813141059738749,-0.07003086379906365,1693595621.1595752,5,7.838562690447562e-07,0.9536436994786522,0.09060816712756446,0.6916581109723586,0.5128072484558529,0.0009932091079621857,0.0006468632904531419,1.921234131004649
297,-0.3973559318345188,-0.27030450689619934,1693595621.4903092,3,0.6359681050187458,0.7001490272424006,0.0011256196455018473,0.6414487372570544,0.7562548172080844,0.6714611284779295,0.015167106656638544,1.8147009611360654e-08
298,-0.40588437939468114,-0.2760993407514134,1693595621.8001673,1,1.2699143632608558e-07,0.8819474801999111,9.293684757391839e-05,0.8799966363671773,0.7764266156094324,0.5902702586013918,7.561182354867737e-08,4.616051249082976e-07
299,-0.2644494812098066,-0.17789350134169402,1693595622.1076303,5,6802.457443021003,0.8135239118938673,0.022007881991546088,0.9454610812263877,0.7245818897133741,8.57215992627666e-06,22.239295503715525,0.0010888962708038488
300,-0.2876247356803865,-0.19468207847351393,1693595622.4234297,2,1.4265549634402162,0.6858010681000197,0.017552268622919014,0.7260356176709651,0.7100791399253337,0.00020488571671637196,0.007701459001756912,4.4624327737628437e-05
301,-0.43013773078250894,-0.2392912860577845,1693595622.872332,8,7.843696827074316e-05,0.5444462679637663,0.5228056689747731,0.5873803859236015,0.976015934151252,28.95761966551686,0.7110650956914132,1.1337230857083031e-08
302,-0.4064597576053235,-0.27649553853654063,1693595623.3675258,8,64.01905894555904,0.5287274656720202,2.034012921955517e-05,0.7053035433172037,0.9737644440209394,0.0032792443974018395,9.861990976373152e-05,1.0822718316889756e-08
303,-0.40214674563491215,-0.2734979251550762,1693595623.82139,8,1.743049529159879,0.892200530234686,0.0005422659737840135,0.9361821434318486,0.8663859695153717,0.002370547947745829,0.7665940776287187,0.17101088151834373
304,-0.39779987567886677,-0.2705374026957015,1693595624.224171,7,0.0017787929737589554,0.6368665982469686,0.0010409184254329617,0.7206010132386967,0.687801942060041,1.1890020863489648e-08,2.133390794078558,0.0004903220495587497
305,-0.4053638270425517,-0.2757461371225147,1693595624.6623547,10,1.1401842166629669e-08,0.9701366698909386,0.0001503006723850639,0.6122169559959985,0.9291554003189497,0.03026904230219386,0.038269522749614746,0.0036704039586017557
306,-0.06555241771646658,-0.06519311086768376,1693595625.0570686,7,1.1742314151527368e-06,0.9197169796871685,0.2770560760975088,0.7421158034440992,0.7388368847442863,3.462031055635151e-05,2.012989274549024e-05,3.3635422146858973
307,-0.39934596093485064,-0.2715925188627344,1693595625.435905,5,3.2731479912836496e-08,0.6115291158657887,0.0008732636162710263,0.9366618270815001,0.5973915962867656,13.67663471155043,9.721394681016093,3.3045570699405124e-07
308,-0.4066328384686131,-0.27661411491309695,1693595625.7499597,11,44929.22170085656,0.5224426875740542,0.5490999749154167,0.9711313261752483,0.8068043764531486,0.00784131479291364,5.985649234666588e-08,0.10963644013314984
309,-0.020674511037869436,-0.023070399838167832,1693595626.1763794,7,0.0017463136674115511,0.9221949128391084,0.37459433856565655,0.9819274730513903,0.769411134976155,0.09341463035418987,4.624973931930852,1.5040758403791696e-07
310,-0.4066328384686131,-0.27661411491309695,1693595626.4865792,2,21334.483011637687,0.6402287887296858,0.00032326278815547816,0.809217811052025,0.9379190533510222,0.6937580681931549,0.0005333644921855202,0.023347002162902863
311,-0.015386774308737472,-0.03561331738364726,1693595626.8848495,6,4.258213283954453e-08,0.5440367286829012,0.25562201081004793,0.6174880150261939,0.8328180097915587,0.11375662943947039,1.2074794784604592,0.00013187061106865035
312,-0.03963931909182272,-0.04174517899317687,1693595627.2313428,5,0.059390301192834,0.9185861138423769,0.29013740992091924,0.5680551143715381,0.7348644118460499,0.2056834948867068,0.00038333175803614345,9.433546592351515e-06
313,-0.3880989597877569,-0.26386592860827496,1693595627.6583254,9,4.311483959064871e-06,0.6422126478484311,0.002238989237467398,0.7350403542520463,0.6271196200077955,0.0015840499131299973,0.3687386967815895,8.713827140956818e-05
314,-0.3970632733032011,-0.27006674151212917,1693595628.048713,7,91.34605363114805,0.954714373379876,0.0011513025185074467,0.9676702468326612,0.5480631614734659,1.485521551833549,0.0006299349266794768,0.00012140575260341674
315,-0.37559730065113905,-0.2553751244542368,1693595628.4697566,10,0.0006311004396593099,0.9854926775095297,0.0037721201226251725,0.8956463246539434,0.5960803457988284,6.587929551594443,0.9720181351380812,1.279853816263649e-07
316,-0.17307632791608807,-0.12185298089321561,1693595628.8968985,11,1.504496986875374e-06,0.9855858807843715,0.043741540313534624,0.5345341705150755,0.8796637526195487,8.460088812829408,0.0009334397894950379,0.00040871540370947555
317,-0.051469179439292745,-0.03701468308996669,1693595629.4621415,11,139.73838966129878,0.8685518327624668,0.0833562374098011,0.9957866038260406,0.9044373169555024,0.22840103694470815,3.9828543550677993e-07,1.0035326048134567
318,-0.38512685001684677,-0.2617746493928599,1693595629.7885542,2,1.191098156347989,0.5444831927215642,0.0027301629668164172,0.5561673087070818,0.9505828538389485,0.6744917966067596,0.22351273603674449,0.0032508258662137805
319,-0.40269836130248704,-0.27391291770860415,1693595630.2077749,10,2.211940041900745e-05,0.944854500586054,0.00047619272042084127,0.578405510791159,0.8553838652191351,0.08305725733708207,8.29695226860332,39.51012911684655
320,-0.3728134569714139,-0.25331384247590827,1693595630.555584,2,9.574005573849296e-07,0.5775434573810742,0.004255386973780049,0.9162636122252323,0.9675378732018338,0.0002693407579043639,5.893931393031341,0.18952331655136187
321,-0.35679315668926304,-0.24072893749108526,1693595630.9027014,3,1.5271280582745457,0.9231384102856811,0.006947382307093011,0.915790494998378,0.8366197858303546,0.08985224275410034,0.007861279711984883,0.029737016806282403
322,-0.3855946426152119,-0.26214572042614326,1693595631.4631279,11,0.04723640897192577,0.7291433214390568,0.002542639766560516,0.8939617887999112,0.9342715730319892,0.00021834570145472376,5.337879262084027e-05,1.1137945999852544e-06
323,-0.23339224626122412,-0.15853025525931974,1693595631.9262984,7,0.002902837306816416,0.5951720456789942,0.026859694306989642,0.7867997843555739,0.9566790977852465,2.047685270759133e-08,0.09367058677282583,26.46426299650512
324,-0.30187349427137855,-0.20397816005227076,1693595632.2440815,2,2.3170968225454347,0.7637494083150211,0.015160231405180068,0.7327693499698,0.6026099856450433,9.014574756481122e-08,1.0501204520275856e-05,61.5725991435047
325,-0.36089397619587693,-0.24484086089635748,1693595632.6353858,5,2.686491338395168e-06,0.5304294357021591,0.006083435120267802,0.9017833430995372,0.6791932352945268,4.065076975909804,1.6671579201279498e-06,51.1860460070975
326,0.007768501229521441,-0.0714986535096116,1693595633.042211,5,9.898287573229768e-08,0.7971119368037352,0.22040982851977706,0.9348617417176084,0.9402951617930687,0.04230946318403652,0.3105881637659518,0.003245599290510506
327,-0.3868315288958495,-0.2630367031665315,1693595633.3861635,4,1.0083995497295586,0.7268040426603226,0.002433856132376945,0.5129292341405891,0.8771439871174094,0.0021282478550638012,4.543417477053396e-07,4.129498811266421
328,-0.02815032255635308,-0.09843449451140462,1693595633.7176318,2,6.53726964909003e-08,0.5236386268616043,0.48267588287516944,0.9259383186930457,0.6898459743350013,0.00011596163295749402,0.18497498123881337,6.079527381985974e-06
329,-0.12701389297969046,-0.08818070815738133,1693595634.0760965,5,1.0759863525427999e-07,0.6314826584876482,0.05328438475934729,0.638393314558368,0.6496332341751128,0.08877400474997528,0.4628755310994401,9.367909361434954e-07
330,-0.3572158510717707,-0.243074100767098,1693595634.535077,10,5.295767759362866,0.9563571844217942,0.006199314378784027,0.7413639406518822,0.9221435176334188,1.3607456840569077,0.11252841161495308,1.103254601510431
331,0.01733432450534922,0.005199750673585357,1693595634.9169323,5,231.9320062673086,0.580245656831532,0.4715289498532868,0.6123376221389218,0.8244371636348417,0.061070103244972175,0.0014346350727320026,0.0176681312042258
332,-0.40559991324456,-0.27590372827178666,1693595635.3752615,7,1.1979543400424312e-06,0.6342716562529518,0.00012127962404823682,0.792870498668862,0.9323494049304315,0.06911298392015902,35.569459500556704,2.957376391704568e-05
333,-0.27167017326367593,-0.18547081121231423,1693595635.7649004,8,4.6355288193946003e-07,0.9648441014035863,0.019054954898442545,0.6870218226232235,0.703232932081284,0.00040442939497465453,1.2674612365088183e-06,7.6923219098508975
334,-0.4066328384686131,-0.27661411491309695,1693595636.066395,6,31540.55914085314,0.5701861335550533,0.37380157016322674,0.9297377140541117,0.5360319717513484,8.200965251472477e-06,73.46539336956141,0.05248480181439295
335,-0.40624298933238645,-0.27634647260393197,1693595636.450001,5,1.312414505653733,0.8981139676033957,4.630206268556918e-05,0.9055433620378157,0.8597124978951879,4.3044142600571505e-05,32.96401785566493,0.17258310785110212
336,-0.23451896530947236,-0.08299471476763287,1693595636.8217947,5,5.719729638002864e-08,0.562783497953214,0.22797217590187696,0.7290778958440809,0.6668818762252579,2.153151269441209e-06,0.025035823768461994,0.0009153516056033435
337,-0.4014848625980487,-0.27309424932629445,1693595637.206532,7,6.792678385671819,0.7947057008111214,0.0006266856169267491,0.5345053895088101,0.9177798920473592,54.9175486149765,0.0058853329315247385,4.219006034749078e-06
338,-0.3949884771976766,-0.26857708622051524,1693595637.572954,8,2.2812780764705762e-08,0.801966702976455,0.0013884795713397953,0.5664865512742845,0.5911164134130893,0.0033010560182545196,1.4755789575808582,9.333064489648361e-06
339,-0.4066328384686131,-0.27661411491309695,1693595637.8785377,3,56259.376877114955,0.958192521100558,0.00045387202774109997,0.82571041224346,0.9654083929737465,1.781806723901095,3.090724690641152,13.54613041653998
340,-0.40439169496371874,-0.2750617851635624,1693595638.237652,6,6.343030656324393e-07,0.779624796185011,0.0002700341581163504,0.7174636292743983,0.5468440441101505,0.00014743945088131386,4.034922952386751e-06,0.003532705169509074
341,-0.04382587269741478,-0.04316388302794549,1693595638.5636873,2,6.366171635537533e-08,0.6839499547265715,0.13421089099276756,0.9902823278690494,0.5211742374979397,0.0051219597290740135,0.0001296414568595911,9.830005853657528e-08
342,-0.4061070387373902,-0.2762543322260682,1693595638.9418066,5,0.0005182819815332429,0.7478100074628263,6.337112675998477e-05,0.6422041605665936,0.8792108010825896,6.262182049848809e-05,0.0035439397469641917,0.0021600060032720375
343,-0.4066328384686131,-0.27661411491309695,1693595639.2446368,10,7435.9163178146355,0.6391557441498271,2.6160230878745108e-05,0.8026402712417594,0.5311040969374726,5.13762353627134e-07,0.2503445762557172,0.0009234141219688073
344,-0.04177631831398587,-0.03779827418127191,1693595639.7358592,8,4.415731205671853e-06,0.7892953049233382,0.10138754550471936,0.9678806618422686,0.9110052377920097,1.4901496093424973,0.1862185249598605,6.811968265127595e-05
345,-0.40586798340387253,-0.27608599030630265,1693595640.0830655,3,0.01766259716498488,0.7610618203803283,9.165569096454539e-05,0.7270728291073436,0.9943903181877813,0.07953937309111415,0.20235785693967817,7.764709880824915e-05
346,-0.40639989176388047,-0.2764547312448129,1693595640.5417144,8,2.342730224157289,0.7347211924552093,2.7796612545169955e-05,0.7957334007681983,0.9088467922711163,0.0006067630437384878,0.3512628669919903,1.2231900811986401e-06
347,-0.40631331575033736,-0.2763914526333877,1693595640.9191482,6,1.2336688772854703e-05,0.6743286466368958,3.871679994748017e-05,0.8916955452212175,0.5107171608267089,0.0028409442677231438,3.153275527493394e-08,0.000883588932735486
348,-0.3458186505277232,-0.23481487025313275,1693595641.242974,2,1202.101194489285,0.600568987078634,0.007918868409339197,0.7697205700456413,0.6907585773434994,1.3819058177115757e-07,0.00038829364906076624,8.028939256081731e-07
349,-0.11527329648923312,-0.08204048674509035,1693595641.5573049,2,0.0016500013012493086,0.9238390834191703,0.059843399379225864,0.8119587464872451,0.6040198217071255,0.0005854659159518432,0.17690073788398944,3.902234996671333e-05
350,-0.40651946101006686,-0.27653617962628396,1693595641.9054723,4,676.9090396596443,0.8276479045770833,1.3607292830088559e-05,0.5256644616981194,0.9941740127828045,1.1531917831261142e-05,2.5942748208731463,2.542103808185782
351,-0.4004920567821091,-0.2724058310341564,1693595642.3707337,10,142.6271018887179,0.8560777828446842,0.000731221109205608,0.7557679351058755,0.77004911120373,5.617543799436664,4.455825332196954e-06,0.0004361631091901833
352,-0.3480136449879139,-0.23632851054865478,1693595642.6811502,1,1.8012232664237648e-05,0.5295664490560787,0.007889577919248516,0.9242137711811784,0.8109361562573993,1.0420547152101995e-08,2.5447317113862003e-05,0.0030132287930110984
353,-0.38040811131760077,-0.25838275589409365,1693595643.130555,8,7.675722300227715e-05,0.7166745211607677,0.003281536320315336,0.751853387161822,0.8768678657135126,0.26859255341029004,0.00012364679249832615,1.9249237451606827e-05
354,-0.14573783367407578,-0.0807020194149175,1693595643.655546,9,2.8747339773937366,0.6790948175853687,0.07007770387238017,0.8563232746930451,0.9920147921134893,76.45974216315862,3.949080316904142e-08,0.0016155987073051676
355,-0.2904091616096245,-0.19440686215129,1693595644.000454,5,2.6035066150673806e-05,0.8444598765716201,0.017981622330570882,0.5651465522982405,0.7290087176575103,0.005597007337653404,0.00038827155062851824,2.2527862984882924e-06
356,-0.4065288969655301,-0.2765429289586889,1693595644.4372354,6,416.9626331182491,0.797194486217587,1.23273973181973e-05,0.9270826259872824,0.9054539281659919,2.383448101850852e-08,1.232786295504098e-06,1.0004253937759344e-05
357,-0.36301880167232126,-0.24634624006228978,1693595644.8915284,9,0.04583388548340568,0.600323803848472,0.005775291212152509,0.5533170422845344,0.9725102521716148,2.7578492518050398e-08,0.02052398409703284,87.19376244376797
358,-0.37889668607702975,-0.25781163272013585,1693595645.2975373,6,9.800209997519367,0.8359755701255059,0.0033790974206894214,0.788021392333111,0.9302345768268676,0.5587681333443161,0.6699730598956084,1.1942484360163715e-08
359,-0.20432537486242697,-0.14151395102879638,1693595645.7361498,7,0.030413920201859908,0.6827382371129175,0.03295534697109956,0.7113108737913465,0.958792664511569,0.005294569256935995,0.33659166239320204,0.017957354119544872
360,-0.3555256680123664,-0.24137432219093768,1693595646.0702193,4,0.02918983659062862,0.7841552284633413,0.006541923012168071,0.7160950080207028,0.5346349637742321,2.9394988192757456e-07,0.5295922878703485,2.453423324271306e-05
361,-0.395134010457703,-0.2686921343283699,1693595646.3773382,1,0.024838953414285384,0.573033035205026,0.0014475003099072633,0.9582653336102176,0.644825696150431,0.07631674264105615,2.4034986376671077e-05,0.00014406322957134248
362,-0.38952077188326717,-0.26480421336640503,1693595646.730156,7,0.02036429335606993,0.9301800566860889,0.002085026347392901,0.5800019216148069,0.5514935264469556,0.007488962566715809,5.200727741989695e-06,5.6409700335469156e-08
363,-0.4064749885773489,-0.2765056475012795,1693595647.1035063,5,1415.8253792565292,0.9524517119378851,1.90235058856151e-05,0.949006089563449,0.8571249230226163,1.6727085131316147e-06,1.1578674948658627,0.001602168427803887
364,-0.38995714461777364,-0.26513359319688456,1693595647.4280336,2,19.77098615030414,0.5593870435992296,0.00209458623063027,0.5923865579495391,0.9488943356981547,6.24961395219688e-05,0.20018850007100067,20.91909388864493
365,-0.40648189605166074,-0.2765102199003626,1693595647.7575204,5,2469.3383087915713,0.8498791895877117,1.8327437822611993e-05,0.5537024154803447,0.9917376285567454,0.12394789969269061,0.14351319721849826,0.00015190469568857
366,-0.4019052195825168,-0.27337089078554855,1693595648.1387382,11,523.672548604984,0.5088908817170676,0.0005690578399814843,0.828790025546545,0.7229641741510635,6.418702960968839e-07,0.008912294573788499,0.007407575038329128
367,-0.37681650076483875,-0.2561712590250924,1693595648.5016186,11,1003.6331353044952,0.6547683767477456,0.003701506528662413,0.9570692348482914,0.6594529827690763,5.155738552735672e-05,7.910690718362891e-06,0.00015493909624656453
368,-0.5317769487769832,-0.414122435890663,1693595648.8956645,9,2.9828661675636902e-05,0.8479887861858288,0.9717262131124002,0.7760089065409874,0.5448446583555566,11.679347457473888,4.524975412583253e-05,1.0891825000623135e-07
369,-0.4066328384686131,-0.27661411491309695,1693595649.1992273,5,14091.844077478809,0.5487424803361156,0.0006960258247739607,0.6455096704208907,0.8190891984060409,1.244826703292506e-06,0.003814304805963403,47.1762190707303
370,-0.4025307049276039,-0.273795178469207,1693595649.5541105,4,8.495578447669039e-08,0.5174583801936194,0.0004943931594943173,0.8204259766426332,0.6002879011240287,0.00011569708793993046,0.21981560726941823,0.0036478223211108664
371,-0.3838231199853739,-0.26100987109108886,1693595650.0518122,9,0.0038118884419765433,0.7843555567891934,0.0027638606826847377,0.8379829647289976,0.9711603332887333,51.78420601175361,0.001536121008018476,4.636109540588586
372,-0.4057297609915227,-0.2759920707047956,1693595650.3654346,2,0.674174118607191,0.8410904116662441,0.00010938288248399425,0.672141091544175,0.7797123107481319,2.443254964011507e-05,25.49516471431218,0.6786264726824527
373,-0.3962536468104929,-0.2694584890729823,1693595650.6989486,4,0.005540078402698632,0.8891281288190287,0.0012531045236321274,0.7078712106579834,0.5687603452333623,1.0914421355547716e-08,4.410952806280312,2.010232567826684e-06
374,-0.8749562555144639,-0.27265002448715014,1693595651.1395655,11,2.2151713643936133,0.6498005120591948,0.4460119528775738,0.6575220960246575,0.6276444715055371,1.1823894540819688e-06,4.9173840654456645e-06,0.0014553415113478783
375,-0.05382027509388787,-0.04827321461783507,1693595651.5827653,6,0.1341976549555575,0.5816019791970866,0.1004965930791029,0.885350347070468,0.8457515673315148,4.527924026058633e-08,4.3674772903681386e-07,2.5863001963425448e-06
376,-0.40642739401478467,-0.2764730046573505,1693595651.9554982,3,3.4331280302925394e-06,0.5548261955565963,2.471818063443268e-05,0.9920525545141977,0.82654701858353,1.258913521739698e-07,0.20778393058047584,0.06942912336955999
377,-0.40590767606095457,-0.2761107274527721,1693595652.5397286,10,2.6453508134706594,0.6046209224494171,9.072466625182585e-05,0.9941578849739495,0.8981378059466212,1.4226600415518017e-07,0.0018030677360724354,76.60717946576372
378,-0.39639772629030623,-0.2695449950631632,1693595652.865071,2,0.30960940278012256,0.6994811473611234,0.0012847462906229689,0.7325864267227921,0.7193258379012386,1.53482060841543e-08,2.0731664388791142e-07,7.588548080524496e-06
379,-0.9311019559117926,-0.7755475480490408,1693595653.2424877,5,2.1876323774755597e-08,0.7637729949939103,0.7456934268469629,0.615398732786985,0.9606858723027059,1.0333560828414647,1.7819449689007547e-07,3.631862538832813e-07
380,-0.4059448073143983,-0.2761395722646103,1693595653.5653691,4,1713.1417128900634,0.5724956782876491,8.41269849674165e-05,0.7993888698534968,0.5798339875005729,0.00010827557872578133,0.08358377963461752,0.00043316031059826074
381,-0.054434896299125235,-0.05021388120610859,1693595653.9976497,7,4.201375520586841e-08,0.656987400675811,0.11824924573085374,0.6843978518836111,0.9218512817851907,2.722809230089019e-05,0.0011568429159038837,0.0002601546901046891
382,-0.2816908331906063,-0.18865657809711633,1693595654.4184895,11,9.12181730373863e-06,0.8580426953696717,0.0182424677752337,0.5892177860192757,0.7044914692203827,0.041655816674394865,0.2012238271175224,0.0001984338788379441
383,-0.011170154979275315,-0.007747128296291095,1693595654.7706013,5,1.257680580684866e-08,0.8285114992146252,0.2705749184830111,0.6217464922411029,0.7794885991249356,21.114130754655204,2.910301480644489,0.05732237182945802
384,-0.3569600499265666,-0.2429097464540686,1693595655.2612693,11,0.006010813682358832,0.7381435360741273,0.006284905414482078,0.8213172500044525,0.730181882857026,5.958615153817745e-06,6.613769065734228e-08,0.0008371680238324941
385,-0.38594774295736345,-0.2623591429117418,1693595655.687936,9,0.0004065982027960998,0.5650035644936783,0.0024585473654869876,0.7244806002799598,0.5717375926127359,0.01709594903954881,4.447444973442185,1.2207948938719895e-07
386,-0.021586106955297835,-0.016105831051008934,1693595656.0321212,7,1938.1254085865091,0.7042413160955578,0.11719115015135304,0.786322162118112,0.7598036897875302,19.54802786930756,0.024838865457337683,0.0011901661880897516
387,-0.4020223949656194,-0.27341854402397714,1693595656.4550927,8,0.0017540018189290477,0.9937685624704043,0.0005554917113583487,0.9825816636535392,0.6791018643697369,11.781445995635638,0.010388405712371089,9.128182493533831e-07
388,-0.31295832104154253,-0.21151084956494115,1693595656.7584102,11,8639.730197299314,0.9365835499255154,0.013411288922460003,0.7535583089863176,0.8126989827050433,66.78001881351534,1.8239552117299666e-08,0.00025715156113114925
389,-0.0489831431529244,-0.2675401139432154,1693595657.2290294,11,0.07171490922088546,0.9025571491812512,0.4884360526835453,0.6212717938056468,0.8037903017648055,8.448858341557114e-07,2.9754954673833367e-08,6.41455258958933
390,-0.4048922160598454,-0.2754190278428421,1693595657.6579,7,0.012366197990264654,0.561827476513983,0.00020707482760481542,0.7182525743146033,0.8026860083996425,6.084154363934543e-05,0.09830586259256711,0.014671917429386826
391,-0.4061962407084243,-0.27631347275423823,1693595657.9734974,1,260.5280514404731,0.7754212178662436,5.3001231525022735e-05,0.9351061282888427,0.9610362068445405,8.385866762655287e-08,0.0006434865341015301,0.15840947889797047
392,-0.40636484149220364,-0.27642786021931065,1693595658.3330123,4,0.0010440844142889539,0.5825850907387172,3.386198767760133e-05,0.6443717397577677,0.7702802128174073,3.8840006370076035,0.22356350835711464,81.03084856524697
393,-0.39104847477411075,-0.2658488558188592,1693595658.7333531,6,0.0031689559012372578,0.6412891671043567,0.0018923978161623745,0.7691828982934494,0.7439690870486493,7.389785221231643e-06,0.0007269203259041299,0.0009147885142401796
394,-0.40115239456937823,-0.27279974753738667,1693595659.037597,6,5899.480712218717,0.9472629345166468,0.0006981125389371969,0.6655298394506314,0.9271301708204719,0.0001793187525497088,2.6262968504025724e-07,0.008106820463127483
395,-0.39285262946442767,-0.2671288012455504,1693595659.3478553,1,86.90429437978395,0.714958770015852,0.0016969284320671088,0.9102280075675167,0.708507237598368,1.0834925549022758,0.013267569126480866,2.3224314248847327e-06
396,-0.31079540235187264,-0.2113297363954303,1693595659.7150955,6,0.0001433281993195571,0.5446352291726273,0.01312482661852828,0.5473141249035016,0.6020840153702092,10.277787084246363,0.0007555148457418582,1.2135374197153141e-07
397,-0.40224667337738174,-0.2736195487607158,1693595660.076185,6,41.70861987307256,0.8960993451977897,0.0005228781636731741,0.7868251173015439,0.560028473906373,1.4225365510733028,4.3397048579299836e-07,1.8454488655192606e-07
398,-0.3928050471146054,-0.26711469054983916,1693595660.4211326,3,2.9694206974740238e-05,0.7389809636038426,0.0016739487716954033,0.9226885403795504,0.6975287528019282,0.7526181660649475,4.4078874759668345,9.362895960173197e-05
399,-0.21152634340970033,-0.14311200612256636,1693595660.7723134,8,800.2619603684469,0.7468667847945623,0.03135627440289381,0.7032300698017805,0.9728282854280472,0.15019009980865394,8.937609533553511e-06,11.408982994123729
