trial,score,test_score,time,max_depth,min_child_weight,subsample,eta,colsample_bylevel,colsample_bytree,gamma,lambda,alpha
0,0,0,1693595989.61136770,0,0,0,0,0,0,0,0,0
0,0.5849647844262591,0.578221168162309,1693595989.7200677,6,1,1,0.3,1,1,1e-20,1,1e-20
1,0.576109217368538,0.5732966903390154,1693595989.810437,1,137.70328448258485,0.7192046157204468,0.04143104515916126,0.9889947559983013,0.7692479352052168,0.0010261353203244576,5.254257267419562e-08,4.8349256610810355e-06
2,0.5788592229665137,0.5733079316556927,1693595989.9018278,6,6.760673296843502,0.9018695180521877,0.0008029817331845199,0.5329681734529526,0.6440727996539968,12.47197630824431,1.3609856177171345e-06,0.00033207762793950894
3,0.5870713457706002,0.5776261481765385,1693595989.9922962,11,2.107123342283561e-08,0.8002744587320613,0.5631803612766828,0.6151514395104825,0.7742449596180152,12.339107528093438,2.1463199265042954e-07,0.0017144538798133766
4,0.5767169206999364,0.5735491954432297,1693595990.0859299,9,4.9793440088114735,0.7338764298724904,0.00010574149626882931,0.7453829445455352,0.6861923446925295,0.0005943079619102761,4.559359716869249e-05,2.3943075946345096
5,0.5756562119445301,0.5725138396117464,1693595990.1823716,9,0.00012076214091926246,0.786312666321977,0.00024001878979773068,0.7264214662732003,0.6764891829721973,0.03749683638756821,5.0525524419215045e-05,0.0003898789420439064
6,0.5774230192208651,0.5738915518369375,1693595990.2801833,8,0.002338265266234887,0.9532116345821693,7.984690669061547e-05,0.8705594364566321,0.7111870218215701,0.00018388052153184043,0.02206981467632001,0.0016945797419706538
7,0.5570317465512163,0.5538692951619727,1693595990.3817673,5,1.0436369509739081e-08,0.546131172923376,0.03523481281311652,0.7621727983825985,0.8480802317584845,35.86602360941106,0.06747432423890629,3.3984971239658156e-08
8,0.5843873316947052,0.5775353006777122,1693595990.4831517,4,0.5055113781276411,0.6175602036287322,0.6681208080297684,0.972524111896397,0.9242004404188444,0.0005287373169317066,2.5987658371531395,2.0469461776236616e-07
9,0.5737003653325111,0.5728604072539978,1693595990.5747464,4,0.01044607462424567,0.8709236003417333,0.0026861245340082875,0.5684380593987255,0.6717682648521792,1.7549376718417834e-05,1.0096922973844574e-05,4.5187051557074615e-07
10,0.5,0.5,1693595990.6939027,11,14204.21770939705,0.8295065547794874,1.3463800962700105e-05,0.6248970054409114,0.5318838199502134,1.0067046921459493,1.062765027443939e-08,81.48990232736692
11,0.5874903327264555,0.5776512005771494,1693595990.8251722,11,1.1902068482528968e-08,0.9890359891110589,0.7167385694080765,0.8656514847410833,0.9930963027103775,2.382205534917817e-08,72.73898259468325,1.4275932035326118e-08
12,0.5570317465512163,0.5538692951619727,1693595990.9517207,11,5.292584908914065e-08,0.9052153449248491,0.9362108589496759,0.6446139405694609,0.8445848374703943,90.1059559627101,19.10058156711458,0.022253168892500137
13,0.5843246774274115,0.5767307484357702,1693595991.0752485,11,7.281076504321501e-07,0.9569272811287721,0.11787626038699565,0.852773351050327,0.9701618117897317,0.30376292260854454,72.10209411642315,3.1432402866723685e-05
14,0.5853172415931323,0.5766838360326381,1693595991.2063496,8,3.2361049008998287e-06,0.8075551947921283,0.018996458124444438,0.5044380987013138,0.8969560877506748,2.8393478745941007e-06,0.0015158430497597085,0.030263483342309282
15,0.5824353606043747,0.5750825200944478,1693595991.3329508,9,1.1984375578777003e-05,0.6964336086854997,0.16893233651270517,0.6392783960072994,0.7865909869675907,0.01610596715780787,0.0010200078072254354,3.6074680875268635e-05
16,0.5842769869799695,0.5759568183102551,1693595991.4650273,10,1.3029025132525016e-07,0.8530791988251145,0.9528820834517451,0.8273803651609565,0.9447811096661775,2.9323187785739337,5.390045465443874e-07,0.01837661630475463
17,0.5854892716947397,0.5766789908327006,1693595991.594921,7,1.7576865496129904e-08,0.7772704469513432,0.00651182237970845,0.6861039103897488,0.8710089932491177,6.859888031557753e-07,0.023997835192944645,0.3224593251546748
18,0.5,0.5,1693595991.7149897,1,0.00011261175604656048,0.8699726909803002,0.12427397275777584,0.5855803076827718,0.8121189408227348,90.11560039257051,94.27961098400048,1.552135306012906e-08
19,0.5849938508389212,0.5775444250495567,1693595991.848364,10,6.218534559378536e-07,0.7693711268693896,0.3495162131906957,0.7908693675645926,0.9134320031613796,3.4813978390129687,0.41229024652278606,0.0017164332287154297
20,0.5850000947349747,0.5766235653679962,1693595991.9798756,10,1.4502697203410452e-05,0.8288307039032572,0.07289724993499946,0.6934473391451735,0.9798485889643654,0.21179894453072107,0.00023401518495559393,2.818615911707064e-05
21,0.5842906589592588,0.5750189211849892,1693595992.1119556,7,2.5113692015960414e-08,0.6767871615904831,0.01965465830605883,0.6949591777244845,0.8791123393450868,1.7077175687081298e-07,0.008330752030901558,0.48433611474241145
22,0.584063295020213,0.5751371757610315,1693595992.2416732,3,1.12204302618572e-08,0.7806720377282554,0.008820000190754611,0.6886976663120201,0.8631602208432441,7.881891608844758e-08,0.06984240097163841,0.513748493540696
23,0.5849626313586546,0.5774026916308272,1693595992.3771067,8,3.788336296356296e-07,0.7589086213823452,0.27149524073666026,0.8924714798859492,0.9367592390363019,5.3079807503930073e-08,5.615528613251456,0.006656981529000515
24,0.5865668820308423,0.5770911950853188,1693595992.5104728,11,1.3129221494744393e-07,0.8197142286177913,0.006486552343703904,0.7941240651573385,0.8103899742701629,1.004090511606586e-08,0.36441816683993733,0.14185816569933157
25,0.577198238962945,0.5738526770318323,1693595992.6391103,11,2.7018944929187583e-07,0.9062150505107217,0.06552551766774121,0.7988929568152228,0.7487783509351326,1.1475403157940747e-08,0.28570825458681853,0.06833876369308238
26,0.5865552554657775,0.5779930815073118,1693595992.7719214,10,2.0269313509712584e-06,0.8086791578539154,0.2557864277579935,0.9110886347175426,0.8205938425728416,1.839947848320845e-08,7.413181850333833,0.0011509494934215366
27,0.5847331143520043,0.5779991946100366,1693595992.9057102,11,1.4052347191267669e-07,0.997636983116632,0.43343945232479136,0.824456387042925,0.898646837952584,3.9745112341845323e-07,1.6301113822121471,0.007758423200406786
28,0.5847356980331296,0.5771753294917086,1693595993.0344102,9,1.0507722067006345e-07,0.8504034692862877,0.11163476439100398,0.782227509145172,0.8124991367110218,1.075552882053783e-08,21.54184581783696,0.06419333732908461
29,0.5849404547623271,0.5766600402142539,1693595993.1679137,10,3.888734536910542e-06,0.7383791535345396,0.5216068909922174,0.7358889642412211,0.9706926409550591,1.3562623316339078e-08,0.9041377271972614,1.466070462157455e-08
30,0.5872879443716229,0.5777780814203699,1693595993.297922,7,4.55482638381519e-05,0.9991171596180014,0.2284520566626536,0.9174870582651152,0.7353413585900392,4.9414385826661397e-08,0.004059404451598401,0.00013730075414612687
31,0.5867791744966558,0.5769937929819045,1693595993.431305,11,7.243567867981654e-08,0.9810107337138886,0.24089400781011866,0.9321126103266071,0.7335171222704684,5.1870420919275145e-08,0.004729945602120282,0.00012315247649762317
32,0.5865111175798832,0.5780566804167705,1693595993.5617764,7,1.0385800899133757e-08,0.999335421696217,0.376491456448013,0.9366215015450063,0.7502263369537212,1.5389418203321871e-06,0.004482799553573328,4.61135689505573e-06
33,0.57668580887305,0.5723505744867528,1693595993.6895566,2,5.609770392000117e-05,0.9614125371210351,0.2017898412308013,0.94627237770763,0.7292839272355736,9.66843577264297e-08,0.0003259711540840161,0.00014108938264641656
34,0.5862798781191491,0.5782505110553878,1693595993.8208215,6,1.025477334916285e-06,0.9297888160524793,0.8512914386233498,0.9997080074290371,0.7838257085730647,2.998636287285401e-07,3.632791055797934e-07,0.00015914019712998093
35,0.5854742002215076,0.5770686671697223,1693595993.9518487,9,7.701330997812367e-08,0.9812546779692299,0.40145311448577925,0.9000637893964307,0.6173853195150024,3.5504892287718563e-06,1.0220674800975227e-05,3.2063133274690867e-06
36,0.5867918775955231,0.5771084702607968,1693595994.0820274,10,0.00038203673814026716,0.9394367891184197,0.1901101745740966,0.9553778561440318,0.7711353320859263,9.094358258379185e-08,0.005265618412805219,0.00010196402206029302
37,0.5777250946057907,0.5737187547999176,1693595994.212534,10,0.0008493904295947392,0.9336587974380569,0.08021545647964788,0.8720346952376865,0.7629010838911521,5.199682815468451e-07,0.00029081674570166383,0.000442091440121626
38,0.5844084317572305,0.5773632734388132,1693595994.3486848,5,0.0005655861478725129,0.9288677650009637,0.04460409257843834,0.9713150190865295,0.9977893250352009,1.183500950770972e-05,0.09182747960946382,0.0038781317458946724
39,0.5847602430038222,0.5770153020470471,1693595994.4814267,9,0.008215955049436114,0.8851213829327323,0.5806893731992019,0.9759604647758224,0.7056054156385179,4.188332378993847e-08,0.018757221881300884,0.0004988513102018957
40,0.5870840488694673,0.5769881100604826,1693595994.6123376,8,0.07620201592337568,0.9652892028771864,0.172482029153128,0.9483444423716063,0.7755238225707751,6.840695456938783e-05,3.9292400719274016e-05,1.0431596706532043e-06
41,0.5875036817456039,0.57709610820862,1693595994.7436302,8,0.14521305425066933,0.9621225582611026,0.15791302566762147,0.9568589992900397,0.7921730343715522,1.5534618811358216e-07,5.85698817297367e-05,1.3248202774522861e-06
42,0.58561565676313,0.5781584296154559,1693595994.8754876,8,0.09862939033877767,0.9612356542492678,0.6026734463455594,0.9209809704082615,0.7799565445545624,0.00010394108210006188,2.0639338596612452e-05,2.0236530677180805e-07
43,0.584421780776379,0.5774466606882032,1693595995.0126576,7,0.11528712261779321,0.9765427244609693,0.1385593181150881,0.9529674520119061,0.83856885460625,0.003917969817965998,3.5173816263507446e-05,9.018630280802585e-07
44,0.5854862574000934,0.5771506280284764,1693595995.1452107,6,2.4379385139542267,0.900794323941239,0.8932406439950461,0.8876432424593066,0.7074021375360893,2.0899695868812065e-07,0.00011571279892831437,5.603389982248104e-08
45,0.5869583097213587,0.5783278078431741,1693595995.2771173,8,0.005334769666082505,0.9990214039846629,0.3087900109246569,0.9198970288302551,0.7915036871559793,9.924876566949909e-07,2.68299111315623e-06,1.0763472612768158e-08
46,0.5846775652078056,0.5773076215628966,1693595995.41426,5,0.052212725236371715,0.9501666299868924,0.04302181894514427,0.9826105586426102,0.8470972809941356,2.875880793133935e-08,7.906301473023932e-08,1.0482155708105412e-06
47,0.5855924036330001,0.5758908986858731,1693595995.5474646,7,0.6190149732551032,0.9127722899557196,0.17187791616615553,0.8656271935380231,0.6743409824520646,7.070008285711234e-06,2.2508095050887447e-06,9.336729939573615e-08
48,0.5828620986036064,0.577936048523002,1693595995.6843448,8,0.021550542088675954,0.957157151374538,0.6314460916654253,0.9094118906306675,0.8277783156660199,4.944103676593538e-05,0.0010687862494596363,1.1319001407536612e-05
49,0.5781221202720789,0.5736071793546302,1693595995.815997,6,23.215108980409266,0.972186974079,0.08817898628847032,0.9564849174736121,0.798995892420968,1.532005638849859e-06,7.937405618233034e-05,3.2212242090340433e-07
50,0.5848284952468881,0.5780264318788435,1693595995.9534886,9,0.002583630631356769,0.9212007706111496,0.42128959465148497,0.8469067026261041,0.8597313725550035,2.3783449402431107e-07,5.817578153050633e-06,1.975093331910882e-06
51,0.5863954978495161,0.5774829996877336,1693595996.0854666,8,0.3121442062911535,0.9862893671712697,0.2861726738544796,0.9246316526960096,0.796119637708633,8.846153774327149e-07,4.050245967507901e-06,1.3228135109071901e-08
52,0.5853712835900077,0.576946065498409,1693595996.2176595,8,0.014360032629822045,0.9940359685644394,0.96072956904863,0.8852609841387424,0.7524632388103996,1.3005916980645273e-07,8.391230398500772e-07,4.263672681133428e-08
53,0.5871113928280458,0.5773038178545346,1693595996.3500326,7,0.0035751981957874495,0.9441940975802982,0.14849615033121505,0.9268926532909483,0.7729676101065045,7.056685532182248e-07,2.1534076557191116e-05,1.0982119107756468e-08
54,0.5871116081348062,0.5773033876732317,1693595996.4833007,7,0.03590333757992276,0.9460335580761046,0.14208925558929847,0.9624978899518701,0.7697629436479834,4.652625328823966e-08,1.5997296450928234e-05,1.1943248435470449e-07
55,0.5773470159344228,0.5739210532178649,1693595996.6151707,7,0.03206505164210412,0.9420023444688106,0.11882714039819176,0.9961762398521692,0.7686527226934243,3.051570512149145e-08,2.457184011900448e-05,1.356433219187239e-07
56,0.5846642161886569,0.5773015990246566,1693595996.7524877,7,0.0021964215529632633,0.9718349202490087,0.06124394409919037,0.9671971204307432,0.8293818058524318,1.0939877690091897e-07,6.778575949886327e-05,3.410805969751909e-08
57,0.5773573506589248,0.5738957630854813,1693595996.8842459,4,0.34115445041124925,0.945985091879044,0.028606771348480695,0.9422604019033362,0.7346500283752369,3.206292450824357e-08,1.146616636122174e-05,8.907328709821518e-08
58,0.5855852985099049,0.5776882867336796,1693595997.0214639,5,1.7698680454138445,0.9659030632211668,0.16366710481905172,0.9796350778176092,0.9519450676303062,4.037799830522111e-07,1.2995365808395637e-06,5.364745075467263e-07
59,0.5852285352078226,0.5775170745751439,1693595997.1594772,6,0.12773587076222245,0.8904789066567841,0.09563226027448936,0.9021433536817254,0.8930568498501672,2.1146940860926275e-07,3.724988092175349e-05,1.023391742609763e-08
60,0.5855155391195159,0.5773815901058662,1693595997.297129,7,0.02452217331054602,0.9239880446241482,0.05485689618660851,0.9388344597653786,0.800684822281311,6.109507662917585e-08,0.0005496876760186663,2.414743908599787e-07
61,0.5866136035978622,0.5775942355162031,1693595997.4297485,7,2.3014302795543092e-08,0.9489228444933444,0.246070189254794,0.9649557313287047,0.7784818059896268,2.9883877252263275e-08,1.2696008849568204e-05,3.405181513559504e-08
62,0.5821064795277721,0.5764189349145651,1693595997.5680928,8,1.811843621778758e-05,0.9165096183205204,0.44372049116616985,0.9195809972654662,0.9212998117754706,31.750059742675706,0.00017018252109236203,7.864928135046485e-08
63,0.584421780776379,0.5774468418171728,1693595997.7074952,9,3.224959023593086e-08,0.9783359685304874,0.14576528860247803,0.9371255452755085,0.8194182103466725,1.070563228237724e-08,0.0001011338740019551,1.5585602220113564e-07
64,0.5869850077596557,0.5782538166590833,1693595997.841197,8,2.9653243639264743e-07,0.8695767264777203,0.29150073746446636,0.9885672573524705,0.7539416235139516,5.973203139824808e-07,0.0004736866191650762,2.7410438961741186e-08
65,0.58561565676313,0.5781584296154559,1693595997.9747858,11,0.0001921682728097392,0.9599805057184134,0.6069385712710431,0.9535285767694479,0.7258218989349121,1.2850350863655477e-07,0.0019325822938917876,5.926123907028911e-07
66,0.5875026052118016,0.577087957404987,1693595998.1080906,6,5.473400619545474e-05,0.9861674527210458,0.10255709884184513,0.9053304730387718,0.6943878368473875,2.0787985052030093e-08,4.6249195708603536e-05,1.9467312459796554e-08
67,0.5867813275642605,0.5770736708575079,1693595998.2404673,5,5.2222379684580084e-05,0.9849937269408463,0.176577068512562,0.891749340697616,0.655922709276409,6.62634524651176e-08,3.988205312181515e-05,2.3641951095755406e-08
68,0.5773534751372366,0.5739206456776832,1693595998.3730106,6,7.075848456178935e-06,0.9434247284231909,0.11348144433399457,0.9094688017507265,0.6957300971113516,2.0667611480390437e-08,0.0001695091174101146,8.192708524478819e-08
69,0.5777474865088785,0.5737104455084362,1693595998.5056696,6,0.0047546903933450456,0.969294407900269,0.08487545081928508,0.9280576673049726,0.7199988675735898,2.319717630979954e-08,5.421523024841491e-06,1.0574640014316225e-08
70,0.5867791744966558,0.5769887213707551,1693595998.6402285,7,0.0010083549483265056,0.98825223138172,0.22728248592221564,0.8800919483340377,0.6842810269590985,5.765597026237149e-08,1.9194729708106544e-05,2.1193531726788657e-08
71,0.5865111175798832,0.5780566804167705,1693595998.7741141,6,8.915411878430754e-07,0.9993758248746322,0.36142205605777217,0.9029726611977102,0.7641794324248936,2.1162184899670247e-07,4.626262899698045e-05,5.594458209716135e-08
72,0.5867625958761005,0.577061263523089,1693595998.9075887,7,1.7721136522508102e-06,0.9342297783121318,0.20472754813147323,0.9625500342183576,0.7394316881794357,1.4768223828528882e-08,7.91411880809423e-05,2.701550543571418e-07
73,0.5865707575525306,0.5780816535734572,1693595999.0407453,11,3.812329969074317e-08,0.9541478979382876,0.47241770932396876,0.9424833921513641,0.7189802631384242,3.9132413092539793e-07,3.3122565770218587e-07,1.9942015405622415e-08
74,0.5776318667785114,0.5737085436542553,1693595999.174592,10,1.0046800303772205e-08,0.9129282086370214,0.06431869665302294,0.8687148929190638,0.7461110081534462,8.936664870881695e-08,0.0005752239753648411,4.2712767085100244e-08
75,0.5854380286857505,0.576943393846107,1693595999.3094156,7,0.013219565870788246,0.9719963498012204,0.7121216811552831,0.9313102898313484,0.778345915987129,1.016856201059528e-08,8.765587288223508e-06,1.3980566710764734e-07
76,0.5844241491507441,0.5774470455872636,1693595999.4485111,8,0.00029270087882648263,0.9322880156413648,0.13242341702190663,0.9773468253372201,0.8012870059515256,4.609861777777963e-08,2.1584660744206736e-05,3.2717105609504806e-07
77,0.5865160696353737,0.5782527072441443,1693595999.582629,5,0.00010729087523476892,0.9005662297577145,0.34017412191928664,0.9158683282208436,0.7587455175989111,1.3235010650675046e-07,0.00022429470332534788,6.019319824996256e-08
78,0.5774701714014059,0.5738928650219672,1693595999.717975,4,3.5703425438848466e-07,0.9612376381559993,0.03369772022310867,0.9500674748201433,0.7390377716991468,2.2491375024225547e-06,3.1073481540041592e-06,1.0332056389829895e-08
79,0.5854093928866092,0.5769043605531534,1693595999.8526027,9,4.090735479190493e-06,0.9842660426659104,0.7217949920597068,0.8995931534184746,0.7855361238516141,0.001055826458672552,0.0019859916428530753,2.2109106678450187e-08
80,0.5848011512883096,0.5771803784617369,1693595999.9863522,6,1.3794032562470037e-07,0.9995980065576354,0.23064365354504532,0.9654484651236147,0.8131102316270232,1.8453618518902632e-08,44.26832817497067,1.286292014344494e-07
81,0.5852369321714807,0.577163080645138,1693596000.120815,8,4.0236412222815154e-07,0.8596648857151582,0.3154176048180551,0.9915600120361691,0.7523708522704321,3.899972384254842e-07,0.00012474416297254587,2.8136724517196482e-08
82,0.5851585605106734,0.5771055721972828,1693596000.2552495,8,4.2189169608543164e-08,0.8850486597295466,0.503854370396391,0.9873962184003968,0.7701562828486408,1.7495590401281192e-07,0.0002978011830923824,3.747494541903917e-08
83,0.5775868676655753,0.5736481145017649,1693596000.38983,9,6.962935170995436e-08,0.9481402868048985,0.09916732087888633,0.9980927843323406,0.7553332509784251,6.74900986973051e-07,0.0004933423815491921,1.8518579655809406e-08
84,0.5871001968765018,0.5777280671836329,1693596000.523791,7,1.9973501847110566e-07,0.9232703700545671,0.27227342696536455,0.9781117375746253,0.7089892639893768,4.456076126180348e-06,3.3149003231090868,7.042368841441746e-08
85,0.5783953445511026,0.5737720293581079,1693596000.6584313,7,0.044602546964513434,0.9680841894187995,0.15838593874024276,0.9289422305290044,0.7010984230833088,4.1184384912536375e-06,10.07313264120688,1.3771988121734095e-06
86,0.5871441194556356,0.5773114705535012,1693596000.792371,6,1.7818216114976816e-07,0.9250230926787536,0.2140955724932288,0.9478831369513051,0.7327941082884946,1.3047740877816572e-06,2.373371005439278,1.9710726848017447e-07
87,0.5776017238320471,0.5735951795603927,1693596000.9256437,6,1.626079165970442e-06,0.9219156911555247,0.07610186188141049,0.9534140701306468,0.7135012486444008,2.903748343423262e-07,4.460022280488059,5.153501850088024e-07
88,0.5866947742465555,0.5771933291830649,1693596001.059833,7,2.8753451933495676e-05,0.9377313210224044,0.19944544689994073,0.9728566150390697,0.6915302134097335,1.326155001396949e-06,1.700221865139471,1.9670547930784886e-07
89,0.5887990748699117,0.5774213705558197,1693596001.1897287,6,1.3403999323728989e-05,0.9801716543547759,0.1296688026588965,0.9471449460880035,0.7093279656923125,9.870196162784585e-07,60.401132299995,9.470278379520699e-08
90,0.5821064795277721,0.5764189349145651,1693596001.3168657,6,6.257224012061733e-06,0.9849994973734522,0.05175478227543568,0.9134996100811954,0.7254605625512232,1.0385076108071567e-06,94.75064855622202,6.386000960769386e-08
91,0.5875387767475589,0.5774555586488359,1693596001.4470057,6,9.68467007244269e-06,0.9759311894252485,0.13449012276388936,0.9396111541456172,0.7108633892510596,4.5569971861901796e-06,50.461661704866025,9.172863783370227e-08
92,0.5887990748699117,0.5774213705558197,1693596001.5761452,5,2.0291627569024416e-05,0.9780286915810863,0.12008949893348037,0.9404874233405044,0.7078644997978066,6.318866630248588e-07,51.86409612138718,1.1222137023522032e-07
93,0.5884307926561447,0.5775469948168133,1693596001.7075684,5,1.0048230062268153e-05,0.9755302039688635,0.1205450127290938,0.9366208246415039,0.6812102143553611,5.478250368388242e-07,41.559507970396616,1.123211078619929e-07
94,0.5765246517628456,0.5731946807674362,1693596001.8366287,5,1.8203765340434675e-05,0.9893881336428592,0.07511414655158005,0.9473001323138127,0.6862437645797729,2.5315662900815175e-06,55.748979330353635,1.0205821102582501e-07
95,0.578239247149769,0.5739819917955822,1693596001.9682913,5,8.850121725019162e-06,0.9809580203703538,0.10894761331375842,0.9372640183728375,0.6738593616957793,7.901003835095106e-08,25.267971853318954,2.3429252695448188e-07
96,0.5785299112763902,0.5740545905507188,1693596002.1009078,4,2.8013795010025157e-06,0.9567155976800954,0.12826953542446204,0.9621095201388195,0.6558184626978301,3.144003321482672e-07,32.21916236523477,1.1977683803858266e-07
97,0.5783098677672,0.5742957864148925,1693596002.234166,5,3.4801252298060144e-05,0.9743440831319323,0.09867481115727726,0.912520591022238,0.7008038908576428,4.863865168022442e-08,14.127887914561398,3.0998039485521473e-07
98,0.5879971648405784,0.5773935672589825,1693596002.3674405,4,1.1493723792821503e-05,0.9887569769388903,0.39612475508630857,0.8952326010583728,0.7154421159101516,1.5682947369086826e-07,62.452150046520416,4.103792309423602e-07
99,0.5879945811594528,0.5773943144159823,1693596002.4998116,3,9.16833187996971e-06,0.9902839436182891,0.3965632227442927,0.8959075333245331,0.7208817376783215,1.8939916847797596e-06,57.966361957463896,1.7845826242868048e-07
100,0.5884506008781072,0.577514289717236,1693596002.6322646,3,5.9945052229985585e-05,0.9923528452260586,0.36417776029943255,0.8957838268436191,0.7183489350151777,5.881447248051647e-07,63.01840748720813,4.483092075361909e-07
101,0.5872935423473948,0.5774945466595469,1693596002.7666883,4,1.1111905114741002e-05,0.992502071312478,0.4355815213681588,0.878837014445976,0.7102095633924889,5.20107769412403e-07,63.286284023296204,6.459009758041269e-07
102,0.5879971648405784,0.5773935672589825,1693596002.8995268,3,1.3642104221374468e-05,0.9898830519360361,0.38877103970270244,0.8780157286393203,0.6838576657821565,4.923222942762203e-07,58.750680364391215,4.220746317201508e-07
103,0.5786270146253576,0.5741172385330872,1693596003.030692,2,2.6878418204789293e-05,0.9751388276326051,0.35857670659094326,0.8908233102844084,0.6865215009911182,8.588207524070042e-07,34.27572007359464,3.4579829851331674e-07
104,0.587966591280593,0.5775171198573863,1693596003.1635494,3,0.00010052676964433362,0.9878978530520306,0.6902994506184491,0.8598880675472936,0.695432094567229,1.8236500832881575e-06,93.64295620013218,4.000665887166719e-07
105,0.5872468207803752,0.5774734224934648,1693596003.295964,3,7.633649911105806e-05,0.9899319908166324,0.517555694532812,0.8925495927609124,0.7177653583997242,1.4957369336299231e-06,95.77170444333827,7.660777175734773e-07
106,0.5854057326716813,0.5776005750301398,1693596003.4297743,3,1.6755728047854163e-05,0.9641081654588095,0.8098025710509539,0.9024507182000047,0.6986801983982482,1.730483598078351e-06,18.273054241761237,1.4604047077496697e-06
107,0.5785802930583378,0.5741217893984489,1693596003.5613508,2,8.579932458352786e-05,0.979326020187554,0.2787200342587903,0.8576349558421328,0.666511532713225,6.337824866892569e-07,43.39868180203336,4.253542707790007e-07
108,0.5858623983106171,0.577654189205148,1693596003.6951342,3,5.110934224573471e-06,0.9916613976825999,0.9706705281644806,0.8754176351360167,0.6890433134693387,2.7996270841855466e-06,60.23574895555606,4.65357324340885e-07
109,0.5863950672359951,0.577440049480812,1693596003.8306143,3,0.00019439288018841116,0.9579146406140513,0.601801441169375,0.8415758247769873,0.7049690014855131,5.6171796445644395e-06,11.455968908033988,1.743547606222805e-07
110,0.5782153480993582,0.5740579187955358,1693596003.9624805,2,1.103686020765951e-05,0.9677628447394904,0.40446056165137395,0.9238754017756868,0.6819528965769954,9.180350468926537e-07,21.746031227972747,8.265636498812335e-07
111,0.5867275008741454,0.5776109220225295,1693596004.096269,3,3.752665933049922e-05,0.9816931204955078,0.6692320844911259,0.8812595310285494,0.7217189730756249,2.491629247908863e-07,29.079815601608264,4.6578212249230237e-08
112,0.5874657877557629,0.5777498253011087,1693596004.2302842,4,2.4853979014872183e-06,0.9996429165292224,0.5114072009256263,0.8586937944805088,0.6943802465108059,1.443657010586648e-07,93.70299057121778,1.0210741523590414e-07
113,0.5884441416752934,0.5775019503061805,1693596004.3642092,3,4.703891897811927e-06,0.9759011977288947,0.32788365961373217,0.8630998746124239,0.7285172009207745,8.857368930721868e-06,47.33645404551221,2.3837156537806315e-07
114,0.5884441416752934,0.5775019503061805,1693596004.4978015,3,5.537878556195102e-06,0.9774789974898478,0.340125057040385,0.8668198695267978,0.7165459163235923,8.3788159991848e-06,47.85466651905647,4.127980183606038e-07
115,0.5884598590688068,0.5775021314351498,1693596004.6312242,3,5.868222253437901e-06,0.9552536309038655,0.3477403901113306,0.8712899552525313,0.7269519781070849,8.724216093934813e-06,44.04381938400791,3.9393566403438513e-07
116,0.5884452182090957,0.577497218311849,1693596004.764186,3,5.208552175218144e-06,0.9531606131454304,0.2932820139751156,0.8666883885488164,0.7164439549119995,9.112124703863896e-06,43.30125611419741,3.880708377132663e-07
117,0.5870493844810332,0.5774704791477085,1693596004.9001734,3,4.653810131768744e-06,0.9664006215895281,0.3321447776455484,0.8641716811394663,0.7268911166276945,1.1418761586037237e-05,7.56964240378716,4.03275103473106e-07
118,0.5876507362629981,0.5776091786561969,1693596005.0347135,3,1.329782809290858e-06,0.9523261357146449,0.40242230801696166,0.8435991423268149,0.7436336793771152,6.687519006315004e-06,13.854572709146815,7.456033286080924e-07
119,0.5792783175757492,0.5739391208325846,1693596005.167037,2,7.075823702714905e-07,0.9390162082888353,0.2565227063776511,0.8691883119073185,0.7137320765891317,2.166553382655813e-06,38.10936397789227,2.207542582483418e-07
120,0.587031944633436,0.5775233008834746,1693596005.3025975,4,2.5818290845860765e-06,0.953373315819163,0.5542659801291713,0.8284317518941471,0.7292517663024376,2.0651144069068388e-05,22.959234936707578,2.1483631913316782e-06
121,0.587651166876519,0.5776067786973494,1693596005.4474306,3,1.329172972357538e-06,0.9525513617077013,0.3892552364070234,0.8499630552038088,0.7449900400967568,6.405491846062028e-06,14.733546410143148,7.469165138270048e-07
122,0.5884441416752934,0.5775019503061805,1693596005.5816474,3,2.0101971884209517e-05,0.9751115721363484,0.3351525567502969,0.8548248684221359,0.7382524162024352,3.209900654254626e-06,60.03336658918921,3.4647626485878385e-07
123,0.58834897608717,0.5775055276033304,1693596005.7161472,3,1.9312533775951947e-05,0.9760395600186537,0.28902918054932497,0.875030120659328,0.731824529818161,2.8695082768259746e-06,61.24601281185088,2.806723538184282e-07
124,0.5786623249340731,0.5741106046845748,1693596005.8498747,2,6.675704545402228e-06,0.9742788202503353,0.18614481161011823,0.8739230454823819,0.7324044420779643,9.999848785481797e-06,55.17590658324475,2.436582175070706e-07
125,0.588445864129377,0.5775000710931206,1693596005.9866276,3,1.9615384814798907e-05,0.9672396011161078,0.2942396286654307,0.8840338161884878,0.7400924963345681,3.147645115466671e-06,29.241092660797214,1.5944270278242708e-07
126,0.5786853627574423,0.5741127329499678,1693596006.1231065,4,1.9862572225851122e-05,0.9658149796658538,0.2477596119198447,0.8895967267830145,0.7362243934772781,2.107755040825142e-05,27.216834423563654,2.121950606873987e-06
127,0.5870545518432843,0.5774745771906462,1693596006.2596354,3,2.9367999332816136e-05,0.9415499896751887,0.32532025771712253,0.8843689079129533,0.7394989449253564,3.686026994799175e-06,8.834305451684665,1.1046409051046698e-06
128,0.5791530090411615,0.5739772484806902,1693596006.3927808,2,3.4270532739521904e-06,0.9759119850056385,0.1948138367037436,0.851900591398143,0.7166324226518651,3.4524594772646087e-06,37.58890732540853,3.3602840431957193e-07
129,0.5784719937578264,0.5741137291593008,1693596006.5295405,4,1.5292393386918247e-05,0.9622963468197161,0.29120469244570496,0.8733909633906247,0.7036232435593524,1.5552507277302927e-05,18.374797195812526,5.782636894134778e-07
130,0.5881162294791127,0.5782072665138904,1693596006.6676037,3,5.2446749972904606e-05,0.9971444594806493,0.48996166741085845,0.836369914118575,0.6790652605389346,9.853281441958655e-06,7.109743213157632,1.4137875485218579e-07
131,0.58774525593084,0.5776177596411328,1693596006.8045995,3,5.093165732907577e-06,0.9956872904679218,0.48337166012320887,0.8341942924741523,0.6776084623859039,8.606129501744947e-06,65.26636149323457,1.32362903054103e-07
132,0.5883435934181586,0.5774952032520619,1693596006.9437923,3,2.231249594767831e-05,0.9766670772538808,0.23788294323636255,0.8633901345823816,0.7053125747106358,3.355075642955931e-06,33.45136552575376,2.803576310646838e-07
133,0.5875467430976961,0.5775292554983511,1693596007.0826747,3,3.4788583660981226e-05,0.9800841990252388,0.22240537131761878,0.8148129831523591,0.7290467779194534,6.003082304134009e-06,5.932464884450899,1.690256170318021e-07
134,0.5884432804482514,0.5775045993173611,1693596007.2215483,4,7.195539634996274e-05,0.9998193601659594,0.29260167070258897,0.8615018057584782,0.7058216637062529,3.083779774536173e-06,34.4586910683584,5.6516651715187683e-08
135,0.5785070887597814,0.573034925016229,1693596007.357229,2,5.713645014356715e-05,0.9996385336001516,0.17256042397286023,0.8584125838919301,0.7027515812908206,3.1091211752653533e-06,32.769424337931845,6.201399647820399e-08
136,0.5884030180840455,0.5775640549016398,1693596007.49519,3,0.00016181838883963043,0.9493311231631805,0.27113853927038734,0.8457287545976512,0.7441189796608795,3.0164588649820502e-05,10.431935798551628,9.454425944083037e-08
137,0.5884030180840455,0.577568334073547,1693596007.632899,4,0.0001521411208515536,0.9506330599661864,0.30982432171860536,0.851932546886866,0.7600961340916064,2.7103695763250122e-05,18.2172520241903,8.60215399658598e-08
138,0.5884030180840455,0.577568334073547,1693596007.7716656,4,0.0004448166950690653,0.9459235289534367,0.3051986380984026,0.8180466280023431,0.7591404686477128,2.0618352572077248e-05,15.671860275286665,4.797480945492781e-08
139,0.578670721897731,0.574072771371045,1693596007.9173555,4,0.00010428937958493006,0.9321149109303518,0.17458237187712125,0.8191198167916357,0.7531036513398248,2.2424776383276598e-05,11.827523247227028,3.6711657515702376e-08
140,0.5884030180840455,0.577568334073547,1693596008.0581667,4,0.00024378444503746633,0.9478698424237733,0.29798088932011035,0.8443993656689085,0.7623261603731555,4.677521187513063e-05,14.474761826102826,5.613669332187978e-08
141,0.588392037439262,0.577525451789989,1693596008.1991303,4,0.00018919616991746233,0.9454890543370366,0.28009369548553936,0.8505905002357211,0.7601729896820211,3.28734658323589e-05,18.30203418856502,7.620491507935503e-08
142,0.58868593116729,0.5775404628533464,1693596008.341233,4,0.0003305967363339535,0.9519196247082237,0.3265979353746914,0.8420282113069905,0.7470171622367063,3.5053138274804683e-05,20.423597491514546,4.3019339956407806e-08
143,0.578657588185343,0.5740588470815051,1693596008.4822707,4,0.0005306688989058152,0.9581568600553477,0.211381307202045,0.8363210163721594,0.7444988008394954,1.3865538126968291e-05,23.528610918467376,4.283999060154175e-08
144,0.588322278048873,0.5774704112243448,1693596008.622025,5,0.00014064583384424187,0.9336252833761146,0.15110562090877394,0.8521802483567351,0.7435844260603356,1.4456448687905515e-05,4.621317138610584,8.944643813023251e-08
145,0.5884389743130424,0.577501588048241,1693596008.759686,4,0.0003528748567302007,0.9660601406757621,0.339302559661844,0.8284372414385046,0.7479168621618575,3.560732361609201e-05,99.41610807904665,3.084819277190685e-08
146,0.5870556283770866,0.5775569682307033,1693596008.8998964,4,0.0008662028591561255,0.964361271397339,0.7762382968349343,0.8655043717447701,0.7480301019612894,2.882917497598371e-05,88.87308282299024,1.214466154051005e-07
147,0.5890149198972728,0.5782672541645173,1693596009.0365734,3,7.4626579443049e-05,0.9120485684748051,0.12211101500673543,0.8267666316041694,0.724308187477949,0.00012540362918869993,41.68714675880599,2.7702141350349004e-08
148,0.5882374471852517,0.577435815591147,1693596009.220157,3,7.479301742953762e-05,0.9685596285653274,0.12419258482887446,0.8085246222790453,0.7246935859538842,0.00015639816017387091,41.37842666915602,2.9050174401023687e-08
149,0.5821064795277721,0.5764189349145651,1693596009.3545249,3,0.000322027140920595,0.9115349184996208,0.07329377311293944,0.826191172012128,0.7192900824450059,6.080338585233343e-05,98.44692239314811,1.6087369270917425e-08
150,0.5792875757664491,0.5739359284344949,1693596009.4896734,2,4.044584777460822e-05,0.9590098023603543,0.21563092868574554,0.8370286661838013,0.7320500845605435,7.161773367340722e-06,38.18296723891895,3.5322526827841966e-08
151,0.5785301265831507,0.5740568093805969,1693596009.6280317,3,0.00013557015256199123,0.9393497843554546,0.15220351385799868,0.8453443983304844,0.7402187047630033,3.86595136689358e-05,23.528237950462415,7.817971559786608e-08
152,0.585450947091378,0.5775493381728578,1693596009.7689328,5,6.9576492520673345e-06,0.9689656081797495,0.5868497167486333,0.8289094191267808,0.7112339669153596,6.91148235674314e-05,8.785047493642997,2.4676587215670408e-08
153,0.5884452182090957,0.5774998899641508,1693596009.9088156,3,0.0014146826502939463,0.9525340256731409,0.31679783742617107,0.8618866323617874,0.7534547700907707,2.6643444929766206e-05,42.929478947728995,1.6965748411801533e-07
154,0.5888141463431439,0.5774183140044572,1693596010.0451894,3,6.322641703056802e-05,0.9822859211474748,0.0941070916707219,0.8669802958657232,0.723865857414573,9.998879235352066e-06,43.05989468117258,1.8631964668746468e-07
155,0.5765246517628456,0.5731946807674362,1693596010.3748083,3,3.3825662118325854e-05,0.9843316560358898,0.1014195415219041,0.8682792069191118,0.7215680361495559,1.163379556189838e-05,52.151457722176,1.7962044883730665e-07
156,0.5785219449262532,0.5740329682799703,1693596010.5147471,3,0.0013307900271313695,0.9808960591258125,0.12919270353216375,0.880251708516285,0.7129453061813,4.746528998086402e-06,31.415845816152355,1.8485977195005623e-07
157,0.5821064795277721,0.5764189349145651,1693596010.6491423,2,6.0185824112412976e-05,0.9581838439030937,0.08934979400320019,0.861055633187824,0.7260365046162321,9.01134661122094e-06,99.36849572946215,5.3655043684569166e-08
158,0.5883478995533677,0.5775017918183319,1693596010.789395,3,0.0002937433237127626,0.9244567519700309,0.36364226484917933,0.8994867464605675,0.7371724338286844,1.5445715449168475e-05,43.787394921158366,2.6980254692792075e-07
159,0.5821064795277721,0.5764189349145651,1693596010.9256876,3,3.045806067816403e-06,0.9680792384984065,0.056514230291767935,0.8826642993584384,0.6976194089714238,1.0365636510874717e-06,65.21188645655401,1.2186235353707407e-07
160,0.5767189661141607,0.5740620508001554,1693596011.0589676,1,1.1381555324770697e-05,0.9845179011290474,0.1874446868810665,0.8880658502252199,0.7499873657033476,5.634360951567998e-06,26.308999045425516,7.260761113976196e-07
161,0.5884116303544639,0.5776360989493071,1693596011.5665364,3,0.000558681091293033,0.9530372731002016,0.4684476083905659,0.8441510881128585,0.7358907939574968,5.192543557774923e-05,43.81106547723665,9.862925398685274e-08
162,0.5887602119996487,0.5775999863609886,1693596011.7086825,3,0.0004704354879968348,0.9717149231428024,0.4629212865444393,0.8562594279356773,0.7299416467943926,0.00010469942193239382,45.69905833351567,6.558689564980136e-08
163,0.5879696055752395,0.5775186820947492,1693596011.849775,3,6.74344961430802e-05,0.9726182379838316,0.5926581372331204,0.8672367904149891,0.7104454789915167,0.00011167955286033888,69.47271450863335,3.217365592794578e-08
164,0.5782418308308946,0.5739816408582035,1693596011.9907026,3,0.0011569246412436753,0.7991463651025097,0.21453949776469472,0.8574926186277801,0.7240379341179511,3.883630450836128e-05,25.408607715355014,1.6652631790303675e-08
165,0.5884331610305099,0.5775090369771169,1693596013.0113428,4,2.192238170933909e-05,0.9800481921956352,0.354542598749394,0.8316551080518043,0.6919768283052825,8.062033551401564e-05,98.07319238591157,4.9690781260725414e-08
166,0.5882794320035415,0.5773558018688163,1693596016.413707,4,2.4720344715095167e-05,0.9883153005566059,0.45364880560260784,0.808920244865966,0.6946144563438249,9.807337265229729e-05,99.97179542512521,5.35883380105242e-08
167,0.5884622274431719,0.5775061615547241,1693596016.5574143,3,0.00037860293039268224,0.9613439393092166,0.34685229866058515,0.8317509219740704,0.7681607123167984,1.7404277399907405e-05,59.2484512733517,2.8644582170136294e-08
168,0.5785693124135544,0.5741187328470866,1693596016.7001154,2,0.00046323644673394775,0.9301040787137236,0.3593559008448809,0.824115069519417,0.7707781858665491,1.7189508816663513e-05,48.48513256934771,2.248029908264099e-08
169,0.5850429407803062,0.5774943881716986,1693596016.8471122,3,0.002274639460002108,0.9641040829704887,0.9896811430798602,0.8554807993159638,0.7528992252604525,9.322375932356982e-06,21.68099046245855,1.4155298171326154e-08
170,0.5874825816830789,0.5776253670578569,1693596016.9949205,3,0.00035275459386140985,0.9999382049650228,0.6438711546907607,0.7956751805978198,0.7311830403503273,0.0001976202583618686,32.45483185681598,1.9170251645406583e-07
171,0.588446725356419,0.5775123652219337,1693596017.140394,4,9.931990790602016e-05,0.9800060233229597,0.35529662177930676,0.8309510062397949,0.714407300273927,2.1979949256807803e-05,70.50673912018655,4.113582382069293e-08
172,0.5884471559699398,0.5774961994613947,1693596017.2867541,3,0.00012170536182376965,0.95876680588822,0.2458179011004414,0.840819202929459,0.7188759616124466,2.509803282860954e-05,59.81639512401069,3.0834561621370976e-08
173,0.58888250623959,0.5782401640629979,1693596017.4288232,3,8.783719887155176e-05,0.9543064397829217,0.2308689157470107,0.8712261448152415,0.7195705372430756,1.5334078725643872e-05,61.39635637136405,7.244824934541918e-08
174,0.5787000036171536,0.5741405815290472,1693596017.571094,3,0.00013827403478904615,0.9392107883149404,0.24113426680127317,0.8698105846364658,0.7177755125358662,2.0373031816391616e-05,54.24311684935645,4.880019628123151e-07
175,0.5877523610539351,0.5776343782240957,1693596017.7150514,3,0.00010192852566501404,0.9531710472241237,0.45042871300438114,0.8404212682939787,0.7230282189102659,1.2082512748489083e-05,65.51362024230266,1.5140280708602566e-07
176,0.5762475519621335,0.5739831351722029,1693596017.8540628,3,4.0169124429810125e-05,0.9578257458772204,0.0025808805043540327,0.7825422958716107,0.7344840974755403,7.774310734463461e-06,17.47851436220064,1.0070519596635584e-08
177,0.5784952468879562,0.5741224233498425,1693596017.9962819,3,0.0007886631480146374,0.9728928242503023,0.1572420743093387,0.8730855903256038,0.7151025516078208,2.385643432301294e-05,12.635729225112309,2.483304447674335e-07
178,0.579287575766449,0.5739389623447362,1693596018.1369977,2,0.000221475116676978,0.9395886030429508,0.23015132308019837,0.8859060621001623,0.704808313311987,4.6044633311876264e-05,49.109304792930175,6.682052383329078e-08
179,0.5870728529179234,0.5775868771518121,1693596018.281116,3,6.342549680192471e-06,0.9117941457631105,0.5254052581771885,0.8500704136073598,0.7281221582367227,1.2430678719912971e-05,26.613307429210785,3.570586775253546e-08
180,0.5882327104365216,0.5774379891387824,1693596018.4226284,3,4.967099265012783e-05,0.9599963426579725,0.18686284342896944,0.8393913404788202,0.7413874743391138,5.487193606583724e-06,64.71864032696175,1.2391892843918438e-07
181,0.5883468230195654,0.5774972409529702,1693596018.5662122,3,0.00010213976757116199,0.9841749538161407,0.24813653217505519,0.861460406660079,0.7074361607484683,2.6159674388493033e-06,40.43377789684398,6.301124957618838e-08
182,0.5884426345279702,0.5775021993585137,1693596018.7079525,3,1.5162259367071147e-05,0.9704801989701443,0.31655792724313614,0.8583902911321908,0.7070666884155852,1.713623682910072e-05,30.22888010733489,6.422246685366344e-08
183,0.587077374359893,0.5775435194047088,1693596018.8517528,3,8.680788162641716e-05,0.9812187368842433,0.3787465875007629,0.8740530370811618,0.7200814001814513,4.4135123039820394e-06,19.397332055434127,2.688804688725837e-08
184,0.5784364681423505,0.5730275440107171,1693596018.9929883,2,0.00019535448627030192,0.9916009221411829,0.2497691549243717,0.9066713149863264,0.7327578500295393,8.644846314436367e-06,37.65295947217244,3.4221188769684507e-07
185,0.5879898444107227,0.5773457944932445,1693596019.1394536,3,5.7749234527678506e-05,0.7008470556911424,0.43543585638419924,0.8660958855383171,0.7668793976317179,3.113449584190634e-05,64.16814365493414,8.252781718495869e-08
186,0.5848463657080062,0.5758298355819891,1693596019.2856567,4,2.892022256678552e-05,0.8198832073995203,0.28553162624223594,0.8823491534860762,0.6997054278141309,2.351805831699539e-06,1.0320873631367073,4.1344599985342435e-08
187,0.5775574782927725,0.5739845389217175,1693596019.4286563,3,3.7633803304724113e-06,0.9494081261676687,0.01963959580740631,0.8502581429740189,0.712541220766608,1.46072352552574e-06,10.325772762587283,2.0412891301688284e-07
188,0.5851837514016471,0.5772840295146033,1693596019.5751476,3,1.4623007875670812e-05,0.7515426386953247,0.7436586113047073,0.8374890124309528,0.7551038263088667,1.6512068349957263e-05,29.95952188302305,1.403182840565802e-07
189,0.5776226085878117,0.5742261649671939,1693596019.7217746,3,0.0013665831827055234,0.9746638637412274,0.19239137334227085,0.8921291895953882,0.7235363734074264,4.5358931056765014e-06,6.217316971341288,1.5632325098536645e-08
190,0.5789898065167327,0.5741178272022383,1693596019.864526,2,0.000272981550144468,0.8500588291682889,0.15388563315545573,0.8147840891423984,0.7765815004251826,5.4174051801071326e-05,16.30174613749455,9.495772584500981e-08
191,0.5884381130860005,0.5775031729267254,1693596020.0092323,3,1.2353215803440762e-05,0.9710258853172724,0.35520978466791814,0.8580751964717281,0.7062797937823913,1.9454897618247675e-05,33.64669232301719,7.280709484313044e-08
192,0.5884456488226165,0.5774998899641508,1693596020.1520803,3,1.9217945179308348e-05,0.9604558800326051,0.3241788477893667,0.8563369238066144,0.7175452682997743,1.2164700681993193e-05,63.12072553836549,5.179125423129011e-08
193,0.5884359600183958,0.5774981692389394,1693596020.29582,3,4.177910549319722e-05,0.9620924750416181,0.2921758564414981,0.8727777034007749,0.7377869076346342,8.62900751881502e-06,63.41893013478678,2.2478844015312287e-08
194,0.5884211038519241,0.5776347631231561,1693596020.4403641,3,6.946220124871467e-06,0.9884083062531487,0.4771367405801514,0.8446963665719271,0.7166767542240609,1.15177725042435e-05,44.34853891531805,2.5678827966438254e-07
195,0.5888321244576423,0.5782640051636248,1693596020.5849626,4,7.684719554377799e-05,0.8980879100872385,0.24737878720280657,0.8642598234470869,0.7253410493112843,3.151939216045444e-05,75.85603628515892,3.442120331998003e-08
196,0.5765246517628456,0.5731946807674362,1693596020.7263024,3,1.9765242996980765e-06,0.9297975492552535,0.11624726845772522,0.8324506107875951,0.7301016145607586,3.384389859996185e-05,72.33767181959658,3.397368374199909e-08
197,0.5570317465512163,0.5538692951619727,1693596020.864787,3,2.8973718653452684e-05,0.9420948936389982,0.014170125308140344,0.7621336754595863,0.7376430530832095,2.965037715780588e-05,69.92578287715838,4.3026356280833236e-08
198,0.5786756739532216,0.5741081368023635,1693596021.0100114,4,0.00010084519294451166,0.9180299663634355,0.23251862199342205,0.8786756054636388,0.7469227387332842,6.363642432663199e-05,22.59283122953767,2.171120918301361e-08
199,0.587246820780375,0.5782370395882721,1693596021.155361,3,0.0006563498798867389,0.8990495018980398,0.4180045614858627,0.8524420199550654,0.7218115866860392,1.3837747870373575e-05,0.052142323805816904,4.236616685550398e-07
200,0.5765246517628456,0.5731946807674362,1693596021.299069,3,1.987014686256776e-05,0.9555371068492864,0.040843884648601975,0.8232740924079983,0.7541255344001435,2.679462330839879e-05,47.690117969640845,1.4122236975934106e-07
201,0.5884452182090957,0.5774998899641508,1693596021.44453,4,0.00016864052756791875,0.9639616008810842,0.30700577716460714,0.8652392321801119,0.7115718090396976,6.554801829874432e-06,43.36441100707545,4.323049510045824e-08
202,0.588441127380647,0.577497331517455,1693596021.5888374,4,0.00018698816461840934,0.8897396306977309,0.33069816949891795,0.8667031315916277,0.7251673951808547,7.634418322881533e-06,95.62670169939538,4.477036061478592e-08
203,0.5875241358878477,0.5776966639485246,1693596021.734956,4,6.661683140183159e-05,0.9622707664984188,0.562674271272636,0.853372069125064,0.712118635629856,6.364031010163134e-06,46.69789476745542,9.309609493052273e-08
204,0.5787012954577163,0.5741371400786244,1693596021.8781915,5,0.00036618329032451705,0.9476094618209795,0.19370433137267748,0.8832364719206997,0.6967402537938251,1.915432124565742e-05,24.80032920968703,2.3420908201915087e-08
205,0.5883468230195654,0.577500682403393,1693596022.021248,3,4.736303045487128e-06,0.97555339743693,0.25659654471572857,0.8656917264491493,0.7275353945299016,1.1808081384303166e-05,67.29747154153526,1.820899722084717e-07
206,0.5884426345279702,0.5775039427248463,1693596022.1660926,4,8.795248856165592e-06,0.9333200745065695,0.37993489262975233,0.8425814747047313,0.7424797958328734,0.00023838309489322102,44.09236985007485,5.745131441953434e-08
207,0.5883984966420758,0.577548568374737,1693596022.3138711,3,0.007427702135384319,0.9594060321731097,0.32493677512747615,0.8955737864516871,0.7167466133071819,4.540568263467889e-05,16.142563924912622,1.0347689639722058e-08
208,0.5898507407413787,0.5783112571835748,1693596022.459174,3,0.00012821744067311833,0.9696248417989146,0.14984265844545983,0.8751522973242685,0.7338150951563391,5.646684866495794e-06,69.68455638072577,1.0971790470045306e-07
209,0.5821064795277721,0.5764189349145651,1693596022.600383,4,0.00013252104526645096,0.9514053007363277,0.1303018260101602,0.8803600305836118,0.7013291285752291,5.980230519265288e-06,92.54404863984608,3.435367500960245e-08
210,0.5782373093889249,0.5739743617377369,1693596022.746058,5,0.0002463453162476738,0.9046779380595318,0.1711049886182882,0.9027437404569217,0.7162209888127686,9.433405130228196e-05,30.04399834457682,9.132110911877722e-08
211,0.5870541212297634,0.577028456538466,1693596022.8959365,3,4.078850821848496e-05,0.9719823603730364,0.24998610650501762,0.8737408747004883,0.733375230343134,4.089906648095177e-06,0.2636330798904609,1.3486279649226824e-07
212,0.5765246517628456,0.5731946807674362,1693596023.0385392,3,0.00012254473545059152,0.9660362909053026,0.08714944729623729,0.859143572843486,0.7418488271567609,1.086848692886017e-05,64.73122167318117,2.2532879102088026e-07
213,0.5881209662278428,0.5782188134857038,1693596023.1857,3,2.2153841940338268e-05,0.9790006060992849,0.20840412330133873,0.867218651058368,0.727366733173936,2.5354680938854407e-05,98.44972997120169,4.6992778837608977e-07
214,0.5887602119996487,0.5775999863609886,1693596023.333288,3,7.977151271668255e-05,0.9425192807901916,0.4592754153514,0.8491786597808192,0.74890966720534,7.508276678846898e-06,46.49532009410738,6.732315880716356e-08
215,0.5880469007022446,0.5774847204129451,1693596023.4828372,3,7.644324774813043e-05,0.765402303812469,0.49933960972785657,0.835840908526382,0.7579830645872361,1.6017396671741863e-05,35.13937681273371,5.844445315746108e-08
216,0.5887615038402114,0.5775511947447964,1693596023.6299021,3,0.00040181315659942337,0.9385184385375772,0.41788297249357265,0.8477448539000257,0.764345780783025,6.529151752733642e-06,46.09064762248571,3.554026179489785e-08
217,0.5791411671693363,0.5739694372938753,1693596023.7763398,2,0.000534567555035129,0.9271898654875598,0.44208946144867756,0.8448111901458303,0.7682568212581423,6.152198676210902e-06,18.939429063231568,2.3813866485935828e-08
218,0.5873570578417308,0.5774451663742037,1693596023.924908,4,0.00020652829721274558,0.943736189659255,0.6321118892718305,0.8314482310952734,0.7852196248612668,1.2751162655230026e-05,41.73452703469326,3.919218336778378e-08
219,0.5772143869699794,0.573668333022999,1693596024.072755,3,0.001652144253339814,0.920179053591051,0.1438993044536885,0.922387917084897,0.7536041635217103,2.3622618608264967e-05,0.0076370325989039735,7.816783055846532e-08
220,0.5785132250024544,0.5740745600196198,1693596024.221526,3,0.0008258792359344243,0.9385631240845658,0.09869866914454332,0.8045344893769631,0.748696182195934,4.410881283341744e-05,27.770951760853873,1.860837787146111e-08
221,0.5884529692524721,0.5775093539528136,1693596024.3708868,3,0.0003807452588896135,0.9523193297870954,0.382598596348228,0.8548448971295859,0.7190459624037627,8.708442972641038e-06,52.113908703280465,4.425053476328994e-08
222,0.5884523233321908,0.5775088784892684,1693596024.5198774,3,0.0004169553692858422,0.9534223875226973,0.3957681225905817,0.8511390745398172,0.7626902736910168,9.117434317266104e-06,62.551418187990905,3.9387560787042024e-08
223,0.5875964789593622,0.5775378591244081,1693596024.6657162,3,0.0003851182339055978,0.9472169588792366,0.434863377626149,0.8199308782236884,0.7775038519458032,4.677832397870385e-06,64.8075297860909,3.764426098756058e-08
224,0.5884258406006542,0.5776327707044903,1693596024.8149996,3,0.0006465252525808952,0.9531757266181087,0.5716745818391806,0.8484241232852818,0.7926491558831974,8.988789277646181e-06,61.63890082191746,4.960832457983597e-08
225,0.5891212814369402,0.5782106400409497,1693596024.9618928,3,0.0001827541748346166,0.9360848059640801,0.2827496785314529,0.8532584132258416,0.762777062954347,1.5535344436251682e-05,97.22717246807079,2.9376996460876845e-08
226,0.5821064795277721,0.5764189349145651,1693596025.104373,3,0.0003834570859581206,0.9345355639877041,0.06878759730815265,0.8498622909519444,0.7586146823540996,1.6960291630652184e-05,75.24164212505717,1.6422287485445152e-08
227,0.5891212814369402,0.5781757727142973,1693596025.250973,3,0.0011962493109653025,0.9252906033237841,0.2560871450541763,0.8393042298082722,0.7723038369011607,2.3950131430976944e-05,93.48065416432141,2.856588292433748e-08
228,0.5570317465512163,0.5538692951619727,1693596025.393868,3,0.00023487571919190457,0.918988700357631,0.00022502601806273886,0.8359964177084573,0.7747243892554885,0.0003394534332203822,89.77745772933238,3.040045812636971e-08
229,0.5898477264467322,0.578332324746854,1693596025.5430923,3,0.0031068761264525634,0.924594024966475,0.24995090119926755,0.8423211532781565,0.7697217055491871,8.187015760353099e-05,98.28080861491723,2.5448998315460303e-08
230,0.5898507407413787,0.5783112571835748,1693596025.7065732,3,0.002483621447536449,0.9272676976151016,0.1846874572836954,0.8236128360341449,0.7632318380412538,0.0001050242993403022,85.24613553416954,2.4663656005882218e-08
231,0.5898507407413787,0.5783112571835748,1693596025.8537476,3,0.003938932906612692,0.9072867569881231,0.19658146406430993,0.82576472108364,0.7637961318784825,0.00013006221910140633,88.82609443103473,2.479784816729131e-08
232,0.5898507407413787,0.5783112571835748,1693596025.9987636,3,0.003544837591773907,0.9077143765513334,0.18666337052469917,0.8232777079574591,0.765802281942637,0.00011494003652498926,91.7891635059553,1.3728063940118168e-08
233,0.5787428496624851,0.5735064942886412,1693596026.1434782,3,0.0034157869967811672,0.9196165000218157,0.1808414069402817,0.8245266972898844,0.7673088480714256,0.0001211354769990613,91.09662859477272,1.6735722723582216e-08
234,0.5845057504129584,0.5766842209316985,1693596026.2867289,3,0.004720637132507169,0.9083783683234213,0.16509988867500097,0.813694175475429,0.7823325879959983,0.00014458478560745597,98.86316259634958,1.2378271470691244e-08
235,0.5821064795277721,0.5764189349145651,1693596026.4312,3,0.0023168748516902726,0.9064246838009089,0.1208382257857218,0.8233141631306532,0.763638075348555,0.00010069900058978459,98.0376249076517,2.4721329702183152e-08
236,0.5786524208230919,0.5740947332586115,1693596026.5777605,2,0.002393106901631965,0.926401360437039,0.21382390148992855,0.8353264701016749,0.7714525455804631,7.306337848878314e-05,58.552254907303016,1.7268140935696493e-08
237,0.5898528938089833,0.5783313851403241,1693596026.7256837,3,0.0010265761378539923,0.9133207899381912,0.12968636714655013,0.8041298831055715,0.7892155517652804,0.00020966177865474112,48.390709997512644,2.7705481092180816e-08
238,0.5765246517628456,0.5731946807674362,1693596026.870708,3,0.0011075317406257774,0.9149232917674743,0.11141015329043633,0.8196690173100235,0.7898592821605123,0.0001915671924745899,48.34708994759775,2.677201853508553e-08
239,0.5782364481618831,0.5739744975844641,1693596027.016741,3,0.004105298384347258,0.8809299138788449,0.13761560390095684,0.8080267031108689,0.7721963323919778,0.00031070776919021507,31.81388707848389,1.0003693485036347e-08
240,0.5776622250317364,0.5737166491756458,1693596027.16572,3,0.006700657494018855,0.9021890886052343,0.15933793526036472,0.7975537961879492,0.7899319597824732,0.0001117542935401349,2.627716033159055,2.269509293346583e-08
241,0.589103410975822,0.5781478788529755,1693596027.3122776,3,0.0010191822833720819,0.9015973490949182,0.22608400022898356,0.8291083000795385,0.7809404981721325,0.00017878123692329693,98.1552116147824,3.004962688161413e-08
242,0.584751307773263,0.577955757619009,1693596027.461756,3,0.0010818788366997799,0.8983751770151766,0.20656076374293725,0.841019261503384,0.8008453235762313,0.0001680219284320579,60.013687190936935,2.6795401208518e-08
243,0.5821064795277721,0.5764189349145651,1693596027.606559,3,0.0018143467740285926,0.9114254246691372,0.09070058815348815,0.8241276590039518,0.7814593765030504,7.666557506448552e-05,99.08979160394968,1.4947326833490332e-08
244,0.5787000036171536,0.5741392909851386,1693596027.7753437,3,0.0006930874690072875,0.9383711900785885,0.24781644870982508,0.8093309987416791,0.7638746985104263,0.0003929204592293777,54.67595450213895,3.086108001107917e-08
245,0.5884340222575517,0.5775469495345711,1693596027.922107,3,0.01055664244333397,0.8942132340864664,0.14481017173709027,0.8301040519624603,0.7811907208601993,6.342700017358509e-05,40.65710614525765,1.6135634130824195e-08
246,0.5857831654227678,0.575836650559471,1693596028.0716617,3,0.0030159600148354036,0.9251869033682267,0.18439704723377143,0.8376623406254663,0.7670588304864668,0.00021995128306222348,0.021354913748695043,3.024179638517645e-08
247,0.5570317465512163,0.5538692951619727,1693596028.212627,3,0.000979815832608351,0.9131692001778072,2.0952656334594192e-05,0.8407961011229523,0.7774071964858602,0.00012219176168821685,96.85701176963677,1.92048493221605e-08
248,0.5821064795277721,0.5764189349145651,1693596028.3570302,3,0.0004779282088893262,0.8810369634097345,0.026748640011245474,0.8167460134856669,0.762677563832209,0.0005150546338192998,63.20300708170609,3.922829548773035e-08
249,0.5848104094790093,0.5779040000159394,1693596028.5046058,3,0.001938064696396705,0.9260522400203398,0.11268484640239865,0.8477437998051656,0.801350987417836,0.0001968636452075279,29.225146473881036,5.676538619943155e-08
250,0.5787071087402487,0.5741367665001247,1693596028.651153,3,0.0008666972145500156,0.9070175253243578,0.22084360730367916,0.7896237202777714,0.7831171299564094,7.573208885370415e-05,45.08813833042757,1.1798501124421345e-08
251,0.5870610110460981,0.5769487824329532,1693596028.8016405,3,0.00036527116623607674,0.8881820147572198,0.26033525886009456,0.8018037348512936,0.7721151528108747,5.310641002527138e-05,0.6638110903257666,2.423984045526634e-08
252,0.5867821887913024,0.5771347339613919,1693596028.9506547,3,0.0037439066403974776,0.9322519012966805,0.1537144212502368,0.8300257121897122,0.7618484815925894,0.00013893416472477674,0.0012381293278904226,3.579753006919534e-08
253,0.5821064795277721,0.5764189349145651,1693596029.0925024,2,0.010704896217828365,0.9001027381356047,0.05105434800049051,0.8449606524471641,0.7530170437011525,3.748265824470348e-05,99.73728979831549,6.141139638905425e-08
254,0.5782206231149893,0.5739769541461146,1693596029.2400324,3,0.0016982892572031533,0.920424461138476,0.0752705366741739,0.8143510241826124,0.749767363355201,0.0002839376544170327,22.21901752179587,2.0538012825739425e-08
255,0.5792815471771562,0.5749084891163223,1693596029.3889763,3,0.0005742919918858521,0.8920398978706707,0.24615535414188752,0.85287196792359,0.7964327320757165,0.0006767277581137252,61.01653480961729,7.276415971712508e-08
256,0.5777657875835176,0.5737068682112862,1693596029.539704,3,0.0002559518119589354,0.9343980861110726,0.005577681171778857,0.8278236382412812,0.772152442155535,9.00284009130573e-05,0.0035030409231952917,3.41799347158514e-08
257,0.5884340222575517,0.5775469495345711,1693596029.6857092,3,0.007026517231745388,0.9128480547933538,0.12476316555935028,0.7132484216085215,0.7611879412715626,0.00013607791127187005,38.67702509387627,1.2717516088142043e-08
258,0.5835080188849867,0.5758054510944537,1693596029.8387856,3,0.016507751118042133,0.5378518520593667,0.19048888409987078,0.8401520764550151,0.7459258571029314,3.961064179448628e-05,0.04392070919155038,5.4043465138724133e-08
259,0.5782271899711833,0.574080741045708,1693596029.9869814,2,0.0001338196140111469,0.776754130062825,0.4004003669881647,0.944477116726794,0.7764143417414978,4.0478382848890807e-07,62.26574893168514,2.8067008216432772e-08
260,0.5857528071695429,0.5772062572632717,1693596030.142417,3,0.0013798282549436023,0.7345879582731204,0.17880904132867906,0.8542804021380833,0.8081880283252388,6.739280437799154e-05,0.3135716907161758,9.237314506032751e-08
261,0.5808136700845897,0.5772978405985371,1693596030.2897298,3,0.0006623946921793828,0.6265522599024057,0.7768357705610143,0.9330302668296778,0.508813259568836,0.00020402853176879892,7.224452517469944e-08,1.791910947801894e-08
262,0.5777220803111441,0.574044707701314,1693596030.4356718,3,0.00023374648675244134,0.7894524017636332,0.10213114806579306,0.5051484345811903,0.6117879382792898,6.767156733183722e-07,27.270080939658698,4.4803047001066315e-08
263,0.588125272363052,0.5782192436670066,1693596030.5828352,3,0.003961345821787574,0.9422156090139766,0.23062241265471142,0.9595431250414482,0.7911360254786454,3.9864001893268125e-05,97.31409844893271,7.551471197604137e-08
264,0.5786868699047656,0.5741138423649068,1693596030.732146,3,0.000420896005078069,0.9267328640549533,0.26963185695652425,0.8205225485445268,0.7576487335044819,8.558849849412925e-07,39.88189771190984,2.8939232803829836e-08
265,0.5898507407413787,0.5783112571835748,1693596030.8815837,3,6.614393528792193e-05,0.9025858496654817,0.14979388168272117,0.765021753284062,0.7641355355416938,7.855619302383735e-05,63.34329796500616,1.112430066401588e-08
266,0.5772335492716604,0.5736117528611131,1693596031.0355916,3,5.8657099094240745e-05,0.9000329703510833,0.1363078996726825,0.7614560015521583,0.7858739740643427,9.879547849031485e-05,0.010954697136203667,1.721470148105963e-08
267,0.5773827568566591,0.5739017856237213,1693596031.1880412,3,0.002374342057446559,0.8375683437328116,0.1561068802001159,0.793652886166914,0.7645864038771841,0.00014784563435704074,4.283117582632049,1.385921008736465e-08
268,0.5788688041173542,0.573862537240116,1693596031.337137,2,0.0009008911558398817,0.8686120742986003,0.08471498966969583,0.7763168283952375,0.7693671871079057,7.262507810763122e-05,21.29543409927105,1.0018667832529182e-08
269,0.5884816050516134,0.5777024147933101,1693596031.48811,3,8.412516036410371e-05,0.9084174043468671,0.5086402406900301,0.7529649123452695,0.7530953382267328,0.00021449623440528698,61.83345673584768,6.168293476945584e-08
270,0.5884803132110507,0.5777032298736734,1693596031.637758,3,0.00020207999080041171,0.9061921403257935,0.5321925698511949,0.7299475420764373,0.747243292373177,0.00029451739272052396,99.9691169586289,4.99738765035022e-08
271,0.5,0.5,1693596031.7792096,5,1627.0124362159813,0.9081727861642626,0.702871213607768,0.745780756147466,0.7503131805806502,0.00014000223095496155,0.10991461537279008,6.301513089733026e-08
272,0.5880281690140846,0.5776124389776501,1693596031.929046,3,0.00016136800893731156,0.8940703255203989,0.5979263691162653,0.7373199520356456,0.7478420290277741,0.0003042288820498668,98.0870911466209,8.279907824650082e-08
273,0.5786214166495857,0.5741232837124483,1693596032.0809174,2,7.294718292173553e-05,0.8810884758893955,0.5223233699419869,0.7183507609159965,0.7558123309522896,0.00033820018984318857,12.83067920626945,2.000099625623617e-08
274,0.5890149198972728,0.5782672541645173,1693596032.2288914,3,0.023398527639027854,0.9140342194707872,0.11007004205930154,0.7557532263434905,0.7422762536814365,0.00046652260170641037,38.38883277438943,4.76489987456004e-08
275,0.5765246517628456,0.5731946807674362,1693596032.373527,3,0.006703540539513575,0.9136244789929091,0.07114611732312724,0.7709066889837997,0.7427610592261407,0.00101891674673651,33.30789784406226,1.0712227191821225e-08
276,0.5821064795277721,0.5764189349145651,1693596032.518877,3,0.20983927058750532,0.9053415881116714,0.10807963004508805,0.7526132939602594,0.7768997868821645,0.00017577431228818385,99.90724462707924,1.0403400492974352e-07
277,0.5884340222575517,0.5775469495345711,1693596032.6664999,3,0.00010189646177898975,0.917628556608374,0.1282590808847811,0.740397086233029,0.7377050474599062,0.000495532332990232,35.56164476743562,5.0916899215257386e-08
278,0.5782510890215944,0.573998836789757,1693596032.8136468,3,0.03308955653145371,0.8983588769372787,0.09870989483476358,0.7328134726395943,0.751276404206167,0.0002538784217432234,20.226375670680408,2.7948846515136436e-08
279,0.5797494087676358,0.5748820329661971,1693596032.9599361,2,0.019339123581581876,0.9208526847820729,0.16014641581795488,0.7543615551391566,0.7604577631593129,0.0005791097693036249,66.7627994501708,2.246392442253771e-08
280,0.5821064795277721,0.5764189349145651,1693596033.1091967,6,0.0049243759342631884,0.9061949549483921,0.05693257936215411,0.7536163876304869,0.8717314769324953,0.0003917423131022955,50.37233399596504,6.560587134497433e-08
281,0.58664073224968,0.5769015756952454,1693596033.264859,3,0.016041420718127145,0.8830164850561129,0.002361657480740208,0.7733459207207636,0.9543297969929481,0.00026021382238943885,1.412539929527016e-07,1.1605284044813906e-07
282,0.5881125692641849,0.5776934036270713,1693596033.4144955,4,0.06850337311543962,0.8937825689805508,0.1915822998672292,0.8097026134383821,0.7876607119477966,0.00011200542501242506,9.287052807016064,4.0669280291695636e-08
283,0.5847356980331297,0.5772114873622696,1693596033.566417,3,0.0027442988952706645,0.9181401325303638,0.8325123257029313,0.7847796899889489,0.9921920932065351,0.00018956320319183382,30.44648262493194,1.660231139591749e-08
284,0.5765246517628456,0.5731946807674362,1693596033.713751,3,4.964211555249198e-05,0.9313069981258023,0.13707930493589657,0.9731353280904115,0.7703548368475117,0.0008426924398108527,68.74285301574699,6.908086223899926e-08
285,0.5761673501938623,0.5724389427828075,1693596033.8646212,3,0.0013052964530201278,0.9079672487816828,0.0857819818624269,0.7704670637308277,0.7386662057396396,5.768248872630044e-05,0.0007294901796400103,1.022818530121528e-08
286,0.5785932114639654,0.5740998841136853,1693596034.0107446,2,0.030805726221133076,0.9259020092976697,0.1187539765054402,0.8003041019275461,0.752256498170823,0.00010793620225223998,40.22337478404844,2.821733202778171e-08
287,0.576868819619441,0.5736196093301706,1693596034.1634462,3,0.00018093834536427966,0.7243042772266162,0.0016055064078122246,0.7473144006811733,0.7338898672984997,0.00039558690987840284,2.6119956316827944,9.447825494807204e-08
288,0.577380819095815,0.5738897405472414,1693596034.3148985,4,8.705107536397812e-05,0.8930282493814493,0.036295626223853454,0.7593235575634124,0.7783437540317879,0.0002559129117989209,1.523440747251934e-08,3.999120874971303e-08
289,0.5861883727459535,0.5779848627803152,1693596034.4608402,3,3.662241818316295e-05,0.9132558587824788,0.18722445883545302,0.7304939868333374,0.7641172370806393,5.780131010702113e-05,99.56843826189765,2.049798358308557e-08
290,0.5765246517628456,0.5731946807674362,1693596034.6066759,6,11.360302237377327,0.8747660369038543,0.0006823046680164643,0.7251319301451011,0.7484879830203319,0.0006063663988462784,16.947877291242452,5.3193834720322774e-08
291,0.5765246517628456,0.5731946807674362,1693596034.7518718,3,0.008695696108836234,0.9363871716788972,0.06494736675021691,0.8047765055139612,0.7421507932939841,0.0016142702031630304,50.70414173341378,1.1267415803564628e-07
292,0.5821064795277721,0.5764189349145651,1693596034.896857,3,0.00024830266954470765,0.9212233966197111,0.02613700869159132,0.7409165762843131,0.8359780472924064,0.00017438560101389001,27.4982982667883,3.159611674568356e-08
293,0.5821064795277721,0.5764189349145651,1693596035.0412686,5,0.001726868041842155,0.9016540813161301,0.018004226472879935,0.7639406815744701,0.7712753737086718,9.25978258442122e-05,65.01288908191557,1.5391935044138707e-08
294,0.5787045250591233,0.5741363929216248,1693596035.1926455,3,0.0008373315271035911,0.9387787694110306,0.21816452068679937,0.8265547579261061,0.7571237072340904,4.2703069634663115e-05,42.723183479892334,7.08074862023496e-06
295,0.5860839489671305,0.5770630748127851,1693596035.3450277,3,0.4259955284734994,0.8880881300324753,0.49613681531767756,0.7918251599272854,0.7861863350864335,8.73910402495748e-05,0.16303875022909992,4.860128069524892e-08
296,0.5871800756846325,0.5774105480998846,1693596035.5002878,4,0.00015298319767061345,0.8678434095794434,0.009627855371670938,0.9877847015811726,0.8013092412959382,2.328775410610622,0.4533464764960318,2.3161068867906287e-08
297,0.576843521075087,0.5740411417247245,1693596035.6487975,3,0.004196421309261886,0.9280024748865376,0.047877362752680626,0.8184590457206102,0.7318373985951201,1.5471319929282634e-06,13.053631737101798,7.615054040418517e-08
298,0.5898507407413787,0.5783112571835748,1693596035.7975333,3,0.08178857700073465,0.9146658882974625,0.16346640069805748,0.8360277886114316,0.7612791897627551,3.363694059253404e-05,63.06977213571604,3.710315113797964e-08
299,0.5874287549929639,0.5771655258862277,1693596035.9518251,3,0.025446372557311244,0.9116959251814872,0.15705585504628236,0.7791985104370346,0.7654220581880956,0.13413483085513717,0.03823727159380913,3.7773755367938773e-08
300,0.5765695432224016,0.5713142450870579,1693596036.1023314,2,0.17809312002186736,0.8980387052612402,0.11989941110661555,0.8324059074427095,0.7777201483516619,3.67624863534926e-05,1.5009593332425912,1.7008276340388453e-08
301,0.5760829499437619,0.5727222284912972,1693596036.2547672,3,0.06930265302072373,0.8542654281805934,0.09269296975317212,0.831766969777421,0.7582901935051963,5.632108120271941e-05,0.00016044206818771384,2.7692927293435657e-08
302,0.5821064795277721,0.5764189349145651,1693596036.4001224,3,0.14271779780756538,0.5010261663440253,0.16799348278276022,0.6415567718921197,0.7691308220479041,0.00019699147508319678,67.57522290084309,5.913583842871867e-08
303,0.5770197496585235,0.5737519693247222,1693596036.552951,4,0.045252974949877775,0.916378835968836,0.1395921582575262,0.8124316339011819,0.7468312100544393,2.8298793226147384e-05,3.200362787557745e-05,1.4802299168501403e-08
304,0.587013212945276,0.5768539387762346,1693596036.7007205,3,0.00031157813041551597,0.9051371989146864,0.27220280729015534,0.6574291586475136,0.7822467852022738,0.00014333634459166457,0.0022759680760082285,2.478053617690189e-05
305,0.5871613439964725,0.5772117816968451,1693596036.8516703,3,0.10643126723315592,0.9272194082664246,0.20278764548031375,0.947527373502904,0.7562186692220287,0.00040063659669485873,1.0232560685519576,4.2166873118276033e-08
306,0.5821064795277721,0.5764189349145651,1693596036.9978004,3,8.168724566320123e-05,0.8861844706207591,0.08110668626833129,0.920326846894203,0.7951125698354501,2.207970691592371e-05,99.85354099234877,2.4142605533431988e-08
307,0.5852087269858605,0.5776871659981799,1693596037.149524,5,0.0008443211591008046,0.9060941745385751,0.10837645908238942,0.5951721804874445,0.8113072038706812,7.757314864315049e-05,26.40308840626799,7.285256357909665e-08
308,0.5867014487561298,0.5775941675928395,1693596037.301094,3,0.7453341811078511,0.9152095658476954,0.21983918385237658,0.823130474153057,0.7416116311223304,1.8355430694528307e-05,0.0004489860969379862,1.1663554416250676e-07
309,0.5898528938089833,0.5783313851403241,1693596037.4511623,4,0.011381335199057104,0.932805832328298,0.16470269703739998,0.8411576999170506,0.7648421426735587,0.012954170762135894,64.37540425691031,3.4799229019838176e-08
310,0.5869807016244465,0.5770504410671539,1693596037.6051538,4,0.003504930569149897,0.9317274016870659,0.14983346032603145,0.8449729819981395,0.7569908136231207,0.002422866812753269,0.032789399932693086,5.027608838923321e-08
311,0.5859534730702917,0.5772479622085273,1693596037.7612982,4,0.00845033803714043,0.9217043626006183,0.12391932772623257,0.7083600144778557,0.9281554092729365,0.0002370925461786025,9.079830770333233e-07,1.0821232441334268e-08
312,0.5785344327183598,0.5740568546628391,1693596037.9133892,4,0.016822315582725917,0.9424381806449889,0.1704489833765133,0.7847528120353936,0.7458789726179934,0.02760879412633453,44.323410659502215,3.3483075175298316e-08
313,0.5765246517628456,0.5731946807674362,1693596038.0635087,4,4.268409087343018e-05,0.9010809376429063,0.10300115505345223,0.7505464305464384,0.7777750564814386,2.7647857046279773e-07,68.62162877248433,2.0479920003035997e-08
314,0.5854554685333476,0.5776365291306098,1693596038.2185888,4,0.0023946298403848413,0.8742692730656973,0.895928201693697,0.8423097625840753,0.7350158635039316,0.0004763613888086414,23.217652352933783,5.60440031205883e-08
315,0.5777220803111441,0.574044707701314,1693596038.3681343,1,0.00013321686613336194,0.9232724861239424,0.19340443184881362,0.8047726513226001,0.7627099879530312,0.000921647720464484,98.9249197092088,0.0006432386815819711
316,0.5867882173805953,0.5778603818959422,1693596038.5242171,3,0.010134546846465092,0.9337180192891621,0.2573243810073268,0.9159074866671292,0.8237059377119681,0.06160013937215144,6.7587953767688145,9.992440060457515e-08
317,0.5866458996119311,0.5773063083778669,1693596038.6790109,4,5.5431937630088594e-05,0.8424437546930407,0.14918484961615439,0.9970151790989074,0.7906147794647691,0.0001379335172472566,1.6480537496574834,3.6338076699116995e-08
318,0.5765246517628456,0.5731946807674362,1693596038.8274887,3,0.03913753088924503,0.8934260100353957,0.06816887729430954,0.9352758246718088,0.7530355530800482,0.00028343525691581876,36.39128723973558,1.4725397701294125e-08
319,0.5848372151706865,0.5779101131186641,1693596038.981082,2,3.668618730064125,0.9134088292032713,0.1990085962370237,0.9680547274193289,0.9150601527844837,0.009866920664500822,56.54954471283407,1.0190585490437728e-08
320,0.5774850275678776,0.5739089175769002,1693596039.1338546,3,0.006037946037628826,0.943331051466414,0.12528034689447187,0.7654447836965679,0.7287822227668737,0.0013640687140909582,3.9917386909819053,7.369808076649838e-08
321,0.5773747905065222,0.5739056119732044,1693596039.2896733,5,1.2033558850733637,0.9078131566749256,0.040257241309357025,0.8378470332486521,0.7699349736495511,9.966503484223161e-05,0.013457137579182068,0.00033033672924563537
322,0.5832052975797798,0.5756378841564317,1693596039.4441924,3,3.314051889386495e-05,0.7648716284577264,0.2734502931943552,0.9557185589639711,0.7382055408283592,5.0326904126876406e-05,0.08033531916013786,3.5598024353731517e-06
323,0.5882901973415644,0.5773827448030475,1693596039.5995097,3,0.00143423464228238,0.9231822337195927,0.6782355198504572,0.8207484715923078,0.7488334709698587,0.0007602741434438382,67.32883597381668,1.2953845548002973e-07
324,0.5879381707882122,0.5773377568952176,1693596039.7533934,3,9.440934473961558e-05,0.6922873667416447,0.46091730039270334,0.7425605332101676,0.762276491267741,0.006501002812642959,99.92228181809101,2.748326376615934e-08
325,0.575659872159458,0.5725402165179477,1693596039.9102428,6,0.00020048907304662242,0.7902018535363815,0.09324716392009459,0.8587961539047108,0.7838767253719748,7.12591357227045e-05,7.259380349264494e-05,4.5426058243747314e-08
326,0.5782383859227272,0.5739849125002172,1693596040.064039,4,0.012589090301255176,0.8892284830590803,0.174201300169034,0.836868283767649,0.7737828259362439,1.0233256863026557e-06,35.44159718642468,2.234793746639755e-08
327,0.5,0.5,1693596040.2149584,3,0.00046678235085705977,0.9330297409534001,0.006389138188200398,0.8477017666764948,0.729236111935858,91.98876113368715,4.770159884391072e-07,7.015181041122033e-08
328,0.5,0.5,1693596040.3630724,3,93517.85319028533,0.6461676242220842,0.9894119251260901,0.7946000619204018,0.742585612166149,0.00014638791971485505,9.798706103686648e-06,4.066241728944363e-08
329,0.5786756739532216,0.5741081368023635,1693596040.5190182,4,0.002551978814920818,0.9162724864304947,0.22972625059786098,0.7265203783906801,0.7571806494633501,3.764869239130724e-05,18.626558473741923,1.7486190272685568e-08
330,0.5845230826071753,0.5768766138591194,1693596040.6772969,2,6.556465712853717e-05,0.9026529399485607,0.13921749480265877,0.8305973143229437,0.8099642510065957,0.004845440863026409,45.72429041363385,1.2897875872110716e-07
331,0.5806198940001759,0.5757157243311268,1693596040.8284478,3,0.0007684355076564189,0.9427915823181764,0.30115530098302234,0.8194416433100298,0.5855879296065349,0.00038003876500112074,0.6658106770909107,2.9455156845518004e-08
332,0.5773207485096467,0.5738345188526276,1693596040.984352,3,0.059298204155799124,0.9324366881199389,0.008816448047572992,0.7547440989979535,0.7677282890971339,0.012579759566057475,0.12454048637530254,8.003582598079953e-08
333,0.5884602896823279,0.5777223389799685,1693596041.139109,3,0.00014044286879884028,0.8790647979693689,0.5654918582305416,0.9283069010618767,0.6880938069957512,1.8585476117454397e-06,67.13472357658914,5.4716466155963086e-08
334,0.587961423918342,0.577437151417298,1693596041.2933002,3,0.004763987075469414,0.824414421099086,0.4313214841147275,0.8545349797813638,0.749059747641907,0.00010362764749979941,27.54853484929447,1.8498454256506415e-08
335,0.5777808590567497,0.5734819286721362,1693596041.448177,4,0.000249680777570123,0.798010521265215,0.16755896140434598,0.7698515625116849,0.7798468383409749,0.0023526054478415024,13.010605500448362,0.02084083369387785
336,0.5821064795277721,0.5764189349145651,1693596041.6001935,3,0.02174188644465931,0.8293821699244064,0.03065196715421131,0.8443422378337284,0.909227908928216,0.0002544250069471724,43.12545990318726,1.003244956675785e-08
337,0.5898582764779948,0.5783330832244143,1693596041.752751,5,3.091700951885891e-05,0.8959617831444158,0.22000387031292767,0.8117581807665089,0.7280431304687374,0.018046729665335003,99.30941000060784,0.006544866210202729
338,0.5888321244576423,0.578182768820749,1693596041.9081688,5,1.8749716888464474e-05,0.8641588925839875,0.21248516619631294,0.8096096018792235,0.7246802160149242,0.01760170878532865,64.61602915421163,0.0012461174984710213
339,0.5866566649499542,0.5771547260714142,1693596042.0654607,5,3.188960333707952e-05,0.895298804053381,0.21998770499774015,0.8100605256890637,0.7091306297126411,0.035015794269040966,0.00756595639418247,2.7701050217274625e-05
340,0.5856195322848182,0.5757826741265236,1693596042.2231905,5,1.9893101736816045e-05,0.8657822301307257,0.20702280424611638,0.8025117172295416,0.7225823245213678,0.008189692978209422,0.0038589618552312493,0.00371584553135461
341,0.5769400861571534,0.5738230850864202,1693596042.3800418,5,1.7084889533192363e-05,0.8917078227131952,0.1085089122590118,0.8135130949636746,0.7252017144357791,0.01957012682988874,0.0017869658127822904,0.005708280915543297
342,0.578687515825047,0.5741149744209668,1693596042.5348303,6,3.706370874580499e-05,0.8798822719335777,0.2625147863593128,0.8300574392607634,0.7301560964016348,0.012617832914159284,22.87209100736631,0.0017516155684084152
343,0.5884340222575517,0.5775469495345711,1693596042.6896958,5,0.0014536933650624718,0.8727146019713956,0.1457124955309467,0.7957754993162052,0.7003985797538697,0.04698538164688267,39.150236403413786,0.00019302012235423123
344,0.5888243734142657,0.5781545579837302,1693596042.8452654,5,9.598450974721764e-06,0.8151255968519558,0.18099163185356512,0.8169425384662365,0.7335056456894584,0.015067226863830128,66.11692823926457,0.004674404287473896
345,0.5898582764779948,0.5783330832244143,1693596042.9985406,5,7.275352648916114e-06,0.846648413469106,0.1773545032738813,0.8132895915990366,0.7237205050130531,0.020189255751645156,66.6461004365586,0.011824124624296708
346,0.5875499726991028,0.577451347400292,1693596043.151668,5,1.9668636319426775e-05,0.8099418167822756,0.1753623383241822,0.8050603507913066,0.7079485013730904,0.019230908414195027,68.63850194513886,0.010310312909337946
347,0.5845057504129584,0.5766842209316985,1693596043.3053558,5,9.405793350567706e-06,0.8349656708873485,0.12708269989460189,0.8175712065678384,0.7198282281370286,0.011666714000154744,99.80858643346598,0.015075475208335201
348,0.5898582764779948,0.5783330832244143,1693596043.4588757,5,8.285898030592195e-06,0.8475860518583276,0.1839428348761608,0.812148015485823,0.72809407603967,0.026915220358924477,68.2295292141579,0.009964092742569755
349,0.5898582764779948,0.5783330832244143,1693596043.6118422,5,1.0449937932718154e-05,0.8583083019967995,0.18205792729465858,0.8116457671771132,0.7034769848531015,0.033250844020634135,67.07101299568559,0.0035423002662343947
350,0.5898507407413787,0.5783112571835748,1693596043.7683585,5,1.3715156343575093e-05,0.8488276183260076,0.16533384473567567,0.8010209971416374,0.6953114652249978,0.022576944980357835,69.88084158729015,0.006246314165202984
351,0.5898507407413787,0.5783112571835748,1693596043.921966,5,5.0833820993864315e-06,0.8430038371004797,0.1807269286649077,0.7896719157067987,0.6936458735850564,0.02263873022513867,72.90090009971118,0.005542063122513279
352,0.588818344824973,0.57820387034571,1693596044.075473,5,2.40389616457183e-06,0.8520653472297971,0.19208974325902098,0.7893054299684961,0.6885855387671749,0.0368535025521047,67.52611029747038,0.006568899276071358
353,0.5898582764779948,0.5783330832244143,1693596044.2285435,5,7.374965751105783e-06,0.850502547580839,0.18322342106915387,0.7883119616017313,0.66777047449793,0.0237704356893013,70.42155455125962,0.005849898911546069
354,0.5888157611438475,0.5782047080671946,1693596044.3854148,5,9.247464188125595e-06,0.8600745737750964,0.20658223988248026,0.7996669606652793,0.6653607698748912,0.01974807584450653,74.24947333567637,0.00953511357902101
355,0.5845057504129584,0.5766842209316985,1693596044.5390751,5,3.4310788017166552e-06,0.850692026031903,0.1628887902295071,0.7840795418242641,0.6721278329569903,0.02693162677449576,92.2272624849813,0.0039150071244783684
356,0.588273618721009,0.5774954749455163,1693596044.6981215,5,5.008409996498004e-06,0.8433298474851468,0.2302989724462697,0.7998059246484325,0.6638881178039624,0.018453133079437026,67.57288953779577,0.004214380795931919
357,0.5856337425310085,0.5757840099526746,1693596044.8616824,5,1.456661587695829e-06,0.8601032614800089,0.1687771684964831,0.8087581527528829,0.6937627034831796,0.06684556512479622,0.00024670289744427803,0.00266310236311807
358,0.5881020192329224,0.5782354999920303,1693596045.0199602,5,9.579644475440265e-06,0.84385777302532,0.22557882444671987,0.7816654329526059,0.6862618086316542,0.02498387426451627,99.40849500611128,0.0062873243481161144
359,0.578673090272096,0.5741641396156587,1693596045.1816146,5,8.769129769522863e-06,0.8325434498145827,0.152852754720582,0.7937863450840882,0.6738017369605958,0.011633587615121777,32.45714935697799,0.009342386234792433
360,0.5888276030156727,0.5782006779476203,1693596045.346736,5,3.6895255442802484e-06,0.8600544973492534,0.18701389092198797,0.8157307298022272,0.6778135904364464,0.015206367560275677,59.15079059108957,0.005246903584200978
361,0.5885634216205882,0.577487618476459,1693596045.5033507,5,3.2375794757567984e-06,0.851051064760898,0.2611704444506749,0.8065408361259985,0.6813643692352653,0.03783019470698007,98.51957438985612,0.013764124462453151
362,0.5898582764779948,0.5783330832244143,1693596045.6604948,5,4.539546676674762e-06,0.8652237876432026,0.137272597547821,0.7915611950920787,0.6715065388361028,0.026749140860045695,49.76447001732547,0.006039700913186763
363,0.5756127199789173,0.5725886911584428,1693596045.8217664,5,1.401115064872364e-06,0.8422569775410587,0.1370307047618815,0.7887400098516909,0.6988332621788499,0.02693523080140893,0.013749015626095613,0.014943031448080697
364,0.5786823484627959,0.5741609472175693,1693596045.9801245,5,6.685297887425422e-06,0.8692566027898283,0.12520769589093347,0.7980464707639366,0.675859417252447,0.05701080161616018,32.019642923776075,0.007432975437679246
365,0.5881125692641849,0.5776924753411021,1693596046.1402874,5,1.259665338157475e-05,0.8607735773656934,0.22373997771050727,0.7777870706791543,0.6435998466254271,0.03738805877885081,8.47222623232688,0.002597521837267588
366,0.5865421217533895,0.5771263114643046,1693596046.2988315,5,7.314298903782942e-07,0.8546544674131997,0.14781555578179081,0.8072272178348164,0.6927919796776719,0.007955783888616586,2.851063842540379e-07,0.01062586930082933
367,0.5850946144028167,0.5755716588769134,1693596046.455647,5,2.5708884613298933e-06,0.8259100559651394,0.17940933730341782,0.7881726669868363,0.7049568074766436,0.07591483303523515,2.6116978928537944e-05,0.0019892778488334907
368,0.5786864392912446,0.5741096763986053,1693596046.609718,5,5.817659896983027e-06,0.8459158048689014,0.2685328724268358,0.8008644036571178,0.65837718993865,0.024733608942264094,46.73244064028588,0.0026915928265405717
369,0.5762417386796012,0.573535101345281,1693596046.767129,5,144.22197226659745,0.8672980090913199,0.003450849610167689,0.7762851527727023,0.6647522840093635,0.04380003885884383,1.0448730900743483e-06,0.001186829587626109
370,0.5769075748363238,0.5738133946865455,1693596046.9258249,5,1.7946276560528206e-05,0.8328088584240779,0.10102427947406764,0.8116460380657665,0.6509506969665818,0.018699824314065333,0.056734577561624,0.008654460056024797
371,0.5833267305926793,0.5771185568802926,1693596047.0846853,5,1.3514591845682641e-05,0.852523117871592,0.21993596499149518,0.8225423140885406,0.8012777604794998,0.08356415338419204,49.303190735387304,0.02575623097739272
372,0.5852550179393592,0.5775783867313611,1693596047.248272,5,0.011676252831422717,0.8729546676743889,0.14586862711335147,0.7871643805305415,0.9629587738335466,0.0067232081521006945,2.7812251326577773e-06,0.006553971851924227
373,0.5772486207448926,0.5738991366125406,1693596047.4045455,5,9.368748448683088e-07,0.865346498503162,0.11453585812799628,0.8234177308726867,0.7904014888908769,0.02970165590389778,0.006488330530035072,0.004089584568472024
374,0.5782377400024459,0.573984663447884,1693596047.5589886,6,0.006358913945692482,0.8480040563270405,0.18700599486156957,0.7966838607002932,0.6855745727110678,0.013879543755589075,27.865104248095953,0.012698994648126983
375,0.5570317465512163,0.5538692951619727,1693596047.707973,6,5.7281375518961894e-06,0.8821178868922859,7.364344298332541e-05,0.8172266740096562,0.703987207993863,0.11765118628539074,68.00746776738198,0.003095482630857015
376,0.588435098791354,0.5775509230513421,1693596047.8645387,5,2.8355889261824637e-05,0.8414478701521237,0.27125671196759443,0.8074706156820027,0.6524179665728274,0.03929614250615943,16.615876479237915,0.0015114025609946663
377,0.5868454889788776,0.5772313889078068,1693596048.0236437,5,0.08981296893677428,0.8578216103939791,0.15289432034677425,0.7693301947742254,0.6684098264433662,0.009365578117097886,0.07137254231393823,0.019413988955394097
378,0.5844884182187413,0.5768680555153047,1693596048.1795843,5,2.778587844092699e-06,0.8363305153630313,0.21802527624641654,0.8275474402590585,0.8631210469858284,0.024874337433072807,97.7084203904804,0.006269755272199677
379,0.5570317465512163,0.5538692951619727,1693596048.3329263,5,0.003701152069653212,0.8201414674604649,0.06281534001840394,0.7824339470832468,0.9846887086867876,0.004282896307439741,99.59903273819269,0.002604314135714438
380,0.5873518904794797,0.5774801469064621,1693596048.4905882,5,5.959218042529947e-06,0.8833882354330722,0.2877983372665581,0.7965462971357881,0.6435367462090821,0.38477229343857244,3.9878615548688487,0.005061841757743976
381,0.5771982389629449,0.5738591523924964,1693596048.6506348,5,0.0220387390260556,0.8598590805665292,0.11621307936102532,0.8127422266501716,0.6972141822128028,0.050750602382865884,0.001219936823722198,0.0010744607603382194
382,0.5771627133474689,0.57378844417098,1693596048.8078678,5,1.2700475153251726e-05,0.8760844137192916,0.0865449349185244,0.8251554359579526,0.6808194070358461,0.01575922210937095,1.15260591423274,0.02948792900775048
383,0.5884340222575517,0.5775469495345711,1693596048.9645867,6,0.22426325293419794,0.8368683610767584,0.1719782688385149,0.8104389840359515,0.7164029193019292,0.018411294507206993,40.95363600426423,0.0073004990356506805
384,0.5844938008877528,0.5768751082245593,1693596049.1241322,5,1.6677439401107507e-06,0.8261792170720355,0.13543448734786426,0.799825119548746,0.8170238302835067,0.03217374904205629,55.6789995370019,0.010440945261819719
385,0.5853460926990338,0.575809503855149,1693596049.2831333,5,0.002340850458035781,0.8679836842045299,0.21991184604093594,0.7756768215162808,0.7917358658026611,0.005774400096702112,1.4701649814425976e-06,0.0017820943511348798
386,0.5765246517628456,0.5731946807674362,1693596049.435425,5,0.3823451715704849,0.889268849566151,0.05070058433162691,0.7878159371437682,0.7110268286762274,0.05168828141222579,30.60813655641588,0.0174388932455279
387,0.5853660085743765,0.5775108482668131,1693596049.5971837,5,2.5651300182398316e-05,0.8062373260705586,0.29890163811620307,0.8271822648769711,0.8575355852567118,0.009073821394043871,64.21651066322038,0.004484130101546417
388,0.5866781956260001,0.5771822123925543,1693596049.7545216,6,0.04692762614191828,0.8476061504223218,0.19404128680389957,0.8200598347273592,0.7783689898687486,0.02089412115951509,0.7622868147604388,0.003179774790404262
389,0.5845463357373051,0.5769374165901094,1693596049.9103997,5,0.006991745779568192,0.7577694299699201,0.07635330500683869,0.8062152056317825,0.8972424466610138,0.01204851644851659,20.6606955742329,0.013685904055197456
390,0.5843518060792295,0.5774826147886731,1693596050.0727642,4,4.5757954623324073e-07,0.8942004886630298,0.15005270708518828,0.7924351974750361,0.824497980850468,0.0307066130013602,4.532450349355916e-05,0.0006986581933078081
391,0.5773745751997617,0.5739084647544761,1693596050.2321427,5,9.889159554040955e-06,0.8756574632884794,0.014497664397678056,0.8304079683233376,0.7222448885904262,0.10101447774489156,0.038698874715986556,0.008949071270834549
392,0.5773793119484918,0.5739249022084693,1693596050.3905945,4,3.479660239301067e-05,0.8620787643619084,0.0013583424660006092,0.8167482422357579,0.7349773641646273,0.05738296087254712,0.02204501242582666,0.043643484740816654
393,0.5856384792797387,0.5773428964297307,1693596050.5568385,5,2.3962066801410758e-08,0.8991822083522846,0.003946699482224506,0.8061078718580317,0.8499207205438319,0.02067219820321409,4.80257946673015e-06,0.004985619379873593
394,0.5794585293342543,0.5750787843094494,1693596050.710732,5,1.1546522648212373e-08,0.9135900787375686,0.10090880864302113,0.6543831409204098,0.555621814912129,0.00930474339358889,2.9123462426849556,0.0012976787478058292
395,0.5786866545980051,0.5741096763986053,1693596050.8669171,4,0.012882219951519438,0.8543588708941685,0.25241744241391234,0.762588251925754,0.6940768783792688,0.036206338925442394,44.602732547535325,0.0018450248563125586
396,0.576176177771041,0.572600758876044,1693596051.0258691,5,0.0032198698171983227,0.8162304043751383,0.024772665105188347,0.833578822875863,0.6701735392271004,0.08355470201650234,0.1382301782031226,0.0079247636323406
397,0.5864650419331447,0.5772258644742334,1693596051.1894147,4,2.2213349044705833e-06,0.8400913244104822,0.17887313204172764,0.5508328284557568,0.9700039578600597,0.016314165032570545,0.000245234129348534,0.022358904930207167
398,0.584338887673602,0.5774615132637121,1693596051.3554587,5,1.4643490718646133e-05,0.8842202393207214,0.12770270051786428,0.7826792475605467,0.9487993131908897,0.003224336734469764,0.0007568122773662009,0.0007832307662024442
399,0.5791732478766448,0.5724061584393059,1693596051.5140715,2,5.1050304680558155e-06,0.9177274250581255,0.24227924016555813,0.6696590516237761,0.7993837856768186,0.1852600616829554,9.777268324683214e-05,0.002676691325525822
