trial,score,test_score,time,max_depth,min_child_weight,subsample,eta,colsample_bylevel,colsample_bytree,gamma,lambda,alpha
0,0,0,1693596023.36946490,0,0,0,0,0,0,0,0,0
0,0.005990700775649116,0.002099301223110972,1693596023.4840071,6,1,1,0.3,1,1,1e-20,1,1e-20
1,-0.17831941744653612,-0.11848401098037153,1693596023.5757747,2,1.7913404771652702e-08,0.7316092632491723,0.04213758542413122,0.7101018022938637,0.7427135490838912,1.3421719117853382e-08,0.0007476805328662186,26.185840813869902
2,0.004269247731896519,0.0019849483170530924,1693596023.671295,10,30.87010544062739,0.5543680359344875,0.29479550109592784,0.9285771235364149,0.5825433087976135,0.021054267586068445,1.602640553145335e-08,1.4701873709556006e-07
3,-0.02932520029751573,-0.018546131141141453,1693596023.769984,4,1.1294317358014939e-06,0.8794897940802526,0.12341751262217587,0.6723122454796087,0.6593993984312168,1.308013781858416e-07,6.910849467096847e-08,0.13404769696322663
4,-0.3987075501505657,-0.27109834120756227,1693596023.8598547,7,5.2936818247909154e-08,0.7398986408297152,0.001019488668842242,0.9239894987734872,0.8589245896699393,0.010486740287511545,0.0033407056767168677,30.975903129420928
5,-0.05671326468637372,-0.036302729416579194,1693596023.9538414,11,0.00024814335252747557,0.6199373395262366,0.09597956337668573,0.5318432153873277,0.6823078214980205,5.0145045099546126e-08,1.5619857608596505e-05,5.056219870758005e-08
6,-0.06041287211219548,-0.03905886023266736,1693596024.0535884,4,186.77321934796618,0.9527001604000359,0.09185587222410166,0.7809093550724392,0.8080091925363257,4.1194138236065904e-05,4.87722718522699e-07,0.00023036120236381223
7,-0.0968305747737861,-0.0631176170547505,1693596024.1478276,9,6.569602760668527e-08,0.5103664894405857,0.07124269373531136,0.6499760047152772,0.8505821375217584,0.22216580214348394,21.332721903665163,0.00010075911150241139
8,-0.28387791599431544,-0.191348211200276,1693596024.2440197,4,305.75127874247585,0.8822455482722358,0.018326253916881197,0.9054832869775337,0.8211074293705276,37.53535505091758,2.181444732592414e-05,0.24128272468457024
9,-0.40129936832183843,-0.2729040639007001,1693596024.3376899,11,0.00022219485787341965,0.8058159983674071,0.000673520529416276,0.7307701456936502,0.5375009965543578,1.561110421599126e-08,0.39490685773583634,0.00033697031579184376
10,-0.40642645595608795,-0.2764706675759585,1693596024.4633036,7,0.7863691663417279,0.9913776012725353,2.6175614792643717e-05,0.98516068861046,0.9966211679152841,5.977373652939607e-06,48.6609776406029,2.914024144098926e-08
11,-0.4066328384686131,-0.27661411491309695,1693596024.5862346,9,94515.42220555426,0.6217665484933087,0.876581584167419,0.9836554672007347,0.9979938207932876,9.889625811681359e-06,1.1434401187912902e-08,1.0496360610414647e-08
12,0.007541868892738557,0.0029194118817138515,1693596024.7090087,6,0.5814111239961395,0.9995099580501857,0.8428961075214441,0.8656818887635562,0.5421167565808144,0.0017384942178497232,0.2020530582255729,2.1371952672318367e-06
13,0.007566086668117977,0.0028860004985509224,1693596024.8327472,6,0.022761225240397948,0.9800216054255582,0.861954848117579,0.8433725508156638,0.5227716912238667,0.00033338286019864627,0.41857680337372505,3.0338009952134324e-06
14,0.00705559670956879,0.0029235838887154975,1693596024.9581122,6,0.007067899716228886,0.9296912406236197,0.6129214252187366,0.8097228881321809,0.5034486443479678,0.0009017900427366418,0.12111041868802704,2.3239313174305188e-06
15,0.006509051808850197,0.0026840183878519275,1693596025.0820665,1,0.0382270278235098,0.911897229242179,0.8443569980869897,0.8406353773499405,0.5799014659427721,0.0006520019977769636,0.02057953746269811,6.695887735797313e-06
16,-0.3346278126755724,-0.22658745336244768,1693596025.2068748,5,0.0003484557132562083,0.8614454984677193,0.009926935639894767,0.8533680125637968,0.5011362883332725,0.0893142782334754,3.328404211901417,9.910872789640768e-06
17,-0.315749650823669,-0.2134969297937217,1693596025.3311534,8,0.02743505061733084,0.9556727840519157,0.012876460409152206,0.8629884907995575,0.5907404450600168,0.003347653507040723,4.7027626373889415,9.431334731161382e-07
18,0.002926607709285989,0.0010118502093152681,1693596025.4591684,3,0.6001829131353383,0.9942160925323926,0.2446050574691446,0.7887881273932931,0.6280766834341507,1.0134575960550587,0.06850156158246998,2.666267446407573e-05
19,0.006471288893913907,0.0026722780797647783,1693596025.5843256,7,1.0120195596218868e-05,0.8238732058507667,0.767331784325947,0.8853438358962162,0.5446550434778586,0.00010063698146014837,86.12192118132849,5.718045934652175e-07
20,-0.18121501224753622,-0.12077392273796583,1693596025.7344222,5,0.0019492821500221938,0.9302562925850308,0.040508652743092725,0.8087189818358349,0.6259719525932463,0.0026004171486861977,0.7692445731391581,0.0018330236024540144
21,0.0074939984099169354,0.002816817551954398,1693596025.8612282,6,0.01960233898624463,0.9397072105136768,0.9752541539972381,0.8216272963479418,0.5090637991246656,0.0006894802576799433,0.08176407836979531,2.6999879191214987e-06
22,0.002940457970438737,0.0014143454551702739,1693596025.9871562,5,0.0787426849772911,0.9390149949261475,0.2531651452150729,0.84080948257417,0.542275009603884,0.0003208953920806158,0.020298374521133183,2.331054851115319e-06
23,0.007671812335825923,0.0028178680182595617,1693596026.1136382,8,0.002429811416862868,0.9704366526793748,0.9808778390109333,0.7576467295172792,0.5263182097708644,0.006014926838692293,0.1530806242552719,3.46846738945598e-05
24,0.003997916385731881,0.0018773656806864158,1693596026.2413344,8,2.7227016496229223e-05,0.9762849707169078,0.27547902351027104,0.7610154533064166,0.5486250974113629,0.016237761797838902,5.866733950968615,3.3527783997448395e-05
25,0.0060315706977771555,0.0025667197360047522,1693596026.3676333,8,0.0020231792125927667,0.8956315864991435,0.3827723628615951,0.760783966463661,0.5962542082324557,0.004832094525331265,0.33405806282216655,1.421808345214583e-05
26,-0.012035937499490945,-0.007183826315889874,1693596026.4939747,7,0.27356579262101915,0.9975486259932935,0.15862028203138615,0.876731153586982,0.5533500094624823,0.04596879302573705,2.947717694361122,8.532166913878439e-05
27,0.00694638931562519,0.0028810978655130492,1693596026.619143,9,5.421513974972891,0.950879288815724,0.5236932544913282,0.7931211304593105,0.5046061335170527,0.0032268568185645215,0.005520037727453,3.0579778159936406e-07
28,-0.17608478207563882,-0.11722471621762254,1693596026.7462661,5,0.002607322170851733,0.9147055484660269,0.04224798756469103,0.9367401089047963,0.6059363120811494,0.52758817279261,18.540534091672736,0.0009880258411184342
29,0.006532554285902381,0.002269274651576003,1693596026.8770099,8,0.08780384194399236,0.973762976611158,0.39983315187660157,0.8921457630620885,0.6545052241909911,0.00015451566993340292,0.9992545431521064,1.6846958140277352e-07
30,0.0038858491883928536,0.001851195942529138,1693596027.0046196,6,5.4505494910836365,0.9964609676373914,0.27353010593132715,0.8346788458616743,0.5664593614528539,0.0015290090983594888,0.2794119147062616,1.1379100292590062e-06
31,0.00739926794581558,0.0029456422338559607,1693596027.1330838,6,0.016473397516616257,0.9438996208776362,0.7745477461793372,0.8176915302152914,0.5222540290083248,0.0005022208548323968,0.07508578409071269,4.440713348293968e-06
32,0.0075538424180361385,0.0029260939346451575,1693596027.261251,6,0.008672201702325393,0.9652719087755335,0.8530998044118937,0.7464111065613492,0.519764410283987,7.030318053734318e-05,0.9705805029956187,5.633707493424038e-06
33,-0.004338138740192843,-0.0025378854961635167,1693596027.3884904,7,0.14965715026196602,0.975890423683484,0.18715979569863922,0.7399491636897935,0.5585732600676466,4.265826505292544e-05,1.1127555317966298,1.9613593176391015e-05
34,0.006352658329650596,0.0027013680579388577,1693596027.5156167,3,0.006057968700662898,0.9067284175479137,0.42863487352150237,0.7034494547611437,0.525444177049566,0.014096160723197132,0.013071623086457995,3.1602770509998376e-07
35,-0.022312634160035927,-0.013645473680341302,1693596027.6434233,10,1.9030560225395736,0.8528745783994631,0.13569311587634056,0.7726054827791404,0.571173204721812,0.00012627797579349966,0.0014324099261862852,4.676907882352484e-06
36,0.007647656851101692,0.002869552420833421,1693596027.783797,6,0.0007360674304821846,0.9625933900386379,0.9553334655088761,0.7143005180477155,0.5306960673576544,5.483147089970602e-06,1.4304449784162139,1.1359180287456043e-06
37,0.006977933402247949,0.002282845552492585,1693596027.9165616,4,0.0006287886236155148,0.8830476856944204,0.5028066643529686,0.6902530410793581,0.6097686219952289,1.7160223236545887e-06,1.313857323758777,1.1203276185580607e-07
38,-0.00527485306989095,-0.003513810089577074,1693596028.050487,10,7.266147318093671e-05,0.956617175218114,0.182452312155625,0.726096011816636,0.6956369771994024,6.688265315829042e-07,11.502030443504042,3.895428343959282e-07
39,0.0059995094789435655,0.002603572821122224,1693596028.1791012,5,4.838422022131312e-06,0.9176929230792145,0.38174486911704036,0.6530908329263118,0.5743345208275465,1.892032577770716e-05,2.686688773611379,8.763696637768378e-07
40,-0.0580539279713459,-0.03704942383242016,1693596028.3082337,3,5.955126422342643e-05,0.9663483457115685,0.0946744085658448,0.7441002385048996,0.5183033603640378,4.4706623238190855e-05,12.824553310774816,5.262902757292918e-05
41,0.007626649086487136,0.0027631597641444294,1693596028.4387014,6,0.0007422948869528584,0.975224006762659,0.9985978827226438,0.7204819235557837,0.541398620375135,0.00022110202135185747,0.22953011375007312,9.28657776494013e-06
42,0.006717299506414642,0.0028002194418975668,1693596028.5668766,6,0.0008334825969656861,0.9668975355459981,0.48603883037875756,0.7122366368398803,0.5237401831560569,0.00018594292385086758,0.6429700277304458,1.1460258882655138e-05
43,0.007200012335792039,0.0025250943368574363,1693596028.6957238,7,0.00025201497879709183,0.8964099233764073,0.9719911015853983,0.6720127058337083,0.5325907515992983,3.1885865326686153e-06,0.03846564567266533,8.648767463360269e-06
44,-0.02085787015780216,-0.01270690194533719,1693596028.8240304,4,0.004559070780596669,0.9314962385668759,0.13836954733709914,0.7568709735062138,0.5702816712343067,1.5986131975619983e-05,0.18899188154054541,7.918275129606883e-05
45,0.006868961432421772,0.0028291947021900077,1693596028.9514027,7,0.0009841821799491627,0.9703145281178324,0.5183190457685976,0.723469851136792,0.5024571200331489,4.8950034966451844e-05,0.32263851094455814,3.433723707184118e-05
46,0.0034780065065500576,0.001655923961903727,1693596029.0791452,6,0.011481743596789329,0.9229153069107967,0.2641705168201673,0.630445695424344,0.5832274311451111,0.0002687507219514939,1.5158478918606522,0.0001548659105648628
47,0.006326899661160956,0.0026734697930019813,1693596029.2085648,9,0.00010732707001537454,0.7808991663743795,0.5689015579343321,0.7943213005883392,0.5488116691006496,7.310493661645013e-06,44.46040658846441,4.760388763373314e-06
48,-0.09877323596813392,-0.06438677299481066,1693596029.3358893,5,0.00048758348597916114,0.8678617846779585,0.06979239659365198,0.7745909951659355,0.536530612393364,2.0669783377824254e-05,0.11777539125396867,1.2057069285899302e-06
49,0.007400347524986417,0.0028044023236520887,1693596029.4662325,8,0.04840839347469848,0.9816772275777197,0.9996709512087028,0.7460687534010259,0.5927001621685383,0.0007203942736447251,6.988475473915805,3.803847635072429e-08
50,-0.0005777269992013334,-0.000404521679256975,1693596029.5989683,6,0.0065156284286913,0.9496751789077754,0.21063654788091968,0.6884044170693687,0.5245662308856653,0.009011935770771105,0.4922387505666769,1.6069617635593235e-05
51,0.007596566626568602,0.002768419741797201,1693596029.7303305,7,0.28075844756642754,0.9928872554225784,0.9951768735198949,0.7159510377809615,0.5512813254892791,0.0014323197597699625,0.05356361201605187,1.8696359124801085e-06
52,0.007206314960847338,0.0029270294371228633,1693596029.8640263,7,0.0018242608257529923,0.99705504280206,0.6320447277996452,0.7202644407307867,0.5598040136143937,0.0015887292819251175,0.054876371196401846,2.0963032620368878e-06
53,0.005384911095287048,0.002415906483970942,1693596029.994191,8,0.19652421640809523,0.9655119713912494,0.3286645825465129,0.7370829766251216,0.5229665878648633,0.00010632679022887439,0.19566771147604736,6.692029033270831e-07
54,0.007148294139152633,0.00290438381931013,1693596030.1233282,7,0.026914445461694424,0.9808062350269786,0.6074453718618602,0.7129080895018625,0.5011275095811414,0.0002886233861630618,0.010574288726211483,5.585386824027602e-06
55,0.007732280781845513,0.0028594328621389664,1693596030.252083,6,0.007520104317424304,0.9485911872582189,0.9854354919498829,0.7792300749800488,0.5608546780214694,0.0013638963422115589,0.038726465774591365,1.4819633321576433e-06
56,0.005832747696571716,0.0025740720706080022,1693596030.3811488,5,0.00027142160138655296,0.9380406057950857,0.3620705821464025,0.780694517325583,0.5574617186845277,0.004580916592286836,0.028060983115141085,1.612878891082168e-06
57,0.0073571434946271275,0.0029696886882327744,1693596030.5102837,9,0.061442505551696946,0.9512431211647383,0.6698762436170973,0.8089856280301415,0.5851898034923977,0.0006674279070447451,0.004685337008439008,1.3727413886470334e-07
58,0.005304980959173755,0.002412735185642334,1693596030.6399705,7,0.003640408642741828,0.9990102502108948,0.3265996785549418,0.7749132483131795,0.5446645112336679,0.007205621490303419,0.03447139342483299,5.013655442753254e-07
59,0.006583874773919751,0.0021967856635203287,1693596030.7728987,6,0.0012521906784235648,0.928423726488195,0.9393396852563881,0.7560143019723128,0.6181345938055279,0.0014063615786478508,0.10738161265559781,2.8072853460669034e-05
60,-0.002323815596905865,-0.0013766257341265575,1693596030.9017675,8,0.026205459577136214,0.9831261227621517,0.1985571388529874,0.790698997590823,0.5971037594030832,0.04881559734847074,0.0017042837817544713,1.4633648236895237e-08
61,0.0073399953399242435,0.002971205951883271,1693596031.030882,6,0.01062139900738102,0.9582720019947126,0.6759426941704991,0.733408151923721,0.5344299695265635,0.00038857905375344734,0.487030798183238,2.9297232903880585e-06
62,0.007267284449801736,0.0028896458104133993,1693596031.1600158,5,0.0036773202701865797,0.9053499725892269,0.7260314030206091,0.7006059100345592,0.518055991723781,7.114626062105662e-05,1.9448745376272787,9.328574288582546e-06
63,0.0062067802077886425,0.0026659067242299495,1693596031.290372,6,0.012495473747151535,0.9830837144298255,0.40460749293970494,0.7499061037171626,0.5695110922427509,0.0025918454789581663,0.7703039866344812,1.1389888279597424e-06
64,0.007483541861333376,0.0028148193900150442,1693596031.4194515,7,0.19596742838722186,0.9390813978283954,0.972690930930222,0.7678758850184071,0.5416093214165292,0.00023227090134401619,0.18284975806958098,3.269243704843416e-06
65,0.007043439115724248,0.002907364295807513,1693596031.5499244,5,0.00086897682825293,0.9579149484247953,0.5634836747844483,0.798832854653779,0.5109437231284213,0.0010169002624046428,0.0669120440657957,8.058145911582318e-06
66,0.004949352621186898,0.002276641498367482,1693596031.678734,7,0.0001634011443374328,0.9993721309341489,0.3076157241484921,0.8208148424038033,0.5565845316353881,7.684798221861271e-05,5.52156313317316,1.8360553982267637e-06
67,-0.02844714769264467,-0.01758511632036508,1693596031.8082051,6,0.05019788182112319,0.9252168328868288,0.1257849768456177,0.8506870469077099,0.5835285580421231,0.006595068734857252,2.0423263856957337,1.842021977989281e-05
68,0.007645457879770001,0.0027981383474592336,1693596031.9381447,8,0.42856189085692814,0.9808642415814092,0.9713291278401303,0.7324383485904595,0.5345529493901057,0.0023755665369114064,0.36880899241803,2.3591108556737937e-07
69,0.002300749212701514,0.0011087894136386778,1693596032.0665305,8,0.6656147530122977,0.9830143615018692,0.2418302151562648,0.7310780265968626,0.5390651848022424,0.023800859258182334,0.013435109279500616,2.683497716024709e-07
70,0.005643842696518853,0.0020989637586142917,1693596032.1962068,1,0.23061231545116725,0.9449721903621976,0.4561983773974067,0.7626076685629111,0.6277313983986065,0.0028100672940632116,0.33819222356294576,6.860360072507107e-08
71,0.007409135715016668,0.0029435332138102455,1693596032.3242877,7,0.01810512764805477,0.9672768780924597,0.7400786648511116,0.7119805611012908,0.5170475985821789,0.0006133616908051236,0.785053277573204,5.493515677722425e-07
72,0.007582620938798024,0.002757263011250566,1693596032.4544673,6,0.0025192778566984386,0.9837686527083714,0.9926652157709769,0.7421578747973497,0.5655140115826613,0.001341950263480919,0.120674677619067,8.306713156348605e-07
73,0.0073472776073323365,0.0029432303978396135,1693596032.5846841,9,0.0022104124672190605,0.9828180396617536,0.6912228232061783,0.696040546232639,0.5653593759322801,0.0014139936058625148,0.12606061059507587,2.4104519051059435e-07
74,0.006789731733612303,0.002833057805238015,1693596032.712878,8,0.0004868522242404754,0.9520091550128568,0.49056925820465264,0.7219975808300171,0.5534528631667012,0.0034526571071716687,0.051631068017068925,7.319424046413868e-07
75,0.007254163087359489,0.0022892525658102514,1693596032.8468237,6,0.08530398433444185,0.9830208307923562,0.912209618824015,0.7417104694485879,0.6074564735518215,0.0003268196777256123,0.23914099434310016,1.5148569452018214e-07
76,0.005645999288129477,0.0024920120938127788,1693596032.9765954,7,0.003904699121911097,0.9690824417045691,0.3462296842371098,0.6795466396445483,0.575313237477483,0.01535455998499726,0.0287529025788142,7.372536646995803e-08
77,0.007227904997155088,0.0025876404459688196,1693596033.1053736,5,1.576397794805123,0.9114487049558145,0.9959478760836213,0.7625292478130128,0.5378825808435892,0.002161461412201435,0.1060496394260601,1.2806601072270121e-06
78,0.00666580588133403,0.0028147860376460665,1693596033.2365603,8,0.0016809834282557376,0.9424274171755123,0.46879823151484107,0.7049342000589734,0.5047938145140783,0.0009493936386759518,0.30956717764522673,3.331686892040261e-06
79,0.0013244371092726581,0.0005892393006255991,1693596033.3658178,6,3.235162175038569e-05,0.9882925120332016,0.2306762798792316,0.7860342184325652,0.5303929387966747,0.005664562323991194,2.9484799009232296,3.846990273034534e-07
80,0.007154320993932317,0.0029351876890342243,1693596033.4967856,9,0.45027226127116277,0.9291258244872663,0.6807882617219471,0.8285073812773615,0.5510026300576216,0.00046252530584746073,0.43807046063162236,9.63968016697791e-07
81,0.0073351361465168186,0.0029469495368669163,1693596033.6259825,6,0.008087800094184885,0.964559085848738,0.6909501929443177,0.7467255067140897,0.5167410237521778,0.00014888195946966747,1.2807356219254256,5.603149275826035e-06
82,0.006547192601308982,0.0027445676635985405,1693596033.757541,6,0.10857345101260786,0.9733832817516413,0.4561745331904078,0.7283908831518885,0.5309904779228992,0.00021319975347467923,0.8284092505307795,1.71009966497793e-06
83,0.007662641356532274,0.0028610872151298983,1693596033.8891509,5,0.02364289353128544,0.9563705762696938,0.9876798781812077,0.7507541610011387,0.5646559920430035,2.9262368866263728e-05,0.15849145352318023,3.5468968714991113e-06
84,0.007668761673608859,0.002814060402610896,1693596034.0185273,4,0.0336820892991539,0.9559119421650715,0.994335508872915,0.774469248164263,0.5625420921277907,0.0015469978061955205,0.14066261867277988,2.847034803121889e-06
85,0.007149826210352206,0.0029440505423901087,1693596034.1492505,4,0.029178336585679053,0.9486025607787131,0.5706658292549224,0.7732147210781347,0.5719423838211002,0.00945766327443266,0.07633067869310357,1.2349388998984601e-05
86,0.007352290048175392,0.0027053665698153484,1693596034.2796204,3,0.0004424437068234965,0.9178352802991393,0.994909902801124,0.7506402210148814,0.5959269799592811,0.0019320312983082829,0.15260625155442842,3.0300834448069116e-06
87,0.004782102523725018,0.0022019511065941577,1693596034.4083066,4,0.05199277595879281,0.9907647852262085,0.3026756071868447,0.8029221991332068,0.5620988799156603,0.0010735123719574893,0.021023407467457702,7.663458540788281e-07
88,0.007481989576390791,0.0029762143908010907,1693596034.5386941,5,0.005150344566324131,0.9566958621796585,0.7663607785285426,0.7834398268575848,0.5865126899301069,2.952108289492212e-05,0.045431271941808855,4.918053577836741e-07
89,0.0062579722215917455,0.002704287873254607,1693596034.6688652,4,0.0011813363989236197,0.9375944719975161,0.40716332624474544,0.7219010316691942,0.5455135807155433,0.005033024408382082,0.08481515251842306,1.9673774381757377e-07
90,0.006944425317734981,0.002779625108359385,1693596034.8005674,5,0.13115905819505252,0.8979159550008369,0.5626711945872875,0.7341772425665277,0.5782043908434461,0.0001412804923771315,0.22623350071251433,1.9378919514008226e-06
91,0.007451440397564846,0.0029252134743017466,1693596034.930516,2,0.014778916953446849,0.9737291368431447,0.7696137751821885,0.7583438883988131,0.5506470594930388,0.00042385106540844926,0.49327439450154703,7.4255236191067606e-06
92,0.007490767651594843,0.0029140801781457615,1693596035.061059,5,0.030040234219853475,0.9913493756390628,0.8026758646654122,0.8024981797473781,0.5000958604220972,0.0006460311172597782,0.1699314484027557,3.5738058113742653e-06
93,0.006957275920615791,0.0028799098478650142,1693596035.191773,6,0.002905551475732973,0.9591338989783151,0.5357805877444037,0.7108024920699518,0.5287747204213062,0.0033604442110186095,0.04397623451793959,1.4276281832896734e-06
94,0.007638838558134853,0.002787379557328551,1693596035.3232584,7,0.007009197455495946,0.9736201325586824,0.995435124525872,0.7687324139800153,0.5618842498865414,0.0010830217654835134,0.4679471870464011,1.4545336294708656e-05
95,-0.00972886471185408,-0.005754060608710532,1693596035.4564774,7,0.008525391239654994,0.9995838585538513,0.16547113093463564,0.7650889414368905,0.5706982603613929,0.0012295669018059128,1.4687376471069766,3.628019726537252e-05
96,0.005997975064052086,0.0026210843608328593,1693596035.5889363,7,0.00016467526050490837,0.9339524165854609,0.38110902199850816,0.7388792409929263,0.5613748171625134,1.1685515448506549e-05,0.5985493472626509,2.0311326817088053e-05
97,0.0069185574779986325,0.0022171878585832694,1693596035.723088,8,0.3899213659535137,0.9700983732439661,0.9883915625399061,0.7814720522797561,0.6016540098802678,0.001812907059624027,0.287036992583318,6.254956301908694e-06
98,0.007212228911776863,0.002947825606652521,1693596035.8556838,7,0.002033970634713027,0.9547682196692561,0.608495947917915,0.7540838598722458,0.5882861420274826,0.0008551372565977639,0.12160950947921047,1.314090845468131e-05
99,0.0043213235535892736,0.0020137998071053653,1693596035.9880204,8,0.0006842051385979502,0.9770046903223564,0.28633658227416714,0.7717502715744174,0.5131123753596991,0.011147169973676015,0.06429613359219793,4.1273924133079556e-07
100,0.007473737552669224,0.002901794686027248,1693596036.119277,5,0.016556433206281827,0.9902381711300506,0.8042161568363054,0.7928225781469824,0.5398449298524313,0.004203735682937228,0.020461925862614787,4.947037787034616e-05
101,0.007153689584231349,0.002928788393383286,1693596036.250759,6,0.00597296562113106,0.9601428548407294,0.5959003897045296,0.8140837422727621,0.5483768952409818,0.00040500625482175063,0.39742138836086754,2.502588570393365e-06
102,0.007369063469331083,0.0029303762277655965,1693596036.383729,6,0.08784359755344626,0.9448410084105918,0.7819220005282709,0.7183298615714326,0.5280199805533591,0.00022712281615484828,0.23881956432471121,4.181724287311393e-06
103,0.0064537493425651515,0.0027167060990611613,1693596036.5152967,7,0.017821126189232504,0.9740919897461165,0.44081699968033144,0.7310540049424554,0.5626901089139689,0.002217107523628079,0.6330929584578765,8.516973462880123e-07
104,0.007436515025161183,0.002915177155369153,1693596036.6461282,6,0.034833170404107015,0.9904611621932193,0.7727617337650506,0.7475535885079216,0.5099873311785095,9.129963322809916e-05,0.9765932482051829,2.0209541488597523e-06
105,0.006774230279207427,0.0028038407852061242,1693596036.7787104,7,0.0011436891873315702,0.977906576738122,0.508310809675154,0.6989538284407623,0.5770567810398827,0.0005849634980312419,0.13555975460625327,9.768580058723871e-06
106,0.005372463343919387,0.0024423517233496117,1693596036.9121408,4,0.0034863733276208728,0.9205401911709298,0.3436288885799688,0.7396907494287334,0.5553328980464416,0.0010662847485392126,4.199030593257201,5.0319297140808426e-06
107,0.007686343302496068,0.0028716248457221205,1693596037.0454745,5,0.049702668873533744,0.9609747425559569,0.9729512711306698,0.7678382169688392,0.5380042764881584,0.0026528773728997333,1.9303746897975176,2.1442607227003742e-05
108,0.0077254936248862816,0.002882748121645018,1693596037.1778526,4,0.3275633291253021,0.9483619079299271,0.9691874966590123,0.7666084193931296,0.5405463451406509,0.00799528948790442,1.4319437927428098,2.0229899890266042e-05
109,0.007097977197168204,0.0029236554391003367,1693596037.3084493,3,0.28738901137839024,0.9338923508857704,0.6259045111639974,0.768795880258996,0.5323700608027789,0.00841755961976623,3.0052261269062703,1.7584922769781955e-05
110,0.0010726116092497628,0.000456709803508093,1693596037.440698,4,0.15505256074508736,0.9637258383887765,0.22606705145248196,0.7777674227299587,0.5424626945030292,0.0033875493743741737,1.6220364275517534,2.436104909711116e-05
111,0.007512312964191081,0.002791105612720002,1693596037.5714672,4,0.06539887063144662,0.9437552194904283,0.9971526087299089,0.7546959889126933,0.5618936050799558,0.006290153773038167,0.9692252066698674,1.1205546479291381e-05
112,0.0075638189573847825,0.0029506358415806178,1693596037.703362,5,1.1864139196529522,0.9530173383298658,0.8145010724711002,0.7603950020849986,0.5195210982622882,0.0020695164873846044,2.074142381507623,7.288789377967237e-05
113,0.007071332226836313,0.002869393789082797,1693596037.835904,5,0.7859971829159264,0.9857552041757524,0.6015562176455839,0.785834791637749,0.5475145049844466,0.0013665024202718916,0.4017640516997886,0.0001375291046001816
114,0.006410338977034691,0.0027099749804073703,1693596037.9688127,3,0.008408828579694288,0.9673474044812869,0.4287867879573643,0.7258966118551149,0.5375681212939725,0.019821860232783976,0.09356761146637002,4.273905167290858e-05
115,0.0076191954844965215,0.002983877822308467,1693596038.1007326,4,0.03869443624214193,0.9480134642129406,0.8088696976419976,0.7466059553597572,0.5819947800875657,0.004941582115935381,0.26419659238169324,8.033964011451783e-06
116,0.006958528860137592,0.002429470309890047,1693596038.2363908,4,0.04233991864089717,0.9221650737226105,0.7075734387392925,0.7120967491449094,0.6135004001506661,0.011748878383891074,7.830172655873474,2.239070296756125e-05
117,0.006952550411776115,0.002895667328900342,1693596038.3687234,4,0.3942355613430366,0.9472923566581483,0.5160539649669171,0.7662496061635662,0.5925159487695774,0.004242599766334233,0.6107657564454481,6.706246789816782e-06
118,0.0073238884920550085,0.002914976913639955,1693596038.499755,4,0.13984636075599005,0.9321803847331127,0.8035008628553845,0.79630423945009,0.5798849434527822,0.018322455195535745,0.21239915792472355,3.130053221612346e-05
119,0.0072212762950715215,0.0026118610244884044,1693596038.6315794,3,0.21769950020004059,0.9090983471764227,0.997486254862428,0.7549160083846431,0.5132992940350148,0.0028011087434710647,3.6896324021679545,1.3282773095647203e-05
120,0.004975116919977207,0.002295099815821655,1693596038.7637262,5,2.6648016329473565,0.960178789835173,0.3061584734022616,0.7800950096233347,0.5277395910322137,0.03235993283459695,1.2082579555983324,7.008261869983915e-05
121,0.007609878611159471,0.0027851531655501693,1693596038.8955545,6,0.06505084935781705,0.9748551646257941,0.9818384266749427,0.7413560724436318,0.5549795289752247,0.007263693269847299,0.15409506737177478,3.8122449929068964e-06
122,0.0071051223061298074,0.002878547174335111,1693596039.0281317,9,0.07533755946910667,0.9757838554628395,0.604822343574585,0.7378599901276506,0.5556758849555364,0.00887787238852864,0.2915162876626615,4.359072832193005e-06
123,0.0075670683331391375,0.002965127477032703,1693596039.1605077,2,0.021126374323918774,0.9507960360514794,0.7984077060109953,0.7280996338194393,0.5421732988661655,0.004527356903089595,0.05220666989633081,7.7983807175035e-06
124,0.006205513381051797,0.0026607680136792045,1693596039.2930126,5,0.03600725326816626,0.9650330149413496,0.4000340414280623,0.7654597156999843,0.5692797513882702,0.002392620473769041,0.16999039352353187,2.609333644212678e-06
125,0.00724890824743829,0.0029389755835331766,1693596039.4246926,6,0.6326176266353666,0.9987763724536493,0.6510254992065385,0.7486448597457176,0.5491678671984566,0.005730741234187912,0.033315850136933826,1.2164757694806268e-06
126,0.00684835279430418,0.0028724310665849684,1693596039.5575716,8,0.013727623644980775,0.938399320657764,0.5165294938305235,0.719595502936158,0.5265926497566229,0.0007380511003545298,0.4546262050090758,8.953988800962178e-06
127,0.007626382207922333,0.0027764214384110586,1693596039.690044,5,0.11884356563128078,0.9754597266333499,0.9930512047621055,0.7336594388350898,0.5813867007695332,0.027241548553275884,2.0440217287167894,1.708129144813786e-05
128,0.007288112379887579,0.002938739985659633,1693596039.8220973,4,0.05471911771839198,0.9262702915599681,0.7859877691622736,0.7759670866069724,0.5837231576540042,0.0458713278808548,0.7774785309533379,1.9814169478454298e-05
129,0.006743325564625646,0.0022794351744723773,1693596039.9586039,5,0.006058982105157222,0.956173879910459,0.467841170358646,0.7467189505841496,0.6055161624093218,0.01395215006765377,2.007827762201148,4.821082126233189e-05
130,0.007099414020009798,0.0023849456930111756,1693596040.0968773,4,0.08547663466285839,0.9439184076043832,0.6784391960549367,0.7050293393942724,0.6365255143860006,0.030645656787324067,1.2104057737879335,2.7543925515122766e-05
131,0.007613442479558974,0.0028160890722982446,1693596040.228161,5,0.2834222134168865,0.974046129534903,0.9573185728557904,0.7343587680452741,0.558767007427849,0.007353967791372247,0.06860406919891004,5.063005595505811e-06
132,0.007561804918900128,0.002891247939266428,1693596040.3633525,5,0.15466208335121903,0.9756868190450471,0.8531355089392832,0.7309504588339581,0.5754599867683418,0.0066413893199643165,0.08814252960610315,5.743328908272086e-06
133,0.007692376263699341,0.002945015479826618,1693596040.4960325,5,0.30512457350845695,0.9671142965618154,0.9925892844589427,0.7567852541747371,0.5611235117340211,0.10138928383692201,0.2841462305810211,3.592218396952199e-06
134,0.00719988145640571,0.0029046503744043495,1693596040.6291838,5,0.22320530156413543,0.9641188978856129,0.6295001025145306,0.7565072071096166,0.5651725278836202,0.08720563967700869,0.33828929526629814,1.7973199077332546e-05
135,0.007573413434350917,0.002768812850000524,1693596040.7617803,5,0.9181039710174156,0.9880602594092098,0.9875299198268432,0.7657254693049483,0.5358173734726558,0.022766903769823908,0.6617526658190954,1.1340017766718628e-05
136,0.006191662302187817,0.0026611784843937336,1693596040.8946598,5,0.4125081295375866,0.9515418092376234,0.38962421662658325,0.7881402883554522,0.5969995790554654,5.816207965212612e-06,2.6572928771592883,3.0565765106938185e-06
137,-0.3619046909146888,-0.24552356774058048,1693596041.0276923,4,0.0002965480081611203,0.9649545146743409,0.0059395003220440775,0.7736980497556579,0.5821079307623692,0.013755111741886423,0.23373644921794634,0.0001230944403227993
138,0.007328939962308545,0.002976173483461797,1693596041.1627538,10,0.010528385046961648,0.9392449145407067,0.7146352209249393,0.8081356020869127,0.5201611187846604,2.8273248228564374e-05,4.901025008609231,1.5384567393374432e-06
139,0.006793472076674134,0.002747419176265531,1693596041.2979777,4,2.103539044580536,0.9846489304990146,0.5307292246627898,0.7350362919567524,0.5689447157173382,0.18404289464125845,1.6152570370579935,6.719318607826966e-06
140,0.0072279176720754235,0.0029246191457795723,1693596041.431359,5,0.12747974437856394,0.9149038616777901,0.7070722978593244,0.7558227056778463,0.5368069159502972,0.001784718733841093,0.5370497367282571,1.3481989065515553e-05
141,0.007640159852703499,0.002791628331558771,1693596041.563138,6,0.02461270941802251,0.9766649376716955,0.9894861204799182,0.7476967851184311,0.5575861599396233,0.008086542552912756,0.12774517767821128,3.5789072775255875e-06
142,0.007649384506754342,0.002793541049898818,1693596041.6959085,6,0.020930557957081455,0.9708556806344123,0.9928992485191854,0.7226559129096342,0.5557815845736168,0.003629635655521814,0.08921054012670747,2.532052350269472e-06
143,0.007514950980010315,0.0029702621506978444,1693596041.8292336,6,0.026673189262192833,0.9565307921336855,0.7976561521834589,0.7500315810269951,0.5478615193077792,0.002795794595143591,0.26281542971833416,2.308103609154769e-06
144,0.007015470040433236,0.0028732719285460284,1693596041.962616,6,0.004226981119863211,0.9681763016614482,0.5641866651536159,0.7153776442022545,0.5875204241885397,0.00363936555969748,0.16346103028724693,1.2003346551492906e-06
145,-0.21789105146018817,-0.14585833068081566,1693596042.0964987,6,0.02091794893375561,0.9464033773424125,0.03144844611216342,0.7236305996033728,0.5715954187525699,0.0009202852594195816,0.09549880363508192,6.63824961923869e-07
146,0.007476882825679043,0.0028913561259841236,1693596042.231619,6,0.010060443441597072,0.9894070347823467,0.817661046921872,0.7650325454741975,0.5582135589740654,5.9963794183765194e-05,0.4048219507723517,3.5057969241518686e-06
147,0.006500250245742967,0.002782273924919698,1693596042.3659196,6,0.0014172955465998913,0.9301209113450938,0.4560323720889738,0.7414065306048674,0.5110370772870103,0.011289492296769912,1.0200069843934925,7.988803537002922e-06
148,0.00717978598315161,0.0029328346175659936,1693596042.4997044,5,0.03978099552955628,0.9999172579429196,0.6277310676395301,0.6905746193068373,0.5422974209058844,0.0005092405818328999,8.215374993020088,3.2703755706850194e-05
149,0.005366913114914218,0.002461155981424823,1693596042.6332142,7,0.00262471028717243,0.9800282674983406,0.3430659742678391,0.7871615702196331,0.5260319906660728,0.0018687796179189028,0.1378202549882466,2.78246055075872e-07
150,0.0070554343384059415,0.0022442970637638338,1693596042.7731633,6,0.015698739330650274,0.9583790259480206,0.8032536244920225,0.7043959041991946,0.6850831033945898,0.004874736034970167,0.34208532925236507,2.3193201723693643e-06
151,0.007617304932599933,0.002832356998437202,1693596042.9069624,5,0.3391136925883372,0.9718252744925288,0.9424843265376264,0.7268302140734688,0.5560406263795652,0.008663028858834191,0.05442678927602383,5.053200038074902e-06
152,0.007691041443296132,0.00281424708332656,1693596043.0410779,5,0.11261595369904405,0.9699606884592686,0.9996357981698838,0.7495574136617743,0.5502679838979461,0.018446309026241347,0.04177277654752265,1.3447800743630542e-05
153,0.007347294885546529,0.0029514463778923528,1693596043.1747646,5,0.0994789926008971,0.950236439700206,0.6634216752255818,0.7506447997828757,0.536212702107986,0.03328033206623175,0.014325766985826952,1.736362478129641e-05
154,0.00692692662750749,0.0025962258903289293,1693596043.3117676,4,0.02796228014386982,0.7264847588549814,0.9914305172103581,0.7754669639165946,0.5655808416051626,0.015416446599148646,0.025827203884142575,1.3037892815620636e-05
155,0.007000419071535924,0.002868063698212797,1693596043.446579,4,0.05251642812909089,0.9796917368318668,0.5627913917172092,0.7654726696682571,0.5507581341647523,0.002732623752882544,0.03431413299021426,4.822782893566993e-05
156,0.007672462700710758,0.002832204567778107,1693596043.5806212,8,0.007587045102729472,0.9620501625673278,0.9885946819345263,0.7444945923567091,0.5770106628798016,0.021019018114147737,0.09778906219894257,1.1364756636473872e-05
157,-0.037921501565496785,-0.02413589581173925,1693596043.7215188,8,0.006009660938482065,0.962504761256648,0.11247626985421326,0.7587744599493131,0.7427900370551008,0.05576760907825602,0.09695379623922688,2.6632309866607747e-05
158,0.0065616243852343326,0.0027297324468392725,1693596043.8555014,8,0.009550862350373814,0.9884094852008076,0.4757603040293757,0.7942353436965645,0.531747967932298,0.06409670555978973,0.008871092233905007,8.048477086037588e-05
159,0.007293422494498825,0.0028989761105405742,1693596043.9898212,9,0.0008597448473833346,0.9693377621645416,0.6892642640536499,0.7410561172723581,0.545292393159369,0.020601081654154214,0.0414089651043099,0.0003500787886362554
160,0.007590434779186084,0.0030832195900863946,1693596044.125591,8,0.0031184920712996086,0.957295716913739,0.7794490532349895,0.7167443122173358,0.5768420560497117,0.14924763033685515,0.16259108301912212,3.5359988918338743e-06
161,0.007525931258906882,0.002816138583043415,1693596044.2600048,3,0.0370068455730718,0.9416287701001654,0.9713960135409794,0.7473458814633885,0.598917344384531,0.021399717710645885,0.22710727586180923,7.639520845597364e-06
162,0.007506763845474218,0.0029553208310874046,1693596044.3960633,6,0.12084569751507018,0.9796981226831547,0.7894172037360914,0.7333034217417178,0.5882010809869729,0.03525092948320994,0.08285623516704677,9.185193351858688e-06
163,0.007074836555392761,0.0029034383846801015,1693596044.530661,11,0.015039325231011612,0.9623855717021604,0.5759633709653221,0.777552693564967,0.5644937511426569,0.004045024682080324,0.6062369255270309,1.3703577061738154e-05
164,0.007678134591254326,0.002833408570836582,1693596044.6687562,8,0.006413010810788696,0.9509405620031439,0.983842438401657,0.7564370487794282,0.5724918834606774,1.8484730596275038e-06,0.24648855674786327,1.457571351495549e-06
165,-0.3989630176069263,-0.2712793980506112,1693596044.8074484,8,0.005207953503286757,0.9339380178304195,0.000973978727994153,0.7547162972388797,0.5211479285606404,2.6479609455632845e-06,0.15168048849065832,1.981912193207296e-06
166,0.00765607465544027,0.0028191271288454667,1693596044.9445589,8,0.0017836566174728094,0.9682777885558417,0.9950640209727879,0.770041354807522,0.5496752221751219,4.700916144808968e-06,0.06735979561196971,5.206221818865446e-07
167,0.006769715525199227,0.0020987982722654452,1693596045.093822,8,0.001582318585357893,0.9541136887427244,0.9926890919954728,0.7696328977847767,0.7224145448089082,8.95230372932768e-06,0.06086160811318917,8.275812952026094e-07
168,-0.09936739925373783,-0.06479512818854438,1693596045.2306027,8,0.0009075572605453811,0.9681966590261533,0.06946729675159943,0.7834199341516368,0.5478303646991538,1.4560378341072963e-06,0.026400521900161324,1.1500664415943377e-06
169,0.0070570027375153055,0.0028254789951023263,1693596045.3663673,8,0.0005278466869368509,0.884172982091401,0.6489548983716625,0.7593866914666085,0.5364817945843166,6.017826279574639e-06,0.10096755807292389,4.813816146752596e-07
170,0.006601787527813707,0.0027655112179139074,1693596045.5037956,7,0.002113807610074556,0.9905316452104072,0.46984372884376696,0.7955283502355933,0.5600453563848562,1.4090904825408537e-05,0.06356953494334984,1.453076457386797e-06
171,0.007500362610723954,0.0029064467931321225,1693596045.6413913,8,0.005772754597147968,0.9775817312448497,0.8140245595317255,0.7654344076934477,0.5716258978472117,3.999376808409678e-06,0.3944407031428466,3.190111759943515e-07
172,0.00756100206789645,0.0029366989396364396,1693596045.7779944,8,0.0037613170906593725,0.9700745821622866,0.8234672311433104,0.7393488209899429,0.5504632249440307,1.1778621278356913e-06,2.2145762407140537,5.256505339279292e-07
173,0.0066445095407176025,0.0022367828003660994,1693596045.918346,9,0.010741859242745073,0.9425587610447576,0.9732316359807419,0.7735967313972741,0.7893684278224081,3.5164325573345096e-07,0.7283433712179121,4.1239427043941265e-06
174,0.007328972057134786,0.0029593225923322253,1693596046.0537245,7,0.01711322209431007,0.9611565606544485,0.6706943408267476,0.7255336818148753,0.5573921483567578,1.2964282077677187e-05,0.20933230614793022,1.835639543045379e-06
175,0.0069118131810791406,0.0028438665874855884,1693596046.1919444,8,0.00027019708651526437,0.9857041988080013,0.5473831900515289,0.7530288489532261,0.5420741380260019,1.8561813531028317e-05,1.2508345911489316,2.9114161099815084e-06
176,0.007676056612971216,0.002809459902996303,1693596046.326651,9,0.07203770015134589,0.9518121365071529,0.9998440570815605,0.743466933495015,0.5283039454049132,5.076938917522007e-06,0.040000095432579194,1.957463263050903e-07
177,0.007217089456855286,0.0029390194826496296,1693596046.4650521,9,0.0018315578602751453,0.923160018732826,0.6954233074516769,0.7790987618403641,0.5085271116900008,1.057782172370202e-05,0.015295631969541661,1.592475724822516e-07
178,0.007669093269946914,0.0028161972200148044,1693596046.5999997,9,0.0006937395005457286,0.9543815225423268,0.9933870903002269,0.7589047169972519,0.5267680224308,2.870944829340761e-06,0.04670592200197362,1.0473406652104457e-07
179,0.007687708645731206,0.002824335166195957,1693596046.7373197,9,0.007744650533747515,0.9506478135286863,0.9929248956535476,0.7605565583572792,0.5253605938287446,7.277739430122311e-06,0.022299484881781215,2.6036543903548297e-07
180,0.006003119064571183,0.00262097167673081,1693596046.8738542,9,0.5947467203970488,0.9343213151441625,0.38113621040920653,0.7614413402589981,0.5232408024471008,2.496434194733105e-06,0.03586117893013032,1.6730080114118993e-07
181,0.0077228257277718315,0.002852114351463486,1693596047.0110097,9,0.00808359284254191,0.9493270010006158,0.984785433093742,0.7494769321567863,0.5284374069419032,1.6441442013121511e-06,0.04910363794997949,1.1371145458142817e-07
182,-0.3897723979560277,-0.26488877433772795,1693596047.1468518,9,0.022597083289226976,0.9480793259999023,0.002163748203809339,0.7452650477652352,0.501837691126413,3.7494673833933712e-06,0.04574256619634173,8.70841000952777e-08
183,0.0075291227246329084,0.003001741639091282,1693596047.2843766,9,0.06543294724969276,0.9483326806584047,0.7388522108296818,0.7571309858272907,0.5179404385956806,1.8939142069934916e-06,0.02165298669962747,1.1158111287308738e-07
184,0.0076834546653855584,0.002862162420660397,1693596047.4207768,10,0.008630595411738998,0.957048511408462,0.9877143869739345,0.7483750765090217,0.5311218420033869,4.322517286821804e-06,0.03539762213383476,5.464524580424563e-08
185,0.00743154500336296,0.0029454547114239338,1693596047.5579536,10,0.0035434410925248763,0.9405912512349649,0.7997954941575689,0.7732319888357145,0.5307493093862223,5.789626219087121e-06,0.02168195582219918,4.499332528813841e-08
186,-0.40337135618173003,-0.27434542956524743,1693596047.693244,9,0.007403225249615176,0.9553383682634226,0.0004117365790586127,0.7862650896183198,0.5133352943968109,3.6957944083114492e-06,0.03693578828587363,2.893619574425196e-07
187,0.006945165457263092,0.0028942215682574712,1693596047.8286173,11,0.01004556976900979,0.9283301672801674,0.5863697087372339,0.7591835689166161,0.5321324750193401,1.1565823364266782e-06,0.012748451177644029,5.229221212845488e-08
188,0.007544052586248351,0.002969567290109665,1693596047.9669201,10,0.002466985309474389,0.9579084923920079,0.8068053005316427,0.744704111090181,0.5273729849979163,6.975059789636626e-06,0.007041249822182187,9.640102464266982e-08
189,0.006609289867000712,0.002774494245597392,1693596048.105558,10,0.00043642158350858194,0.839827473862028,0.6382801759617681,0.738860020564093,0.5164555354005732,4.8939982442965285e-06,0.06334937018985576,2.3176487481525204e-07
190,0.007453896767566026,0.0027808596958642795,1693596048.241932,9,0.004847370515780815,0.9364892563132146,0.9937696880440112,0.7690836386304897,0.5405491926507799,2.370131496002968e-06,0.01677276659509736,2.8089169347150053e-08
191,0.007668168130481212,0.002841886995696652,1693596048.3787413,10,0.024314934718387315,0.9643829084283648,0.9770621107484034,0.750334955156967,0.5447570574500669,3.2099716490700045e-06,0.10315047208584446,1.2339146906672492e-07
192,0.007519324891863577,0.002947238871940705,1693596048.515657,10,0.01591812500573291,0.9633846244648965,0.797795504712301,0.7523831751594203,0.5262981860570379,3.7864737258687576e-06,0.07610735374322453,1.2250494707112037e-07
193,0.0074460065322035085,0.002988861342045346,1693596048.6533017,10,0.04686727819508497,0.9493867709485296,0.6984658555676716,0.7322171503061649,0.5387987726200846,2.0137446326877852e-06,0.026543311009293594,7.668572587734268e-08
194,0.007652620868895621,0.002804451817800091,1693596048.790896,10,0.0012813981832834917,0.9541130502838501,0.9990939765873331,0.7621002161416062,0.5466904925016179,1.0094911355052371e-06,0.051357133538492465,1.866593451555061e-07
195,0.007377077072937666,0.0027767351133928253,1693596048.9267561,10,0.0011357174764857635,0.9214863021901029,0.9816232569778162,0.7617500484313552,0.5454340039716472,8.269306826558556e-07,0.04739067394742172,3.6702309895163646e-07
196,0.006980334136054034,0.0023097550494644015,1693596049.0690875,11,0.0012857993798648794,0.9547479651954804,0.5304603320451724,0.7791020069468948,0.6525243281650493,1.7629140545072298e-06,0.08813067825524017,1.424650236630906e-07
197,0.007413086222233245,0.002953935188920065,1693596049.2073143,10,0.008033911254319532,0.9392062765223782,0.7904150460165316,0.7672622749809691,0.5088648091947002,8.965912892737716e-06,0.029724402784036444,2.0745198827528159e-07
198,0.007146048616324729,0.0028935393279211352,1693596049.344175,9,0.0006475128690323775,0.9046384199881752,0.6422495015649794,0.7529413111958699,0.5513064411995463,3.798106942049799e-06,0.052332798365009495,6.391811682541675e-08
199,0.007673274018897058,0.0028350942853189176,1693596049.481629,10,0.0037103051763198746,0.9642365231691958,0.9853189100838007,0.8020702758218908,0.5261831761539171,8.103914476025065e-07,0.009944954014269864,5.528792414573638e-07
200,0.007493351031635731,0.0029504003816106517,1693596049.618845,10,0.003550666447543227,0.9631176064268419,0.7818253929331255,0.7987502420585071,0.5210962285350553,6.85324676141465e-07,0.009762260412982057,4.877842942256326e-07
201,0.007683423774379028,0.002836494961604985,1693596049.75939,10,0.002127349046491342,0.9513367061314341,0.982231942488836,0.8058143230351278,0.5318578558801194,2.7631675598372965e-06,0.004433254907478198,6.687587789277457e-07
202,0.007453555088248409,0.002768035631866006,1693596049.897544,10,0.0023893770691231025,0.94547877047352,0.9917120734322633,0.8134601041323868,0.5310787307205178,9.877846862497415e-07,0.0100066737953243,6.651247653748148e-07
203,0.0076672135946105335,0.002812841405569033,1693596050.0348456,10,0.013547204394200084,0.9525378319011353,0.9967436207258455,0.8064164017470831,0.5429139800094124,1.5879770173840653e-06,0.020629620672217623,2.3551746127379849e-07
204,0.00750631301965532,0.0029546928348280765,1693596050.1712449,10,0.005037689484600895,0.9532739201461164,0.7776463901346732,0.800973779668592,0.5441467605530953,1.3972549322782073e-06,0.0047876345142353685,1.9995730660386918e-07
205,0.00705352278537652,0.002916509210555418,1693596050.3106332,10,0.010114645359191729,0.9344362934491481,0.5952813422500987,0.793964545248295,0.5238586110003259,4.778923822365994e-07,0.0025980746612882053,1.0395343060832997e-07
206,0.006740358547197678,0.0028346413139069826,1693596050.4488254,11,0.0021303347654188726,0.9469574797005308,0.47074949478048045,0.8322131019294873,0.5360255021181405,2.559082171808355e-06,0.01745157202649145,3.681485197532937e-07
207,0.007520597596287648,0.0029627029217584866,1693596050.5850754,10,0.01265121097705807,0.9615123184160999,0.784243019745227,0.7890614854073803,0.5140227144978455,1.366782195112308e-06,0.005324563548180229,2.197013495712806e-07
208,-0.006241999370228513,-0.0036523218719557438,1693596050.7254727,10,0.005021926928236286,0.926639222791873,0.17877302556573035,0.8095314755719818,0.5009716896053108,2.9870298051174716e-06,0.01909955231742209,8.348558818323656e-07
209,-0.27189176382657565,-0.18313317829459042,1693596050.8630848,10,0.0317697558799076,0.9517917244281011,0.020386098436318324,0.8185508501007119,0.5454483083078092,5.460644807497711e-07,0.03496221093193519,1.4871104886226557e-07
210,0.006790526001709152,0.0028287028571757356,1693596051.0026,9,0.0016985085774048362,0.8031717467294783,0.6092992151095895,0.7808929178767096,0.533019425582213,1.7154320890467373e-06,0.013429707542941862,3.189296974701932e-07
211,0.007645433033529492,0.002838906084213,1693596051.140561,10,0.025166979269104023,0.9648655341251222,0.9798347188956201,0.7677438030465878,0.5543863361134683,1.0054469040848092e-06,0.04496069290846248,3.327694600529212e-08
212,0.007488040453314859,0.0029379598045481403,1693596051.2781413,10,0.016058185073420626,0.9686117136463808,0.7859638132706996,0.8222340775728824,0.5671738611622577,6.891262693797384e-06,0.11633610235009768,5.585157522912146e-07
213,0.007490083052461349,0.0027920240547504305,1693596051.4170775,9,0.00783267762152117,0.9439705107323744,0.9806389160545346,0.8063506759969044,0.550265993329998,2.8682334226281387e-06,0.07607677154951797,7.010070762907043e-08
214,0.00768506336103969,0.0028676332631916157,1693596051.5546777,10,0.06060137615628462,0.9576004474832068,0.981050084384458,0.757667784768974,0.5625482116873903,2.2249730257002436e-06,0.007015784558025839,1.0238040306876826e-06
215,0.007335524371406499,0.0029694469375644017,1693596051.6937635,11,0.07704438301744736,0.957712741923126,0.6758976341574396,0.7592644928952021,0.5732035260008428,4.7773473442469455e-06,0.01005170987931343,9.933231833465288e-07
216,0.007438922001074322,0.002942761346594547,1693596051.8340037,10,2.647474777772645e-08,0.9418673213433517,0.7940262048841367,0.7722673980317476,0.5374085151304169,2.1517947726101724e-06,0.006317528743876865,3.803138531907823e-07
217,0.006280827626322094,0.002154932752968297,1693596051.9847288,10,0.18141299939277739,0.9552047072769668,0.9957060719391002,0.7536494640444548,0.9068730852384833,7.204776110852609e-07,0.03189286375088843,1.123653996182291e-07
218,0.00749935808390001,0.0029339787515852978,1693596052.122693,9,0.051723340646868524,0.9681928130031974,0.799158497147885,0.7844785487805005,0.5252643845742776,3.636621111970327e-07,0.004204802938338793,6.291768796820404e-07
219,0.006859953383507977,0.002808282479792701,1693596052.261846,10,7.949052819355591e-07,0.9123851664308404,0.5552266349856907,0.7468524042697496,0.5627625464310199,1.8361901639763688e-06,0.00764863051860097,2.0782498999856975e-07
220,0.007410576884811282,0.0027509520032176216,1693596052.4020772,9,0.003921687951441942,0.9341415478946453,0.9990474331082532,0.7641641259204186,0.5437741959218052,5.042290887962882e-06,0.021232286341121457,1.150187381661019e-06
221,0.0072219101142901865,0.0028100738349368104,1693596052.542456,10,0.01755822412354077,0.8664684250654451,0.8097186684867087,0.7452035987385751,0.5661994272283725,8.302053792310291e-07,0.0028693293415579593,1.6183149972153798e-06
222,-0.0835379715939315,-0.05410847750842285,1693596052.6827312,10,0.03344622875056125,0.972178819317393,0.07763020276807854,0.7749456485709295,0.5545799851892765,9.248945360815734e-06,0.06021439365115742,6.881440887795342e-07
223,0.007654569655662247,0.0028081149159145946,1693596052.82076,10,0.10034246858948964,0.9541624623102603,0.9962698158892116,0.756513595720064,0.553905876517818,2.9776782544007618e-06,0.001144566896745791,3.297391443721404e-07
224,0.007410592883288825,0.002977526125943042,1693596052.9605932,10,0.25045483415272213,0.9503589907443234,0.6925708315033444,0.7604054220240922,0.533782815167441,3.143177346697031e-06,0.0006343301777497163,3.440399920943617e-07
225,0.007663657849520056,0.0028132474192199552,1693596053.1016593,10,0.07734162210122468,0.9532642004343224,0.9917451338365627,0.7526274310417362,0.5228214075691131,1.288087558375444e-06,0.001898901397346609,3.2406889468413795e-07
226,0.007260169751094336,0.002938581564739917,1693596053.246435,10,0.06858766525565509,0.9635119235766985,0.6522745236610816,0.7523776092817581,0.5200753828326763,1.5247693215151163e-06,0.002412462769612831,3.488378829361747e-07
227,0.007445595601294985,0.0029232012911708516,1693596053.3866181,11,0.11756706411453505,0.9433104177445962,0.8245231969465261,0.7383460750005734,0.5122232082337603,3.4290178098043016e-06,0.0014701523830805406,5.02430141186564e-07
228,0.007695702347768951,0.002840756345640072,1693596053.5287492,9,0.0964172308184431,0.9592536735508103,0.9978390269161906,0.7729371273841812,0.5268698199807419,6.518561680251413e-06,0.1290629068041059,1.0798555018705517e-06
229,0.0072966768143709615,0.0029193559992979345,1693596053.668445,9,0.04821823581647385,0.9795290348537514,0.6765547372643892,0.7894131167247534,0.5289297517190819,6.709219216219352e-06,0.12603906224803144,8.32041223467346e-07
230,0.007092730090147992,0.002830934780872818,1693596053.8077226,9,0.1765056101570396,0.8876422981822454,0.7971321762223222,0.7747367295148354,0.5153742437571017,0.3232567453014006,0.1718757521549761,1.2755180734635582e-06
231,0.006893082670756723,0.0021375886391554744,1693596053.9536467,9,0.09784626371836994,0.9582647903591746,0.9768395811986446,0.7523068521699152,0.6226388998540803,4.237516564608121e-06,0.0035552846316398894,2.6663011231195184e-07
232,0.007476276744015187,0.0029512802478769418,1693596054.0935042,9,0.09062613457835877,0.962983926139682,0.7715436723225084,0.7607809638124325,0.5387576013014638,1.640394528126134e-05,0.10357346177587072,1.3183843526343705e-07
233,0.0077011492441017015,0.0028389082612092498,1693596054.2318568,10,0.18461496406642955,0.9497928430635652,0.9881431953008377,0.7701526773255573,0.5213010308409717,2.3229722760993183e-06,0.0011892902660103804,7.754245165517808e-07
234,0.006901631581013867,0.0028866436829064757,1693596054.3729959,10,0.24448225656011782,0.9370382175836055,0.5358321827396896,0.7810905804115191,0.5087581478050327,1.4519515053087069e-06,0.0006103487252352977,9.760282048076314e-07
235,0.0076112477332257455,0.0029871992689515237,1693596054.5147266,9,0.5828027541758483,0.947174722677568,0.8051428235532005,0.770133100935092,0.5242142138729322,2.2534147428753757e-06,0.030728254022224753,5.816435175279997e-07
236,-0.15588864166319438,-0.10327267133536822,1693596054.6552136,10,0.00954726060103563,0.6959771119396646,0.04773463423907301,0.744144567655824,0.5210306701552101,7.900203721551814e-06,0.016447711574047178,1.66667389792417e-06
237,0.006747201658287572,0.002605811861097318,1693596054.797742,10,0.03489431481522539,0.5327331042177467,0.6578289901931977,0.7988355021214792,0.5341658185927173,5.376988929288861e-06,0.0009749853740055272,0.02470308527856048
238,0.0070487758380232135,0.0025090893451988894,1693596054.9390738,9,62.80510346016658,0.9698419904847875,0.9879290072259505,0.7696303960912109,0.7066547797201166,2.2065392996056666e-06,0.06664536558620493,1.2506452121854278e-06
239,0.0073500483339364875,0.0029160179023899335,1693596055.081237,8,0.05354425133089625,0.9307905834876263,0.8193665836353605,0.9673522495372588,0.5291819859746884,1.0114880560521653e-05,0.19575769530275675,4.0286613358824055e-08
240,0.006700691373022982,0.0027877931846934656,1693596055.222795,10,0.022428334004177982,0.8495186000104842,0.6381859132437391,0.8263330968879914,0.500664478020361,3.54647787403833e-05,0.0021179793105599097,7.258863972802307e-08
241,0.007669072621642403,0.002820881364608674,1693596055.364409,10,0.11884881765343974,0.9561782838979127,0.9941656631140742,0.7542853719310981,0.544661765611407,3.1509643320195357e-06,0.0015910673988299465,4.110024968075017e-07
242,0.007686209479335737,0.002836415325832342,1693596055.5062325,10,0.17822981711618796,0.9594334154562005,0.9974220365110604,0.7510939469164383,0.5413759810958341,4.697342030694362e-06,0.0006964908547427475,5.070225952338677e-07
243,0.0076135977746584205,0.0029848172304939302,1693596055.647467,10,0.3454584090964968,0.9487048748652583,0.8047224752674803,0.7456970548005409,0.541024813859311,2.850655931297707e-06,0.0008934936029605492,7.249289260514306e-07
244,0.007685502060122196,0.002856362910348187,1693596055.7954447,10,0.16378967916877238,0.9577098334708681,0.9913142087660413,0.7534055853370729,0.5199173794235117,2.5957701267135777e-05,0.0003702552573577085,1.8387105358819064e-07
245,0.007691110597544237,0.002837240684209208,1693596055.9401155,10,0.22463164394733753,0.9601793692386832,0.9959711733117513,0.7390665860741339,0.5226681743407187,1.2013937049881563e-06,0.0005157136459901418,1.6883161585917624e-07
246,0.0016513815051339975,0.000778610631801846,1693596056.086556,10,0.21824127336127605,0.9619354313345961,0.23261122032293227,0.7388918124857395,0.5111251410954689,1.828427132623776e-06,0.0006659008977478362,1.586878453118854e-07
247,-0.012476263792102094,-0.007448263617560569,1693596056.227861,10,0.17498992502673788,0.9435526589707655,0.15725438504766687,0.8398839903757396,0.5215270380897821,4.620122602226376e-06,0.0004014974899528372,1.9921114060397502e-07
248,0.005995278570375184,0.0022060529138306917,1693596056.3687272,10,0.3862404988640655,0.9723451755376666,0.7894068151422423,0.7617787668850382,0.5317514537032946,1.3854315350532944,0.0003779248746991146,7.824241633957308e-08
249,0.006875125309857122,0.002142657263154879,1693596056.5139997,11,0.9074598127568888,0.9591510138053428,0.9984863861134755,0.7404997822607174,0.6353490406345955,2.077972346142924e-07,0.0002936663791544771,1.0841502133130418e-07
250,0.007080892042273135,0.002803907862888644,1693596056.6549568,10,0.1376971468063194,0.8813230112273034,0.679095727896412,0.7515705448558895,0.5399854826296414,7.350369201848163e-07,0.007370907422154804,2.3289048401112694e-07
251,-0.32276744155638926,-0.21838612025149273,1693596056.7947206,10,0.32114969159680573,0.8966919255560133,0.011752193907484863,0.5660939599706742,0.6742959408568383,2.23108843899495e-05,0.0002279148670803156,4.815563282879964e-07
252,-0.4066328384686131,-0.27661411491309695,1693596056.9351237,10,99049.45403576437,0.5959097182872457,0.5038959908028807,0.7816980981836793,0.5160021601772957,2.6879862920559785e-06,0.00015193697219410552,3.4053960852522256e-05
253,0.007495830757017985,0.0029112027798645634,1693596057.0753107,9,0.5432547416366788,0.9798762602189874,0.8011674984847893,0.8075860368381362,0.5301648218652504,9.855142704422624e-07,0.001251787429463804,5.1992403721988245e-08
254,0.007179110964753099,0.0029542910534539057,1693596057.2177732,10,0.14738165233759684,0.9389626030291072,0.6277968846380179,0.7310938486464491,0.5098049096313907,1.4920479859734479e-05,0.003947523681205719,1.359356854047048e-07
255,-0.4065312944193318,-0.27654347752524355,1693596057.3584347,10,0.20574095141521642,0.961465162426219,1.2760705495208461e-05,0.7672652686178655,0.5390668707038273,1.566804338447615e-06,1.906171568227563e-07,8.969345400657853e-07
256,0.007564014518872009,0.0029506806614423287,1693596057.498898,9,0.08111417253850496,0.9521095953240818,0.815595225303283,0.7557826108931861,0.5468918250486967,4.719856228751345e-08,0.0015612143933039764,2.4503263883111206e-08
257,-0.04864590594897611,-0.030802672926458108,1693596057.6397674,10,0.37417290593027497,0.9716421030944763,0.10229176657366601,0.8561363921141367,0.5286832091963054,6.913414092354583e-06,0.0005487673390320475,2.079727875840157e-06
258,-0.4066328384686131,-0.27661411491309695,1693596057.7782307,9,10941.889721457363,0.9300162192349212,0.9890239360041877,0.7886436094497388,0.518632620846762,3.7087134398878272e-06,0.02597804694393008,9.44580818936849e-08
259,0.006898927935917287,0.0028732388736228964,1693596057.917385,11,0.005691156836496144,0.9446891762658689,0.5420283887685478,0.7448225619195895,0.5604656821481425,1.0891003751075654e-05,0.0009347708454394901,4.738339842346445e-07
260,-0.3554078102367153,-0.24101198625316655,1693596058.2076974,10,1.0700678159681625,0.9609306182797865,0.006859111838780017,0.7747889396510191,0.5436012141032946,4.889482934750776e-07,0.00019986671263335257,2.0887248420566503e-07
261,0.0063635657611654795,0.0022806682211692353,1693596058.35431,9,0.14238177689116685,0.7674559633271816,0.6969592682941959,0.7596513288644594,0.7677900951209522,2.1533513511604613e-06,28.200747256302872,6.788564774797323
262,0.007685541114547889,0.002824557095091662,1693596058.4947276,10,0.0429476321857168,0.9513398703062919,0.9932743743819703,0.8138127763573373,0.5746551281412375,1.1772493230417566e-06,0.009676455201354803,2.7198334036542377e-05
263,0.0059899053259684365,0.002567836761808384,1693596058.6357546,10,0.04613141587246405,0.828190721683538,0.42685862084395565,0.8169355132692313,0.5758574465121157,8.654325830563431e-07,0.005596526678386551,1.7511657015771055e-05
264,-0.037306239576661016,-0.02373419675984567,1693596058.781783,10,0.07311484855769754,0.9251513127446493,0.11338761709727889,0.7348613434399702,0.6024220679859583,3.992390935291708e-06,0.01010630887103022,2.5203981898028474e-05
265,-0.4040937224022947,-0.2748478787633506,1693596058.9226353,9,0.1959945082438051,0.9815423263025542,0.000320045699876186,0.7634649517812976,0.5907599665407832,7.1237354539897155e-06,0.0031021795239468955,4.1748349407960106e-05
266,0.007502776165476677,0.002936693041655558,1693596059.0647786,11,0.03633327093645477,0.9687439774783191,0.7956401144783783,0.9028512455320885,0.5826002266378644,1.3103085184222277e-06,0.012368934421771338,1.5688501149347697e-06
267,0.007150402449680238,0.0029295894228271724,1693596059.2058122,2,0.11228375744054622,0.9456783874249035,0.640433430322483,0.7477591368365658,0.5677247306021568,3.0104384202014325e-06,0.00013093642221192775,6.318013924799614e-05
268,0.007289480909517532,0.002874629572227949,1693596059.3490517,10,0.05345259115398319,0.9201165259115744,0.8055294655858012,0.7776528785640493,0.5568242089066319,0.00010737357654064292,0.040636170197505976,2.9198224172422074e-05
269,0.006814526757858541,0.002371192090416807,1693596059.4950671,4,0.00358322268573873,0.9399293765988113,0.5267753739373545,0.7554467280980242,0.6500434818299216,5.083165633560377e-06,3.9919578380392506,9.59399138494815e-07
270,-0.24695562881010136,-0.16590285354093237,1693596059.6371946,10,0.007848126586531457,0.959150632628928,0.025192809976483457,0.7931996184464823,0.5237915258902851,5.587115290324366e-07,0.00047760908182737245,0.0004949580565734768
271,0.004156029034126707,0.00194682727468809,1693596059.7784126,9,0.43912106113179145,0.9753615991638109,0.28030615050319146,0.7389288247223045,0.5075699519025242,0.0141213163538977,0.0018578160744006516,2.4667734245338065e-06
272,0.007595937601434843,0.002747929924389214,1693596059.920746,10,1.4989903678563934,0.9858067073124737,0.9957098390109905,0.7671952261033592,0.5320669536562512,4.0181576232843044e-05,0.0008429717097985504,0.0001846201593268543
273,0.007361925652116685,0.0029608451690840143,1693596060.0622716,9,0.026281445325724632,0.9528228343075897,0.6818115453344564,0.8287002659104445,0.5757420469075977,1.0829919487249982e-06,0.006156346812594414,1.1215760663986577e-05
274,0.007516440431354354,0.002938510716467002,1693596060.202828,3,4.1795917296115395,0.9653013180967827,0.8138294972202429,0.7511386198305909,0.5521570595655161,2.1480058112719078e-06,0.09221981387718826,4.805119918807636e-05
275,-0.019423986017466532,-0.011825271947361271,1693596060.3463964,10,0.7060618627212218,0.9354458121998972,0.14159848385374396,0.7277419586611074,0.5185238010269927,2.2341988632292397e-05,13.85733138183922,6.377948357746869e-06
276,0.006891352170612541,0.002157381496362243,1693596060.4914014,9,0.25357044105936516,0.950376191243869,0.9889033891561309,0.7607571532700943,0.618496724560445,0.001475679891193121,0.014417734425693223,0.00011517660966647454
277,0.006829072189300622,0.002170758370056647,1693596060.6377645,10,0.11258280007440644,0.9123971768372444,0.6394884389246579,0.776686319812691,0.6755862988277335,1.2085122241347777e-05,7.082335344302278e-06,5.964928365505067e-08
278,-0.14748171510953356,-0.0977110873925704,1693596060.7857819,10,0.014225799240548868,0.8599217260439922,0.050521673991635326,0.7434588573553663,0.6137694582746377,6.584382512300341e-06,0.04154904536134425,6.79827691080684e-07
279,0.006388380913181058,0.0027024382845796113,1693596060.9284573,4,0.06918801019473457,0.9685503655784136,0.42461980454969395,0.8021455733089365,0.5365319343249341,3.424869438125765e-06,0.12862332393832657,4.019487027040445e-07
280,0.0072349190947552655,0.0024134163461980718,1693596061.0743637,10,0.0030356360725805544,0.9606652126610168,0.8138903486173672,0.7671020353428252,0.7299772974023722,0.07562259328997119,0.305636918458679,2.1556584823581508e-05
281,0.007455048201830516,0.002932279390618464,1693596061.2172227,11,0.03118273219181857,0.9419447031670436,0.8158333976163366,0.7854716294710979,0.5037831765803539,1.8638994254534764e-06,0.004143154685533809,1.545491170210923e-06
282,-0.0039338789341454294,-0.0022921773417055036,1693596061.3597462,9,0.007039980497668662,0.9924224469110564,0.18972720499860354,0.7329166332211635,0.5633915575232823,0.04364688083208095,0.028687273476301678,0.0019534332370328865
283,0.007081982101661999,0.0028707425908843787,1693596061.5126595,8,0.177613480878716,0.9754532716457505,0.5966866113109696,0.7509381839156227,0.5272569893750257,0.009974483405896,0.007682905231123241,1.311319147421826e-07
284,-0.1256316589832931,-0.08262806376387632,1693596061.6545968,10,0.0007907517168146645,0.9492488684758893,0.05835517702228553,0.7594941408053976,0.5486166863766229,1.1517294521011963e-06,0.057603732076798406,4.567399030301966e-06
285,-0.27962487871556996,-0.1884804581887103,1693596061.7977917,9,0.013258116791564785,0.9330796718762854,0.018990767626412452,0.8204473347352641,0.5367423766297845,4.414357716381128e-06,0.0012732300430258535,8.946734709293849e-07
286,0.007673906526652452,0.0030201416045307905,1693596061.939997,10,0.06737818873525729,0.9584108351529779,0.9851662896676138,0.7450297986743131,0.5167374397118898,0.13310812209003633,0.19776226807876893,3.011548555056736e-07
287,0.006928945912457962,0.0028972185075002432,1693596062.0820525,4,0.09560744564466266,0.8043901756145058,0.6817839101294055,0.7377466949715442,0.5000605160080958,0.20944538078776595,0.2482696037271665,4.86172037153416e-07
288,0.006981494251873999,0.002841087258278696,1693596062.224209,10,0.3370441333543637,0.7933227218914578,0.8187873118555717,0.7723874177281538,0.5125435398698929,0.04978782301299252,0.019602536881886963,2.887339086754826e-07
289,0.006792120972601623,0.0028531029914149464,1693596062.367004,9,0.00011000974425713373,0.9574574033593448,0.4913913433522909,0.7832597961970545,0.5188752203430296,0.16838815102670815,0.17687844261559257,1.1045728914219927e-06
290,-0.22000847661129574,-0.147314677834248,1693596062.5107944,10,0.056394943595731516,0.7421482842999819,0.03092017332329027,0.7258893286751615,0.5249260464435362,0.13840871082688513,0.0029067820598419184,1.1601916236303173e-05
291,0.007658529595187646,0.0029825297924807037,1693596062.6527848,8,0.12138041309216135,0.940208859151872,0.9859068377997371,0.7944203055649218,0.573721457261042,0.12181269073387573,0.0003683942971902318,2.9317814287068634e-06
292,0.0066983612801957415,0.0023477722523660427,1693596062.7997925,5,0.22932672430208517,0.9829823357015617,0.3610566303974813,0.7402514389879236,0.844288704406387,0.08039783490662851,3.237619286841928e-08,6.864123470960376e-07
293,-0.405801352077251,-0.27603570241514297,1693596062.94426,10,0.6928306272524598,0.6753891430489536,0.00010425692934389562,0.7644266917876525,0.5115532662470313,0.022641996427488494,0.0007091409538660274,2.425735638596048e-08
294,0.006741686609923803,0.0027849456297354136,1693596063.0902324,10,0.05027485043883044,0.8317739021940556,0.6916217292706142,0.7508196904564954,0.5898982787537808,5.572766790618076e-05,0.011138219198111443,3.4006735341553984e-07
295,0.007661379225483711,0.0028118078681209635,1693596063.2333462,9,0.00037089156897443266,0.95309668065754,0.9922888497586034,0.655673880842792,0.5330702468043357,2.745691034525321e-07,0.03792509926317518,1.8611012570287568e-06
296,-0.07605091209421122,-0.04905601138228466,1693596063.3771262,10,0.1361136274278608,0.7758618846411727,0.08207322169986944,0.7779852256930706,0.5196311246281723,6.386120664244022e-07,0.4460687764880239,1.6590050123974296e-05
297,-0.07235629748734462,-0.04666658966122239,1693596063.5217197,1,0.004176829057481113,0.9252283490813272,0.0848541608721561,0.7589579555271315,0.6371824483521495,0.0007500787601678241,6.083702998597497,8.624793320010611e-05
298,-0.33692586868174157,-0.2281870832802213,1693596063.6654513,11,0.001697006477804371,0.9687697025630188,0.009571535618717712,0.8331500123279519,0.5977693637465192,0.0022456215574235363,2.9577794518974794,1.5077967451011233e-08
299,0.0069978602587736916,0.0028972145951106087,1693596063.8091216,4,0.08233627882659972,0.9574076673354889,0.5498555923509127,0.7448400193170548,0.5591595206597941,0.0003332176871992134,0.13129403602071207,2.095526904937977e-07
300,-0.1010207041976976,-0.06618503144820309,1693596063.9573388,9,0.032456222263188124,0.9058797663393893,0.06845702106752992,0.808967195479386,0.6071504306114797,9.261137182970658e-06,0.0687851084212171,5.241884745483206e-07
301,0.0072628744880420815,0.0025668306539375907,1693596064.1004374,10,0.2777572233840332,0.8907965893319435,0.9987203924349637,0.7722387302200364,0.5303881329822366,0.0060831388221915285,0.2724298587953384,5.717220172765235e-06
302,0.006710780203976974,0.0027398439419699105,1693596064.2450275,10,0.013067226751993425,0.8362032130816818,0.762266605439711,0.9182440434003405,0.5506320792500403,0.0013790500978817046,0.023294950718889883,1.1625422977974187e-06
303,0.0074158034457371125,0.0029374286399729277,1693596064.3877127,8,0.002871966744849286,0.9438846516956425,0.7930527525866554,0.7169690081611404,0.539039946859271,7.875067006765418e-07,0.0016202129271316052,2.8177166922953634e-05
304,-0.3784986921259226,-0.25705225102055196,1693596064.5301569,5,0.005004289198914562,0.9711242609102153,0.0036568114243649844,0.757366117968504,0.5111020335298763,2.1897324319182985e-06,0.801074960197901,2.557558932447716e-06
305,0.007029720357777491,0.0028321728426677906,1693596064.6749735,3,0.5794759358256972,0.8762502169073486,0.6247979395044854,0.7318190438711278,0.5706603849819561,0.014081177624158751,0.005857062870666731,7.316481703661864e-07
306,0.006970067033580496,0.0023736368768033644,1693596064.823006,9,0.020465983352592122,0.7601608631406508,0.9960463553018637,0.7469421195440962,0.6977457723493721,0.00018488949286916956,0.012083194698841842,9.69051018239249e-06
307,0.0067794951905477685,0.0028836114813666214,1693596064.9670599,10,9.525613732655643e-06,0.8410474007772055,0.7582265809133705,0.9952775974591752,0.5221574335387134,0.2838286018432428,0.08837651338845819,2.968230106124709e-07
308,0.001342889027031724,0.0006056682587466389,1693596065.111242,10,0.05371967327102206,0.9521918925695666,0.2292257925274762,0.7942123629317454,0.5612437138725854,1.8874555219591717e-05,1.5776161489654297,1.6549044697132461e-07
309,-0.2577245337462377,-0.17333812007166127,1693596065.2542553,9,0.008707949727856093,0.999891565606613,0.02307166795499966,0.767154705044224,0.5418901054975976,0.003533750606549392,0.18640808189365804,8.299344095033997e-08
310,0.0067937824720119,0.0028220921764956497,1693596065.3981876,11,0.19095527043212873,0.9812763749158186,0.5014199277288598,0.7859447864458114,0.527329415412247,4.273891682669697e-07,0.05091231980545869,4.577106349533101e-08
311,0.0076591008073053635,0.003013600571309949,1693596065.542812,10,1.2929466649405779,0.962490086742447,0.8284158850667824,0.7565195169443402,0.5001311799134177,0.09727477669960066,0.0004341021871243837,1.4028806071117472e-06
312,0.006483594655073088,0.00270188676676153,1693596065.689035,8,0.0009661611820753963,0.8121998642569543,0.6346244367863815,0.7392040813260468,0.581086773652143,6.403535683044738e-06,0.002414287913337254,5.043522370505782e-05
313,0.00733916154715919,0.002746629262683875,1693596065.832395,5,4.0456878452598873e-07,0.9310509369039042,0.9974048262130312,0.7701061968828131,0.5527894697121127,0.026722041006533536,0.029506889182871823,5.343995180657883e-07
314,0.007198860139009389,0.002911264698770011,1693596065.9766457,4,0.09278533594118449,0.918265038657647,0.6971939564101622,0.8126164810121884,0.5171372645512721,1.5995413939384217e-06,0.12410606471286979,4.731850860044405e-06
315,-0.056788526571570186,-0.03620083337164193,1693596066.1220398,10,0.37236576525969783,0.9414517145831683,0.09551206999812932,0.7223294111397117,0.5345330021015242,2.7487409834546714e-06,0.0009138889840961547,3.9100125239047984e-07
316,-0.03191363798687408,-0.019824635270413227,1693596066.2656355,9,0.03220864529975652,0.974169016458824,0.12066625850784221,0.748607650425301,0.5482082140547567,0.006682127767125247,0.014448222886775825,1.8523040826003357e-05
317,-0.3154074863330334,-0.21333440175359253,1693596066.4136686,10,7.9827409232510815,0.9500011206008602,0.012908742636099146,0.840397607430818,0.9751444601255798,1.206276129420334e-06,10.240979617062935,1.8200549684849762e-07
318,0.004569056216606193,0.0021101494560382683,1693596066.5579138,8,0.0023201476855415734,0.8475269117107455,0.3025752610014388,0.8471531316695708,0.5644595082178292,1.3243462770358431e-05,0.00023652031546536771,2.175677157950068e-06
319,0.00646549498407234,0.0027376588559064885,1693596066.7040408,4,0.00024452205795664914,0.9626245408116149,0.4330051600556099,0.7791022363344823,0.5260551521601168,1.2189417066321239e-08,0.004161136758691296,8.109628121474039e-07
320,0.0075245192549630024,0.0029761404623331877,1693596066.8485878,9,0.0069063471443800714,0.9570163384229801,0.7913251710316479,0.7617179737970434,0.5101591108047954,3.929035762408956e-06,0.381335643252764,7.438143903567996e-06
321,0.0067616862595000216,0.002282095343036694,1693596066.9988844,10,0.13996068271388143,0.9363235920799063,0.5653130124120642,0.7325274951514579,0.7174335776349798,5.554504546768834e-06,0.04414016519512921,1.220042080117218e-07
322,-0.3864979272460298,-0.2626098268178887,1693596067.1408439,10,0.0171361530664914,0.9692943451892021,0.002617419328020209,0.7985946856689946,0.5383427809154423,1.7322041976563027e-06,54.77807574432776,2.6096522412548976e-07
323,0.0075550290475260296,0.0027395661947995364,1693596067.2848248,10,0.06127392778754936,0.9866065205946654,0.9990138786167517,0.7530277016820992,0.5858467790793855,2.571507401294117e-06,0.008596794293141237,3.4935476035868974e-06
324,0.0074970484882392885,0.002966246782191706,1693596067.429965,9,0.0007073699728959975,0.9539336141171496,0.7667160921068582,0.7676897935917374,0.5729235532358962,3.6164119943421923e-06,0.07527192678544464,2.9828402569019996e-05
325,0.007400669031892182,0.002920199742040386,1693596067.575879,5,0.23330061186755047,0.945287794854216,0.8105242902099952,0.8584633127586843,0.5570845362875126,1.2034087819445467e-06,0.22956403905841005,6.892939955986801e-08
326,0.006458555861963311,0.002585819026746927,1693596067.7206995,11,1424.4551948889064,0.9626561650535219,0.5899527653976266,0.7411138215810696,0.7826489918980103,2.5676639661884245e-06,0.018808675010417757,1.5322205564133228e-06
327,0.006766253470741113,0.0021841922423532223,1693596067.8728704,10,6.380325327681703e-05,0.8123183846244058,0.8020716544011481,0.8758785250069282,0.6814527704289807,7.070724827745647e-06,0.0006557388590190564,4.795584899112174e-07
328,-0.1983702259476534,-0.13242071714715098,1693596068.0180042,8,0.009492156446000592,0.9787742114572576,0.03607313305672105,0.8217405148005327,0.5173265361798768,4.9264637783085435e-06,0.12451825009442037,7.26083761897098e-05
329,0.0064192246650437434,0.0021613336023857954,1693596068.1699007,9,0.037084623486183486,0.9318237965663627,0.9988246828427322,0.7858344939498219,0.7606283122571446,7.301786301648565e-07,0.789733467849774,1.2113911239979522e-05
330,0.007220919762303324,0.0029485697360576157,1693596068.3162546,10,0.0038312895939996263,0.9440656139830401,0.6595249740000417,0.6131746990590643,0.5436277928734387,1.84106560511663e-06,0.0011886916803563398,1.053205785675296e-06
331,-0.3060328184394532,-0.20681797202455776,1693596068.467464,7,0.12764331988036084,0.9671822141891988,0.014393628975455857,0.7581233324501694,0.7519509707298045,0.0028678017537717725,1.4393426922286337e-06,0.00020050783895168522
332,-0.3959438778537805,-0.2691844727821111,1693596068.6195865,10,0.47221373951496304,0.951708058375636,0.001358711046922045,0.7750436486440635,0.6463453284591923,0.010979719189008223,0.0003354292711731253,1.0270511148227535e-07
333,-0.30091388593010726,-0.20321745024324023,1693596068.7661135,9,0.0014302838592686615,0.920684558495716,0.015300014838491484,0.7502837669181927,0.5262783005456584,0.00476148510100904,4.247888565402669,3.4293968110478865e-07
334,-0.14518902957735547,-0.09596138617911487,1693596068.913105,10,0.07653302791367247,0.9918768154384129,0.051404537190144026,0.7408713339746058,0.5331762894389238,1.1702544809577447e-06,0.03023346093170741,2.132501275410364e-05
335,-0.37580740885252606,-0.2551813545768342,1693596069.0607798,3,2.5277143088575597e-05,0.7291531469498517,0.004015623248389409,0.7655901698996475,0.5537137340959167,3.3276864384702423e-06,9.450557381624801e-05,6.462344948497514e-07
336,-0.2165452185837362,-0.14492921401674486,1693596069.2094114,4,1.147703733465174e-07,0.9759765943521734,0.031725676466464424,0.8007904209365576,0.5439340964041509,5.14015821010155e-06,0.05787687677819573,4.3645109186671165e-05
337,0.006304718398924547,0.002697589089585728,1693596069.3571029,10,0.02919864706154474,0.9595071827193825,0.40983276625320614,0.5195650422503586,0.5130208649472979,2.101312919392632e-06,0.007891872534227648,3.6887610326829205e-08
338,0.006863697044546924,0.0022256099234664317,1693596069.5083702,8,0.013270782252485973,0.9370304714226183,0.8209831071135059,0.7084721069428603,0.6072809783737719,8.741120115904847e-06,0.0019106430847284207,2.3054409338419284e-06
339,0.006328943896763417,0.0026287589931033306,1693596069.6544402,10,0.006514660117711912,0.8267891990883787,0.5333871793673203,0.7807169985682662,0.5698257920225656,0.0354590117836067,1.1836008677412813,1.8731908958504956e-07
340,0.007394903474883252,0.00299307112799152,1693596069.8016937,9,0.20969399276953993,0.947015626678374,0.6714643341000581,0.7567209442844244,0.5300846020407594,0.0014590589311563559,0.17920037625629376,8.30613495349554e-06
341,-0.1794438662804685,-0.11941097103715315,1693596069.9525065,5,0.0025525328331940564,0.7808887436757732,0.04097569604297166,0.7293113998520658,0.5215793874372519,7.566958289620904e-07,0.0031513216586709384,8.470587767119446e-07
342,0.007087837725630819,0.0022794772614083136,1693596070.1054094,11,0.05449810720576198,0.6358599944631798,0.8126881879608887,0.7455879564067761,0.6343823659670047,2.781893089787169e-06,2.527720179360011,3.105738609776967e-07
343,-0.008047341883449022,-0.0047493143307004715,1693596070.2526357,9,0.02183708999640079,0.9669824533127943,0.17094397727915012,0.7709709114375555,0.5794315885628847,0.06525120551472247,0.48853207730626647,1.4049723839390112e-06
344,-0.33796429912531956,-0.22890333584505362,1693596070.3995192,5,1.7109350411654918e-06,0.880518747503213,0.009398259089009335,0.8132360388004627,0.596493636486249,0.016907593200886015,0.08929825909685542,1.3523653350844891e-05
345,0.006945055867749961,0.002314893144733432,1693596070.5499108,10,0.00043822960704944234,0.8692774558405357,0.835220344568857,0.9343433246933952,0.6741967353560041,9.998427015037487e-06,22.6956236770945,3.81886839957885e-06
346,0.0070766756810775044,0.002308661363192077,1693596070.7002509,4,0.8759673167736568,0.9562399001077794,0.6396961084715654,0.7909103908701786,0.6651341083216697,1.4332781529206603e-06,1.7761718492993716e-08,0.00010638125362748858
347,-0.3708821114080303,-0.25175946723787046,1693596070.8476636,10,0.12401402418890595,0.974500852340598,0.004692342546954193,0.7613910868021619,0.5621286901497996,0.0021565700928935696,0.016042482213905463,5.758141424220683e-08
348,-0.35732662274486726,-0.242344617520851,1693596070.9974332,10,0.362909176281237,0.5630827903712632,0.006582049664078026,0.8936697562894101,0.5080874844452836,0.008068325623234073,0.04122288774530678,4.7277645473348816e-07
349,0.006561905682120894,0.002737695677402785,1693596071.1499188,9,0.005625630615189964,0.9088430701367599,0.47579516414991785,0.7356127182684377,0.5381103135618298,0.0008488529593910737,0.005185876214485539,1.5999619825353226e-07
350,0.00735434735348528,0.002910536629565974,1693596071.29946,8,0.08114196547331011,0.9296922196151528,0.8329057108759567,0.7495563637234135,0.5489102116066423,4.419319869473054e-06,0.02240108866266291,5.767589232980756e-06
351,0.006846430398423364,0.002549757082722981,1693596071.4464664,10,0.04179422053172442,0.7602730916049217,0.9952296202065709,0.7215809656122469,0.5266937773823002,1.0694602606196232e-06,0.0005061572770664059,0.0015564450024672534
352,0.00724735110746122,0.0026164609801969663,1693596071.592616,9,0.01713667721806648,0.8710229248784617,0.9946897045942744,0.7647847660655308,0.5380381329174255,0.005022542550810502,0.07854619621168546,3.297270021843489e-05
353,0.006645879826544632,0.002854290228730627,1693596071.7407892,5,0.00013231539899779805,0.9482814337161705,0.6489753894678021,0.7764141406997387,0.8013482730138608,2.4406501387464854e-06,0.23280252338198384,36.39603498731379
354,-0.40603900124455006,-0.276201021939795,1693596071.8883052,11,0.0014747035129745922,0.9877006683881637,7.472511880028904e-05,0.7538447262226726,0.5538511433590285,4.799423688380817e-07,0.3320575440347779,0.0006232834726816809
355,-0.39293567948967256,-0.26708741789939117,1693596072.0375352,10,0.19065589741562708,0.7960858606269586,0.001748512485387893,0.7382876142986659,0.5189762611003285,6.046769687460445e-06,0.0011918180328598167,1.0176789073058205e-07
356,-0.29639379054378345,-0.200089403831742,1693596072.1886494,7,0.003937778258069062,0.9597959342779879,0.0160447533266135,0.8026015365529915,0.505645688470168,0.43542200241665024,0.12093005756429652,0.00029517728251427454
357,0.004085281582718259,0.001933596285475625,1693596072.3353655,10,0.009300532308587649,0.9394707477135764,0.2782960461370958,0.5088201849724354,0.5661097107078629,1.3710824214630344e-05,0.009613717115427836,2.4760575434109385e-07
358,-0.34909192925329235,-0.23667998411906166,1693596072.4931853,9,0.3001793149486252,0.9709188372072578,0.007724369976762248,0.7867075832690028,0.8252904073315072,0.13040455051282127,0.03830906221627625,9.428069123894687e-07
359,0.007305941367576452,0.0026676473618106877,1693596072.6423721,8,0.08922554902273704,0.9045015741939814,0.9882589665388682,0.7451128920924,0.5350740972748483,1.76462268637165e-06,0.0006698167702382099,1.993634486314779e-06
360,0.006959105728278847,0.0023094291810994427,1693596072.7950902,10,0.5564816408580913,0.9529412425140413,0.5211544822599922,0.7695281675381502,0.7343018459655115,0.010237879408900653,0.025363190919929255,6.161964775974251e-07
361,0.007019059583739717,0.0024566804174548373,1693596072.9474175,4,20.974224571744458,0.9622416478324354,0.7126355763881804,0.674909773576871,0.6167773318637,0.021530218597666725,6.931636966056155,1.889861708072972e-05
362,0.007512178449995077,0.0029162467282942695,1693596073.0963044,10,2.8561904162160268,0.9815996347874719,0.8019206641368398,0.8270424538704501,0.5447843234470143,4.438063116616286e-06,0.05354819928848727,1.0215510026373161e-08
363,-0.3677060054238337,-0.24955194441337825,1693596073.2450032,9,0.04289102635626289,0.8212787850518986,0.005128907089816742,0.7576873022665621,0.5900137996991703,0.051978907455528384,0.6028734043146472,4.355336657614793e-07
364,-0.38423143372717683,-0.2610366230067931,1693596073.3918302,10,0.0022559475052235916,0.9244713836218419,0.002892181671755942,0.7288901173612641,0.5255362986957107,0.0037206817525530568,0.003084801523377256,1.2013148947417364e-06
365,-0.023239753184001177,-0.01465554344785125,1693596073.54443,10,1.3430625652020902,0.9443016341756396,0.13275497319437185,0.777301488182134,0.661593565501288,9.02511526509536e-07,0.18571520097897828,2.2729327636447792e-07
366,0.007423144454617336,0.0029341123235778754,1693596073.6951184,9,0.021782946756706317,0.9670704187919302,0.9998348149387912,0.7622371885147731,0.5168732593757869,7.225532393171634e-06,88.57777488024115,3.733830493130643e-07
367,0.006864204788027961,0.002326671618188003,1693596073.8497615,8,0.14571654873599743,0.9568633509802569,0.6224571105468922,0.7470871158877685,0.8745198950277453,3.1434173474737466e-06,0.015071513282129426,7.734351613019476e-07
368,-0.11819929097080162,-0.07780775324774813,1693596074.0027854,4,0.0009988544887584517,0.9362824116986607,0.06110692647825054,0.8676433161710223,0.7426801637383896,0.0011258856199406698,0.00033682516791432916,1.7773926404238514e-06
369,0.005818201629317676,0.0021814291239606876,1693596074.1531181,10,2.122594521769259e-08,0.9769081174190898,0.4026243715164917,0.5524176602002091,0.7125721426139044,1.618047558277204e-06,0.10323041125155019,1.847469754638936e-07
370,0.006966740518093872,0.0022564041608670315,1693596074.3045132,11,0.012915903829046983,0.9494568006786513,0.8039265846584936,0.7921240470197582,0.6275588643581882,2.715537968572384e-05,1.4002788735025706,3.1589104812356947e-06
371,0.006830633474928405,0.0019961657905133157,1693596074.4553535,5,1.1215446140908756e-08,0.8960499811953561,0.6847229618525952,0.7518036237248115,0.6441836463636432,0.09050960604581616,0.00172639308816282,5.202181387236591e-07
372,-0.2602970101874087,-0.17511555960164937,1693596074.6029098,9,0.06546460847159451,0.8871493352830248,0.022531593556034468,0.7712692845553123,0.5763860924244482,2.3610958344608406e-06,0.006381444720302259,1.206769114143306e-07
373,0.006753843671823523,0.002799853193632851,1693596074.7507262,10,0.004942421147785059,0.6989851523364248,0.5528126554567245,0.9622054931016567,0.5571508286422258,0.0004502832871262668,0.06743626738233162,1.1792528835594997e-06
374,0.007558240342692146,0.0030256791621514623,1693596074.8972337,10,795.7729011336082,0.9940107656936904,0.8146872503921309,0.8452001000633362,0.5324822709295388,0.002084915631578332,2.9118491172562746,9.412956754288561e-06
375,0.007653016392445755,0.002814068654508617,1693596075.044648,7,0.1359046257517068,0.9684401953681528,0.9987049516605961,0.6977390736797533,0.5463800140787652,9.343281544307496e-06,0.032487928565530566,3.1905243336911396e-07
376,0.007684529438951815,0.0028548050454022533,1693596075.1945996,10,0.031010948310528183,0.9579084521847725,0.9941834629018931,0.7140927801885391,0.5079311709849592,3.831603801970842e-06,0.30176258569009634,2.411369279901519e-05
377,-0.4024256940970492,-0.2736892974765728,1693596075.3476002,10,0.009812372376676846,0.7943542819149848,0.0005307218243634513,0.7307926379916314,0.6886874811845207,4.617987312943134e-06,0.3317447503085745,4.0734188496695574e-05
378,-0.053208235977678875,-0.03382478298233216,1693596075.4955597,10,0.3121010294272598,0.9604838443472311,0.09836242905729131,0.7258948213645057,0.5022744846357217,2.994319021655558e-06,9.976821740723003e-05,1.5895912968691684e-05
379,0.007259312908057369,0.002953890297419881,1693596075.643259,10,0.0005167929695003757,0.9436155802711981,0.6737190861449158,0.7162993792705384,0.5157492993031664,1.3427873165550946e-06,0.47633280314849363,1.7124423398348507e-05
380,0.007496557189777153,0.002912495677570126,1693596075.7893307,10,0.0027561148437519967,0.9797624711607208,0.8038770776415702,0.7138420050054092,0.5056591001954168,6.495736102656154e-07,0.7654692112510174,2.7371046793165228e-05
381,0.006681588844398512,0.002819668163073441,1693596075.9350905,11,0.0001782523581032449,0.9310100618378339,0.4979411372771133,0.7044581600833462,0.5231903071562529,7.527986338511456e-06,0.00018707380955891738,2.300355667659258e-05
382,-0.32785015304399123,-0.22188832546636128,1693596076.080817,9,0.03011928105327461,0.9514021748507394,0.010955715648819949,0.7408465344928352,0.514848859563603,3.870315312500094e-06,5.146805750460828e-05,4.617535026968233e-05
383,0.007657679195951839,0.0028177810798476477,1693596076.2271087,10,0.07862610871471032,0.9673205067110285,0.9933421108599663,0.6794719174851473,0.5310299189994273,0.03447043550549783,0.0008878419191811362,6.635777756299273e-07
384,0.005724916117525347,0.002533123469963483,1693596076.3750365,10,0.6817539374173488,0.9575409430579169,0.3514337904651505,0.6953710933429498,0.508911689808625,1.5513170583893055e-05,0.0004619641966380177,2.580371746586346e-07
385,0.007075979899266782,0.0021166201934320616,1693596076.5257697,8,0.2051786864152437,0.8659992543046495,0.6937620192222718,0.7382272578245767,0.7013564821020541,1.9770444419528626e-06,0.02002988797621167,8.316997090114397e-08
386,-0.15409948856626032,-0.1022481975569991,1693596076.6781693,10,0.006525275956261262,0.9149422249015047,0.04834881736504141,0.7090882299713952,0.6621572387572452,1.0539307478977838e-06,0.004498632121270593,1.2010305344726661e-05
387,-0.37790817325932524,-0.2566420824319935,1693596076.825415,9,0.0186932749010514,0.9405171956498791,0.003739760053536664,0.8141297824182032,0.5227585235431159,0.6928645708501477,0.0002546133873776381,4.022420448050789e-07
388,-0.20305352777448027,-0.13563337809305787,1693596076.973933,10,0.05303436243868629,0.7900648215602528,0.03488139706273397,0.7227109312434608,0.5408126997842281,3.2047357064016174e-06,0.011568297408603228,1.4619190368156883e-07
389,-0.003966314297078055,-0.002311779149471338,1693596077.1251512,9,0.14010663011508345,0.7169526301974963,0.18932658611943207,0.7566511867155984,0.5006607538395352,0.2173321672398231,0.2515920534244656,8.288678813018113e-07
390,0.007573845961773573,0.0027481490012543075,1693596077.276077,10,0.001514150049854142,0.9875651177668123,0.9991689812299381,0.7461299771068877,0.5308728231698087,5.663565567257017e-06,0.001963809414536768,6.33842973153649e-05
391,0.007137001240132945,0.0027928105537282644,1693596077.4277754,11,3.890787176560592e-05,0.6536252496457309,0.5844913100971614,0.7634804613370003,0.5192759761412719,0.01673645627982753,1.8271143726397727,2.7130780200502433e-05
392,-0.0003673073459007359,-1.5694528253895612e-05,1693596077.571705,2,8937.82632424885,0.9751280497949261,0.8106343593069805,0.7353172489548818,0.5496650692017748,1.1361326879503549e-05,17.135041624569435,6.433987721642215e-06
393,0.007017480048697955,0.002239244185424094,1693596077.7218354,5,0.003987926740114856,0.9514418509687204,0.8096510585302489,0.7536843007346796,0.7761837709568647,0.007149594007154105,0.1367423380194424,2.548262108567193e-07
394,-0.4006120723207671,-0.2724289334600416,1693596077.8744853,8,0.011357255838330917,0.9643256337724888,0.0007606364150287016,0.7658407081058805,0.7034312794920821,1.9160504344640078e-06,0.047054807473595105,1.4391589785545277e-07
395,0.006791807310247089,0.0022950179189545894,1693596078.026418,10,0.03415448831823877,0.9223256543926756,0.6629721189515834,0.7997273710806385,0.620943942236116,4.2223455041224514e-07,1.008686917147896,5.085238905284858e-07
396,0.006236430147360195,0.002657385880240337,1693596078.1731849,7,0.4035434692031389,0.8421494743575167,0.46628498710612215,0.8338837841870579,0.5374051044464225,4.037402908853958e-06,0.0012601642423155587,5.897736601899301e-08
397,-0.40452219550524715,-0.27514592925778225,1693596078.3195856,9,0.09512727465265587,0.936438625542948,0.000266157222280811,0.7845739442510716,0.5112552985738621,3.541676715514683e-05,0.0007185799962895064,1.0834882653777411e-05
398,0.007383449919359686,0.0029170063599015528,1693596078.4697864,10,0.932317109145865,0.9463546658500129,0.8108586055901347,0.683959109901329,0.5292795965234656,2.632588036598616e-07,0.007938215755493949,1.15755103106515e-06
399,0.007311519234165509,0.0024277171311581913,1693596078.622107,9,0.2619294831559669,0.7803451860679922,0.5755560831662435,0.7449355206991456,0.7556848085363805,1.3386987223032442e-06,0.03277294869200756,3.932962373399025e-05
