trial,score,test_score,time,max_depth,min_child_weight,subsample,eta,colsample_bylevel,colsample_bytree,gamma,lambda,alpha
0,0,0,1693596012.8418730,0,0,0,0,0,0,0,0,0
0,0.6688682384458546,0.6514036644791417,1693596013.0746255,6,1,1,0.3,1,1,1e-20,1,1e-20
1,0.6468850187853328,0.6272105353933548,1693596013.2463403,1,137.70328448258485,0.7192046157204468,0.04143104515916126,0.9889947559983013,0.7692479352052168,0.0010261353203244576,5.254257267419562e-08,4.8349256610810355e-06
2,0.6664958748567609,0.6475060801644056,1693596013.9399035,6,6.760673296843502,0.9018695180521877,0.0008029817331845199,0.5329681734529526,0.6440727996539968,12.47197630824431,1.3609856177171345e-06,0.00033207762793950894
3,0.661828683981106,0.6500634113809768,1693596014.1814961,11,2.107123342283561e-08,0.8002744587320613,0.5631803612766828,0.6151514395104825,0.7742449596180152,12.339107528093438,2.1463199265042954e-07,0.0017144538798133766
4,0.667830329375626,0.6505419862128025,1693596014.4137676,9,4.9793440088114735,0.7338764298724904,0.00010574149626882931,0.7453829445455352,0.6861923446925295,0.0005943079619102761,4.559359716869249e-05,2.3943075946345096
5,0.6675525939867153,0.6489039076166747,1693596015.3569736,9,0.00012076214091926246,0.786312666321977,0.00024001878979773068,0.7264214662732003,0.6764891829721973,0.03749683638756821,5.0525524419215045e-05,0.0003898789420439064
6,0.6648892484877772,0.6496522016120398,1693596015.581555,8,0.002338265266234887,0.9532116345821693,7.984690669061547e-05,0.8705594364566321,0.7111870218215701,0.00018388052153184043,0.02206981467632001,0.0016945797419706538
7,0.6533556793310472,0.6354233002874057,1693596015.7888093,5,1.0436369509739081e-08,0.546131172923376,0.03523481281311652,0.7621727983825985,0.8480802317584845,35.86602360941106,0.06747432423890629,3.3984971239658156e-08
8,0.6654475451900645,0.6470475949847866,1693596016.005974,4,0.5055113781276411,0.6175602036287322,0.6681208080297684,0.972524111896397,0.9242004404188444,0.0005287373169317066,2.5987658371531395,2.0469461776236616e-07
9,0.6619776631865406,0.6440673741919333,1693596016.1904287,4,0.01044607462424567,0.8709236003417333,0.0026861245340082875,0.5684380593987255,0.6717682648521792,1.7549376718417834e-05,1.0096922973844574e-05,4.5187051557074615e-07
10,0.5,0.5,1693596016.3998308,2,14204.21770939705,0.9865692654762368,1.3463800962700105e-05,0.8887406357671115,0.9905510235993026,1.884566955412716e-08,61.0808076884664,1.8098655691505153e-08
11,0.624275680235343,0.599169849542026,1693596016.5994532,8,735.7891505939266,0.7023941513548995,0.015337095263193098,0.7400129991681282,0.5411655884725093,2.382205534917817e-08,0.0004527382124785596,6.670855665095056
12,0.6624128555542838,0.6486486203989926,1693596016.920305,11,2.6503791534831196,0.8372963316915516,0.0016565313082173912,0.8352775066572882,0.8617670716767211,4.662857168954251e-07,0.006109368707153659,1.299549520420861e-08
13,0.6487108309207004,0.6317450623710342,1693596017.1607888,9,69.05826630978868,0.9021679744360075,7.019377796696304e-05,0.6523260715826098,0.9812447467180344,3.869956298574147e-07,0.000343231974300506,15.892489704102928
14,0.5,0.5,1693596017.3821921,7,19511.520226606437,0.7483251246976306,0.010349662226808524,0.9234069571223709,0.8281316509496803,1.2880911577357608e-08,0.28888146913306767,0.31785064219658865
15,0.6666657835652711,0.6491999686774034,1693596017.6402013,6,0.21350793580918323,0.9731199855815035,0.21547714810194263,0.8217078488642435,0.9132334424917599,2.4585310915080826e-06,0.0025093565093459134,2.929192194604016e-06
16,0.6627738674047983,0.6489232397115904,1693596017.9268396,10,9.998087744460028,0.6708468047001384,0.00046014121170537037,0.7945360750189695,0.5825942452295736,0.041472793184974065,2.1548980705435407e-05,0.07231740463016938
17,0.6383044523852921,0.6209056737416316,1693596018.1450608,3,0.17055974571448948,0.8022478605649381,0.004123023507252145,0.92617901119216,0.740537558304898,2.0037979288484885e-07,0.8135752228087088,89.46057165856458
18,0.6243770602755558,0.5989471085198518,1693596018.3494666,7,707.411839488998,0.8524655868256634,0.10200777247683498,0.6984485284762785,0.6137889552870297,2.1896561024090935e-05,0.0013120188044421339,4.7751536248308966e-05
19,0.6673379120374493,0.6518281746526663,1693596018.588706,5,0.0009872628774609353,0.9261997359925428,0.1722958000491801,0.6855180528456503,0.7832680157833118,1.4366358947379582e-08,1.6673040300729776e-08,1.8527268498314303e-07
20,0.664042619179832,0.6464682746226114,1693596018.8695068,9,0.06497515441451482,0.7614557952568833,0.007461222475461484,0.7621939105280524,0.5183016780639809,5.394376469971954e-06,12.970030703036617,0.017352244431206493
21,0.6663686199456573,0.6488157912376168,1693596019.1599429,9,1.3127743218255233e-05,0.7964040074793743,0.00028932299187595984,0.7204100795327997,0.679128002222395,0.03083965294437414,6.51403459423193e-05,1.9352046248291438e-05
22,0.6649945141741306,0.6523199827637497,1693596019.4560676,10,0.0001478541289769951,0.9376288906296432,0.0011603925552266102,0.7914522285106351,0.704457619121588,0.017843989926916333,0.0001255835365488101,0.513748493540696
23,0.6685498803927471,0.6495478888498901,1693596019.7145753,7,0.02306593395511489,0.6583787252822202,0.00019305902466720777,0.6631162024862061,0.6342056263404516,0.649555810856853,4.606790881072741e-06,0.014911024933092794
24,0.6674017602683499,0.6523627895453488,1693596019.9834502,7,1.4288204445952148,0.6514407731424088,0.00011702031333298392,0.6592754183970889,0.6137037555302794,0.8558934319034166,3.3105570727439912e-06,0.011503736750206469
25,0.6659394326674041,0.6509625551705482,1693596020.2482421,6,0.017292501119225027,0.6071693543876923,3.408980443945544e-05,0.6304158440167773,0.728981580006909,0.9891850929087969,1.3739487610994792e-06,4.9778990490776465e-05
26,0.6651003980314609,0.651767359104077,1693596020.5249548,8,16.02889243883708,0.9895403704996947,0.0006775058034662298,0.6840838210907765,0.7974819720102153,7.398776569702869e-08,0.01786208327640512,6.79672162037805e-08
27,0.6646723587850221,0.6484553761644974,1693596020.7604673,5,0.5108040971490847,0.7305926259283663,0.00018316430028277747,0.5970757559706296,0.7506965009662598,2.026122585265218e-06,0.00025367602643849065,1.8054925351756763e-08
28,0.6661669195869064,0.6519918645634856,1693596021.0212276,7,0.028279319857268104,0.6855582263288807,3.250446617906528e-05,0.8473612220344011,0.6287137547695661,8.296599071929162e-08,1.766588718281614e-05,1.0632866875574738
29,0.6389467320302995,0.6179921947050352,1693596021.235072,1,89.75174438702628,0.7383791535345396,0.0004194568599625857,0.9877622960495379,0.7159300345036804,0.002641468568654006,1.8858006559014626e-07,1.272548634380533e-06
30,0.665726163680371,0.6490001749286088,1693596021.5500057,10,1.2088117146340085,0.7112828742555202,0.0018431703627356888,0.7956938783127451,0.5925305732009851,5.373501120925342e-05,0.08164444287595797,1.0698005416077329e-05
31,0.6679878746645982,0.6481170836821373,1693596021.8335774,8,0.0035009779700074756,0.7719108050538775,0.00024021436217978517,0.7320537082821437,0.6699334473591855,0.0031962998376292065,6.310418304967261e-05,7.676972441036803e-07
32,0.66960085936363,0.6493999350341882,1693596022.102217,8,0.1093106903348597,0.8329293816509247,0.000825188811635183,0.7053401828429341,0.6511478537388423,0.003653857831602723,6.3496379942177626e-06,5.9916965469822e-06
33,0.668789377491229,0.6519726091832322,1693596022.3539732,6,0.032394004974649206,0.8924610057591819,0.0008711023492202458,0.7135369637910977,0.6425020974607119,0.005087630544617142,4.065522899645484e-06,8.865158808390739e-07
34,0.6682702904909055,0.6502663791989267,1693596022.6038065,6,0.08254012689821522,0.8919038783645445,0.0008404852017492075,0.5089901709350099,0.6465068555593492,0.00014503896987570666,4.977013047813247e-07,0.0001692304372567763
35,0.6636504338500536,0.647256958887711,1693596022.8400996,4,0.06127463189455275,0.8340039933727625,0.004829182434868848,0.7090923273730971,0.5681377298411532,0.003656244698422278,2.661638350088547e-06,3.477866927056926e-06
36,0.6701703714536414,0.6527101918938647,1693596023.103054,7,0.007988267060900845,0.9543774148851798,0.0009865553655357072,0.6588264789214323,0.6448381461137058,0.0004367889209217034,1.542995477130081e-07,8.072713845430181e-08
37,0.6672260230906288,0.6491721883802947,1693596023.3537142,6,0.31581723621829705,0.9647369895665265,0.00105964093394684,0.6019129195487778,0.6578571604757777,0.0001826249999138594,6.372782441146519e-08,1.3157887959811625e-07
38,0.6671139575235293,0.6507675081414874,1693596023.5824955,5,3.633072003444552,0.9977237864947301,0.002959576955697368,0.632338070158232,0.692944898713343,0.000732591030675932,6.260019164769619e-07,5.0691900492548504e-08
39,0.6657175092866943,0.6516000252467953,1693596023.8541737,8,0.005750171101899117,0.9341750018721194,0.020583332616935443,0.7609577158617834,0.7010922038239994,6.380920857982275e-07,1.2066260049170165e-08,4.5715975737004547e-07
40,0.6692512395211189,0.6499307621404166,1693596024.1263776,7,0.0008381675491820238,0.9516438286175389,0.0016787659498424669,0.7085752371756654,0.652172484000418,7.684603366395022e-06,1.0200414438360153e-07,2.1566105896837267e-06
41,0.6679049514435528,0.6502539801916221,1693596024.3907323,7,0.0010521952926491737,0.9528518800001488,0.0005499612596901693,0.7015825032034775,0.6327492862377307,1.0756475290328082e-05,6.842646724791791e-08,3.3076487538226062e-06
42,0.6526624447355146,0.6295282867193628,1693596024.6329513,6,0.00025925588160807735,0.9097025630501725,0.9043964773943854,0.6840696684328227,0.656413730104648,5.9201843015661426e-05,1.2383967708037453e-07,1.0685618186028003e-08
43,0.6636643868521038,0.6476640836008773,1693596024.8805602,5,0.005243488914676535,0.9482395948537473,0.0016840963317193568,0.7224366682345522,0.7579445802497369,1.202067468517157e-06,5.722251285627922e-07,1.2261354634087442e-06
44,0.6679615582430097,0.6492954688427138,1693596025.15973,8,3.269666291727894e-05,0.8796812664115914,0.002515238643679634,0.7455392390883501,0.6736274537941221,5.477361380705741e-06,7.3825144369659685e-06,0.0005815506308223138
45,0.6678154049620407,0.652081227555807,1693596025.4202561,7,0.013528644673407095,0.9145901344694158,0.0064021360937924765,0.6717975826731787,0.7179123881868948,0.00042847922737236215,2.9262483889523898e-08,2.832106642259397e-07
46,0.6479125072590934,0.6275765218688283,1693596025.661688,4,0.6026230710077873,0.9244938355476501,0.0011573445845349229,0.714951326965363,0.6045923951548192,80.6289053053019,2.2762774596619808e-07,9.566363049966754e-08
47,0.6678740428947075,0.6503289879527485,1693596025.9190469,6,0.08575638066768898,0.9696723907854709,0.004231134335056642,0.645688672067195,0.5718404626229754,3.9611584278971986e-08,1.8273601094210962e-06,8.20105257410464e-06
48,0.6675852687383519,0.6474297874326845,1693596026.1988094,9,0.0020934225962901546,0.975178108202635,0.0007043258179092452,0.7453301925912822,0.6503404178465265,4.0433656925169994e-05,3.442397634345556e-08,1.5155089355034548e-06
49,0.6667885346592571,0.6487430753270282,1693596026.4636333,8,0.0007212815195209986,0.8952838455775245,0.0026129969736888867,0.5727070303212803,0.62249579547822,7.036130221675031e-07,2.3644418808007147e-05,4.608473585411371e-08
50,0.6679131642865318,0.6538145282265941,1693596026.7319322,7,0.23721512543718795,0.9972124403694653,0.010828234822844804,0.700670763507278,0.692896450741881,2.534607521798279e-07,1.0201984466439502e-05,3.9016371252347813e-07
51,0.668936325563454,0.6522896708827831,1693596027.0096207,7,0.017195638702128473,0.949509772489653,0.00036285662314723623,0.6548469033297611,0.6417662662452887,1.6177843618220423e-07,3.284534314509343e-06,3.357801748454772e-08
52,0.6664926073815972,0.6523290830405726,1693596027.2608647,6,0.006895201877843877,0.9532170774837944,0.00038500512222393893,0.6723178287105608,0.5952133128469376,9.109892827551957e-08,8.391230398500772e-07,1.4778685571312895e-07
53,0.6663601421722599,0.6505501467350115,1693596027.5327978,8,0.03311362650985389,0.9173827944291358,0.0014863341127560367,0.6433888806032093,0.6431226846922119,1.0012372909693282e-08,2.983869897950464e-07,3.894596134897051e-08
54,0.6688610853245504,0.6508549436779169,1693596027.793945,7,0.12865778663821173,0.8724787305538957,0.0007383640477193576,0.6852436071201783,0.6672316114460473,1.8190939995422278e-07,1.3502874548032145e-06,6.693220125731803e-07
55,0.6680987038897438,0.650185752088782,1693596028.061051,7,0.17384755288383508,0.8575802511364551,0.0004886465778680376,0.6860724621494458,0.683921792365351,3.3394301380360656e-08,1.1010892597174971e-07,1.908464491052458e-08
56,0.6652097259842341,0.6517061216248449,1693596028.3570328,9,2.0676167143862014,0.9761908737040705,0.0021149775832757646,0.6260317595800997,0.7304995622404543,2.159197509792385e-07,8.262896111243946e-07,2.052970507075938e-07
57,0.6684679285832369,0.6507208943947684,1693596028.6352806,8,18.09995692273201,0.9401349605829463,0.4266911838128971,0.6540101053655021,0.6618121313621916,5.945391507959224e-06,2.9523542168928624e-07,2.5331265773905975e-06
58,0.6610114619496336,0.6509312172309724,1693596028.917607,7,0.9732079334820571,0.9614064194304258,0.05838177259536582,0.924431235616185,0.943536676174257,1.3596388339221942e-06,1.1754964032577502e-06,5.898451731568462e-06
59,0.6667743167267882,0.6508275757221185,1693596029.1844661,7,0.008770946550128642,0.9267694017155189,0.0007229457401100728,0.9710698936404154,0.6067706443894545,3.740525876145341e-06,2.038350714735834e-06,1.469791475395289e-05
60,0.6640631071322096,0.6497806507248356,1693596029.427629,5,7.013642064362199,0.9803757115076726,0.0012469623870694894,0.7354148639734633,0.8885875478196528,2.1427329252531188e-05,2.3390473863607084e-08,2.850709572361909e-08
61,0.6665191004234648,0.65023785093386,1693596029.6865041,6,0.03646105363644724,0.8984286752322146,0.00031608360121723826,0.7138052158777229,0.6318648864705406,2.1021386014676015e-06,5.516140346314694e-06,4.6516209708885095e-07
62,0.6678413681430709,0.6499919996196486,1693596029.9547887,6,0.10665617034547027,0.874147187409606,0.00097270104768164,0.6652306219389564,0.6729564813746183,9.626994258908268e-06,3.4106931248920983e-06,8.838913323624625e-08
63,0.6673129202679541,0.6512480871438672,1693596030.2110682,7,0.017369725485316574,0.9411733029710203,0.0004528419004102782,0.689888762186564,0.6218295513805155,1.6853257443686892e-07,8.271499881797503e-06,7.580228301224461e-07
64,0.6691713188448186,0.6522379172536856,1693596030.4559283,5,0.30614712866166105,0.9098642892232848,0.000674939797185161,0.7274382957265612,0.6442647183908136,1.1080672629682215e-08,3.695050088478037e-05,1.0324162191504841e-08
65,0.6656767100022183,0.6456288915550218,1693596030.6845214,4,0.3243759042380176,0.915859035426165,0.0016420188305258318,0.7709403517755159,0.6792538590883381,2.955257700496628e-08,2.794182359536865e-05,1.1643200998434139e-08
66,0.6638755363957877,0.6491270801588247,1693596030.930526,5,0.9903916097021607,0.9535479136355905,0.003173340021169147,0.7290179199972652,0.695577098259687,4.937421545525079e-07,0.00017333577027703657,7.10358156037287e-08
67,0.6666451189926144,0.6503090996765307,1693596031.2187781,8,0.1267181349013701,0.9331290061751928,0.0003136035924702398,0.6765870544465445,0.7056816694800616,6.529041068708327e-08,0.00047655728624599735,4.502810635396894e-05
68,0.6705364169821104,0.6524037168177199,1693596031.4973779,7,2.3616585449652137,0.9817601483005698,0.00013281616584003654,0.6971456986706869,0.660853040168153,1.5085727349885004e-08,8.821311431704039e-05,0.002575696821045571
69,0.6566477047135006,0.6402422852331314,1693596031.727021,3,6.003687761674386,0.9877834117459113,0.00016487014763118507,0.6592803203744645,0.6504278098785591,2.1561391606741366e-08,4.7511600427876384e-05,0.004551873822545456
70,0.6632672561545103,0.6526777991276814,1693596032.017586,9,2.37634756917609,0.9656288875812753,0.00014048832372890726,0.7046107352945621,0.8106158294251998,1.2672962338982076e-08,0.00011608546687029093,0.00014342628482561008
71,0.669868968947329,0.6504005147860703,1693596032.2781715,7,0.5108574876892108,0.9991406575993915,0.0005917724589312595,0.6927240433121046,0.6638943551137442,1.540804736352838e-07,1.3819971710526488e-05,3.045872042370021e-08
72,0.6669889103659149,0.6523208458037012,1693596032.5467145,7,0.5145256468802629,0.9884919547990957,0.00025245069749148995,0.6988183503610035,0.6202644359170123,5.8500848015568797e-08,1.1677237521098425e-05,2.372990959945012e-08
73,0.6676059333110086,0.6500017711497673,1693596032.8073757,6,38.80786405241101,0.9999301886459786,0.0005885158298269381,0.7535510260812195,0.6408623077903891,2.05378908285616e-08,6.801104399901574e-05,2.086569581390004e-07
74,0.668784167192995,0.6515812013865178,1693596033.0888727,8,0.6463692804700428,0.9800567083113181,0.0004127664739881879,0.7218212428336337,0.6586355684512983,1.046060487891824e-06,2.220411938044867e-05,0.0013290571079708294
75,0.6675155037281009,0.6536049054116844,1693596033.3545148,7,2.2369890748545624,0.9605850683821849,0.0002376062046384572,0.7343103573835899,0.6910462624953397,1.0457413875636434e-08,0.0006654128012988767,2.786089561325467e-08
76,0.6646332373931977,0.6493520171382089,1693596033.5910246,5,0.056859938677838104,0.9449921109659888,9.37959485349093e-05,0.6735662881342468,0.7753657303912378,1.0531027766368505e-07,1.5251154523074668e-05,1.1347082473932078e-08
77,0.666293909567591,0.6528987469446228,1693596033.8770304,8,4.674022613191133,0.9718124032351463,0.0010329733652322713,0.6500624434785922,0.6073565864263208,4.1725089898482206e-07,4.586841994990338e-06,1.1780532935373089e-07
78,0.6680721225377367,0.650744033454804,1693596034.140573,6,0.012150719918076888,0.9601513591588161,0.0005740674705599827,0.6962988910183672,0.637476991081534,0.0015045636867672175,0.00031148524926589977,5.3054357613280035e-08
79,0.6673625505663859,0.6504834721040843,1693596034.4166317,7,0.2819417778331222,0.9827553626291237,0.0014091258887521992,0.7796664397110238,0.6644289965711838,0.00036520579597406944,0.001248277452338151,2.098602788693262e-06
80,0.6663218155716917,0.6492562388822476,1693596034.6622949,5,0.0016833971004025453,0.929471979047662,0.00018099903322819764,0.7524089992987765,0.6834322344928827,4.670218875000407e-08,3.11779459252339e-05,4.661057258086944e-06
81,0.6709006079976488,0.6501186651165447,1693596034.9288607,7,0.13493078676805298,0.9063502136150805,0.0007961947552329702,0.6844676717718992,0.6684047300560642,1.5628309509706513e-07,1.6821927336485002e-06,0.002349590961484046
82,0.6686281231763956,0.6516419018631134,1693596035.2026055,8,0.044377731908535396,0.9415590767992379,0.0007877798230531811,0.7110322698261837,0.7150851709309615,2.8319827419469038e-06,6.989060124876045e-06,0.0026855209882917204
83,0.6672447448402152,0.6521917829736065,1693596035.472481,7,1.0923902385036623,0.9144323098254059,0.0003435481855110955,0.664830591666871,0.6313591977861658,8.362356610860751e-07,1.556406819078693e-05,0.0009470103428657181
84,0.6644751622433883,0.6468229265067206,1693596035.7203443,6,0.020894913299073257,0.9986611475191968,0.0019148430748741154,0.7219929321324746,0.6524323799663101,1.2345065205069955e-07,2.2290726158468316e-06,3.3420925192646495e-07
85,0.6673498339062895,0.6495780377121992,1693596035.982308,7,0.2249398763440792,0.9052650870631936,0.0005576318446001699,0.6926315605384118,0.6727794831777855,3.8023542825247824e-07,4.816958609879134e-07,0.00029303740222213673
86,0.6677595929538399,0.650223831329313,1693596036.2409875,8,0.0037887165685254695,0.9521779217805906,0.0011070778663871416,0.6757475182834363,0.6225290763131235,2.1857784571766347e-08,2.752545776247944e-06,1.9856950887160112e-08
87,0.6708264274804199,0.6512062680635461,1693596036.5000896,7,0.4547698469942153,0.9714695717832242,0.0008357903430216713,0.6343939262330608,0.6468442511254784,3.238693166460197e-07,3.758610197571801e-05,1.5882061074844708e-06
88,0.6685010448855713,0.6527326117539405,1693596036.7773483,7,0.427086687004725,0.8852817230398545,0.00085540466597756,0.6515919538656804,0.6401093676729112,4.07938798390899e-08,4.719581031575266e-05,4.693038482858706e-08
89,0.6709893596879049,0.649713151411288,1693596037.0512233,7,0.08530493581468777,0.9256997956068344,0.00040729983330360886,0.6424262053699357,0.6617865311782025,1.264409403816755e-07,9.292654322976993e-05,1.0604987774449335e-08
90,0.6671071576427834,0.6480103352294578,1693596037.3279238,8,0.07471301820656467,0.9691141192578776,0.0013415327421801098,0.6405286754381978,0.6562828912101182,1.012871029150907e-07,0.00016211028488684798,1.0425407942889402e-08
91,0.670487934715493,0.6500337803426388,1693596037.578093,7,0.16585218692163778,0.902189777094032,0.00040486861416541743,0.6165126738065022,0.6646798024478258,2.941303870022908e-07,8.344343643798994e-05,2.980311969708367e-08
92,0.6717778809240208,0.6497549896702749,1693596037.8409727,7,0.09974922535222276,0.8981504576149208,0.0004940289974287307,0.6143286835446733,0.6666904934134589,6.571098997341868e-08,0.00010756372874829856,1.6620335612976615e-08
93,0.6695595302183168,0.649833804396521,1693596038.1146488,7,0.08671658494468094,0.9260094066089293,0.0004329816685751086,0.6163756753726641,0.6792684002230287,3.331275668116541e-07,8.277302259822679e-05,6.220274165768697e-08
94,0.6664869555326657,0.6494576915856156,1693596038.3979468,8,0.16871705360642186,0.8877454623704649,0.00044038823666540824,0.6152527660058658,0.6816583041813832,3.384313789060279e-07,8.922921895637186e-05,7.744695826059667e-08
95,0.6698105076349414,0.6495858050717637,1693596038.6647067,7,0.05593043550908818,0.9345112015861484,0.00027069898691325705,0.6238285452717935,0.6655265453527044,2.9234493085229416e-07,7.943264022373314e-05,1.685663412807847e-08
96,0.6668745487351869,0.6519055989256571,1693596038.9191113,7,0.04487143723369256,0.9011155849136931,0.00019999051468004697,0.6348535973797547,0.7014185469776653,6.42601056833919e-08,0.0001639453538081531,1.9845359040128403e-08
97,0.6683429697357619,0.6496461315643802,1693596039.182328,6,0.6592164536464064,0.9327994680413574,0.0002821070464729834,0.6021957523778791,0.6651746900265894,6.006367573539603e-07,0.00021841725822093502,3.2501115983223717e-08
98,0.6661538496862517,0.6515188035980174,1693596039.4841466,8,1.276418614919132,0.8677383805670328,0.0002637185892642558,0.6264612670442223,0.6898722637468793,2.1555743814521464e-07,4.5858125639083176e-05,1.6940167005737922e-08
99,0.6709837078389732,0.6497401837404385,1693596039.744801,7,0.1390914878516656,0.9227755468868217,0.0005647317596725215,0.6399090594496775,0.6684323302111835,1.332069013027193e-07,1.2215611860116893e-05,3.3216173579993333e-08
100,0.6711039862490514,0.6506484373961656,1693596039.98804,6,0.18584427874118203,0.9237289943293445,0.00011430855476556225,0.643085429368687,0.6663558671206771,1.4336872006703044e-07,8.6326484794468e-05,1.1674962724398605e-07
101,0.670816801675208,0.6502014881838994,1693596040.2360263,6,0.1460805618750373,0.9222476070853366,0.0005600247888055288,0.6430168727852974,0.6635724385595233,1.459485851839546e-07,9.916938797679151e-05,3.503214363387818e-08
102,0.6697939053287045,0.6498240232770697,1693596040.4962182,6,0.18356411810361514,0.9013990429589618,0.0005461754839254387,0.6423520602952868,0.6673276212616813,1.373795353045638e-07,0.00027222393859140765,4.3949060073685525e-08
103,0.6662767774005169,0.6520115994103788,1693596040.7741754,6,0.39563951763638155,0.9199287295323064,0.00013915015583536067,0.6363263757736581,0.7087782103328407,6.637504493332055e-08,0.00012096444737021046,1.0959634384122939e-07
104,0.66762960042841,0.6519502468591531,1693596041.0453808,7,2.714956838241244,0.9212340912447946,0.00036480466453589906,0.6043543346380239,0.6865204429492809,1.0951430024523494e-07,2.9245918013086046e-05,1.52760304091917e-07
105,0.6643600058214045,0.647365951244265,1693596041.2881796,6,0.02350546005434092,0.9057904784435312,0.0009552310428409934,0.6598146497275185,0.6577602788134538,3.9921788055653853e-08,1.6516058163755312e-05,7.353479741565433e-08
106,0.6679934382033903,0.6496028261374756,1693596041.5586567,7,0.10735491154986673,0.9420349379914208,6.688957722904424e-05,0.5919005250397154,0.6743764269800996,2.1654738564069014e-07,5.4072516976641915e-05,3.280439312367743e-08
107,0.6676268628140838,0.6508596903976506,1693596041.8171573,6,0.200798813357365,0.8940000301897836,0.0006434894621740393,0.6454500671559132,0.6305248298880767,8.363278520810026e-08,1.1239030944218552e-05,1.0064345766808487e-08
108,0.6678320072682777,0.6527666251173663,1693596042.0957668,7,0.5627674238101605,0.9653008491246983,0.0003368764636355245,0.6416430013628635,0.6992562159630317,2.788366461970321e-08,0.00010434258906002551,2.625035866769296e-08
109,0.6684608637720723,0.6517921379400207,1693596042.3592784,6,0.03779349177966077,0.9875251986124313,0.000834996101866103,0.6191491714779415,0.6485485313916068,1.4348921925360018e-07,0.0004495515814462128,5.723181255340231e-08
110,0.6684814400345894,0.649929055239179,1693596042.6400774,7,1.522818853111928,0.882879728199014,0.0005066941745925122,0.6090360081828484,0.6744652193278884,4.92279917575543e-08,3.496983353804704e-05,1.20763213062666e-07
111,0.6696397158250357,0.6497357342900214,1693596042.9131155,7,0.06584272329026424,0.9314959767283892,0.0002452078407694447,0.626172404920598,0.6638007508058015,2.2329197218993876e-07,6.493371741860142e-05,1.6227731098143595e-08
112,0.6666853001061135,0.6491383284461937,1693596043.16441,7,0.0071594628415582355,0.9113536232428416,0.00020635050693312558,0.6280056233284909,0.6543004237594596,6.495680576712822e-07,9.38827485205815e-05,2.497188111572726e-08
113,0.6673953136281621,0.651371434731616,1693596043.4256847,7,0.1262922503972836,0.9373461478349515,0.0006826152831131076,0.5910939010429954,0.6946694375900744,3.4383566071470715e-07,0.00021240356633348367,3.659050963872605e-08
114,0.670328358293311,0.6494399129626126,1693596043.7008102,7,0.014132030832095391,0.9574510913387925,0.0004812786888588683,0.6628660583815669,0.669447271649567,2.6365806060690363e-07,2.575747404746675e-05,1.6790716434281488e-08
115,0.6666535084558726,0.6496733652695194,1693596043.979209,6,0.011003050117379452,0.975591268256124,0.0005067374048365293,0.6647049875852883,0.6152098874933126,1.4197105153029341e-07,1.6421301545866345e-05,1.6634355680187295e-08
116,0.6675047298910748,0.6494628218786612,1693596044.2395606,6,0.022580542887955298,0.9610650989476711,0.001213248212704546,0.6528190225041364,0.6374955122572274,1.4205039163215115e-06,1.0905427115322492e-05,9.25459073295892e-08
117,0.6634996001316881,0.6494919830396922,1693596044.5537894,11,0.8755208660380935,0.9474212286149872,0.0004028395386913649,0.6788903722053156,0.7243495441209751,7.861532258967809e-08,2.335039999121525e-05,2.405026835579537e-07
118,0.6662086019727779,0.6490710496873006,1693596044.816924,7,0.22664658920675854,0.9578009168241957,0.000993915473147982,0.6678955065965211,0.6831537211145449,1.7163695757655962e-08,4.635644331122969e-06,4.872796535185678e-08
119,0.6688822797580443,0.6517502325557043,1693596045.0950708,7,0.32247615404118574,0.9799025796987767,0.0007288265770815665,0.6359103897414736,0.6263513038953378,6.046358333761523e-07,3.247439604968553e-05,1.0965354646719009e-08
120,0.6659329860272166,0.6511376276193958,1693596045.3812656,8,0.030744779720086685,0.9220339306602319,0.0005904392659088386,0.6821815711008212,0.6479246758626107,3.712378214682099e-08,0.0006877319316692856,1.662899030562148e-07
121,0.6685806123213134,0.6492414329524112,1693596045.653773,7,0.06064501626057573,0.9448869427906669,0.0002867563388862083,0.6243528168743673,0.6655296136066013,2.2511895587567652e-07,6.823675376932784e-05,1.556654656913332e-08
122,0.6696143708149823,0.6499493174993759,1693596045.9158497,7,0.012550722524570977,0.9340174234431826,0.00022467375433329613,0.6119264336184328,0.66071123655871,2.455159783795578e-07,0.00013733214044950033,2.511811150363496e-08
123,0.6686330685442108,0.6498577297818459,1693596046.1728356,7,0.11677176412008053,0.9119988284592053,0.0003347298844115252,0.6560530200688215,0.672684460938241,8.409977311872625e-07,4.6875653546315936e-05,3.8500888035996874e-08
124,0.6689263465176839,0.651007816821343,1693596046.4304192,6,0.05199185979167548,0.9678812210625586,0.00016165523920074647,0.633939663577375,0.6448939195191105,4.166163311039878e-07,7.267094906402925e-06,1.6535305112586382e-08
125,0.667576261104117,0.6516729041760412,1693596046.708729,7,0.41780379500393383,0.9543301247550747,0.00044803709945625305,0.6485143356698531,0.7084996698893005,1.1875856087217614e-07,0.000351442689529638,7.304619411117223e-08
126,0.6685146446470632,0.6507974364491422,1693596046.9627113,6,0.004959522596456697,0.9930645309664264,0.00012703776040642374,0.6203625957980762,0.6871529966636951,5.510093976460767e-08,8.712159868589598e-05,1.009832271850315e-08
127,0.6686061339516457,0.6529098513920001,1693596047.2333965,7,2.9259368460701443,0.9242987993223697,0.0003098222081678038,0.6701922511848722,0.6310033035523245,3.0095922169452794e-07,2.2074053638950417e-05,2.6904870838147082e-08
128,0.6676870903292627,0.649274362721231,1693596047.4990156,8,0.14863531872777733,0.8946865135114039,9.840723169135238e-05,0.6898069761815302,0.6544076615934806,9.094486724065207e-08,0.00023481583841024323,6.12082720844745e-08
129,0.6471231912317215,0.6236078710087447,1693596047.7168162,1,0.8888329594805447,0.9788485774602335,0.0006171199406546293,0.6607375442971614,0.6730396685831941,2.805549036701169e-08,0.0001300647666564017,3.804228934535735e-08
130,0.6657827704798279,0.6503509571141831,1693596048.00287,8,0.08452808532718732,0.9411850243473736,0.0001960532160062115,0.5812858640511807,0.6966173209928387,1.4442393681530126e-06,5.319525161429631e-05,2.0575434644532354e-08
131,0.6709286906220284,0.650028976086908,1693596048.2683232,6,0.19591636528183537,0.9173976127041613,0.0005238940319110065,0.6431704782438775,0.6676897577609457,1.5693392021313074e-07,0.0003496810839444062,4.452758317838144e-08
132,0.6699070306174787,0.6508002173556529,1693596048.5434575,6,0.2791053576737309,0.9191964265476071,0.00042100494876600906,0.6096048568015848,0.6649135758413798,1.6286769278659177e-07,0.00018520277393601703,1.0700209215126149e-07
133,0.6687613831769891,0.6512090297913912,1693596048.7884245,6,0.5591936347157098,0.9077832612173745,0.0004608815627290138,0.6144681778102646,0.6409358890651029,1.477271994247759e-07,0.00015675987784466216,1.310166375707211e-07
134,0.6673827735883447,0.6497328191328515,1693596049.038146,6,0.2600747885648276,0.9180929788170037,0.0008984556038324011,0.6441714268666803,0.680436266792805,4.228757986549958e-07,0.00035076144092335663,9.804702048967512e-08
135,0.665859511991104,0.6506441317857403,1693596049.304489,6,1.2911037562824665,0.8818831828281851,0.0012760063105268138,0.6087642407562959,0.6591952404888336,6.292356794531105e-08,0.0009153117209739621,2.630627733984959e-07
136,0.66469275842726,0.6474461468344338,1693596049.5794604,6,0.3642373026412758,0.8954816021804362,0.0003861862216387586,0.6345356377962439,0.6501975978095432,1.4239096341931444e-07,0.00020462469341102357,5.238406523991452e-08
137,0.6670331537458336,0.6493722698090731,1693596049.8183734,5,1.922349582448447,0.9253242518348949,0.0007670937635070851,0.5977555716666398,0.6890654048983589,8.951317633868524e-08,3.63023702310863e-05,7.349028529469308e-08
138,0.668078039317087,0.6501324353984389,1693596050.0859225,7,0.16472052484303845,0.9036957279521087,0.0005345166408192234,0.668351782713468,0.6708494833247204,1.7549942546027967e-08,0.0004547332940760187,1.55739604997845e-07
139,0.6664259332262308,0.6509684717888831,1693596050.3350112,6,0.030838523296594353,0.9521981292131028,0.0010370650401803714,0.6544611307618206,0.6171124924192392,4.360204935988168e-08,1.572057154766095e-05,3.09813603553459e-08
140,0.666593810801531,0.6526700797147811,1693596050.6141524,7,4.555139067042834,0.9705789374625533,0.0020530859014096492,0.6803716178190227,0.6316648431656702,5.100597747968768e-07,9.589095153429002e-05,4.125206657448676e-08
141,0.66959485427414,0.6492941742827864,1693596050.8972461,7,0.06295292821255771,0.9291866723440222,0.00026861051450227864,0.6235624715469206,0.6610632492875426,2.936019190255361e-07,6.78562489765396e-05,1.5072015293766222e-08
142,0.6697663525651623,0.6495940135406365,1693596051.156902,7,0.100994302742202,0.934180626102265,0.0003599985019584819,0.6319294683099137,0.6660578880286165,1.764732908554272e-07,3.979407129714249e-05,1.885868042957626e-08
143,0.6693105839349021,0.6513988985807422,1693596051.4328246,7,0.6250494234924246,0.9153175208194886,0.0006477269024902035,0.649933204587834,0.6771791788859451,3.0636229358097996e-07,0.0001325657337118489,1.0153410008493184e-08
144,0.6684760531160763,0.6502887607016714,1693596051.6813092,6,0.03779441077645089,0.9914762964330432,0.00048302293069815905,0.6414591320268865,0.6440045762561223,1.910203072786278e-07,2.693040289208853e-05,2.411993403828357e-08
145,0.6672811286177132,0.6513718278942606,1693596051.9519532,7,0.016438522219246028,0.9382420786242952,0.0002406383783596509,0.6071148004467821,0.7022324273457008,9.528033546090766e-07,6.863226158503823e-05,8.204332982152248e-08
146,0.6658249827265367,0.6472356513902393,1693596052.225011,6,0.22709359483808406,0.9581353515704663,0.000769392755257334,0.6179635052918934,0.6511662485986184,9.411374585281562e-08,0.00023343561985331385,5.140959997512962e-08
147,0.6719645685590468,0.6494876486612687,1693596052.5119839,7,0.07732413119920123,0.8701195215550587,0.00040830561898510333,0.6322683461905768,0.6616905845599156,5.724400030737327e-07,9.63924141723858e-06,3.137058933932795e-08
148,0.6691727318070514,0.6500656840528495,1693596052.7830477,7,0.3601528873324011,0.8926707374553724,0.00042749244548485546,0.65786422095279,0.6851773415687108,6.467547907284184e-07,8.975470634849536e-06,2.2474378953794162e-07
149,0.6674982832508869,0.6512981434610599,1693596053.0460386,6,0.14922018371104276,0.8564994489242304,0.00016299438335209786,0.6937137879305204,0.6369700616978105,2.851774500744336e-08,1.1792438129685194e-05,3.7635390033793694e-08
150,0.6676766697327947,0.6507674122481595,1693596053.3211133,7,0.02245290150148743,0.8865126122328414,0.0005381931907417553,0.6750482756597198,0.6568222495332176,5.4635897854581074e-08,5.9340244890617145e-06,9.691240697062598e-08
151,0.6709147376199782,0.6497715120906814,1693596053.6165698,7,0.06695429492118737,0.8711740323793303,0.00031677567507064683,0.6320232211639149,0.66732324046178,2.44650123064439e-07,2.338173204068232e-05,2.211545562565262e-08
152,0.6688244366166337,0.649243974125602,1693596053.8890514,7,0.0844893331027905,0.8713802588876938,0.00034959136911156093,0.6371870460041816,0.6754330267243147,1.6260359518937974e-07,2.1029392568718667e-05,3.1932985726329664e-08
153,0.6704806049739097,0.6498099461365259,1693596054.1524506,7,0.008819856519264027,0.9031035137924049,0.0006687897436706248,0.647198695743076,0.6671159724647704,5.009474595867695e-07,3.9719226459309425e-06,2.2964208838194757e-08
154,0.6676939785201481,0.6519913083821836,1693596054.4208982,7,0.007453870743187184,0.9058795056011254,0.0008685951962060016,0.6467186369857552,0.6908101710500323,5.152105517091437e-07,1.960649586144022e-06,1.952568253539311e-08
155,0.670556728314209,0.6496237500616353,1693596054.697515,7,0.009445043329166071,0.8633879331427257,0.0006820862361804584,0.6285156289459585,0.6690142462227072,1.205672525241608e-06,3.525293763533434e-06,5.7176395123489786e-08
156,0.6683383776085049,0.6506342260049626,1693596054.992672,8,0.002673925772468348,0.8708820761426201,0.0015685955835906293,0.6273635813940386,0.6473555338002883,1.310447404736986e-06,4.015392182810417e-06,5.1702020291750846e-08
157,0.6686861429380854,0.6508415090226705,1693596055.2608535,7,0.009729534241538662,0.8448444417589253,0.000659530599840464,0.6592281238818621,0.6792849877937391,4.4020198864561814e-07,2.6716683594688394e-06,1.5413304710219608e-08
158,0.6683253077078503,0.6501306901398701,1693596055.536008,8,0.00506891837158868,0.863873519380994,0.0009695304362240475,0.6350618583886851,0.6258081264254566,2.0182941976886728e-06,9.189422537895717e-06,1.0283569026723265e-08
159,0.6693640998794743,0.6487688706322484,1693596055.7934906,7,0.01462999626690323,0.8817049215534126,0.00032252252740563034,0.6478194814865306,0.6704043214517825,8.831698111128213e-07,3.1713421434132764e-06,2.4612413528010337e-08
160,0.6671652657146127,0.6513544328445695,1693596056.0715241,7,0.040325259727129574,0.8231944323383297,7.26085191930178e-05,0.6667198360231745,0.7102614461612524,7.321810211989246e-07,6.193219383207359e-06,5.966431392712736e-08
161,0.6705671489106766,0.6500980864083654,1693596056.3462503,6,0.027920402527096377,0.8771996265854967,0.0004462894982374046,0.6129126270319071,0.6602641330173891,2.446996209568574e-07,1.480633528955239e-06,1.4440511425638032e-07
162,0.6683506527179034,0.648018764252985,1693596056.6347735,7,0.023510278748555383,0.8774940265146046,0.0005348789206216373,0.626434546825481,0.6553445666575803,2.7434866617794484e-07,9.372597072869924e-07,4.518000051618453e-07
163,0.6668487621744359,0.6488911729827221,1693596056.902053,7,0.011701744627062739,0.8990717084446506,0.0006755662244374853,0.6196877687984554,0.6594379943189872,1.1029430861024323e-07,1.8171272597076414e-06,1.558328227895091e-07
164,0.6682446805504335,0.6501938646643272,1693596057.1653414,7,0.00318406606899674,0.8531983237497931,0.001206724099349452,0.6419634401933592,0.6398825175536368,2.7112864442275565e-07,3.4229494272433055e-07,3.955591340107955e-08
165,0.670425940997523,0.6499805787242893,1693596057.4255698,6,0.05762650786336491,0.8868785452774678,0.0004098810856264229,0.596936645399658,0.6828751708864871,4.0659351071462943e-07,1.2582323282702889e-06,7.428853181441235e-08
166,0.6708025837427392,0.6498549680540009,1693596057.6987503,6,0.061236827109285755,0.8890034573719828,0.0002172811192746035,0.584111746849848,0.6842173228109194,4.0682792319811744e-07,1.1526246033283218e-06,2.5472287114067995e-08
167,0.6682153615841001,0.651532142359936,1693596057.9733777,6,0.06997085333890793,0.8888744364551076,0.00022029224591341075,0.5950132761681103,0.6943358478706494,5.703468697421355e-07,5.990657871739643e-07,2.5893146094718595e-08
168,0.6691616047294672,0.649475537333948,1693596058.23383,5,0.12556467155448456,0.8666290798519958,0.0001291800635258162,0.5795307224565261,0.6857867774015701,3.676635765812294e-07,1.2581201599608348e-06,7.003453536853335e-08
169,0.6686435774508183,0.6497045114224392,1693596058.5101228,6,0.0348208834961098,0.8610384422610259,0.0001710922866446141,0.6013404930718663,0.6755052489235758,8.64590564649876e-08,8.237310237225042e-07,3.473374661670685e-07
170,0.6675340488574082,0.651553200534755,1693596058.7585742,6,0.0590524291373877,0.8748395669289778,0.0002726625445615482,0.5859153902946234,0.6978294001844704,1.0305463150039926e-06,3.890747579831523e-06,1.544484021008841e-07
171,0.668118838601563,0.65011316083952,1693596059.0152137,6,0.13938170359528218,0.9009989776530969,0.00039539706415685455,0.5988157546750248,0.6700810549304966,2.183780298737108e-07,2.3480856436455917e-06,1.7081439917170988e-08
172,0.6683964856803344,0.6481661139407209,1693596059.2747068,5,0.02205219165249438,0.8852632922978346,0.00046214524348949274,0.5742927724260021,0.6818394416304868,2.275847392087343e-07,1.41097699348295e-06,3.44839868543866e-08
173,0.6692604237756329,0.6497395892018053,1693596059.539226,6,0.04380408118044164,0.9108599040381347,0.0005438780195333987,0.6112645842563825,0.6634124468019662,3.678331638247066e-07,5.9913571801812625e-06,5.1287346518722665e-08
174,0.6681528380052931,0.6485767771176886,1693596059.8098605,7,0.10140744683479146,0.8935175433707121,0.0003660317222425123,0.5521354809746383,0.6520998830021303,1.270673836073917e-07,1.3583006388023481e-06,2.545906293716479e-08
175,0.667767187625842,0.6492636034898344,1693596060.0618322,6,0.1883661337159227,0.8736858710260453,0.00031434235063250714,0.5910278633297118,0.6726084837848183,5.353612454696259e-07,2.1337990585012664e-05,1.4371313617759216e-08
176,0.6677994208267808,0.649847037675779,1693596060.324762,7,0.04963425082400125,0.9072981863711644,0.00020882997184866692,0.6188985849160922,0.6820931410494395,6.210582586122881e-08,4.705133814579901e-05,8.218101231867005e-08
177,0.6702446402810099,0.649988988569151,1693596060.599262,7,0.01967485459602644,0.8806887762930232,0.00071849081028194,0.6320250779971741,0.660899734594996,1.7047017214837384e-07,8.87756781732462e-07,4.1030040029098993e-08
178,0.6677375154189503,0.6527697800078559,1693596060.8697724,6,0.07809929705914544,0.8481856301027677,0.00011551743470948053,0.6069193057384329,0.7223089129231551,3.1929544049805356e-07,1.2393570561102785e-05,2.1619443911834954e-08
179,0.669471308388898,0.6513050573700055,1693596061.145372,6,0.2086744723046015,0.8965680176745121,0.000425297764046074,0.6397922351741203,0.6487388430878018,1.0841392662204484e-07,4.080151911215669e-06,1.0673182820566082e-08
180,0.6692635146305175,0.6519123689946108,1693596061.4142497,7,0.7370438933800411,0.8616782101918481,0.0002811030898970363,0.6276519017796309,0.7044075873166546,2.044809113482148e-06,2.1706881800417135e-06,1.1282666369053819e-07
181,0.6703294180149859,0.6501301435479009,1693596061.676682,7,0.01955895137021975,0.8793074721070987,0.0006439163913774688,0.6328823914124213,0.6624357131775935,1.9222440001920683e-07,4.5586778147498253e-07,3.8614778235545795e-08
182,0.6706414177380453,0.6498464910838095,1693596061.9627228,7,0.006125560811596269,0.890478588786719,0.0006155976395722696,0.6514453000727892,0.6670613838929101,2.1952929889004152e-07,4.945221631274672e-07,5.497347412414272e-08
183,0.6655848674570778,0.6470392906225857,1693596062.235544,6,0.006233163632097628,0.8757482391876568,0.0005890520834084374,0.6158748372577929,0.6575825645770504,6.897528170855482e-08,3.6639176844844444e-07,5.6504629643743584e-08
184,0.6707065023108997,0.6498945719984462,1693596062.5072727,7,0.04293518652561051,0.8905390362341925,0.0008145989013075885,0.648687638338969,0.6686522955968783,5.093682529279898e-07,5.297282568245852e-07,7.213306265157736e-08
185,0.6681916944666986,0.6519564511574717,1693596062.7682893,7,0.08332584905408653,0.9004148465779415,0.0008167657038231129,0.6515791602403453,0.6905375202533471,4.780338314847611e-07,6.112836066512292e-07,2.3364275150215654e-07
186,0.6712511992516951,0.6481417186780889,1693596063.042046,7,0.03450307582212293,0.8870595417175275,0.0008852950058666294,0.6462445049279407,0.6799757959990167,9.339789422444443e-07,1.6577030885516945e-07,6.601311817009706e-08
187,0.6693823800783628,0.6498082200566228,1693596063.3285232,7,0.03532603838965796,0.9220482747859686,0.00106969796290623,0.6465791858254006,0.6705094613830498,1.030584026646982e-06,1.6823413346148396e-07,1.1417542818399749e-07
188,0.6682203069519155,0.6513384282481339,1693596063.63018,8,0.3498562123547134,0.9108997389407636,0.0013951905912227792,0.6555275415970707,0.6401056595604021,3.5948980956033137e-06,1.494252563506948e-07,0.003106693564086007
189,0.6689792442912794,0.6518780104152044,1693596063.9013803,7,0.010153205052081078,0.8894486328967595,0.0008363842005686483,0.639006367595869,0.6497060591196613,7.105962506725384e-07,2.4872392695267365e-07,2.9304077496994362e-08
190,0.6677933274271511,0.6499840021160973,1693596064.1747427,7,0.0018378782024937527,0.9149220977419712,0.0007679250539066812,0.627243429866855,0.6775958100926808,1.3975659510516032e-06,2.1188702440929548e-07,1.7612901823208172e-07
191,0.6698081232611733,0.649657293547754,1693596064.4475412,7,0.12964614142189423,0.8861787038118089,0.0004960760912154956,0.6180065344533999,0.6825742221137698,4.0873759988601215e-07,8.782442166442238e-07,7.681571650694295e-08
192,0.6714234923339734,0.6500679567247221,1693596064.7482595,7,0.05595507579688903,0.90086631119437,0.00037454643632302737,0.6491025881064357,0.6686364867413634,6.630229591974441e-07,1.287164403233525e-06,6.057713596602977e-08
193,0.6717283389357285,0.6500695389646332,1693596065.0420415,7,0.027853740739728957,0.901588570856157,0.0005610712062856482,0.6479599171495036,0.6673034073314404,7.277851298992015e-07,6.951590021984965e-07,5.029932675772694e-08
194,0.6674369077038939,0.6500394572276538,1693596065.3056448,7,0.03220316741543662,0.8959272662663683,0.0003134837984399292,0.6651663899038609,0.6562096057044905,8.35310759472967e-07,4.4715796531343635e-07,4.922247151049034e-08
195,0.6709315165464942,0.6496670363098743,1693596065.5805242,7,0.22114449918400478,0.8685803169265718,0.0005251577305859969,0.6395385487920042,0.6662286018433842,1.5264686761692973e-06,7.549714124992624e-07,1.1990507969037387e-07
196,0.6689600809909952,0.6487467096841578,1693596065.8661635,7,0.09334278008298899,0.8646332229837541,0.0005233131584486601,0.6547941233871645,0.6704045518421792,2.548284367737968e-06,6.647378207895311e-07,3.0327270821955456e-07
197,0.6701066115328802,0.6509562070322374,1693596066.162924,7,0.32401374236427916,0.9242607475745552,0.000613127156626304,0.6364527553300183,0.6449929258639587,1.3834125128248106e-06,4.792208077684503e-07,1.0605898635679726e-07
198,0.66727176774292,0.6498457910625156,1693596066.4503274,8,0.051896078241892955,0.8554174966082373,0.001038502168244922,0.6444299259486037,0.6930610300855162,6.904914890950615e-07,2.660796139329201e-07,5.510266143234212e-07
199,0.6661594132250439,0.6489176395412379,1693596066.7392542,7,0.1727621906366924,0.8418285961500663,0.0008690948375784707,0.6712524344874932,0.7329658405438934,3.6359402048486155e-08,9.524437579003581e-07,1.683347241591146e-07
200,0.6695187309338408,0.6489583462589548,1693596067.0143397,7,0.0254725954696119,0.8712864335301367,9.855522055421288e-05,0.6608797000107304,0.6561168112251073,3.5476149300687904e-06,1.608357570048178e-06,5.989012500152244e-08
201,0.6703704822298804,0.649475911317927,1693596067.288159,7,0.1933108308385997,0.9106813047543982,0.00038755724642631936,0.6296149603833711,0.6654103688908855,2.3422261449800097e-07,1.0809047384809889e-07,4.218501167714424e-08
202,0.6684386096169036,0.6488653201415057,1693596067.580494,7,0.09891535880910259,0.8897396306977309,0.00047466028647409245,0.6398093459294449,0.6759148950003708,9.728603238133287e-07,6.585883917763225e-08,1.0160594431084187e-07
203,0.6542106981022504,0.6341137522328523,1693596067.8224218,2,0.5020737485835958,0.90324278937412,0.0003543238954970691,0.6490184349534365,0.6636722300582448,1.3014498243873865e-07,3.3273266624416495e-07,6.355321026658351e-08
204,0.6683113547057999,0.6511142488260403,1693596068.104631,7,0.26111762684661544,0.8807535495516646,0.0002383321451309105,0.6285119564979746,0.6368002792862083,2.952886261291544e-07,0.00010593107116954454,3.441173733027859e-08
205,0.6680500450028473,0.6485873349730964,1693596068.3745959,7,0.058742940846376726,0.9192833857987504,0.0005830484757219345,0.616930039178488,0.6544029444766586,1.6875232451747242e-07,7.719344726411962e-07,2.1812410373237645e-07
206,0.6663930818543151,0.6513754238940588,1693596068.651891,7,0.13777081678565242,0.8316599567046714,0.0007092106164940178,0.6523448367052129,0.6733931795701454,1.4264764666842606e-08,1.6853537612751854e-06,2.7477565870317856e-08
207,0.667733011601833,0.6517117409738631,1693596068.9477787,7,1.0470427464550378,0.89482171624673,0.0004642598827949708,0.6361852322999452,0.6868887598857965,1.7412840942651354e-06,6.360790136299565e-05,1.0169158439551063e-07
208,0.6665698787537108,0.6516321878689916,1693596069.235187,7,0.03490437162985326,0.8655916237942826,0.00030848687527937097,0.6792449080792511,0.7599019123366588,8.79984083716491e-08,1.1427584291769327e-06,1.1217291581700767e-06
209,0.6669582667474881,0.6513571753937489,1693596069.5054936,7,10.776001517380701,0.7804548592577901,0.0003784379893766698,0.6222898825861989,0.6457498559917046,6.63998287788913e-07,6.236147694699111e-07,0.0018892676753398132
210,0.6690047659216117,0.6507729165251842,1693596069.758282,6,0.07982293797620331,0.9277663673556992,0.00019685112981721552,0.6083803153076617,0.6653027471665715,2.37193924190574e-07,0.00012155021792205058,0.006255901244092054
211,0.6710907397281178,0.6498680766719324,1693596070.0288086,7,0.011231967632016874,0.9038518657772454,0.0005906289491580195,0.645914613752685,0.6659163288818645,4.799510267189414e-07,3.0506331429553513e-06,2.059253614443869e-08
212,0.6699432377746976,0.650041087414229,1693596070.3122191,7,0.01603152020168268,0.9079097122576083,0.0005840772591558763,0.6448631770120731,0.6743599271524533,4.059343913408138e-07,1.9075602273723718e-06,1.675969374223425e-08
213,0.6670395120758816,0.6499957969954356,1693596070.6074862,7,0.04042330139021194,0.9004158927554207,0.0009002947127707819,0.660741275912732,0.6578493565565596,9.94525206759927e-07,2.4745776577427184e-06,4.8948511591713914e-08
214,0.6690784165780033,0.6481202098046287,1693596070.8839998,7,0.0039636385486315215,0.8881525421990353,0.0005139400974988923,0.6374392207275114,0.6792321534283366,1.477586382468339e-07,4.127908598663238e-07,2.5667980041618255e-08
215,0.6716822410428791,0.6501216569883768,1693596071.1626236,7,9.475007243978235e-07,0.917231748682924,0.0007220077922840986,0.6491754510133544,0.6659892415265423,5.403124731815633e-07,1.1282905145839214e-06,7.633725205563101e-08
216,0.6685489972913514,0.6508341923617474,1693596071.4216557,7,1.4762870083891713e-07,0.9138800885625189,0.0011660204687616814,0.6580029233558232,0.6525357090687345,1.790944660678404e-06,1.0286578362485804e-06,7.461232287684823e-08
217,0.6690120956631951,0.6505808421892898,1693596071.7121754,7,0.0001316155413211857,0.7596351181111661,0.0007380963959039942,0.6696177855959254,0.663111394308463,6.474080499175564e-07,1.3376250485459897e-06,1.3680131148206072e-07
218,0.6673045308046961,0.647992873054437,1693596072.0170166,8,1.3235217858557162e-05,0.8744186137082562,0.0015956855755009983,0.6504141687881395,0.6854629135669472,4.6509902507837e-07,2.895894058002235e-06,4.4856925935052305e-08
219,0.5,0.5,1693596072.2345717,7,6888.198537231312,0.9389704380628455,0.0006481242497206663,0.6397494691450137,0.6975167754399239,1.1784777964648787e-06,5.229560178640771e-07,6.771577168134233e-07
220,0.6671197859927401,0.6504451627195662,1693596072.5028982,6,1.104452313032198e-06,0.9276288990248279,0.0009719734165399115,0.7053505279313335,0.6716616186370471,9.5800582460582e-08,7.049455609641522e-06,0.0009364941352174256
221,0.6705136329661044,0.65031654099878,1693596072.768438,7,0.0001038056358399862,0.9013465077478636,0.0004371492690668324,0.6301366552353926,0.6644678595832839,2.899451517681025e-07,0.0029799279606101256,1.5051627729149226e-08
222,0.6673742958149471,0.6491857093395362,1693596073.0467472,7,0.0074793145283455105,0.9188068030419433,0.0004798938189483973,0.628610691775091,0.6525219480873755,2.826306616631426e-07,0.004652415880400443,1.4615172615031922e-08
223,0.6713696231488429,0.650087269640972,1693596073.3342056,7,1.2203321737032914e-06,0.8996489476519007,0.0006483796229918728,0.6463887679618525,0.6680769961945263,2.2070062469637712e-07,0.0020650790849415152,2.1353510888715164e-08
224,0.6695142271167234,0.6491211635404898,1693596073.61854,7,1.609031756326178e-06,0.8807196730239126,0.0007679044707568038,0.6460046756418165,0.676681850462899,1.7500694262577778e-07,0.0012132798826522248,3.487740051417727e-08
225,0.6684500899350461,0.6512692603906798,1693596073.900601,7,0.001626002543595607,0.8920444206733886,0.0006260646143431696,0.6543156312875452,0.742438414041248,5.308683257048905e-07,0.0006591964105327809,7.263319331318187e-08
226,0.667495104085863,0.6498617285336217,1693596074.1518402,7,41.283858320928225,0.8537503885320886,8.721347916056892e-05,0.6663328203589233,0.6450674968637766,6.002395027735215e-08,7.566760942128168e-07,2.189256163508184e-08
227,0.6700077924867146,0.6498266219862572,1693596074.429656,8,7.413244839593583e-07,0.9107192056453625,0.00014645783632732544,0.6401831099153159,0.6683120422695685,1.2030297106087993e-07,2.8948457058215422e-06,5.397536575269375e-08
228,0.6665209549363955,0.6499616877386821,1693596074.7101095,6,3.829710487302883,0.8953388885260065,0.0009178965329065278,0.6780222481014221,0.658083546432712,3.613013449324355e-07,4.023678227491053e-08,1.0327425681207134e-08
229,0.6665251938230943,0.6508612342802307,1693596075.015252,7,5.985449458427642e-08,0.731554087621484,0.0005508769589179591,0.6497545639297937,0.6808882842486481,1.9823263444998807e-07,2.226410218031517e-07,3.1599182337794915e-08
230,0.6686304192400242,0.6497873440791267,1693596075.2797542,7,0.001305440238042627,0.9178660719953504,0.0007604863171057035,0.6592984829028495,0.6878413267158007,7.31634623750307e-07,1.7154282509197225e-06,1.2313371381786731e-07
231,0.6693916526430165,0.6498224314478257,1693596075.5559962,7,0.0009188816330147952,0.9033266908070569,0.0004142064913995797,0.6291874418126905,0.6643024318871201,2.8865113363877795e-07,0.005023300844072996,1.677152259572915e-08
232,0.6686676861189178,0.6496219760350682,1693596075.8168461,6,5.212674348451566e-06,0.8816479020775838,0.0004562577479380366,0.6316539593342081,0.6698018615646758,3.89307902489328e-07,0.0016525230657386774,2.1136504452436968e-08
233,0.6695956490653961,0.6505813887812593,1693596076.109723,7,2.3947428586478884e-05,0.8064074608256003,0.0003201579025600948,0.5644031019211869,0.6604910346577578,2.0239260977556964e-07,8.727208908692107e-07,3.885777603715361e-08
234,0.6667857087347913,0.6500220142312987,1693596076.4009283,7,0.022589135038783417,0.9024381334412083,0.0005861306161738442,0.6438618003877064,0.6514080869944374,1.159735904229067e-07,3.672248944142434e-05,1.8564218345237722e-08
235,0.6670290031692744,0.6497950155453633,1693596076.6711116,7,0.00020117120830925232,0.8678393011656443,0.00039451481337717475,0.6355222183350896,0.6361300285225236,2.0530777338871633e-08,0.0026606768682313473,7.325834498122051e-08
236,0.669418763855861,0.6506359520848657,1693596076.9315217,6,9.112559941858709e-05,0.9314738145579617,5.282624088403286e-05,0.6267345590527181,0.6759788899575565,1.0803337019091304e-08,0.0020136087424363442,2.6379394111757862e-08
237,0.6695217334785859,0.649323364211816,1693596077.2001774,7,0.07838900576485411,0.8892269900181192,0.005466937173407566,0.6214196966255402,0.6625603579766396,5.59033206975009e-06,0.002234847546298151,1.3304633227531826e-08
238,0.6655161621685013,0.6456662899529242,1693596077.4780207,7,0.0036752800638658006,0.9129532510133102,0.0001121978119702274,0.6514318369805064,0.6740895536053328,5.48863780935414e-07,15.743298145066058,4.958937782522705e-08
239,0.6702768734819485,0.6520645612954085,1693596077.764286,6,0.04143646184701957,0.8951105300251968,0.000521945323624792,0.6410518858151333,0.6479468270329156,4.575583844259307e-08,1.279576569111637e-06,3.466568020032985e-07
240,0.6673267849598649,0.6529312356041339,1693596078.0469317,7,0.00024777646349307807,0.9061979655141394,0.0031123339133788154,0.6117862566323852,0.8411539347640038,1.1558423460845886e-06,0.0001651720166953781,1.759879641666729e-07
241,0.6697567267599502,0.6502370358405725,1693596078.3217,7,0.1695255768830341,0.9219109460967173,0.000266925938904167,0.6191195363674249,0.6655191423221343,2.950911443674971e-07,9.460552805683958e-05,3.197846418655489e-08
242,0.665546629166649,0.6505408259035342,1693596078.5771525,7,0.11008256122987978,0.9017453318805659,0.0003653622325487944,0.6036461842655741,0.5230989398558229,2.1893157992653752e-07,6.425870699319032e-05,1.0080426079784622e-08
243,0.6667878281781406,0.6498256151063139,1693596078.8591502,7,0.3001291091858823,0.882853032808307,0.0006869172547724194,0.636673367745736,0.6583715846494576,3.7198828121846303e-07,0.00027172926337401044,2.3842142086693284e-08
244,0.6683876546663784,0.6494516982526184,1693596079.1515546,7,0.00044860782737017103,0.9441878316938368,0.0004955948401704858,0.6474520428610785,0.6695080425844508,1.397396344735807e-07,4.380058520353488e-05,8.260704509786129e-08
245,0.6695176712121662,0.6496581661770386,1693596079.4352024,7,0.0005296380392764925,0.8709178645358548,0.00042150520644516654,0.623701091869822,0.681701667095886,8.584341620723448e-08,1.8829176930667747e-05,4.207043358762362e-08
246,0.6680225805494445,0.6512611190471365,1693596079.7136004,7,4.959152686564568e-05,0.9115759180603319,0.0012225551471930756,0.6631639723159346,0.6555283505312927,8.38989043294483e-07,0.26031424659067787,8.457424531326534e-06
247,0.66680593175675,0.6450061219259501,1693596080.0372882,10,0.05898020614776066,0.8977180604223399,0.000313723550711971,0.6324721762643624,0.6678812381195348,2.233891246801786e-07,0.012874049141627994,1.6153200572296266e-08
248,0.6679164317616956,0.6518923081104027,1693596080.3312569,7,0.015629452655378007,0.8593244278465274,0.0006291864577900628,0.7195010019999254,0.6432127296066914,1.3189299163600697e-05,0.00010622948719690095,5.4040009898886536e-08
249,0.6677954468705006,0.6518138194214713,1693596080.6164646,7,4.064284518141389e-06,0.9307728337708594,0.0008184740084345984,0.6148273768849852,0.6937151400076154,4.928748189806859e-07,3.1001633914591977e-07,3.3781282004834534e-08
250,0.6620141352741784,0.651047813928433,1693596080.909084,7,3.718409506507938e-07,0.88985764230392,0.0001674993357007692,0.6843805432899612,0.8006698693448003,3.128952761270167e-07,4.167626793819147e-06,2.072024263834494e-06
251,0.6671611151380534,0.6489335194763473,1693596081.1823134,7,2.0023448636130476e-08,0.9879715119085273,1.3053289398838086e-05,0.651904777402295,0.6598544356245027,2.4199743578362487e-06,6.191771286490826e-07,4.404721367441738e-06
252,0.6678958554991783,0.6492663939856778,1693596081.4884953,8,0.17512284263793676,0.87890136767443,0.000247781047292397,0.7319817041291055,0.6785089503750885,1.4859892267650581e-07,1.949929888135397e-06,9.38159724959573e-08
253,0.6697186650898008,0.6509565618375509,1693596081.7842813,6,0.5833892804519976,0.7218329327876318,0.16103965672178838,0.6382740612935877,0.6493802259926379,2.7239318050100307e-08,6.0885611548067575e-05,0.0029532510598682727
254,0.669442342663123,0.6508681769571747,1693596082.067119,7,0.09245071513139855,0.6940191859464157,0.0004507574254686209,0.5885297715524175,0.6683574100998191,7.557371404942892e-07,0.0008074914599511219,0.0016030650333583318
255,0.6693032541933187,0.6501031975227456,1693596082.3404913,7,5.811149644807357e-05,0.9171339636141871,0.0005757306901503462,0.6589452158540217,0.6872728016381199,4.927351244338935e-07,3.03639992579077e-05,2.3869183885515936e-08
256,0.6638242282047043,0.6502276574730985,1693596082.6089628,6,0.030543826165685548,0.9044970282107807,0.00035602903896936756,0.6272350262695305,0.7121034722045879,7.530145319001372e-08,8.941268802247164e-06,1.871341002364212e-05
257,0.665337687376454,0.6497080690649063,1693596082.9047801,7,0.2626124981228056,0.9241996896739103,0.014799593414905802,0.6450464983820017,0.6565996675142876,1.5537788110568877e-06,0.0029409017826138315,5.994896684140718e-08
258,0.6665902783959488,0.6508846514309173,1693596083.2094116,7,0.010488255250923529,0.8941811167280034,0.001019155584149979,0.668786854355148,0.5991943741089382,2.2924510236138974e-07,0.00017012119596410718,1.3610322625724177e-07
259,0.66785752889861,0.6507682561094456,1693596083.5084,7,0.12629461900303943,0.972974817237912,0.0007475472646620274,0.6077897621753049,0.6335136986028943,1.1428510921226884e-07,1.1198173303165672e-06,1.4953184681951716e-08
260,0.6660346309978481,0.647698892878925,1693596083.805422,8,0.0003699034773800637,0.5152110225334643,0.0005084520337387061,0.6215760417606305,0.6748806266783841,7.670919418603845e-05,0.0011828573601261306,3.6151583957753806e-08
261,0.6681153945061202,0.6502922703974745,1693596084.074886,6,9.774357869179604e-05,0.8740554317763691,0.00013720106377652021,0.8657708397894559,0.6675510486727319,3.3963904305621923e-07,0.0003385099148942853,2.252779511953439e-07
262,0.6703446956691295,0.6516283041892094,1693596084.3439612,7,0.053491728080616995,0.9461654215568038,0.00020019235928588451,0.5051484345811903,0.6442133043748328,8.063578747349516e-07,2.857919594585219e-06,2.38847567002422e-08
263,0.6691112679499188,0.6507670382641804,1693596084.640223,7,2.3904714810331855e-06,0.9085255548007753,0.0040502702089357115,0.7034392351685063,0.5562132788158742,0.00027611300964537025,1.0544445161067856e-07,8.280424999936017e-08
264,0.6657850665434564,0.6510270817909292,1693596084.9348896,7,1.6130115467928463,0.7471045737917537,0.0006318142375673978,0.6342569547806196,0.6841598771191781,5.480213894364505e-08,6.151295415565251e-06,1.358757487148838e-06
265,0.6671549334282844,0.6497598514620021,1693596085.2174876,6,0.002722172997903788,0.8855519577617312,0.0004170460576986986,0.7999482944353947,0.6599380164064216,1.9003853109251706e-07,8.185881324155616e-05,0.00641167717310486
266,0.6674883925152565,0.65163684828473,1693596085.4917977,7,6.257057325918332e-06,0.846386350937811,0.03627299279900912,0.6538530395611752,0.6982688565326698,1.179547836786909e-06,4.5656989529155256e-07,5.399034663930784e-08
267,0.6664588729082861,0.6492875960004888,1693596085.7520802,5,0.019915195730245572,0.9306397309985599,0.00029304477435965887,0.7380603274475731,0.6763438075129331,5.813606185698053e-07,1.4804366251335818e-06,1.0068412861273297e-08
268,0.6682238393574979,0.6506939771376116,1693596086.0422156,7,3.3114067662921313e-07,0.898381397722092,0.00208499511213938,0.600497135551073,0.6270876125523442,1.371171257758337e-07,1.5612423513415314e-07,3.032627709727603e-08
269,0.6656426222883489,0.6512761551209598,1693596086.345074,7,2.739789935543485e-05,0.6411950215052177,0.0008842429828611326,0.6940686568669523,0.7791449874997601,3.213620498869533e-07,1.325130063384642e-05,1.8797498904707698e-08
270,0.6689130116866107,0.6494930186876341,1693596086.6154356,6,0.0008651905756078714,0.9843069354564593,0.0007078833396219858,0.6458983619150424,0.6643729796112834,7.622196062203877e-08,3.5337892928236204e-05,1.011836148819991e-07
271,0.6643787275709907,0.6477462929509332,1693596086.8787892,6,0.3998238560695487,0.861616369976476,0.0005251865816746923,0.6333778984507122,0.6533203182581451,0.011071435313181681,8.204923023190153e-07,4.761268788008771e-07
272,0.6675912738278418,0.6510916180006429,1693596087.1451366,7,9.893804351472707e-06,0.9169934413152203,0.0013635876139510045,0.6175658599017207,0.5827862461428648,1.7201109193612482e-05,0.00048805881998606964,4.664279956208849e-08
273,0.6696843124455126,0.6491774625133323,1693596087.434384,7,0.0761210835782431,0.8867200618879016,2.2248680922754635e-05,0.6769165562181755,0.68868207472722,3.8888895995127865e-08,0.00013428776721321516,0.0008824623799756913
274,0.6701121750716725,0.6498000595344137,1693596087.7381518,8,1.7242025235992424e-06,0.9378172433518481,0.00034401068845817356,0.6609123302859568,0.6765893353990321,4.484837652585887e-07,1.6236059834325024e-08,1.5791078145598874e-07
275,0.6698862777346825,0.6513810816004082,1693596088.0135064,7,0.18270841034561172,0.9051169298403899,0.0004140064442139759,0.641737239632113,0.6401007375698637,1.0191611631118495e-08,2.6132406966065858e-06,7.215472891928087e-07
276,0.6629239946420472,0.6506910140337776,1693596088.2862518,7,0.04284658296674641,0.9650212438065486,0.000240334969638091,0.6284944247673224,0.9751967670418729,0.0013461327258750314,2.2748023676832762e-05,0.0001024948206527544
277,0.6672661158939882,0.6493361276137667,1693596088.5565484,7,0.0277619484213019,0.9985199808518315,0.001085577288864263,0.6457871102448066,0.6510653240308696,2.0678816053071462e-07,3.18259342340108e-07,1.4990439642373394e-08
278,0.670055303341797,0.6497197009255873,1693596088.841385,6,2.995427455955827e-06,0.8761654613427536,0.0005872961511374472,0.5623618380280413,0.667883828550324,3.344922580328076e-06,5.289742947025848e-05,3.742087909908634e-05
279,0.6617572410782033,0.6375349289049744,1693596089.1133778,7,0.011287179052072207,0.9184261395273221,0.5304944754602802,0.5805268973614582,0.6594777352882302,0.14857692617408225,4.698034837413142e-06,7.724449025831967e-08
280,0.6642249796180197,0.6503291030247422,1693596089.3950074,7,0.1161217116783797,0.8918097120301303,0.05693257936215411,0.6544100016248124,0.8717314769324953,8.98799732027826e-07,6.264258716476322e-07,0.00044837495932637997
281,0.6670829606645444,0.6512331469633719,1693596089.6811085,7,8.01594189512781e-07,0.8691100149680309,0.000812787529383826,0.7163110775023563,0.7036012570257998,1.275629368888878e-07,0.0002455040801464603,3.194800610127601e-08
282,0.6701843244556916,0.6522711634704877,1693596089.948492,6,0.6229623587362876,0.8529850214494591,0.00045377199087775935,0.5384967093595799,0.6817489586697697,2.0111976790812593e-06,7.345435419701301e-08,0.0020284228345437347
283,0.6682800929163963,0.6503257467582638,1693596090.267088,8,0.0055676892056017195,0.9086052557128161,0.00031449133137864937,0.6684774625862058,0.665412628426285,2.969251272043488e-07,1.179729204403037e-06,2.898659172404994e-07
284,0.6702188537202589,0.651441964274327,1693596090.5464725,7,0.215054110954495,0.8993914583539461,0.00011894195875049364,0.6100141972374836,0.6484981156459434,7.0362697276002286e-06,0.0038524248526193975,2.6623146607785268e-06
285,0.6691639891032354,0.6495038162763619,1693596090.839951,7,0.05284218238815135,0.9250762290667143,0.000714498079448758,0.6380412087752606,0.6738164863929417,2.3760638413172362e-08,0.001445292166907503,5.6874428939495614e-08
286,0.6671930834085735,0.6481482586030555,1693596091.105457,6,1.9109974491238185e-05,0.8825030821155602,0.0005137738348209767,0.6235262249430114,0.6566605363633472,5.493850550454851e-07,9.528680665709332e-05,2.3472964595300853e-08
287,0.6661082816542397,0.6498240808130666,1693596091.3948298,7,0.32003832283039624,0.7925389894108174,0.0003851790840221308,0.7650493259088823,0.6894862375254314,9.29754244442742e-08,1.9104852587697457e-06,1.1919638331524063e-07
288,0.6677808756974735,0.6496291776239976,1693596091.702828,7,0.0003000075860182314,0.8387062454644483,0.00018442959570777104,0.7524336483019375,0.6358051075426533,2.8183117149939764e-05,1.227220237091185e-05,0.004044918389822668
289,0.6672637315202202,0.6524727696031806,1693596091.995049,7,0.09186914580481136,0.9755442614877997,0.0009126319653702019,0.5938419744142706,0.7642935833034029,1.9007771681784874e-07,5.1607241447498885e-05,3.949933530723349e-08
290,0.664539010474289,0.650015483895665,1693596092.2530582,5,8.120635973893704,0.9512841989832063,0.0006370596904133347,0.6870111871924043,0.6163241436243994,3.6701411132434113e-07,4.048860104058981e-07,1.5056161137968483e-08
291,0.6673140682997685,0.6512655013722238,1693596092.523207,6,0.029956897322854892,0.9103677859697262,0.0002474517563853373,0.652074960530743,0.6711084562098474,1.252387507159759e-06,0.011817463580430792,6.953057035922632e-08
292,0.6627854360330803,0.6516047431985308,1693596092.8276634,8,0.8035754544575733,0.8956477450169839,0.007091841490106401,0.6373384417684184,0.7222560834932479,6.678554489988482e-07,9.500765950604591e-07,2.242462822431239e-08
293,0.6489907740631002,0.6318800322301311,1693596093.1057296,7,5.504836528791297e-05,0.936789071921499,0.8473688911138231,0.6172259008667399,0.7371958856294121,5.966345796731204e-08,0.007747275851415035,3.724058491389383e-08
294,0.671202452054659,0.6503362183096764,1693596093.4050088,7,0.13290652211900808,0.8634171471565261,0.0005047532911151018,0.6603696604783585,0.6631221188818275,0.00010094379379544796,1.771994730014404e-05,7.100554609439547e-06
295,0.6689303204739641,0.6513490915862024,1693596093.6754,6,0.019197841010416345,0.8634302984842062,0.0005580216761154293,0.672207632856168,0.6478322491484175,4.0936786761883516e-05,1.8751480902371145e-05,1.0046596650993831e-05
296,0.6693920058835748,0.6501355615209303,1693596093.9559011,6,0.06719762943662465,0.8552758857195324,0.0011806491118470206,0.6616064524428518,0.6792918697091099,1.989775492536506e-06,5.450326677920904e-06,4.3890879499949075e-07
297,0.6709062598465805,0.6499900529850913,1693596094.2298715,6,7.144940335657575e-06,0.8139140745032326,9.102326444496656e-05,0.647663222695356,0.6601169667266965,0.00039156714203351977,2.6403881538362863e-05,1.816619580652075e-06
298,0.6671992651183427,0.6519946934166603,1693596094.507817,6,1.2528321228634065e-06,0.850887416844403,0.00010862275627163122,0.6574386893791425,0.7448011037459665,0.0007145383267041249,2.5660389880334043e-05,7.043826450651297e-06
299,0.6626893546012409,0.6457758576694459,1693596094.776104,6,19.096542147671496,0.8710883572610577,8.304410586818133e-05,0.6447869044398539,0.6570749007657214,0.0005571655194406834,9.95392436086102e-06,1.672731537808792e-06
300,0.6683720237716767,0.6506511032306828,1693596095.0451102,6,6.491441808235018e-07,0.8310561296071091,6.6644431685697e-05,0.6703331322086648,0.6380847690885201,2.8522653729900636e-05,1.7747587456020496e-05,3.0092999630161285e-06
301,0.6679094552606705,0.6507413484416211,1693596095.3304927,6,3.763504663013541e-06,0.8143046227887037,0.00016127406957584602,0.9025312444280909,0.6933533391325963,0.0005944026417248055,3.485866799596481e-05,1.3158503762378203e-06
302,0.6692092038946892,0.6504499477966312,1693596095.6145778,6,1.8075277164084842,0.7652628273647595,0.000881165454870522,0.6553259972863478,0.6705521283322528,0.0013539078695081034,9.565947690491272e-06,5.635366517381298e-06
303,0.6665840966861797,0.6478869109270468,1693596095.892802,6,1.1416046334768195e-05,0.8440883071662408,0.00012980049450076373,0.6493618371204645,0.651551902917563,7.3932855479492505e-06,3.3956170421225626e-06,1.2421983761475366e-05
304,0.6671161652770183,0.6503865718961857,1693596096.1849232,7,3.810981328621344e-07,0.8244258255896326,8.272345065655165e-05,0.6815006781943529,0.6230363856352826,3.1324512555702005e-06,1.5457066195357373e-05,8.308803222259376e-07
305,0.6688346805928225,0.649471452278177,1693596096.460722,6,2.3720865960551967e-06,0.8645724983622013,0.0007102710907548924,0.663053433052623,0.6804002008095119,0.0003349507080782288,0.03315825939657322,2.0034139202836627e-06
306,0.6714692369862646,0.6500685224953568,1693596096.7603078,7,0.12320929293465051,0.8811906240805697,0.0005884374822659112,0.643045626001156,0.6613040717151802,5.811479968131922e-05,2.4041865642553477e-07,2.6682243354857495e-07
307,0.6659585959676885,0.6513360788615989,1693596097.0587065,7,1.6155462049522005e-07,0.7795642137579255,0.000572539490253842,0.6410553486960118,0.7542818277793878,6.163878418843396e-05,3.205567663337779e-07,2.1293071604226884e-07
308,0.6711559126111117,0.650399258583474,1693596097.3641505,7,0.13413562739640272,0.8799014157298117,0.0007674899210179042,0.645536049678827,0.6614602945251022,0.00012492791772093944,1.559280848772589e-07,2.726534855834245e-07
309,0.6706785963067992,0.6499953558861272,1693596097.6657867,7,0.12532485165047202,0.8770258399751631,0.0014784507337277653,0.6486320514125039,0.662054313274468,0.0002285428326406995,2.2898477920741238e-07,5.84951310206883e-07
310,0.6694150548299994,0.652500137558979,1693596097.951032,7,0.16427534199742386,0.8806476776242597,0.002558867693755856,0.6474936221820133,0.6470638784754011,0.00012800705137384956,2.458684802277911e-07,4.516536564168191e-07
311,0.6713086008424082,0.6511100966449399,1693596098.2306046,7,0.3750818815188792,0.8865909590545534,0.0014519785935406412,0.656795491619142,0.6615813544055514,0.00011431438737013842,1.24967881052054e-07,6.743961605871621e-07
312,0.6677557956178389,0.6522394227789345,1693596098.517718,7,0.3907936550257026,0.8737180700520593,0.0016036264482158049,0.6580841829134152,0.7156774997927275,0.00014711629146554528,1.2687666101265416e-07,9.042399129431704e-07
313,0.6695031883492787,0.6496961591135744,1693596098.8210194,8,0.23967979629359307,0.8131703006322384,0.0018199435438717181,0.6424874193922733,0.5044237356458453,0.00018245022067434912,1.7787161464935605e-07,7.709991938950733e-07
314,0.6689916077108174,0.650264585993694,1693596099.1155355,7,0.12272349722505879,0.8810857198149784,0.0013061561671738548,0.6654800072265589,0.6046899346213083,8.098637080000241e-05,8.607367846307231e-08,2.7896861825235216e-07
315,0.6607229527236966,0.6436147289159867,1693596099.377268,7,158.18874450727967,0.8897425482551401,0.001012131561816366,0.6532173728296474,0.6411463169605616,0.00024680375649267577,1.2674351368258713e-07,4.2101891022976066e-07
316,0.6677623305681664,0.6501649624152813,1693596099.6688614,7,0.5048005880501529,0.7973861943687907,0.0015203773713184788,0.6339570547249753,0.6592376765268325,0.0001489691359055384,2.3350802007776254e-07,9.51676847218476e-07
317,0.6676476156968801,0.6510731681243443,1693596099.9728086,7,0.2328901549232774,0.8712746851037926,0.0011557439945539929,0.9970151790989074,0.6816554588766582,0.00030831568946995143,1.5206020379399605e-07,5.915481565910648e-07
318,0.6659382846355901,0.6515606802143354,1693596100.2881722,7,0.11215326346947029,0.8388051321730342,0.000842226745927066,0.6429419559931989,0.8182630193500942,7.706673610564014e-05,7.704560526590741e-08,1.2633687429634927e-06
319,0.6627297123350189,0.6468228210240596,1693596100.560634,4,0.0790487433057523,0.8869578945071108,0.0019923607239751315,0.6714132304728592,0.9150601527844837,0.0001044332905025924,1.073491922881692e-07,2.4300956806671763e-07
320,0.6667411121143143,0.6496633156487497,1693596100.8427703,7,0.33898992042993076,0.9228249314184402,0.001022097100606216,0.5718916840518925,0.6538198614812896,0.00016582317657039925,2.3402940508527385e-07,3.07724177034493e-07
321,0.669225629580647,0.6475373605679845,1693596101.1440454,8,0.1451917839423088,0.8619325922334518,5.673895785101439e-05,0.6347004646587545,0.6718751397902679,0.0002395170761767387,1.9933970015019425e-07,1.159479781827279e-06
322,0.6683525955409737,0.6519758983243811,1693596101.445527,7,0.9734711575471412,0.9139970200824811,0.0026148442573077713,0.6541405152154209,0.6309510588136289,0.0001074468103618743,6.808306458440788e-08,2.616433659261417e-06
323,0.6678477264731192,0.6482788940837289,1693596101.7778,9,0.05535824659116473,0.8961670122530558,0.00987103905481624,0.6435765132572964,0.6993804324067621,0.00020359027684854061,4.051665635115791e-07,4.3527574393360946e-06
324,0.670173638928805,0.6518873120680162,1693596102.0599716,7,0.20337184933627864,0.7118772311220415,0.0014013691649801044,0.6636518922523261,0.6630516147794538,0.00033626548779302183,7.288886317074446e-07,5.09070881350745e-07
325,0.6682079435323773,0.6496223116617161,1693596102.3482745,7,0.42889495106587794,0.8843371473618944,0.0007503994670960334,0.6319238614231939,0.6885962806589326,0.0004554891556327488,3.270771684397738e-05,1.6667521837215933e-07
326,0.665930866583867,0.6514938425647507,1693596102.6354644,7,0.11050398958277312,0.7862307591247059,0.0008422354298717463,0.6506162392557375,0.6436146051217744,4.035066056014831e-05,2.3230662994795942e-08,6.161460842099526e-07
327,0.6673232525542825,0.6503637109268011,1693596102.9443564,7,0.07001974511601042,0.9306651894486997,0.0011244640899588476,0.9661626385306581,0.673279973855757,9.55047933680705e-05,2.5533443180336116e-05,3.804472724082379e-06
328,0.6561529913116952,0.6390235865174825,1693596103.2132587,3,5.399533695113768e-08,0.9052530373578186,4.4993665641445264e-05,0.6404920383847543,0.6566463915081523,0.00016031830911857677,4.033646879675268e-08,3.6568957957000563e-07
329,0.6669368073835755,0.6528717337941378,1693596103.4978497,7,0.23658713865604028,0.8755418668161109,0.0005202279281840204,0.5177117805577669,0.7269058917678249,4.670324874506273e-06,0.7934627925417463,1.314839894788585e-06
330,0.6641157399753862,0.6499291511325069,1693596103.7957153,7,0.0454085001959627,0.8497332689944916,0.00033109876846110675,0.7440210211411417,0.7745487107745481,8.241218121731825e-05,4.939811754615622e-08,1.2644040228650163e-07
331,0.6674560710041781,0.649166962193921,1693596104.0796192,7,7.280410287174007e-06,0.9161094012504368,0.02129494287514502,0.6592151706290241,0.6653617378197131,5.0202963956706576e-05,0.0006394342361449466,4.884967647789543
332,0.6682851265943514,0.6508755511540945,1693596104.38064,7,0.6771390460773944,0.8957051472477658,0.0007023109528575148,0.6265391903637489,0.6790558292019931,5.798955161146083e-05,1.6184676560054472e-07,6.06704551491083e-05
333,0.6684543288217449,0.6520824070437409,1693596104.6965358,8,2.2547463557288053e-06,0.8583945514556168,0.001784812928276862,0.6749445206560203,0.7840101077241021,0.000781706922914321,5.152540878258849e-07,0.00019702626007311812
334,0.659934784728139,0.6414138811460888,1693596104.9674203,7,1.038390406226231e-06,0.941196558732147,0.0009277155466956031,0.6499642048944914,0.6490524871153145,0.0004069383232369907,69.26175048974196,0.14535696472234913
335,0.6684915957006384,0.6519164444610489,1693596105.2459273,7,0.13692529650016314,0.8872536494740523,0.000456581996009813,0.6364960903962849,0.7051550705392792,1.8820622427594867e-05,3.1036418703084267e-07,0.022145013567693345
336,0.6713225538444583,0.6498048733794772,1693596105.5400727,7,0.08730085739423131,0.9042911944027247,0.0006263515057963352,0.6638975103386819,0.6637021053765467,1.022714938443264e-05,4.9363706908390265e-05,1.7794887878632809e-06
337,0.6666462670244288,0.6497345068554237,1693596105.85298,7,0.04553859608624649,0.5942514217807513,0.0005474018881974542,0.7787770767973341,0.6857086283603121,1.3094195341330924e-05,3.9385951480426616e-05,2.153321130657494e-06
338,0.6686435774508184,0.6499482243154372,1693596106.150605,7,0.0794145801244019,0.9092784809945842,0.0006711526960755107,0.6647573696094095,0.6744208831091778,9.676351187692091e-06,5.827878221856382e-05,2.001190841260763e-06
339,0.6646437462998052,0.6442488810830866,1693596106.485528,11,1.2192452212707262e-08,0.9261030693896817,0.0003612381424935941,0.6796974814703972,0.6521522729888704,5.620686588957607e-06,2.121908306901669e-05,2.7701050217274625e-05
340,0.6677993325166411,0.6495744129444025,1693596106.7684846,5,0.3199060018231402,0.9027928076914215,0.0006340008080089894,0.8076777709320916,0.6683084403522206,3.2796517975472554e-05,6.670170761689902e-05,1.0032824798799162e-07
341,0.669224834789391,0.6497445564761934,1693596107.059344,6,0.03158491418722903,0.7442748813774133,0.0004764916480722577,0.6599824291748776,0.6337566607017984,3.945613550872683e-05,0.00015949620946353478,2.1455521641594635e-07
342,0.667535903370339,0.6491378010328901,1693596107.3735096,8,0.0012777077793916646,0.9187987618765552,0.0008431472383879329,0.8406116233570107,0.6913104896154968,7.992582956963744e-05,7.721791945661912e-06,3.3537448408736584e-06
343,0.6667276889731015,0.6487528564464798,1693596107.6475172,7,1.2073918792194514e-05,0.8974326775047439,0.0002594621874362485,0.624631668962059,0.658120135600361,2.2315669508874344e-05,3.288551346641003e-05,1.0503646347430367e-06
344,0.6679161668312767,0.649144925907157,1693596107.9297154,7,0.18809099511072996,0.9086193202488942,0.2249880673144101,0.6418290826133537,0.6421868731191084,5.3412455012955986e-05,0.00042718739765810397,7.848453171402507e-06
345,0.6649888623251989,0.650858779411035,1693596108.2302308,7,4.609731950294783e-06,0.9252913325350861,0.00041202447552280346,0.6722790378688303,0.6157815615351535,0.00011673087032930118,1.3645393719006788e-05,1.0198485000854433e-08
346,0.6685733708898695,0.651197129429392,1693596108.5070736,6,0.07870560539756659,0.9438968658113348,0.0005721227239815945,0.6550926354073866,0.6796530828018755,1.612735913525259e-05,8.721948885062371e-05,1.5516654989956996e-06
347,0.6704200242181727,0.6495325746854157,1693596108.805307,7,2.1566817207491727e-05,0.8311611063243223,9.213290014285652e-05,0.5843145414577317,0.6677536536206001,9.786921452523522e-06,4.201590824764457e-05,0.00042358957483418073
348,0.6670935578812914,0.6496804326077897,1693596109.0706697,6,0.5216397069002467,0.8913799387363126,0.0038593695186130766,0.5539834382721952,0.656169784755763,6.152071804661666e-07,0.0002635551470774153,1.0583203678132822e-07
349,0.6654199041163829,0.6500561138987195,1693596109.3665376,7,0.04300674133364667,0.8680943782066672,0.00031108830128017187,0.6874747513257277,0.6258964007045494,1.674005235311457e-06,1.6948098916775742e-05,0.0010059735089705333
350,0.6663259661482508,0.6516780824157509,1693596109.6915226,8,7.788450243321576e-07,0.9342205913347139,0.0008245406671869318,0.633267455221428,0.8292651863356751,9.655803462880196e-07,1.2375749156630379e-06,2.6382030444693515e-08
351,0.6692061130398045,0.6510261420363151,1693596109.9812834,7,1.1209051401292667,0.9148695844293814,0.0006678079450303423,0.6463445049268546,0.6739686940733346,4.1354891602526455e-06,0.0011161990166947218,6.821567766410746e-08
352,0.6696451910536884,0.6525519199560748,1693596110.2688289,7,0.0004884232421967162,0.901568954022879,6.852624223884725e-05,0.6647350007514219,0.6479157474141944,1.252700883829689e-07,0.0001942256857166982,1.7131988382061444e-07
353,0.6692300450876248,0.6487824970741507,1693596110.558415,7,0.20755869594348317,0.8844133276721695,0.0004911243379719982,0.6250569493877546,0.6866537699734527,5.148716489232488e-07,0.00011716284672774494,1.4435427535652534e-05
354,0.6653138436387733,0.6476878843248758,1693596110.836254,6,0.11011276474105333,0.8937552313292582,0.3924498804824955,0.6411162311160674,0.6635562046900741,2.8152223671859475e-06,6.719040631447216e-07,0.00024699421722744057
355,0.6640211598159194,0.6458321374636227,1693596111.1352205,7,1.8970084833679297e-06,0.9514862589229249,0.00038399837117321866,0.6558413865305422,0.5949643394420046,0.0009309184036490457,14.867642842538938,3.867768958768225e-08
356,0.6616113527276529,0.6496323325144875,1693596111.4404662,7,0.027629886444700165,0.9109168791524697,0.0010382637365129994,0.6333587750841941,0.8856347599586,0.002326269461208703,5.510742287858699e-05,1.872936926971732e-08
357,0.6658271904800257,0.6510470851391406,1693596111.7174175,5,0.3902214143413717,0.9609859602073918,2.368118438530983e-05,0.6487814891671447,0.7466839571351197,3.0667191157663134e-05,1.1525570413853432e-05,8.197901059463459e-08
358,0.645837395599753,0.6272747263870879,1693596111.9743075,2,1.8968970593345923e-07,0.797644849026248,0.0007335888433038166,0.5745606122471483,0.7010782321662661,9.574969120114974e-07,1.8705019752060084e-06,45.548824002310106
359,0.5,0.5,1693596112.2283113,7,84342.00780415178,0.7619131946653839,0.00019256269727060374,0.6168266937771535,0.6753697678652414,4.097233207069286e-07,1.0144995720446333e-06,0.00010931395885724465
360,0.6687561728787551,0.6506133979741306,1693596112.5063896,6,0.06126207356554582,0.8800207579928563,0.0005652532779299892,0.6712947308343759,0.6614393007698781,1.6409853907472685e-07,5.6656043499351905e-06,3.17808504869477e-07
361,0.6673138033693498,0.650464581118477,1693596112.8035536,7,0.013601991429193824,0.8459168539807158,0.00029006936372450576,0.6588700216151921,0.5725504335165905,5.8702974593246744e-05,2.1333333670731006e-05,6.0595163956905475e-06
362,0.6668008980787953,0.6517589204912171,1693596113.1122367,7,7.918358666739928e-08,0.9187670115581061,0.0003932424529106718,0.785343362714876,0.640974492246776,1.0181359785860439e-07,3.256613516834984e-05,5.0256798029590904e-08
363,0.6633846203299832,0.6476433226953751,1693596113.4053922,8,0.13956390155290876,0.9005716908965165,0.0004976845937049521,0.5979258152728207,0.6525973191587007,11.347027477850366,0.0016911738243903518,2.4504337456734507e-06
364,0.6658021987105306,0.6499579574882246,1693596113.709454,7,0.2576501226229681,0.8092268107404033,0.0009946483021663068,0.8311885171583708,0.6814089351082588,1.3032451248693407e-06,5.908655008052798e-07,2.707386854234903e-08
365,0.667999884843578,0.6505637923555796,1693596114.0265467,6,0.08270823351899217,0.7313638408173659,0.0006756473989374573,0.6967747462652351,0.6683281838510732,7.581789150737105e-07,7.591597373516427e-05,1.6499234317154744e-07
366,0.6686013652041095,0.6523886999225623,1693596114.3468525,7,0.00014488945705653334,0.9308627007843935,0.0012766488566503863,0.8608638555129888,0.657512428786849,2.9837764750544006e-07,2.5438341096915525e-06,0.0015730861334568129
367,0.6605865135580792,0.6486730348402899,1693596114.6548505,7,3.11917835602644e-08,0.859073168841417,0.00022965878760059462,0.6385337917826227,0.9858526473229318,7.559917135091045e-08,0.00015409857901923067,1.8212953505022895e-08
368,0.6705429519324378,0.6524830781359358,1693596114.9410453,6,0.00019812515980803297,0.7710524119455155,0.08839106968101743,0.6270069567034483,0.6941279902474125,0.00012103965849383401,8.353102494514996e-06,1.2071286979775564
369,0.663869266375879,0.6503298893500314,1693596115.277239,8,4.962275608845453e-07,0.8684783176141262,0.00011057748195474815,0.6076745420041749,0.946941102295036,0.00021382825140330058,4.976920677157357e-08,4.661503044757909e-06
370,0.6676483221779965,0.6496283721200429,1693596115.5845666,7,1.392296570458531e-06,0.823810124446124,0.0005854892715738845,0.768803738610821,0.6326689777331439,1.7985980869647982e-07,1.0342552056835496e-07,9.09822537751235e-07
371,0.6614257248143015,0.6426088654417341,1693596115.8780913,7,4.351719356991516e-05,0.8899194247044737,0.0007983679004195325,0.6469673291285987,0.6693191384660709,4.434403415118623e-07,25.538966730131616,5.392982492252994e-08
372,0.6689335879491277,0.651127395801303,1693596116.160635,7,0.000667618907121841,0.905447678739206,0.0034008761667687995,0.6799260155246826,0.6473927715002369,0.00044240179189467145,4.1816859042978734e-07,9.357531000139753e-08
373,0.6698490108557889,0.6502000210159817,1693596116.4424798,6,0.042560855448028845,0.8731781439104712,0.0004406434724078036,0.6650877384869501,0.681148392371179,1.1219784505199942e-05,4.788956973550999e-05,1.72280729591899e-05
374,0.6605273457645751,0.6492740558625815,1693596116.7817688,7,5.007011201722653e-07,0.881800986986273,0.0003448237954009769,0.7292869451024749,0.9982773417447275,2.1569471244076306e-05,0.0002905781444468102,3.249774794447007e-08
375,0.6683036717236585,0.6495468532019483,1693596117.1014037,7,5.99922615354527e-06,0.9232185167489135,0.0008205121457534969,0.7055526745446814,0.6640579673805207,1.73565650833042e-06,2.186569034657347e-05,1.5237508027632033e-06
376,0.6686230894984407,0.6502293356063376,1693596117.3985698,6,2.364557598780168,0.7018373695961317,0.005549780397146934,0.6527072864943108,0.6753159245913827,2.425613348303342e-07,0.00011268171975932918,1.0200754038799018e-08
377,0.6668561802261588,0.6504573411722167,1693596117.6713648,7,0.6786456711059712,0.9100838384598807,0.0005525141185536117,0.6361447095964582,0.6532310449328083,6.335596727214271e-07,0.05341067082677966,6.585423601096677e-07
378,0.6681151295757015,0.6507087926567804,1693596117.9566822,7,2.835435808417442e-07,0.8942265446050547,0.0002976065970354396,0.6227319144167826,0.5384330298899725,1.1773126147639185e-07,1.4786253008169474e-06,2.6784055487534057e-07
379,0.6684557417839778,0.6495563274627502,1693596118.251351,6,0.023272922992880658,0.938854776683026,0.00015810938779906781,0.646267882567781,0.6895245974225307,7.098450480684812e-06,0.0007285345850763438,1.4117910236350294e-07
380,0.6664843945386183,0.6493428880933876,1693596118.578506,7,0.0023262279245818583,0.8410800608294419,0.0010475754851892647,0.7611291179440877,0.6396346717090285,0.00011843387616535179,3.9878615548688487,1.726720520928034e-08
381,0.6660252701230548,0.6495147193477506,1693596118.878187,7,0.14664986461764676,0.8191121981757272,0.00043818201928177373,0.5888648549086302,0.7305310281327991,4.409911953545751e-08,0.0061736890247607425,4.064897395673e-08
382,0.6640691122216994,0.6493734588863397,1693596119.143348,5,0.3418525539900233,0.9028897513136556,0.0022135280315622855,0.6326516848544653,0.7190857531220853,3.633619185130148e-07,0.00047676954107755325,0.0006145210370519425
383,0.6710955967857936,0.6506479387508601,1693596119.4589167,7,0.07637460796782536,0.9170987141202253,0.000669441938375522,0.6587955279687797,0.6607594104834025,8.242570846350929e-07,8.203972271232456e-07,6.742774214105365e-08
384,0.6693008698195506,0.6496817079890516,1693596119.7707577,8,0.08839050168780281,0.9213269830823975,0.000654475841166982,0.6618097126630073,0.6089618712226423,1.235409242795872e-06,4.474142286986166e-06,3.1760454867175705e-06
385,0.668991696020957,0.6500680238500515,1693596120.077279,7,0.1918549915694453,0.9484370623196154,0.0005338836798815582,0.6732050180838856,0.6582314209655235,7.244974196275614e-08,1.2825436307682339e-05,2.4128496708504526e-08
386,0.6643620369546142,0.651231411294136,1693596120.3599644,6,1.2543423219105987,0.9166629657319499,9.000515087816259e-05,0.6552462432313251,0.7900669006933368,2.5157853161210616e-06,8.715249144562222e-07,3.438623821832524e-05
387,0.6676905344247054,0.6508745538634837,1693596120.6535072,7,0.06755081736843986,0.9324458995124651,0.00037862453676979163,0.6879212055123947,0.756570883083596,3.97717016710046e-05,2.3154926710500176e-06,7.172302396586795e-08
388,0.6579914317970195,0.6431956463048245,1693596120.9261465,7,89.69849805054645,0.8066668348146651,0.00020719538306769226,0.5641458169479285,0.7073001445759132,8.466922862353731e-07,3.3210909231927394e-08,3.822726074878931e-08
389,0.6598007299362896,0.6410488248358963,1693596121.2152193,6,175.06649483831325,0.7577694299699201,0.0006814082581576093,0.6407998764242301,0.6456577820680901,1.6484922291399125e-07,1.4757512739555778e-06,3.229754182042078e-07
390,0.6694743992437826,0.6504910572663256,1693596121.5092702,7,1.399967153376623e-07,0.854921010889756,0.00047864407434288885,0.6157734504831932,0.6653519242077841,7.932129272654469e-05,1.6698879213036824e-07,0.0040600084266953825
391,0.6668851459519339,0.6508884871640356,1693596121.7937243,7,3.015004402307681e-06,0.929182377658423,0.0002974778892504187,0.670481169363351,0.6271168864638457,0.002302772945481109,7.136257382261673e-05,1.4411405490904492e-08
392,0.6697400361435739,0.6495983479190601,1693596122.0928898,7,0.5137880366565095,0.9125577552635918,0.0008892327834716512,0.8790414932419699,0.6764166838667377,3.5174431730391365e-06,0.10593618067844976,1.158110637514926e-07
393,0.6661963268633793,0.6526571724728383,1693596122.4077268,7,6.326220181729781,0.7842709689500817,0.00036679885732240084,0.658478519293728,0.8499207205438319,0.0001809452592529739,3.065775475743171e-05,0.016707630630997387
394,0.6662607049551172,0.6469690583491913,1693596122.6769826,6,8.215783093798217e-07,0.9023029648500244,0.0006080346114377826,0.5464985156513755,0.6529224831996082,2.546687246043287e-07,7.906057009906176e-08,2.0842862426413753e-05
395,0.6708337572220032,0.6514966810072582,1693596122.9686556,7,0.1112576891637662,0.7212929486930953,0.00014004380884216703,0.5186138328601044,0.6624959397244782,6.890125093236068e-07,3.706441851779438e-06,5.3283039238349e-08
396,0.6668023993511678,0.6494829402988662,1693596123.2611191,8,0.26035800988373176,0.7400152491965848,0.00012014987800641908,0.6890648227108983,0.6439402099157664,2.2355206336234783e-06,5.964458194408707e-06,0.03733283971228724
397,0.6440795822718455,0.6219948589285443,1693596123.5025244,1,0.1325903571868959,0.7153331694236216,6.64683551781496e-05,0.5508328284557568,0.6610173917279406,1.4625436642547917e-06,3.2309606785416724e-06,2.093637157735421e-07
398,0.6676197980029193,0.6482244266734504,1693596123.8050282,7,2.33265459127626e-07,0.9838052560636223,0.00015317768922898628,0.5441334784111241,0.6519635364885035,7.757049745222281e-07,7.932998861713515e-06,0.0073244479242073855
399,0.6690183656831037,0.6498570489392176,1693596124.0955513,7,0.2634431501917804,0.681945234596535,0.025562173950504318,0.7539760894814709,0.6373090435451534,1.7209013761839843e-05,1.547626095003933e-05,5.601388360326367e-08
